#           k/h    CDM            baryon         photon         nu             mass_nu        total          no_nu          total_de       Weyl           v_CDM          v_b            v_b-v_c     
   9.8160063E-06   2.0631209E+07   2.0631209E+07   2.7494424E+07   1.6444006E+04   3.1367826E+07   2.0631218E+07   2.0631209E+07   0.0000000E+00   0.0000000E+00   0.0000000E+00   0.0000000E+00   0.0000000E+00
   1.0548357E-05   2.0631204E+07   2.0631204E+07   2.7492273E+07   1.6443182E+04   3.1366944E+07   2.0631213E+07   2.0631204E+07   0.0000000E+00   0.0000000E+00   0.0000000E+00   0.0000000E+00   0.0000000E+00
   1.1335347E-05   2.0631199E+07   2.0631199E+07   2.7489790E+07   1.6442231E+04   3.1365927E+07   2.0631207E+07   2.0631199E+07   0.0000000E+00   0.0000000E+00   0.0000000E+00   0.0000000E+00   0.0000000E+00
   1.2181053E-05   2.0631192E+07   2.0631192E+07   2.7486923E+07   1.6441133E+04   3.1364753E+07   2.0631200E+07   2.0631192E+07   0.0000000E+00   0.0000000E+00   0.0000000E+00   0.0000000E+00   0.0000000E+00
   1.3089855E-05   2.0631184E+07   2.0631184E+07   2.7483612E+07   1.6439865E+04   3.1363397E+07   2.0631193E+07   2.0631184E+07   0.0000000E+00   0.0000000E+00   0.0000000E+00   0.0000000E+00   0.0000000E+00
   1.4066460E-05   2.0631176E+07   2.0631176E+07   2.7479789E+07   1.6438401E+04   3.1361831E+07   2.0631183E+07   2.0631176E+07   0.0000000E+00   0.0000000E+00   0.0000000E+00   0.0000000E+00   0.0000000E+00
   1.5115928E-05   2.0631165E+07   2.0631165E+07   2.7475375E+07   1.6436710E+04   3.1360023E+07   2.0631173E+07   2.0631165E+07   0.0000000E+00   0.0000000E+00   0.0000000E+00   0.0000000E+00   0.0000000E+00
   1.6243695E-05   2.0631154E+07   2.0631154E+07   2.7470279E+07   1.6434758E+04   3.1357936E+07   2.0631161E+07   2.0631154E+07   0.0000000E+00   0.0000000E+00   0.0000000E+00   0.0000000E+00   0.0000000E+00
   1.7455602E-05   2.0631140E+07   2.0631140E+07   2.7464395E+07   1.6432504E+04   3.1355526E+07   2.0631146E+07   2.0631140E+07   0.0000000E+00   0.0000000E+00   0.0000000E+00   0.0000000E+00   0.0000000E+00
   1.8757926E-05   2.0631124E+07   2.0631124E+07   2.7457602E+07   1.6429901E+04   3.1352745E+07   2.0631130E+07   2.0631124E+07   0.0000000E+00   0.0000000E+00   0.0000000E+00   0.0000000E+00   0.0000000E+00
   2.0157415E-05   2.0631106E+07   2.0631106E+07   2.7449759E+07   1.6426896E+04   3.1349533E+07   2.0631111E+07   2.0631106E+07   0.0000000E+00   0.0000000E+00   0.0000000E+00   0.0000000E+00   0.0000000E+00
   2.1661315E-05   2.0631086E+07   2.0631086E+07   2.7440705E+07   1.6423427E+04   3.1345827E+07   2.0631090E+07   2.0631086E+07   0.0000000E+00   0.0000000E+00   0.0000000E+00   0.0000000E+00   0.0000000E+00
   2.3277419E-05   2.0631061E+07   2.0631061E+07   2.7430252E+07   1.6419422E+04   3.1341549E+07   2.0631065E+07   2.0631061E+07   0.0000000E+00   0.0000000E+00   0.0000000E+00   0.0000000E+00   0.0000000E+00
   2.5014097E-05   2.0631034E+07   2.0631034E+07   2.7418187E+07   1.6414798E+04   3.1336611E+07   2.0631036E+07   2.0631034E+07   0.0000000E+00   0.0000000E+00   0.0000000E+00   0.0000000E+00   0.0000000E+00
   2.6880344E-05   2.0631001E+07   2.0631001E+07   2.7404260E+07   1.6409461E+04   3.1330912E+07   2.0631002E+07   2.0631001E+07   0.0000000E+00   0.0000000E+00   0.0000000E+00   0.0000000E+00   0.0000000E+00
   2.8885828E-05   2.0630964E+07   2.0630964E+07   2.7388185E+07   1.6403300E+04   3.1324336E+07   2.0630963E+07   2.0630964E+07   0.0000000E+00   0.0000000E+00   0.0000000E+00   0.0000000E+00   0.0000000E+00
   3.1040937E-05   2.0630921E+07   2.0630921E+07   2.7369634E+07   1.6396188E+04   3.1316749E+07   2.0630919E+07   2.0630921E+07   0.0000000E+00   0.0000000E+00   0.0000000E+00   0.0000000E+00   0.0000000E+00
   3.3356834E-05   2.0630872E+07   2.0630872E+07   2.7348225E+07   1.6387980E+04   3.1307996E+07   2.0630867E+07   2.0630872E+07   0.0000000E+00   0.0000000E+00   0.0000000E+00   0.0000000E+00   0.0000000E+00
   3.5845515E-05   2.0630815E+07   2.0630815E+07   2.7323522E+07   1.6378507E+04   3.1297899E+07   2.0630808E+07   2.0630815E+07   0.0000000E+00   0.0000000E+00   0.0000000E+00   0.0000000E+00   0.0000000E+00
   3.8519871E-05   2.0630749E+07   2.0630749E+07   2.7295020E+07   1.6367575E+04   3.1286254E+07   2.0630739E+07   2.0630749E+07   0.0000000E+00   0.0000000E+00   0.0000000E+00   0.0000000E+00   0.0000000E+00
   4.1393755E-05   2.0630673E+07   2.0630673E+07   2.7262142E+07   1.6354961E+04   3.1272827E+07   2.0630660E+07   2.0630673E+07   0.0000000E+00   0.0000000E+00   0.0000000E+00   0.0000000E+00   0.0000000E+00
   4.4482053E-05   2.0630585E+07   2.0630585E+07   2.7224219E+07   1.6340409E+04   3.1257347E+07   2.0630568E+07   2.0630585E+07   0.0000000E+00   0.0000000E+00   0.0000000E+00   0.0000000E+00   0.0000000E+00
   4.7800763E-05   2.0630483E+07   2.0630483E+07   2.7180488E+07   1.6323621E+04   3.1239508E+07   2.0630463E+07   2.0630483E+07   0.0000000E+00   0.0000000E+00   0.0000000E+00   0.0000000E+00   0.0000000E+00
   5.1367074E-05   2.0630366E+07   2.0630366E+07   2.7130068E+07   1.6304259E+04   3.1218954E+07   2.0630341E+07   2.0630366E+07   0.0000000E+00   0.0000000E+00   0.0000000E+00   0.0000000E+00   0.0000000E+00
   5.5199460E-05   2.0630231E+07   2.0630231E+07   2.7071951E+07   1.6281932E+04   3.1195282E+07   2.0630200E+07   2.0630231E+07   0.0000000E+00   0.0000000E+00   0.0000000E+00   0.0000000E+00   0.0000000E+00
   5.9317771E-05   2.0630075E+07   2.0630075E+07   2.7004981E+07   1.6256192E+04   3.1168028E+07   2.0630037E+07   2.0630075E+07   0.0000000E+00   0.0000000E+00   0.0000000E+00   0.0000000E+00   0.0000000E+00
   6.3743342E-05   2.0629895E+07   2.0629895E+07   2.6927836E+07   1.6226523E+04   3.1136668E+07   2.0629850E+07   2.0629895E+07   0.0000000E+00   0.0000000E+00   0.0000000E+00   0.0000000E+00   0.0000000E+00
   6.8499094E-05   2.0629687E+07   2.0629687E+07   2.6839003E+07   1.6192338E+04   3.1100600E+07   2.0629633E+07   2.0629687E+07   0.0000000E+00   0.0000000E+00   0.0000000E+00   0.0000000E+00   0.0000000E+00
   7.3609663E-05   2.0629447E+07   2.0629447E+07   2.6736756E+07   1.6152960E+04   3.1059146E+07   2.0629383E+07   2.0629447E+07   0.0000000E+00   0.0000000E+00   0.0000000E+00   0.0000000E+00   0.0000000E+00
   7.9101520E-05   2.0629169E+07   2.0629169E+07   2.6619129E+07   1.6107620E+04   3.1011535E+07   2.0629095E+07   2.0629169E+07   0.0000000E+00   0.0000000E+00   0.0000000E+00   0.0000000E+00   0.0000000E+00
   8.5003112E-05   2.0628850E+07   2.0628850E+07   2.6483890E+07   1.6055438E+04   3.0956899E+07   2.0628762E+07   2.0628850E+07   0.0000000E+00   0.0000000E+00   0.0000000E+00   0.0000000E+00   0.0000000E+00
   9.1345010E-05   2.0628481E+07   2.0628481E+07   2.6328507E+07   1.5995414E+04   3.0894264E+07   2.0628378E+07   2.0628481E+07   0.0000000E+00   0.0000000E+00   0.0000000E+00   0.0000000E+00   0.0000000E+00
   9.8160063E-05   2.0628056E+07   2.0628056E+07   2.6150120E+07   1.5926409E+04   3.0822541E+07   2.0627935E+07   2.0628056E+07   0.0000000E+00   0.0000000E+00   0.0000000E+00   0.0000000E+00   0.0000000E+00
   1.0548357E-04   2.0627565E+07   2.0627565E+07   2.5945509E+07   1.5847137E+04   3.0740518E+07   2.0627425E+07   2.0627565E+07   0.0000000E+00   0.0000000E+00   0.0000000E+00   0.0000000E+00   0.0000000E+00
   1.1335347E-04   2.0626999E+07   2.0626999E+07   2.5711067E+07   1.5756142E+04   3.0646860E+07   2.0626836E+07   2.0626999E+07   0.0000000E+00   0.0000000E+00   0.0000000E+00   0.0000000E+00   0.0000000E+00
   1.2181053E-04   2.0626347E+07   2.0626347E+07   2.5442771E+07   1.5651789E+04   3.0540105E+07   2.0626157E+07   2.0626347E+07   0.0000000E+00   0.0000000E+00   0.0000000E+00   0.0000000E+00   0.0000000E+00
   1.3089855E-04   2.0625595E+07   2.0625595E+07   2.5136166E+07   1.5532246E+04   3.0418672E+07   2.0625374E+07   2.0625595E+07   0.0000000E+00   0.0000000E+00   0.0000000E+00   0.0000000E+00   0.0000000E+00
   1.4066460E-04   2.0624729E+07   2.0624729E+07   2.4786354E+07   1.5395470E+04   3.0280871E+07   2.0624472E+07   2.0624729E+07   0.0000000E+00   0.0000000E+00   0.0000000E+00   0.0000000E+00   0.0000000E+00
   1.5115928E-04   2.0623731E+07   2.0623731E+07   2.4388001E+07   1.5239204E+04   3.0124930E+07   2.0623433E+07   2.0623731E+07   0.0000000E+00   0.0000000E+00   0.0000000E+00   0.0000000E+00   0.0000000E+00
   1.6243695E-04   2.0622582E+07   2.0622582E+07   2.3935362E+07   1.5060968E+04   2.9949029E+07   2.0622237E+07   2.0622582E+07   0.0000000E+00   0.0000000E+00   0.0000000E+00   0.0000000E+00   0.0000000E+00
   1.7455602E-04   2.0621260E+07   2.0621260E+07   2.3422349E+07   1.4858063E+04   2.9751356E+07   2.0620860E+07   2.0621260E+07   0.0000000E+00   0.0000000E+00   0.0000000E+00   0.0000000E+00   0.0000000E+00
   1.8757926E-04   2.0619739E+07   2.0619739E+07   2.2842619E+07   1.4627590E+04   2.9530188E+07   2.0619275E+07   2.0619739E+07   0.0000000E+00   0.0000000E+00   0.0000000E+00   0.0000000E+00   0.0000000E+00
   2.0157415E-04   2.0617990E+07   2.0617990E+07   2.2189736E+07   1.4366477E+04   2.9283996E+07   2.0617454E+07   2.0617990E+07   0.0000000E+00   0.0000000E+00   0.0000000E+00   0.0000000E+00   0.0000000E+00
   2.1661315E-04   2.0615980E+07   2.0615980E+07   2.1457392E+07   1.4071535E+04   2.9011586E+07   2.0615361E+07   2.0615980E+07   0.0000000E+00   0.0000000E+00   0.0000000E+00   0.0000000E+00   0.0000000E+00
   2.3277419E-04   2.0613672E+07   2.0613672E+07   2.0639711E+07   1.3739529E+04   2.8712278E+07   2.0612957E+07   2.0613672E+07   0.0000000E+00   0.0000000E+00   0.0000000E+00   0.0000000E+00   0.0000000E+00
   2.5014097E-04   2.0611025E+07   2.0611025E+07   1.9731664E+07   1.3367299E+04   2.8386125E+07   2.0610199E+07   2.0611025E+07   0.0000000E+00   0.0000000E+00   0.0000000E+00   0.0000000E+00   0.0000000E+00
   2.6880344E-04   2.0607990E+07   2.0607990E+07   1.8729591E+07   1.2951907E+04   2.8034176E+07   2.0607037E+07   2.0607990E+07   0.0000000E+00   0.0000000E+00   0.0000000E+00   0.0000000E+00   0.0000000E+00
   2.8885828E-04   2.0604515E+07   2.0604515E+07   1.7631862E+07   1.2490840E+04   2.7658761E+07   2.0603417E+07   2.0604515E+07   0.0000000E+00   0.0000000E+00   0.0000000E+00   0.0000000E+00   0.0000000E+00
   3.1040937E-04   2.0600540E+07   2.0600540E+07   1.6439660E+07   1.1982270E+04   2.7263802E+07   2.0599275E+07   2.0600540E+07   0.0000000E+00   0.0000000E+00   0.0000000E+00   0.0000000E+00   0.0000000E+00
   3.3356834E-04   2.0595999E+07   2.0595999E+07   1.5157882E+07   1.1425365E+04   2.6855091E+07   2.0594543E+07   2.0595999E+07   0.0000000E+00   0.0000000E+00   0.0000000E+00   0.0000000E+00   0.0000000E+00
   3.5845515E-04   2.0590819E+07   2.0590819E+07   1.3796102E+07   1.0820661E+04   2.6440500E+07   2.0589144E+07   2.0590819E+07   0.0000000E+00   0.0000000E+00   0.0000000E+00   0.0000000E+00   0.0000000E+00
   3.8519871E-04   2.0584918E+07   2.0584918E+07   1.2369527E+07   1.0170477E+04   2.6030029E+07   2.0582993E+07   2.0584918E+07   0.0000000E+00   0.0000000E+00   0.0000000E+00   0.0000000E+00   0.0000000E+00
   4.1393755E-04   2.0578207E+07   2.0578207E+07   1.0899784E+07   9.4793420E+03   2.5635594E+07   2.0575997E+07   2.0578207E+07   0.0000000E+00   0.0000000E+00   0.0000000E+00   0.0000000E+00   0.0000000E+00
   4.4482053E-04   2.0570587E+07   2.0570587E+07   9.4153574E+06   8.7543949E+03   2.5270420E+07   2.0568053E+07   2.0570587E+07   0.0000000E+00   0.0000000E+00   0.0000000E+00   0.0000000E+00   0.0000000E+00
   4.7800763E-04   2.0561952E+07   2.0561952E+07   7.9513911E+06   8.0056851E+03   2.4947897E+07   2.0559048E+07   2.0561952E+07   0.0000000E+00   0.0000000E+00   0.0000000E+00   0.0000000E+00   0.0000000E+00
   5.1367074E-04   2.0552183E+07   2.0552183E+07   6.5485288E+06   7.2462722E+03   2.4679815E+07   2.0548861E+07   2.0552183E+07   0.0000000E+00   0.0000000E+00   0.0000000E+00   0.0000000E+00   0.0000000E+00
   5.5199460E-04   2.0541152E+07   2.0541152E+07   5.2504638E+06   6.4920058E+03   2.4473950E+07   2.0537358E+07   2.0541152E+07   0.0000000E+00   0.0000000E+00   0.0000000E+00   0.0000000E+00   0.0000000E+00
   5.9317771E-04   2.0528719E+07   2.0528719E+07   4.0999505E+06   5.7608514E+03   2.4331201E+07   2.0524393E+07   2.0528719E+07   0.0000000E+00   0.0000000E+00   0.0000000E+00   0.0000000E+00   0.0000000E+00
   6.3743342E-04   2.0514730E+07   2.0514730E+07   3.1332770E+06   5.0716493E+03   2.4242775E+07   2.0509807E+07   2.0514730E+07   0.0000000E+00   0.0000000E+00   0.0000000E+00   0.0000000E+00   0.0000000E+00
   6.8499094E-04   2.0499015E+07   2.0499015E+07   2.3736546E+06   4.4422618E+03   2.4188298E+07   2.0493423E+07   2.0499015E+07   0.0000000E+00   0.0000000E+00   0.0000000E+00   0.0000000E+00   0.0000000E+00
   7.3609663E-04   2.0481386E+07   2.0481386E+07   1.8246535E+06   3.8872073E+03   2.4136131E+07   2.0475051E+07   2.0481386E+07   0.0000000E+00   0.0000000E+00   0.0000000E+00   0.0000000E+00   0.0000000E+00
   7.9101520E-04   2.0461633E+07   2.0461633E+07   1.4656129E+06   3.4150980E+03   2.4047282E+07   2.0454476E+07   2.0461633E+07   0.0000000E+00   0.0000000E+00   0.0000000E+00   0.0000000E+00   0.0000000E+00
   8.5003112E-04   2.0439525E+07   2.0439525E+07   1.2515699E+06   3.0264709E+03   2.3883801E+07   2.0431463E+07   2.0439525E+07   0.0000000E+00   0.0000000E+00   0.0000000E+00   0.0000000E+00   0.0000000E+00
   9.1345010E-04   2.0414803E+07   2.0414803E+07   1.1201463E+06   2.7128378E+03   2.3620949E+07   2.0405752E+07   2.0414803E+07   0.0000000E+00   0.0000000E+00   0.0000000E+00   0.0000000E+00   0.0000000E+00
   9.8160063E-04   2.0387184E+07   2.0387184E+07   1.0063005E+06   2.4578171E+03   2.3259690E+07   2.0377060E+07   2.0387184E+07   0.0000000E+00   0.0000000E+00   0.0000000E+00   0.0000000E+00   0.0000000E+00
   1.0548357E-03   2.0356361E+07   2.0356361E+07   8.6241354E+05   2.2408305E+03   2.2832839E+07   2.0345084E+07   2.0356361E+07   0.0000000E+00   0.0000000E+00   0.0000000E+00   0.0000000E+00   0.0000000E+00
   1.1335347E-03   2.0322011E+07   2.0322011E+07   6.7637697E+05   2.0428922E+03   2.2396876E+07   2.0309502E+07   2.0322011E+07   0.0000000E+00   0.0000000E+00   0.0000000E+00   0.0000000E+00   0.0000000E+00
   1.2181053E-03   2.0283793E+07   2.0283793E+07   4.7666377E+05   1.8526258E+03   2.2005599E+07   2.0269984E+07   2.0283793E+07   0.0000000E+00   0.0000000E+00   0.0000000E+00   0.0000000E+00   0.0000000E+00
   1.3089855E-03   2.0241359E+07   2.0241359E+07   3.1531441E+05   1.6694813E+03   2.1674088E+07   2.0226189E+07   2.0241359E+07   0.0000000E+00   0.0000000E+00   0.0000000E+00   0.0000000E+00   0.0000000E+00
   1.4066460E-03   2.0194352E+07   2.0194352E+07   2.3144789E+05   1.5014163E+03   2.1357801E+07   2.0177771E+07   2.0194352E+07   0.0000000E+00   0.0000000E+00   0.0000000E+00   0.0000000E+00   0.0000000E+00
   1.5115928E-03   2.0142399E+07   2.0142399E+07   2.1686512E+05   1.3571120E+03   2.0976650E+07   2.0124370E+07   2.0142399E+07   0.0000000E+00   0.0000000E+00   0.0000000E+00   0.0000000E+00   0.0000000E+00
   1.6243695E-03   2.0085112E+07   2.0085112E+07   2.1642212E+05   1.2374376E+03   2.0485944E+07   2.0065606E+07   2.0085112E+07   0.0000000E+00   0.0000000E+00   0.0000000E+00   0.0000000E+00   0.0000000E+00
   1.7455602E-03   2.0022080E+07   2.0022080E+07   1.7640516E+05   1.1336147E+03   1.9936746E+07   2.0001080E+07   2.0022080E+07   0.0000000E+00   0.0000000E+00   0.0000000E+00   0.0000000E+00   0.0000000E+00
   1.8757926E-03   1.9952882E+07   1.9952882E+07   1.0179790E+05   1.0352892E+03   1.9437704E+07   1.9930374E+07   1.9952882E+07   0.0000000E+00   0.0000000E+00   0.0000000E+00   0.0000000E+00   0.0000000E+00
   2.0157415E-03   1.9877091E+07   1.9877091E+07   4.9785988E+04   9.4086918E+02   1.9019791E+07   1.9853064E+07   1.9877091E+07   0.0000000E+00   0.0000000E+00   0.0000000E+00   0.0000000E+00   0.0000000E+00
   2.1661315E-03   1.9794273E+07   1.9794273E+07   4.8539003E+04   8.5682652E+02   1.8576665E+07   1.9768713E+07   1.9794273E+07   0.0000000E+00   0.0000000E+00   0.0000000E+00   0.0000000E+00   0.0000000E+00
   2.3277419E-03   1.9703979E+07   1.9703979E+07   5.3204201E+04   7.8551401E+02   1.8025830E+07   1.9676868E+07   1.9703979E+07   0.0000000E+00   0.0000000E+00   0.0000000E+00   0.0000000E+00   0.0000000E+00
   2.5014097E-03   1.9605741E+07   1.9605741E+07   2.7585163E+04   7.2045671E+02   1.7460607E+07   1.9577055E+07   1.9605741E+07   0.0000000E+00   0.0000000E+00   0.0000000E+00   0.0000000E+00   0.0000000E+00
   2.6880344E-03   1.9499074E+07   1.9499074E+07   1.0581399E+04   6.5804040E+02   1.6954144E+07   1.9468789E+07   1.9499074E+07   0.0000000E+00   0.0000000E+00   0.0000000E+00   0.0000000E+00   0.0000000E+00
   2.8885828E-03   1.9383486E+07   1.9383486E+07   1.8133518E+04   6.0202346E+02   1.6386258E+07   1.9351576E+07   1.9383486E+07   0.0000000E+00   0.0000000E+00   0.0000000E+00   0.0000000E+00   0.0000000E+00
   3.1040937E-03   1.9258462E+07   1.9258462E+07   5.7833347E+03   5.5131248E+02   1.5763638E+07   1.9224909E+07   1.9258462E+07   0.0000000E+00   0.0000000E+00   0.0000000E+00   0.0000000E+00   0.0000000E+00
   3.3356834E-03   1.9123471E+07   1.9123471E+07   -3.8093892E+03   5.0248043E+02   1.5206687E+07   1.9088263E+07   1.9123471E+07   0.0000000E+00   0.0000000E+00   0.0000000E+00   0.0000000E+00   0.0000000E+00
   3.5845515E-03   1.8977976E+07   1.8977976E+07   5.2726780E+03   4.5861290E+02   1.4575669E+07   1.8941109E+07   1.8977976E+07   0.0000000E+00   0.0000000E+00   0.0000000E+00   0.0000000E+00   0.0000000E+00
   3.8519871E-03   1.8821431E+07   1.8821431E+07   -5.5661824E+03   4.1799636E+02   1.3932023E+07   1.8782913E+07   1.8821431E+07   0.0000000E+00   0.0000000E+00   0.0000000E+00   0.0000000E+00   0.0000000E+00
   4.1393755E-03   1.8653295E+07   1.8653295E+07   -1.9892271E+03   3.7963378E+02   1.3317849E+07   1.8613155E+07   1.8653295E+07   0.0000000E+00   0.0000000E+00   0.0000000E+00   0.0000000E+00   0.0000000E+00
   4.4482053E-03   1.8473041E+07   1.8473041E+07   -6.1507007E+03   3.4452371E+02   1.2660123E+07   1.8431334E+07   1.8473041E+07   0.0000000E+00   0.0000000E+00   0.0000000E+00   0.0000000E+00   0.0000000E+00
   4.7800763E-03   1.8280153E+07   1.8280153E+07   -2.7130039E+03   3.1162189E+02   1.2039878E+07   1.8236952E+07   1.8280153E+07   0.0000000E+00   0.0000000E+00   0.0000000E+00   0.0000000E+00   0.0000000E+00
   5.1367074E-03   1.8074108E+07   1.8074108E+07   -7.1302904E+03   2.8172805E+02   1.1393161E+07   1.8029482E+07   1.8074108E+07   0.0000000E+00   0.0000000E+00   0.0000000E+00   0.0000000E+00   0.0000000E+00
   5.5199460E-03   1.7854374E+07   1.7854374E+07   -3.1083236E+03   2.5411903E+02   1.0756773E+07   1.7808379E+07   1.7854374E+07   0.0000000E+00   0.0000000E+00   0.0000000E+00   0.0000000E+00   0.0000000E+00
   5.9317771E-03   1.7620405E+07   1.7620405E+07   -5.1644764E+03   2.2846822E+02   1.0129428E+07   1.7573115E+07   1.7620405E+07   0.0000000E+00   0.0000000E+00   0.0000000E+00   0.0000000E+00   0.0000000E+00
   6.3743342E-03   1.7371665E+07   1.7371665E+07   -5.4191581E+03   2.0487884E+02   9.4912993E+06   1.7323195E+07   1.7371665E+07   0.0000000E+00   0.0000000E+00   0.0000000E+00   0.0000000E+00   0.0000000E+00
   6.8499094E-03   1.7107638E+07   1.7107638E+07   -3.4283744E+03   1.8326115E+02   8.8759980E+06   1.7058118E+07   1.7107638E+07   0.0000000E+00   0.0000000E+00   0.0000000E+00   0.0000000E+00   0.0000000E+00
   7.3609663E-03   1.6827804E+07   1.6827804E+07   -2.9860007E+03   1.6345717E+02   8.2840669E+06   1.6777352E+07   1.6827804E+07   0.0000000E+00   0.0000000E+00   0.0000000E+00   0.0000000E+00   0.0000000E+00
   7.9101520E-03   1.6531632E+07   1.6531632E+07   -3.1293387E+03   1.4534694E+02   7.6981173E+06   1.6480380E+07   1.6531632E+07   0.0000000E+00   0.0000000E+00   0.0000000E+00   0.0000000E+00   0.0000000E+00
   8.5003112E-03   1.6218594E+07   1.6218594E+07   -3.0678236E+03   1.2884711E+02   7.1284388E+06   1.6166691E+07   1.6218594E+07   0.0000000E+00   0.0000000E+00   0.0000000E+00   0.0000000E+00   0.0000000E+00
   9.1345010E-03   1.5888162E+07   1.5888162E+07   -2.8019733E+03   1.1386626E+02   6.5762225E+06   1.5835768E+07   1.5888162E+07   0.0000000E+00   0.0000000E+00   0.0000000E+00   0.0000000E+00   0.0000000E+00
   9.8160063E-03   1.5539808E+07   1.5539808E+07   -2.2459880E+03   1.0031111E+02   6.0430584E+06   1.5487084E+07   1.5539808E+07   0.0000000E+00   0.0000000E+00   0.0000000E+00   0.0000000E+00   0.0000000E+00
   1.0548357E-02   1.5173012E+07   1.5173012E+07   -1.7696332E+03   8.8040694E+01   5.5299968E+06   1.5120132E+07   1.5173012E+07   0.0000000E+00   0.0000000E+00   0.0000000E+00   0.0000000E+00   0.0000000E+00
   1.1335347E-02   1.4787276E+07   1.4787276E+07   -1.7755281E+03   7.7018896E+01   5.0400040E+06   1.4734424E+07   1.4787276E+07   0.0000000E+00   0.0000000E+00   0.0000000E+00   0.0000000E+00   0.0000000E+00
   1.2181053E-02   1.4382132E+07   1.4382132E+07   -1.8716722E+03   6.7103366E+01   4.5802512E+06   1.4329488E+07   1.4382132E+07   0.0000000E+00   0.0000000E+00   0.0000000E+00   0.0000000E+00   0.0000000E+00
   1.3089855E-02   1.3957171E+07   1.3957171E+07   -1.2155035E+03   5.8245103E+01   4.1426257E+06   1.3904931E+07   1.3957171E+07   0.0000000E+00   0.0000000E+00   0.0000000E+00   0.0000000E+00   0.0000000E+00
   1.4066460E-02   1.3512079E+07   1.3512079E+07   -1.3772171E+03   5.0352674E+01   3.7285348E+06   1.3460435E+07   1.3512079E+07   0.0000000E+00   0.0000000E+00   0.0000000E+00   0.0000000E+00   0.0000000E+00
   1.5115928E-02   1.3046687E+07   1.3046687E+07   -9.4273647E+02   4.3343886E+01   3.3399645E+06   1.2995836E+07   1.3046687E+07   0.0000000E+00   0.0000000E+00   0.0000000E+00   0.0000000E+00   0.0000000E+00
   1.6243695E-02   1.2561034E+07   1.2561034E+07   -7.9529293E+02   3.7143479E+01   2.9806537E+06   1.2511171E+07   1.2561034E+07   0.0000000E+00   0.0000000E+00   0.0000000E+00   0.0000000E+00   0.0000000E+00
   1.7455602E-02   1.2055454E+07   1.2055454E+07   -7.2360467E+02   3.1683486E+01   2.6452463E+06   1.2006775E+07   1.2055454E+07   0.0000000E+00   0.0000000E+00   0.0000000E+00   0.0000000E+00   0.0000000E+00
   1.8757926E-02   1.1530684E+07   1.1530684E+07   -5.9751776E+02   2.6892319E+01   2.3339866E+06   1.1483379E+07   1.1530684E+07   0.0000000E+00   0.0000000E+00   0.0000000E+00   0.0000000E+00   0.0000000E+00
   2.0157413E-02   1.0987995E+07   1.0987995E+07   -4.7536001E+02   2.2711002E+01   2.0469196E+06   1.0942247E+07   1.0987995E+07   0.0000000E+00   0.0000000E+00   0.0000000E+00   0.0000000E+00   0.0000000E+00
   2.1661307E-02   1.0429341E+07   1.0429341E+07   -4.6558059E+02   1.9077446E+01   1.7852213E+06   1.0385322E+07   1.0429341E+07   0.0000000E+00   0.0000000E+00   0.0000000E+00   0.0000000E+00   0.0000000E+00
   2.3277371E-02   9.8575287E+06   9.8575287E+06   -3.4316786E+02   1.5935211E+01   1.5492437E+06   9.8153927E+06   9.8575287E+06   0.0000000E+00   0.0000000E+00   0.0000000E+00   0.0000000E+00   0.0000000E+00
   2.5013862E-02   9.2764002E+06   9.2764002E+06   -3.2170712E+02   1.3236204E+01   1.3351642E+06   9.2362816E+06   9.2764002E+06   0.0000000E+00   0.0000000E+00   0.0000000E+00   0.0000000E+00   0.0000000E+00
   2.6879353E-02   8.6910343E+06   8.6910343E+06   -2.6662735E+02   1.0932772E+01   1.1435094E+06   8.6530397E+06   8.6910343E+06   0.0000000E+00   0.0000000E+00   0.0000000E+00   0.0000000E+00   0.0000000E+00
   2.8882161E-02   8.1079700E+06   8.1079700E+06   -2.1092751E+02   8.9822547E+00   9.7421536E+05   8.0721709E+06   8.1079700E+06   0.0000000E+00   0.0000000E+00   0.0000000E+00   0.0000000E+00   0.0000000E+00
   3.1028943E-02   7.5354432E+06   7.5354432E+06   -1.5169451E+02   7.3457897E+00   8.2500840E+05   7.5018677E+06   7.5354432E+06   0.0000000E+00   0.0000000E+00   0.0000000E+00   0.0000000E+00   0.0000000E+00
   3.3321901E-02   6.9835303E+06   6.9835303E+06   -1.4049849E+02   5.9879887E+00   6.9675914E+05   6.9521544E+06   6.9835303E+06   0.0000000E+00   0.0000000E+00   0.0000000E+00   0.0000000E+00   0.0000000E+00
   3.5754500E-02   6.4638807E+06   6.4638807E+06   -1.1855021E+02   4.8771114E+00   5.8682420E+05   6.4346199E+06   6.4638807E+06   0.0000000E+00   0.0000000E+00   0.0000000E+00   0.0000000E+00   0.0000000E+00
   3.8307113E-02   5.9885101E+06   5.9885101E+06   -9.7156146E+01   3.9827884E+00   4.9541991E+05   5.9612174E+06   5.9885101E+06   0.0000000E+00   0.0000000E+00   0.0000000E+00   0.0000000E+00   0.0000000E+00
   4.0946266E-02   5.5673736E+06   5.5673736E+06   -7.5477803E+01   3.2746808E+00   4.2082011E+05   5.5418478E+06   5.5673736E+06   0.0000000E+00   0.0000000E+00   0.0000000E+00   0.0000000E+00   0.0000000E+00
   4.3630943E-02   5.2055252E+06   5.2055252E+06   -5.3999952E+01   2.7212157E+00   3.6028611E+05   5.1815328E+06   5.2055252E+06   0.0000000E+00   0.0000000E+00   0.0000000E+00   0.0000000E+00   0.0000000E+00
   4.6323915E-02   4.9016913E+06   4.9016913E+06   -4.7593347E+01   2.2909117E+00   3.1169779E+05   4.8789960E+06   4.9016913E+06   0.0000000E+00   0.0000000E+00   0.0000000E+00   0.0000000E+00   0.0000000E+00
   4.9000652E-02   4.6492800E+06   4.6492800E+06   -4.5870000E+01   1.9550754E+00   2.7327697E+05   4.6276679E+06   4.6492800E+06   0.0000000E+00   0.0000000E+00   0.0000000E+00   0.0000000E+00   0.0000000E+00
   5.1651036E-02   4.4388407E+06   4.4388407E+06   -3.9499329E+01   1.6896486E+00   2.4234416E+05   4.4181355E+06   4.4388407E+06   0.0000000E+00   0.0000000E+00   0.0000000E+00   0.0000000E+00   0.0000000E+00
   5.4275812E-02   4.2603299E+06   4.2603299E+06   -3.2674960E+01   1.4760519E+00   2.1679471E+05   4.2403971E+06   4.2603299E+06   0.0000000E+00   0.0000000E+00   0.0000000E+00   0.0000000E+00   0.0000000E+00
   5.6881939E-02   4.1044479E+06   4.1044479E+06   -2.7755743E+01   1.3005505E+00   1.9528053E+05   4.0851929E+06   4.1044479E+06   0.0000000E+00   0.0000000E+00   0.0000000E+00   0.0000000E+00   0.0000000E+00
   5.9479100E-02   3.9631894E+06   3.9631894E+06   -2.4216922E+01   1.1531675E+00   1.7681299E+05   3.9445525E+06   3.9631894E+06   0.0000000E+00   0.0000000E+00   0.0000000E+00   0.0000000E+00   0.0000000E+00
   6.2077666E-02   3.8299738E+06   3.8299738E+06   -2.1286184E+01   1.0268549E+00   1.6064077E+05   3.8119245E+06   3.8299738E+06   0.0000000E+00   0.0000000E+00   0.0000000E+00   0.0000000E+00   0.0000000E+00
   6.4687709E-02   3.6996167E+06   3.6996167E+06   -1.8702702E+01   9.1666238E-01   1.4617795E+05   3.6821477E+06   3.6996167E+06   0.0000000E+00   0.0000000E+00   0.0000000E+00   0.0000000E+00   0.0000000E+00
   6.7318614E-02   3.5682671E+06   3.5682671E+06   -1.6885423E+01   8.1906038E-01   1.3300661E+05   3.5513881E+06   3.5682671E+06   0.0000000E+00   0.0000000E+00   0.0000000E+00   0.0000000E+00   0.0000000E+00
   6.9978988E-02   3.4333503E+06   3.4333503E+06   -1.6393092E+01   7.3160406E-01   1.2094308E+05   3.4170829E+06   3.4333503E+06   0.0000000E+00   0.0000000E+00   0.0000000E+00   0.0000000E+00   0.0000000E+00
   7.2676707E-02   3.2935196E+06   3.2935196E+06   -1.5394828E+01   6.5265604E-01   1.0994893E+05   3.2778912E+06   3.2935196E+06   0.0000000E+00   0.0000000E+00   0.0000000E+00   0.0000000E+00   0.0000000E+00
   7.5419009E-02   3.1486002E+06   3.1486002E+06   -1.1577049E+01   5.8110463E-01   9.9638143E+04   3.1336385E+06   3.1486002E+06   0.0000000E+00   0.0000000E+00   0.0000000E+00   0.0000000E+00   0.0000000E+00
   7.8212602E-02   2.9995081E+06   2.9995081E+06   -1.1442596E+01   5.1623881E-01   8.9869916E+04   2.9852363E+06   2.9995081E+06   0.0000000E+00   0.0000000E+00   0.0000000E+00   0.0000000E+00   0.0000000E+00
   8.1063770E-02   2.8481257E+06   2.8481257E+06   -9.6278188E+00   4.5758949E-01   8.1185146E+04   2.8345578E+06   2.8481257E+06   0.0000000E+00   0.0000000E+00   0.0000000E+00   0.0000000E+00   0.0000000E+00
   8.3978456E-02   2.6971193E+06   2.6971193E+06   -9.3278388E+00   4.0486786E-01   7.2917908E+04   2.6842561E+06   2.6971193E+06   0.0000000E+00   0.0000000E+00   0.0000000E+00   0.0000000E+00   0.0000000E+00
   8.6962345E-02   2.5496913E+06   2.5496913E+06   -7.2186004E+00   3.5785322E-01   6.5536068E+04   2.5375183E+06   2.5496913E+06   0.0000000E+00   0.0000000E+00   0.0000000E+00   0.0000000E+00   0.0000000E+00
   9.0020923E-02   2.4092687E+06   2.4092687E+06   -6.3860619E+00   3.1632441E-01   5.8959547E+04   2.3977546E+06   2.4092687E+06   0.0000000E+00   0.0000000E+00   0.0000000E+00   0.0000000E+00   0.0000000E+00
   9.3159530E-02   2.2791385E+06   2.2791385E+06   -5.7795839E+00   2.8004588E-01   5.3093359E+04   2.2682361E+06   2.2791385E+06   0.0000000E+00   0.0000000E+00   0.0000000E+00   0.0000000E+00   0.0000000E+00
   9.6383405E-02   2.1620563E+06   2.1620563E+06   -5.0747229E+00   2.4868487E-01   4.7953674E+04   2.1517049E+06   2.1620563E+06   0.0000000E+00   0.0000000E+00   0.0000000E+00   0.0000000E+00   0.0000000E+00
   9.9697721E-02   2.0598650E+06   2.0598650E+06   -4.5038080E+00   2.2182402E-01   4.3493477E+04   2.0499945E+06   2.0598650E+06   0.0000000E+00   0.0000000E+00   0.0000000E+00   0.0000000E+00   0.0000000E+00
   1.0310761E-01   1.9731725E+06   1.9731725E+06   -4.5256138E+00   1.9895739E-01   3.9706938E+04   1.9637100E+06   1.9731725E+06   0.0000000E+00   0.0000000E+00   0.0000000E+00   0.0000000E+00   0.0000000E+00
   1.0661819E-01   1.9011455E+06   1.9011455E+06   -3.5971216E+00   1.7949487E-01   3.6505495E+04   1.8920217E+06   1.9011455E+06   0.0000000E+00   0.0000000E+00   0.0000000E+00   0.0000000E+00   0.0000000E+00
   1.1023459E-01   1.8414731E+06   1.8414731E+06   -3.6702290E+00   1.6279966E-01   3.3739849E+04   1.8326294E+06   1.8414731E+06   0.0000000E+00   0.0000000E+00   0.0000000E+00   0.0000000E+00   0.0000000E+00
   1.1396194E-01   1.7905427E+06   1.7905427E+06   -3.4043094E+00   1.4823794E-01   3.1286377E+04   1.7819380E+06   1.7905427E+06   0.0000000E+00   0.0000000E+00   0.0000000E+00   0.0000000E+00   0.0000000E+00
   1.1780541E-01   1.7438486E+06   1.7438486E+06   -3.0761456E+00   1.3521242E-01   2.9098087E+04   1.7354630E+06   1.7438486E+06   0.0000000E+00   0.0000000E+00   0.0000000E+00   0.0000000E+00   0.0000000E+00
   1.2177021E-01   1.6966097E+06   1.6966097E+06   -2.5745301E+00   1.2322480E-01   2.7046333E+04   1.6884464E+06   1.6966097E+06   0.0000000E+00   0.0000000E+00   0.0000000E+00   0.0000000E+00   0.0000000E+00
   1.2586160E-01   1.6445301E+06   1.6445301E+06   -2.4325803E+00   1.1190875E-01   2.5010346E+04   1.6366129E+06   1.6445301E+06   0.0000000E+00   0.0000000E+00   0.0000000E+00   0.0000000E+00   0.0000000E+00
   1.3008489E-01   1.5845844E+06   1.5845844E+06   -2.0481671E+00   1.0105145E-01   2.3058474E+04   1.5769519E+06   1.5845844E+06   0.0000000E+00   0.0000000E+00   0.0000000E+00   0.0000000E+00   0.0000000E+00
   1.3444545E-01   1.5156694E+06   1.5156694E+06   -1.9150712E+00   9.0601565E-02   2.1099668E+04   1.5083651E+06   1.5156694E+06   0.0000000E+00   0.0000000E+00   0.0000000E+00   0.0000000E+00   0.0000000E+00
   1.3894871E-01   1.4389503E+06   1.4389503E+06   -1.6738150E+00   8.0642487E-02   1.9159061E+04   1.4320124E+06   1.4389503E+06   0.0000000E+00   0.0000000E+00   0.0000000E+00   0.0000000E+00   0.0000000E+00
   1.4360018E-01   1.3577592E+06   1.3577592E+06   -1.4874382E+00   7.1348213E-02   1.7284716E+04   1.3512098E+06   1.3577592E+06   0.0000000E+00   0.0000000E+00   0.0000000E+00   0.0000000E+00   0.0000000E+00
   1.4840542E-01   1.2769746E+06   1.2769746E+06   -1.3757333E+00   6.2919860E-02   1.5581461E+04   1.2708122E+06   1.2769746E+06   0.0000000E+00   0.0000000E+00   0.0000000E+00   0.0000000E+00   0.0000000E+00
   1.5337011E-01   1.2019392E+06   1.2019392E+06   -1.2461955E+00   5.5523807E-02   1.4041760E+04   1.1961367E+06   1.2019392E+06   0.0000000E+00   0.0000000E+00   0.0000000E+00   0.0000000E+00   0.0000000E+00
   1.5849998E-01   1.1371182E+06   1.1371182E+06   -1.1064515E+00   4.9235841E-02   1.2739002E+04   1.1316264E+06   1.1371182E+06   0.0000000E+00   0.0000000E+00   0.0000000E+00   0.0000000E+00   0.0000000E+00
   1.6380088E-01   1.0848327E+06   1.0848327E+06   -8.9000715E-01   4.4012688E-02   1.1654629E+04   1.0795916E+06   1.0848327E+06   0.0000000E+00   0.0000000E+00   0.0000000E+00   0.0000000E+00   0.0000000E+00
   1.6927876E-01   1.0444692E+06   1.0444692E+06   -8.8888685E-01   3.9692642E-02   1.0770861E+04   1.0394214E+06   1.0444692E+06   0.0000000E+00   0.0000000E+00   0.0000000E+00   0.0000000E+00   0.0000000E+00
   1.7493968E-01   1.0125025E+06   1.0125025E+06   -8.0758105E-01   3.6035182E-02   1.0020737E+04   1.0076076E+06   1.0125025E+06   0.0000000E+00   0.0000000E+00   0.0000000E+00   0.0000000E+00   0.0000000E+00
   1.8078986E-01   9.8346928E+05   9.8346928E+05   -7.1266741E-01   3.2779358E-02   9.3535953E+03   9.7871327E+05   9.8346928E+05   0.0000000E+00   0.0000000E+00   0.0000000E+00   0.0000000E+00   0.0000000E+00
   1.8683566E-01   9.5170747E+05   9.5170747E+05   -6.2384380E-01   2.9711039E-02   8.6962314E+03   9.4710373E+05   9.5170747E+05   0.0000000E+00   0.0000000E+00   0.0000000E+00   0.0000000E+00   0.0000000E+00
   1.9308365E-01   9.1333340E+05   9.1333340E+05   -5.5127401E-01   2.6713136E-02   8.0320441E+03   9.0891408E+05   9.1333340E+05   0.0000000E+00   0.0000000E+00   0.0000000E+00   0.0000000E+00   0.0000000E+00
   1.9954057E-01   8.6771380E+05   8.6771380E+05   -5.0073370E-01   2.3782843E-02   7.3405829E+03   8.6351414E+05   8.6771380E+05   0.0000000E+00   0.0000000E+00   0.0000000E+00   0.0000000E+00   0.0000000E+00
   2.0621345E-01   8.1774523E+05   8.1774523E+05   -4.5294647E-01   2.1006851E-02   6.6726700E+03   8.1378645E+05   8.1774523E+05   0.0000000E+00   0.0000000E+00   0.0000000E+00   0.0000000E+00   0.0000000E+00
   2.1310957E-01   7.6865105E+05   7.6865105E+05   -4.0762674E-01   1.8506358E-02   6.0445698E+03   7.6492909E+05   7.6865105E+05   0.0000000E+00   0.0000000E+00   0.0000000E+00   0.0000000E+00   0.0000000E+00
   2.2023657E-01   7.2565453E+05   7.2565453E+05   -3.5216569E-01   1.6370631E-02   5.5061975E+03   7.2214000E+05   7.2565453E+05   0.0000000E+00   0.0000000E+00   0.0000000E+00   0.0000000E+00   0.0000000E+00
   2.2760246E-01   6.9151807E+05   6.9151807E+05   -3.1585280E-01   1.4612892E-02   5.0625840E+03   6.8816818E+05   6.9151807E+05   0.0000000E+00   0.0000000E+00   0.0000000E+00   0.0000000E+00   0.0000000E+00
   2.3521571E-01   6.6519130E+05   6.6519130E+05   -2.8522781E-01   1.3162884E-02   4.7051894E+03   6.6196832E+05   6.6519130E+05   0.0000000E+00   0.0000000E+00   0.0000000E+00   0.0000000E+00   0.0000000E+00
   2.4308528E-01   6.4241409E+05   6.4241409E+05   -2.5630631E-01   1.1902726E-02   4.3981401E+03   6.3930090E+05   6.4241409E+05   0.0000000E+00   0.0000000E+00   0.0000000E+00   0.0000000E+00   0.0000000E+00
   2.5122077E-01   6.1812465E+05   6.1812465E+05   -2.3570679E-01   1.0725070E-02   4.0947430E+03   6.1512865E+05   6.1812465E+05   0.0000000E+00   0.0000000E+00   0.0000000E+00   0.0000000E+00   0.0000000E+00
   2.5963243E-01   5.8939548E+05   5.8939548E+05   -2.0543836E-01   9.5786877E-03   3.7828927E+03   5.8653827E+05   5.8939548E+05   0.0000000E+00   0.0000000E+00   0.0000000E+00   0.0000000E+00   0.0000000E+00
   2.6833134E-01   5.5709317E+05   5.5709317E+05   -1.8448510E-01   8.4818534E-03   3.4649340E+03   5.5439214E+05   5.5709317E+05   0.0000000E+00   0.0000000E+00   0.0000000E+00   0.0000000E+00   0.0000000E+00
   2.7732948E-01   5.2507182E+05   5.2507182E+05   -1.6328153E-01   7.4886414E-03   3.1694538E+03   5.2252567E+05   5.2507182E+05   0.0000000E+00   0.0000000E+00   0.0000000E+00   0.0000000E+00   0.0000000E+00
   2.8663990E-01   4.9731181E+05   4.9731181E+05   -1.4327690E-01   6.6423931E-03   2.9138598E+03   4.9489994E+05   4.9731181E+05   0.0000000E+00   0.0000000E+00   0.0000000E+00   0.0000000E+00   0.0000000E+00
   2.9627688E-01   4.7500260E+05   4.7500260E+05   -1.2932404E-01   5.9392854E-03   2.7056973E+03   4.7269862E+05   4.7500260E+05   0.0000000E+00   0.0000000E+00   0.0000000E+00   0.0000000E+00   0.0000000E+00
   3.0625611E-01   4.5583164E+05   4.5583164E+05   -1.1375056E-01   5.3343473E-03   2.5253522E+03   4.5362038E+05   4.5583164E+05   0.0000000E+00   0.0000000E+00   0.0000000E+00   0.0000000E+00   0.0000000E+00
   3.1659490E-01   4.3613521E+05   4.3613521E+05   -1.0362017E-01   4.7767347E-03   2.3513140E+03   4.3401926E+05   4.3613521E+05   0.0000000E+00   0.0000000E+00   0.0000000E+00   0.0000000E+00   0.0000000E+00
   3.2731251E-01   4.1412022E+05   4.1412022E+05   -9.1813559E-02   4.2450166E-03   2.1753889E+03   4.1211086E+05   4.1412022E+05   0.0000000E+00   0.0000000E+00   0.0000000E+00   0.0000000E+00   0.0000000E+00
   3.3843036E-01   3.9123093E+05   3.9123093E+05   -8.0467998E-02   3.7528125E-03   2.0052137E+03   3.8933244E+05   3.9123093E+05   0.0000000E+00   0.0000000E+00   0.0000000E+00   0.0000000E+00   0.0000000E+00
   3.4997249E-01   3.7033397E+05   3.7033397E+05   -7.0925148E-02   3.3229862E-03   1.8513636E+03   3.6853670E+05   3.7033397E+05   0.0000000E+00   0.0000000E+00   0.0000000E+00   0.0000000E+00   0.0000000E+00
   3.6196597E-01   3.5259062E+05   3.5259062E+05   -6.3251804E-02   2.9579849E-03   1.7218980E+03   3.5087931E+05   3.5259062E+05   0.0000000E+00   0.0000000E+00   0.0000000E+00   0.0000000E+00   0.0000000E+00
   3.7444145E-01   3.3641416E+05   3.3641416E+05   -5.7056499E-02   2.6375201E-03   1.6051813E+03   3.3478122E+05   3.3641416E+05   0.0000000E+00   0.0000000E+00   0.0000000E+00   0.0000000E+00   0.0000000E+00
   3.8743381E-01   3.1965010E+05   3.1965010E+05   -5.0161593E-02   2.3413209E-03   1.4921044E+03   3.1809841E+05   3.1965010E+05   0.0000000E+00   0.0000000E+00   0.0000000E+00   0.0000000E+00   0.0000000E+00
   4.0098301E-01   3.0221721E+05   3.0221721E+05   -4.4471897E-02   2.0671566E-03   1.3805714E+03   3.0075002E+05   3.0221721E+05   0.0000000E+00   0.0000000E+00   0.0000000E+00   0.0000000E+00   0.0000000E+00
   4.1513507E-01   2.8578886E+05   2.8578886E+05   -3.9364517E-02   1.8241387E-03   1.2789268E+03   2.8440134E+05   2.8578886E+05   0.0000000E+00   0.0000000E+00   0.0000000E+00   0.0000000E+00   0.0000000E+00
   4.2994334E-01   2.7112914E+05   2.7112914E+05   -3.4680788E-02   1.6136025E-03   1.1891768E+03   2.6981269E+05   2.7112914E+05   0.0000000E+00   0.0000000E+00   0.0000000E+00   0.0000000E+00   0.0000000E+00
   4.4547010E-01   2.5712612E+05   2.5712612E+05   -3.0732745E-02   1.4256537E-03   1.1059134E+03   2.5587758E+05   2.5712612E+05   0.0000000E+00   0.0000000E+00   0.0000000E+00   0.0000000E+00   0.0000000E+00
   4.6178858E-01   2.4286808E+05   2.4286808E+05   -2.6930482E-02   1.2533505E-03   1.0252286E+03   2.4168870E+05   2.4286808E+05   0.0000000E+00   0.0000000E+00   0.0000000E+00   0.0000000E+00   0.0000000E+00
   4.7898551E-01   2.2902703E+05   2.2902703E+05   -2.3609518E-02   1.0987505E-03   9.4934714E+02   2.2791479E+05   2.2902703E+05   0.0000000E+00   0.0000000E+00   0.0000000E+00   0.0000000E+00   0.0000000E+00
   4.9716440E-01   2.1620559E+05   2.1620559E+05   -2.0728027E-02   9.6288095E-04   8.8051764E+02   2.1515556E+05   2.1620559E+05   0.0000000E+00   0.0000000E+00   0.0000000E+00   0.0000000E+00   0.0000000E+00
   5.1644985E-01   2.0377419E+05   2.0377419E+05   -1.8092741E-02   8.4112304E-04   8.1578170E+02   2.0278448E+05   2.0377419E+05   0.0000000E+00   0.0000000E+00   0.0000000E+00   0.0000000E+00   0.0000000E+00
   5.3699294E-01   1.9143373E+05   1.9143373E+05   -1.5750982E-02   7.3098910E-04   7.5388614E+02   1.9050391E+05   1.9143373E+05   0.0000000E+00   0.0000000E+00   0.0000000E+00   0.0000000E+00   0.0000000E+00
   5.5897834E-01   1.7965149E+05   1.7965149E+05   -1.3626123E-02   6.3317003E-04   6.9623848E+02   1.7877886E+05   1.7965149E+05   0.0000000E+00   0.0000000E+00   0.0000000E+00   0.0000000E+00   0.0000000E+00
   5.8263324E-01   1.6825641E+05   1.6825641E+05   -1.1758703E-02   5.4589864E-04   6.4191850E+02   1.6743909E+05   1.6825641E+05   0.0000000E+00   0.0000000E+00   0.0000000E+00   0.0000000E+00   0.0000000E+00
   6.0823858E-01   1.5703509E+05   1.5703509E+05   -1.0073145E-02   4.6755892E-04   5.9012233E+02   1.5627224E+05   1.5703509E+05   0.0000000E+00   0.0000000E+00   0.0000000E+00   0.0000000E+00   0.0000000E+00
   6.3614239E-01   1.4618108E+05   1.4618108E+05   -8.5746598E-03   3.9794280E-04   5.4120094E+02   1.4547093E+05   1.4618108E+05   0.0000000E+00   0.0000000E+00   0.0000000E+00   0.0000000E+00   0.0000000E+00
   6.6677435E-01   1.3553022E+05   1.3553022E+05   -7.2368921E-03   3.3586590E-04   4.9456629E+02   1.3487178E+05   1.3553022E+05   0.0000000E+00   0.0000000E+00   0.0000000E+00   0.0000000E+00   0.0000000E+00
   7.0065837E-01   1.2512391E+05   1.2512391E+05   -6.0544789E-03   2.8083988E-04   4.5019622E+02   1.2451601E+05   1.2512391E+05   0.0000000E+00   0.0000000E+00   0.0000000E+00   0.0000000E+00   0.0000000E+00
   7.3841644E-01   1.1493095E+05   1.1493095E+05   -4.9965393E-03   2.3228266E-04   4.0786762E+02   1.1437255E+05   1.1493095E+05   0.0000000E+00   0.0000000E+00   0.0000000E+00   0.0000000E+00   0.0000000E+00
   7.8075097E-01   1.0498274E+05   1.0498274E+05   -4.0923441E-03   1.8981020E-04   3.6760643E+02   1.0447265E+05   1.0498274E+05   0.0000000E+00   0.0000000E+00   0.0000000E+00   0.0000000E+00   0.0000000E+00
   8.2838913E-01   9.5315311E+04   9.5315311E+04   -3.3015239E-03   1.5309590E-04   3.2947625E+02   9.4852178E+04   9.5315311E+04   0.0000000E+00   0.0000000E+00   0.0000000E+00   0.0000000E+00   0.0000000E+00
   8.8198119E-01   8.6016154E+04   8.6016154E+04   -2.6281193E-03   1.2189104E-04   2.9370914E+02   8.5598192E+04   8.6016154E+04   0.0000000E+00   0.0000000E+00   0.0000000E+00   0.0000000E+00   0.0000000E+00
   9.4197907E-01   7.7195308E+04   7.7195308E+04   -2.0686307E-03   9.5910708E-05   2.6055022E+02   7.6820196E+04   7.7195308E+04   0.0000000E+00   0.0000000E+00   0.0000000E+00   0.0000000E+00   0.0000000E+00
   1.0085694E+00   6.8963866E+04   6.8963866E+04   -1.6126233E-03   7.4749228E-05   2.3029781E+02   6.8628743E+04   6.8963866E+04   0.0000000E+00   0.0000000E+00   0.0000000E+00   0.0000000E+00   0.0000000E+00
   1.0817310E+00   6.1405149E+04   6.1405149E+04   -1.2498498E-03   5.7862705E-05   2.0308132E+02   6.1106749E+04   6.1405149E+04   0.0000000E+00   0.0000000E+00   0.0000000E+00   0.0000000E+00   0.0000000E+00
   1.1613919E+00   5.4556242E+04   5.4556242E+04   -9.6218445E-04   4.4602552E-05   1.7887703E+02   5.4291119E+04   5.4556242E+04   0.0000000E+00   0.0000000E+00   0.0000000E+00   0.0000000E+00   0.0000000E+00
   1.2475778E+00   4.8406217E+04   4.8406217E+04   -7.4004264E-04   3.4298221E-05   1.5750394E+02   4.8170976E+04   4.8406217E+04   0.0000000E+00   0.0000000E+00   0.0000000E+00   0.0000000E+00   0.0000000E+00
   1.3404755E+00   4.2912484E+04   4.2912484E+04   -5.6842820E-04   2.6339482E-05   1.3869438E+02   4.2703938E+04   4.2912484E+04   0.0000000E+00   0.0000000E+00   0.0000000E+00   0.0000000E+00   0.0000000E+00
   1.4404229E+00   3.8019797E+04   3.8019797E+04   -4.3575749E-04   2.0211840E-05   1.2215618E+02   3.7835025E+04   3.8019797E+04   0.0000000E+00   0.0000000E+00   0.0000000E+00   0.0000000E+00   0.0000000E+00
   1.5478709E+00   3.3668437E+04   3.3668437E+04   -3.3455898E-04   1.5501109E-05   1.0762112E+02   3.3504810E+04   3.3668437E+04   0.0000000E+00   0.0000000E+00   0.0000000E+00   0.0000000E+00   0.0000000E+00
   1.6633493E+00   2.9802283E+04   2.9802283E+04   -2.5650906E-04   1.1883063E-05   9.4834924E+01   2.9657444E+04   2.9802283E+04   0.0000000E+00   0.0000000E+00   0.0000000E+00   0.0000000E+00   0.0000000E+00
   1.7874471E+00   2.6369184E+04   2.6369184E+04   -1.9657066E-04   9.1057191E-06   8.3581724E+01   2.6241029E+04   2.6369184E+04   0.0000000E+00   0.0000000E+00   0.0000000E+00   0.0000000E+00   0.0000000E+00
   1.9208044E+00   2.3322455E+04   2.3322455E+04   -1.5057418E-04   6.9748667E-06   7.3670369E+01   2.3209106E+04   2.3322455E+04   0.0000000E+00   0.0000000E+00   0.0000000E+00   0.0000000E+00   0.0000000E+00
   2.0641114E+00   2.0619820E+04   2.0619820E+04   -1.1529377E-04   5.3405934E-06   6.4939912E+01   2.0519606E+04   2.0619820E+04   0.0000000E+00   0.0000000E+00   0.0000000E+00   0.0000000E+00   0.0000000E+00
   2.2181103E+00   1.8223661E+04   1.8223661E+04   -8.8350740E-05   4.0878069E-06   5.7244251E+01   1.8135092E+04   1.8223661E+04   0.0000000E+00   0.0000000E+00   0.0000000E+00   0.0000000E+00   0.0000000E+00
   2.3835986E+00   1.6100177E+04   1.6100177E+04   -6.7500728E-05   3.1278044E-06   5.0460163E+01   1.6021927E+04   1.6100177E+04   0.0000000E+00   0.0000000E+00   0.0000000E+00   0.0000000E+00   0.0000000E+00
   2.5614338E+00   1.4219167E+04   1.4219167E+04   -5.1631580E-05   2.3924784E-06   4.4476245E+01   1.4150059E+04   1.4219167E+04   0.0000000E+00   0.0000000E+00   0.0000000E+00   0.0000000E+00   0.0000000E+00
   2.7525368E+00   1.2553677E+04   1.2553677E+04   -3.9478335E-05   1.8294207E-06   3.9199973E+01   1.2492663E+04   1.2553677E+04   0.0000000E+00   0.0000000E+00   0.0000000E+00   0.0000000E+00   0.0000000E+00
   2.9578976E+00   1.1079632E+04   1.1079632E+04   -3.0168885E-05   1.3984452E-06   3.4545991E+01   1.1025782E+04   1.1079632E+04   0.0000000E+00   0.0000000E+00   0.0000000E+00   0.0000000E+00   0.0000000E+00
   3.1785799E+00   9.7755533E+03   9.7755533E+03   -2.3055071E-05   1.0686919E-06   3.0440245E+01   9.7280416E+03   9.7755533E+03   0.0000000E+00   0.0000000E+00   0.0000000E+00   0.0000000E+00   0.0000000E+00
   3.4157268E+00   8.6222955E+03   8.6222955E+03   -1.7609491E-05   8.1646792E-07   2.6819007E+01   8.5803888E+03   8.6222955E+03   0.0000000E+00   0.0000000E+00   0.0000000E+00   0.0000000E+00   0.0000000E+00
   3.6705668E+00   7.6028040E+03   7.6028040E+03   -1.3443357E-05   6.2359971E-07   2.3625191E+01   7.5658522E+03   7.6028040E+03   0.0000000E+00   0.0000000E+00   0.0000000E+00   0.0000000E+00   0.0000000E+00
   3.9444198E+00   6.7018958E+03   6.7018958E+03   -1.0264170E-05   4.7617570E-07   2.0807989E+01   6.6693226E+03   6.7018958E+03   0.0000000E+00   0.0000000E+00   0.0000000E+00   0.0000000E+00   0.0000000E+00
   4.2387044E+00   5.9060625E+03   5.9060625E+03   -7.8302724E-06   3.6351599E-07   1.8323805E+01   5.8773572E+03   5.9060625E+03   0.0000000E+00   0.0000000E+00   0.0000000E+00   0.0000000E+00   0.0000000E+00
   4.5549449E+00   5.2032928E+03   5.2032928E+03   -5.9758945E-06   2.7744943E-07   1.6133223E+01   5.1780032E+03   5.2032928E+03   0.0000000E+00   0.0000000E+00   0.0000000E+00   0.0000000E+00   0.0000000E+00
   4.8947795E+00   4.5829129E+03   4.5829129E+03   -4.5580209E-06   2.1171542E-07   1.4202087E+01   4.5606385E+03   4.5829129E+03   0.0000000E+00   0.0000000E+00   0.0000000E+00   0.0000000E+00   0.0000000E+00
   5.2599683E+00   4.0354427E+03   4.0354427E+03   -3.4754575E-06   1.6152575E-07   1.2499539E+01   4.0158291E+03   4.0354427E+03   0.0000000E+00   0.0000000E+00   0.0000000E+00   0.0000000E+00   0.0000000E+00
   5.6524031E+00   3.5524665E+03   3.5524665E+03   -2.6490464E-06   1.2321243E-07   1.0999043E+01   3.5352004E+03   3.5524665E+03   0.0000000E+00   0.0000000E+00   0.0000000E+00   0.0000000E+00   0.0000000E+00
   6.0741167E+00   3.1265179E+03   3.1265179E+03   -2.0191864E-06   9.3972789E-08   9.6768736E+00   3.1113219E+03   3.1265179E+03   0.0000000E+00   0.0000000E+00   0.0000000E+00   0.0000000E+00   0.0000000E+00
   6.5272933E+00   2.7509754E+03   2.7509754E+03   -1.5386486E-06   7.1662760E-08   8.5119699E+00   2.7376048E+03   2.7509754E+03   0.0000000E+00   0.0000000E+00   0.0000000E+00   0.0000000E+00   0.0000000E+00
   7.0142805E+00   2.4199703E+03   2.4199703E+03   -1.1721019E-06   5.4643442E-08   7.4859115E+00   2.4082085E+03   2.4199703E+03   0.0000000E+00   0.0000000E+00   0.0000000E+00   0.0000000E+00   0.0000000E+00
   7.5376007E+00   2.1283030E+03   2.1283030E+03   -8.9264792E-07   4.1662624E-08   6.5822634E+00   2.1179587E+03   2.1283030E+03   0.0000000E+00   0.0000000E+00   0.0000000E+00   0.0000000E+00   0.0000000E+00
   8.0999648E+00   1.8713688E+03   1.8713688E+03   -6.7954425E-07   3.1763778E-08   5.7865532E+00   1.8622733E+03   1.8713688E+03   0.0000000E+00   0.0000000E+00   0.0000000E+00   0.0000000E+00   0.0000000E+00
