#           k/h    CDM            baryon         photon         nu             mass_nu        total          no_nu          total_de       Weyl           v_CDM          v_b            v_b-v_c     
   1.0636883E-05   1.0297791E+07   1.0297791E+07   1.3726416E+07   8.0464355E+03   3.6901797E+06   1.0297830E+07   1.0297791E+07   0.0000000E+00   0.0000000E+00   0.0000000E+00   0.0000000E+00   0.0000000E+00
   1.1430478E-05   1.0297790E+07   1.0297790E+07   1.3725799E+07   8.0462047E+03   3.6901403E+06   1.0297829E+07   1.0297790E+07   0.0000000E+00   0.0000000E+00   0.0000000E+00   0.0000000E+00   0.0000000E+00
   1.2283281E-05   1.0297788E+07   1.0297788E+07   1.3725087E+07   8.0459382E+03   3.6900948E+06   1.0297827E+07   1.0297788E+07   0.0000000E+00   0.0000000E+00   0.0000000E+00   0.0000000E+00   0.0000000E+00
   1.3199710E-05   1.0297785E+07   1.0297785E+07   1.3724264E+07   8.0456305E+03   3.6900423E+06   1.0297824E+07   1.0297785E+07   0.0000000E+00   0.0000000E+00   0.0000000E+00   0.0000000E+00   0.0000000E+00
   1.4184512E-05   1.0297783E+07   1.0297783E+07   1.3723314E+07   8.0452752E+03   3.6899816E+06   1.0297821E+07   1.0297783E+07   0.0000000E+00   0.0000000E+00   0.0000000E+00   0.0000000E+00   0.0000000E+00
   1.5242787E-05   1.0297780E+07   1.0297780E+07   1.3722217E+07   8.0448648E+03   3.6899116E+06   1.0297818E+07   1.0297780E+07   0.0000000E+00   0.0000000E+00   0.0000000E+00   0.0000000E+00   0.0000000E+00
   1.6380019E-05   1.0297776E+07   1.0297776E+07   1.3720950E+07   8.0443910E+03   3.6898307E+06   1.0297814E+07   1.0297776E+07   0.0000000E+00   0.0000000E+00   0.0000000E+00   0.0000000E+00   0.0000000E+00
   1.7602096E-05   1.0297772E+07   1.0297772E+07   1.3719488E+07   8.0438439E+03   3.6897374E+06   1.0297810E+07   1.0297772E+07   0.0000000E+00   0.0000000E+00   0.0000000E+00   0.0000000E+00   0.0000000E+00
   1.8915351E-05   1.0297767E+07   1.0297767E+07   1.3717799E+07   8.0432122E+03   3.6896296E+06   1.0297805E+07   1.0297767E+07   0.0000000E+00   0.0000000E+00   0.0000000E+00   0.0000000E+00   0.0000000E+00
   2.0326584E-05   1.0297762E+07   1.0297762E+07   1.3715849E+07   8.0424828E+03   3.6895051E+06   1.0297799E+07   1.0297762E+07   0.0000000E+00   0.0000000E+00   0.0000000E+00   0.0000000E+00   0.0000000E+00
   2.1843106E-05   1.0297755E+07   1.0297755E+07   1.3713598E+07   8.0416405E+03   3.6893615E+06   1.0297793E+07   1.0297755E+07   0.0000000E+00   0.0000000E+00   0.0000000E+00   0.0000000E+00   0.0000000E+00
   2.3472773E-05   1.0297748E+07   1.0297748E+07   1.3710998E+07   8.0406680E+03   3.6891956E+06   1.0297785E+07   1.0297748E+07   0.0000000E+00   0.0000000E+00   0.0000000E+00   0.0000000E+00   0.0000000E+00
   2.5224025E-05   1.0297740E+07   1.0297740E+07   1.3707997E+07   8.0395452E+03   3.6890041E+06   1.0297776E+07   1.0297740E+07   0.0000000E+00   0.0000000E+00   0.0000000E+00   0.0000000E+00   0.0000000E+00
   2.7105935E-05   1.0297730E+07   1.0297730E+07   1.3704532E+07   8.0382488E+03   3.6887831E+06   1.0297766E+07   1.0297730E+07   0.0000000E+00   0.0000000E+00   0.0000000E+00   0.0000000E+00   0.0000000E+00
   2.9128250E-05   1.0297719E+07   1.0297719E+07   1.3700532E+07   8.0367520E+03   3.6885280E+06   1.0297754E+07   1.0297719E+07   0.0000000E+00   0.0000000E+00   0.0000000E+00   0.0000000E+00   0.0000000E+00
   3.1301446E-05   1.0297706E+07   1.0297706E+07   1.3695914E+07   8.0350239E+03   3.6882335E+06   1.0297741E+07   1.0297706E+07   0.0000000E+00   0.0000000E+00   0.0000000E+00   0.0000000E+00   0.0000000E+00
   3.3636778E-05   1.0297691E+07   1.0297691E+07   1.3690583E+07   8.0330289E+03   3.6878936E+06   1.0297725E+07   1.0297691E+07   0.0000000E+00   0.0000000E+00   0.0000000E+00   0.0000000E+00   0.0000000E+00
   3.6146345E-05   1.0297674E+07   1.0297674E+07   1.3684429E+07   8.0307258E+03   3.6875014E+06   1.0297707E+07   1.0297674E+07   0.0000000E+00   0.0000000E+00   0.0000000E+00   0.0000000E+00   0.0000000E+00
   3.8843146E-05   1.0297654E+07   1.0297654E+07   1.3677326E+07   8.0280672E+03   3.6870488E+06   1.0297686E+07   1.0297654E+07   0.0000000E+00   0.0000000E+00   0.0000000E+00   0.0000000E+00   0.0000000E+00
   4.1741148E-05   1.0297631E+07   1.0297631E+07   1.3669128E+07   8.0249983E+03   3.6865266E+06   1.0297662E+07   1.0297631E+07   0.0000000E+00   0.0000000E+00   0.0000000E+00   0.0000000E+00   0.0000000E+00
   4.4855365E-05   1.0297604E+07   1.0297604E+07   1.3659667E+07   8.0214560E+03   3.6859241E+06   1.0297634E+07   1.0297604E+07   0.0000000E+00   0.0000000E+00   0.0000000E+00   0.0000000E+00   0.0000000E+00
   4.8201926E-05   1.0297574E+07   1.0297574E+07   1.3648750E+07   8.0173677E+03   3.6852292E+06   1.0297601E+07   1.0297574E+07   0.0000000E+00   0.0000000E+00   0.0000000E+00   0.0000000E+00   0.0000000E+00
   5.1798167E-05   1.0297538E+07   1.0297538E+07   1.3636153E+07   8.0126496E+03   3.6844279E+06   1.0297564E+07   1.0297538E+07   0.0000000E+00   0.0000000E+00   0.0000000E+00   0.0000000E+00   0.0000000E+00
   5.5662716E-05   1.0297498E+07   1.0297498E+07   1.3621620E+07   8.0072052E+03   3.6835038E+06   1.0297521E+07   1.0297498E+07   0.0000000E+00   0.0000000E+00   0.0000000E+00   0.0000000E+00   0.0000000E+00
   5.9815590E-05   1.0297450E+07   1.0297450E+07   1.3604856E+07   8.0009233E+03   3.6824387E+06   1.0297471E+07   1.0297450E+07   0.0000000E+00   0.0000000E+00   0.0000000E+00   0.0000000E+00   0.0000000E+00
   6.4278302E-05   1.0297396E+07   1.0297396E+07   1.3585521E+07   7.9936760E+03   3.6812112E+06   1.0297414E+07   1.0297396E+07   0.0000000E+00   0.0000000E+00   0.0000000E+00   0.0000000E+00   0.0000000E+00
   6.9073966E-05   1.0297333E+07   1.0297333E+07   1.3563226E+07   7.9853164E+03   3.6797971E+06   1.0297348E+07   1.0297333E+07   0.0000000E+00   0.0000000E+00   0.0000000E+00   0.0000000E+00   0.0000000E+00
   7.4227425E-05   1.0297261E+07   1.0297261E+07   1.3537524E+07   7.9756753E+03   3.6781685E+06   1.0297271E+07   1.0297261E+07   0.0000000E+00   0.0000000E+00   0.0000000E+00   0.0000000E+00   0.0000000E+00
   7.9765372E-05   1.0297177E+07   1.0297177E+07   1.3507902E+07   7.9645585E+03   3.6762937E+06   1.0297183E+07   1.0297177E+07   0.0000000E+00   0.0000000E+00   0.0000000E+00   0.0000000E+00   0.0000000E+00
   8.5716493E-05   1.0297080E+07   1.0297080E+07   1.3473771E+07   7.9517430E+03   3.6741366E+06   1.0297081E+07   1.0297080E+07   0.0000000E+00   0.0000000E+00   0.0000000E+00   0.0000000E+00   0.0000000E+00
   9.2111614E-05   1.0296969E+07   1.0296969E+07   1.3434460E+07   7.9369733E+03   3.6716561E+06   1.0296964E+07   1.0296969E+07   0.0000000E+00   0.0000000E+00   0.0000000E+00   0.0000000E+00   0.0000000E+00
   9.8983862E-05   1.0296840E+07   1.0296840E+07   1.3389200E+07   7.9199566E+03   3.6688056E+06   1.0296828E+07   1.0296840E+07   0.0000000E+00   0.0000000E+00   0.0000000E+00   0.0000000E+00   0.0000000E+00
   1.0636883E-04   1.0296691E+07   1.0296691E+07   1.3337116E+07   7.9003580E+03   3.6655323E+06   1.0296672E+07   1.0296691E+07   0.0000000E+00   0.0000000E+00   0.0000000E+00   0.0000000E+00   0.0000000E+00
   1.1430478E-04   1.0296520E+07   1.0296520E+07   1.3277210E+07   7.8777950E+03   3.6617768E+06   1.0296491E+07   1.0296520E+07   0.0000000E+00   0.0000000E+00   0.0000000E+00   0.0000000E+00   0.0000000E+00
   1.2283281E-04   1.0296322E+07   1.0296322E+07   1.3208352E+07   7.8518316E+03   3.6574724E+06   1.0296283E+07   1.0296322E+07   0.0000000E+00   0.0000000E+00   0.0000000E+00   0.0000000E+00   0.0000000E+00
   1.3199710E-04   1.0296094E+07   1.0296094E+07   1.3129260E+07   7.8219716E+03   3.6525448E+06   1.0296042E+07   1.0296094E+07   0.0000000E+00   0.0000000E+00   0.0000000E+00   0.0000000E+00   0.0000000E+00
   1.4184512E-04   1.0295831E+07   1.0295831E+07   1.3038488E+07   7.7876520E+03   3.6469113E+06   1.0295765E+07   1.0295831E+07   0.0000000E+00   0.0000000E+00   0.0000000E+00   0.0000000E+00   0.0000000E+00
   1.5242787E-04   1.0295527E+07   1.0295527E+07   1.2934412E+07   7.7482355E+03   3.6404810E+06   1.0295445E+07   1.0295527E+07   0.0000000E+00   0.0000000E+00   0.0000000E+00   0.0000000E+00   0.0000000E+00
   1.6380019E-04   1.0295177E+07   1.0295177E+07   1.2815216E+07   7.7030036E+03   3.6331545E+06   1.0295076E+07   1.0295177E+07   0.0000000E+00   0.0000000E+00   0.0000000E+00   0.0000000E+00   0.0000000E+00
   1.7602096E-04   1.0294773E+07   1.0294773E+07   1.2678878E+07   7.6511488E+03   3.6248247E+06   1.0294651E+07   1.0294773E+07   0.0000000E+00   0.0000000E+00   0.0000000E+00   0.0000000E+00   0.0000000E+00
   1.8915351E-04   1.0294308E+07   1.0294308E+07   1.2523165E+07   7.5917686E+03   3.6153774E+06   1.0294161E+07   1.0294308E+07   0.0000000E+00   0.0000000E+00   0.0000000E+00   0.0000000E+00   0.0000000E+00
   2.0326584E-04   1.0293772E+07   1.0293772E+07   1.2345631E+07   7.5238595E+03   3.6046933E+06   1.0293596E+07   1.0293772E+07   0.0000000E+00   0.0000000E+00   0.0000000E+00   0.0000000E+00   0.0000000E+00
   2.1843106E-04   1.0293155E+07   1.0293155E+07   1.2143623E+07   7.4463137E+03   3.5926506E+06   1.0292946E+07   1.0293155E+07   0.0000000E+00   0.0000000E+00   0.0000000E+00   0.0000000E+00   0.0000000E+00
   2.3472773E-04   1.0292444E+07   1.0292444E+07   1.1914298E+07   7.3579181E+03   3.5791289E+06   1.0292197E+07   1.0292444E+07   0.0000000E+00   0.0000000E+00   0.0000000E+00   0.0000000E+00   0.0000000E+00
   2.5224025E-04   1.0291626E+07   1.0291626E+07   1.1654663E+07   7.2573578E+03   3.5640152E+06   1.0291335E+07   1.0291626E+07   0.0000000E+00   0.0000000E+00   0.0000000E+00   0.0000000E+00   0.0000000E+00
   2.7105935E-04   1.0290685E+07   1.0290685E+07   1.1361627E+07   7.1432258E+03   3.5472107E+06   1.0290344E+07   1.0290685E+07   0.0000000E+00   0.0000000E+00   0.0000000E+00   0.0000000E+00   0.0000000E+00
   2.9128250E-04   1.0289603E+07   1.0289603E+07   1.1032089E+07   7.0140401E+03   3.5286413E+06   1.0289204E+07   1.0289603E+07   0.0000000E+00   0.0000000E+00   0.0000000E+00   0.0000000E+00   0.0000000E+00
   3.1301446E-04   1.0288360E+07   1.0288360E+07   1.0663061E+07   6.8682721E+03   3.5082692E+06   1.0287895E+07   1.0288360E+07   0.0000000E+00   0.0000000E+00   0.0000000E+00   0.0000000E+00   0.0000000E+00
   3.3636778E-04   1.0286933E+07   1.0286933E+07   1.0251834E+07   6.7043883E+03   3.4861084E+06   1.0286391E+07   1.0286933E+07   0.0000000E+00   0.0000000E+00   0.0000000E+00   0.0000000E+00   0.0000000E+00
   3.6146345E-04   1.0285296E+07   1.0285296E+07   9.7961916E+06   6.5209092E+03   3.4622419E+06   1.0284667E+07   1.0285296E+07   0.0000000E+00   0.0000000E+00   0.0000000E+00   0.0000000E+00   0.0000000E+00
   3.8843146E-04   1.0283420E+07   1.0283420E+07   9.2946938E+06   6.3164892E+03   3.4368398E+06   1.0282691E+07   1.0283420E+07   0.0000000E+00   0.0000000E+00   0.0000000E+00   0.0000000E+00   0.0000000E+00
   4.1741148E-04   1.0281272E+07   1.0281272E+07   8.7470122E+06   6.0900196E+03   3.4101790E+06   1.0280429E+07   1.0281272E+07   0.0000000E+00   0.0000000E+00   0.0000000E+00   0.0000000E+00   0.0000000E+00
   4.4855365E-04   1.0278816E+07   1.0278816E+07   8.1543320E+06   5.8407589E+03   3.3826581E+06   1.0277843E+07   1.0278816E+07   0.0000000E+00   0.0000000E+00   0.0000000E+00   0.0000000E+00   0.0000000E+00
   4.8201926E-04   1.0276012E+07   1.0276012E+07   7.5197987E+06   5.5684898E+03   3.3548059E+06   1.0274889E+07   1.0276012E+07   0.0000000E+00   0.0000000E+00   0.0000000E+00   0.0000000E+00   0.0000000E+00
   5.1798167E-04   1.0272813E+07   1.0272813E+07   6.8489843E+06   5.2737008E+03   3.3272755E+06   1.0271521E+07   1.0272813E+07   0.0000000E+00   0.0000000E+00   0.0000000E+00   0.0000000E+00   0.0000000E+00
   5.5662716E-04   1.0269171E+07   1.0269171E+07   6.1503219E+06   4.9577833E+03   3.3008158E+06   1.0267687E+07   1.0269171E+07   0.0000000E+00   0.0000000E+00   0.0000000E+00   0.0000000E+00   0.0000000E+00
   5.9815590E-04   1.0265030E+07   1.0265030E+07   5.4354292E+06   4.6232306E+03   3.2762102E+06   1.0263329E+07   1.0265030E+07   0.0000000E+00   0.0000000E+00   0.0000000E+00   0.0000000E+00   0.0000000E+00
   6.4278302E-04   1.0260332E+07   1.0260332E+07   4.7192103E+06   4.2738114E+03   3.2541717E+06   1.0258386E+07   1.0260332E+07   0.0000000E+00   0.0000000E+00   0.0000000E+00   0.0000000E+00   0.0000000E+00
   6.9073966E-04   1.0255012E+07   1.0255012E+07   4.0195915E+06   3.9146805E+03   3.2351870E+06   1.0252789E+07   1.0255012E+07   0.0000000E+00   0.0000000E+00   0.0000000E+00   0.0000000E+00   0.0000000E+00
   7.4227425E-04   1.0248997E+07   1.0248997E+07   3.3567299E+06   3.5523771E+03   3.2193109E+06   1.0246465E+07   1.0248997E+07   0.0000000E+00   0.0000000E+00   0.0000000E+00   0.0000000E+00   0.0000000E+00
   7.9765372E-04   1.0242212E+07   1.0242212E+07   2.7515434E+06   3.1946492E+03   3.2059281E+06   1.0239336E+07   1.0242212E+07   0.0000000E+00   0.0000000E+00   0.0000000E+00   0.0000000E+00   0.0000000E+00
   8.5716493E-04   1.0234573E+07   1.0234573E+07   2.2234810E+06   2.8500459E+03   3.1935271E+06   1.0231314E+07   1.0234573E+07   0.0000000E+00   0.0000000E+00   0.0000000E+00   0.0000000E+00   0.0000000E+00
   9.2111614E-04   1.0225990E+07   1.0225990E+07   1.7876094E+06   2.5272309E+03   3.1795669E+06   1.0222309E+07   1.0225990E+07   0.0000000E+00   0.0000000E+00   0.0000000E+00   0.0000000E+00   0.0000000E+00
   9.8983862E-04   1.0216364E+07   1.0216364E+07   1.4513553E+06   2.2340222E+03   3.1605531E+06   1.0212220E+07   1.0216364E+07   0.0000000E+00   0.0000000E+00   0.0000000E+00   0.0000000E+00   0.0000000E+00
   1.0636883E-03   1.0205585E+07   1.0205585E+07   1.2116034E+06   1.9762358E+03   3.1324565E+06   1.0200939E+07   1.0205585E+07   0.0000000E+00   0.0000000E+00   0.0000000E+00   0.0000000E+00   0.0000000E+00
   1.1430478E-03   1.0193536E+07   1.0193536E+07   1.0532302E+06   1.7565321E+03   3.0915718E+06   1.0188348E+07   1.0193536E+07   0.0000000E+00   0.0000000E+00   0.0000000E+00   0.0000000E+00   0.0000000E+00
   1.2283281E-03   1.0180088E+07   1.0180088E+07   9.5034672E+05   1.5735893E+03   3.0357769E+06   1.0174319E+07   1.0180088E+07   0.0000000E+00   0.0000000E+00   0.0000000E+00   0.0000000E+00   0.0000000E+00
   1.3199710E-03   1.0165097E+07   1.0165097E+07   8.7124547E+05   1.4220102E+03   2.9658933E+06   1.0158714E+07   1.0165097E+07   0.0000000E+00   0.0000000E+00   0.0000000E+00   0.0000000E+00   0.0000000E+00
   1.4184512E-03   1.0148411E+07   1.0148411E+07   7.8694086E+05   1.2933283E+03   2.8865035E+06   1.0141386E+07   1.0148411E+07   0.0000000E+00   0.0000000E+00   0.0000000E+00   0.0000000E+00   0.0000000E+00
   1.5242787E-03   1.0129867E+07   1.0129867E+07   6.8117613E+05   1.1781913E+03   2.8053414E+06   1.0122176E+07   1.0129867E+07   0.0000000E+00   0.0000000E+00   0.0000000E+00   0.0000000E+00   0.0000000E+00
   1.6380019E-03   1.0109295E+07   1.0109295E+07   5.5742021E+05   1.0692590E+03   2.7305972E+06   1.0100923E+07   1.0109295E+07   0.0000000E+00   0.0000000E+00   0.0000000E+00   0.0000000E+00   0.0000000E+00
   1.7602096E-03   1.0086521E+07   1.0086521E+07   4.3733711E+05   9.6367634E+02   2.6665587E+06   1.0077459E+07   1.0086521E+07   0.0000000E+00   0.0000000E+00   0.0000000E+00   0.0000000E+00   0.0000000E+00
   1.8915351E-03   1.0061366E+07   1.0061366E+07   3.4786477E+05   8.6362824E+02   2.6098819E+06   1.0051610E+07   1.0061366E+07   0.0000000E+00   0.0000000E+00   0.0000000E+00   0.0000000E+00   0.0000000E+00
   2.0326584E-03   1.0033645E+07   1.0033645E+07   3.0161001E+05   7.7404178E+02   2.5502250E+06   1.0023200E+07   1.0033645E+07   0.0000000E+00   0.0000000E+00   0.0000000E+00   0.0000000E+00   0.0000000E+00
   2.1843106E-03   1.0003169E+07   1.0003169E+07   2.8440167E+05   6.9828497E+02   2.4775101E+06   9.9920397E+06   1.0003169E+07   0.0000000E+00   0.0000000E+00   0.0000000E+00   0.0000000E+00   0.0000000E+00
   2.3472773E-03   9.9697340E+06   9.9697340E+06   2.6482935E+05   6.3486444E+02   2.3920102E+06   9.9579273E+06   9.9697340E+06   0.0000000E+00   0.0000000E+00   0.0000000E+00   0.0000000E+00   0.0000000E+00
   2.5224025E-03   9.9331284E+06   9.9331284E+06   2.2378230E+05   5.7840733E+02   2.3065018E+06   9.9206482E+06   9.9331284E+06   0.0000000E+00   0.0000000E+00   0.0000000E+00   0.0000000E+00   0.0000000E+00
   2.7105935E-03   9.8931307E+06   9.8931307E+06   1.7504490E+05   5.2470217E+02   2.2328407E+06   9.8799777E+06   9.8931307E+06   0.0000000E+00   0.0000000E+00   0.0000000E+00   0.0000000E+00   0.0000000E+00
   2.9128250E-03   9.8495138E+06   9.8495138E+06   1.4581268E+05   4.7439536E+02   2.1650478E+06   9.8356853E+06   9.8495138E+06   0.0000000E+00   0.0000000E+00   0.0000000E+00   0.0000000E+00   0.0000000E+00
   3.1301446E-03   9.8020424E+06   9.8020424E+06   1.3532819E+05   4.3016331E+02   2.0862112E+06   9.7875336E+06   9.8020424E+06   0.0000000E+00   0.0000000E+00   0.0000000E+00   0.0000000E+00   0.0000000E+00
   3.3636778E-03   9.7504679E+06   9.7504679E+06   1.1714104E+05   3.9113295E+02   1.9974604E+06   9.7352742E+06   9.7504679E+06   0.0000000E+00   0.0000000E+00   0.0000000E+00   0.0000000E+00   0.0000000E+00
   3.6146345E-03   9.6945292E+06   9.6945292E+06   9.0472388E+04   3.5410201E+02   1.9171992E+06   9.6786487E+06   9.6945292E+06   0.0000000E+00   0.0000000E+00   0.0000000E+00   0.0000000E+00   0.0000000E+00
   3.8843146E-03   9.6339576E+06   9.6339576E+06   8.0097978E+04   3.1949965E+02   1.8403869E+06   9.6173918E+06   9.6339576E+06   0.0000000E+00   0.0000000E+00   0.0000000E+00   0.0000000E+00   0.0000000E+00
   4.1741148E-03   9.5684768E+06   9.5684768E+06   7.5648489E+04   2.8919813E+02   1.7486555E+06   9.5512321E+06   9.5684768E+06   0.0000000E+00   0.0000000E+00   0.0000000E+00   0.0000000E+00   0.0000000E+00
   4.4855365E-03   9.4978018E+06   9.4978018E+06   5.8541263E+04   2.6118305E+02   1.6600411E+06   9.4798914E+06   9.4978018E+06   0.0000000E+00   0.0000000E+00   0.0000000E+00   0.0000000E+00   0.0000000E+00
   4.8201926E-03   9.4216458E+06   9.4216458E+06   5.0843504E+04   2.3471687E+02   1.5800663E+06   9.4030929E+06   9.4216458E+06   0.0000000E+00   0.0000000E+00   0.0000000E+00   0.0000000E+00   0.0000000E+00
   5.1798167E-03   9.3397232E+06   9.3397232E+06   4.5153961E+04   2.1111225E+02   1.4901813E+06   9.3205617E+06   9.3397232E+06   0.0000000E+00   0.0000000E+00   0.0000000E+00   0.0000000E+00   0.0000000E+00
   5.5662716E-03   9.2517429E+06   9.2517429E+06   3.5755456E+04   1.8909806E+02   1.4107680E+06   9.2320109E+06   9.2517429E+06   0.0000000E+00   0.0000000E+00   0.0000000E+00   0.0000000E+00   0.0000000E+00
   5.9815590E-03   9.1574107E+06   9.1574107E+06   3.4022506E+04   1.6946943E+02   1.3250008E+06   9.1371406E+06   9.1574107E+06   0.0000000E+00   0.0000000E+00   0.0000000E+00   0.0000000E+00   0.0000000E+00
   6.4278302E-03   9.0564182E+06   9.0564182E+06   2.5743727E+04   1.5145569E+02   1.2439268E+06   9.0356374E+06   9.0564182E+06   0.0000000E+00   0.0000000E+00   0.0000000E+00   0.0000000E+00   0.0000000E+00
   6.9073966E-03   8.9484488E+06   8.9484488E+06   2.4291183E+04   1.3497133E+02   1.1612394E+06   8.9271970E+06   8.9484488E+06   0.0000000E+00   0.0000000E+00   0.0000000E+00   0.0000000E+00   0.0000000E+00
   7.4227425E-03   8.8331877E+06   8.8331877E+06   1.9365576E+04   1.1983371E+02   1.0849611E+06   8.8115229E+06   8.8331877E+06   0.0000000E+00   0.0000000E+00   0.0000000E+00   0.0000000E+00   0.0000000E+00
   7.9765372E-03   8.7103226E+06   8.7103226E+06   1.6721993E+04   1.0635389E+02   1.0057282E+06   8.6883027E+06   8.7103226E+06   0.0000000E+00   0.0000000E+00   0.0000000E+00   0.0000000E+00   0.0000000E+00
   8.5716493E-03   8.5795333E+06   8.5795333E+06   1.4991694E+04   9.4030731E+01   9.3394160E+05   8.5572080E+06   8.5795333E+06   0.0000000E+00   0.0000000E+00   0.0000000E+00   0.0000000E+00   0.0000000E+00
   9.2111614E-03   8.4404916E+06   8.4404916E+06   1.1876141E+04   8.2900690E+01   8.6268069E+05   8.4179191E+06   8.4404916E+06   0.0000000E+00   0.0000000E+00   0.0000000E+00   0.0000000E+00   0.0000000E+00
   9.8983862E-03   8.2928702E+06   8.2928702E+06   9.8572958E+03   7.2918204E+01   7.9270495E+05   8.2701169E+06   8.2928702E+06   0.0000000E+00   0.0000000E+00   0.0000000E+00   0.0000000E+00   0.0000000E+00
   1.0636883E-02   8.1363432E+06   8.1363432E+06   8.8276961E+03   6.3939826E+01   7.2654283E+05   8.1134744E+06   8.1363432E+06   0.0000000E+00   0.0000000E+00   0.0000000E+00   0.0000000E+00   0.0000000E+00
   1.1430478E-02   7.9705858E+06   7.9705858E+06   7.6292736E+03   5.5885506E+01   6.6424121E+05   7.9476681E+06   7.9705858E+06   0.0000000E+00   0.0000000E+00   0.0000000E+00   0.0000000E+00   0.0000000E+00
   1.2283281E-02   7.7952867E+06   7.7952867E+06   6.5288217E+03   4.8674938E+01   6.0525931E+05   7.7723931E+06   7.7952867E+06   0.0000000E+00   0.0000000E+00   0.0000000E+00   0.0000000E+00   0.0000000E+00
   1.3199710E-02   7.6101538E+06   7.6101538E+06   5.4525980E+03   4.2279645E+01   5.4931543E+05   7.5873566E+06   7.6101538E+06   0.0000000E+00   0.0000000E+00   0.0000000E+00   0.0000000E+00   0.0000000E+00
   1.4184512E-02   7.4149267E+06   7.4149267E+06   4.5001892E+03   3.6580817E+01   4.9633935E+05   7.3922980E+06   7.4149267E+06   0.0000000E+00   0.0000000E+00   0.0000000E+00   0.0000000E+00   0.0000000E+00
   1.5242787E-02   7.2093973E+06   7.2093973E+06   3.6563839E+03   3.1547617E+01   4.4736900E+05   7.1870139E+06   7.2093973E+06   0.0000000E+00   0.0000000E+00   0.0000000E+00   0.0000000E+00   0.0000000E+00
   1.6380019E-02   6.9934337E+06   6.9934337E+06   3.0947120E+03   2.7097266E+01   4.0181932E+05   6.9713696E+06   6.9934337E+06   0.0000000E+00   0.0000000E+00   0.0000000E+00   0.0000000E+00   0.0000000E+00
   1.7602096E-02   6.7670129E+06   6.7670129E+06   2.6599723E+03   2.3192622E+01   3.5864654E+05   6.7453432E+06   6.7670129E+06   0.0000000E+00   0.0000000E+00   0.0000000E+00   0.0000000E+00   0.0000000E+00
   1.8915350E-02   6.5302614E+06   6.5302614E+06   2.1783286E+03   1.9767056E+01   3.1928202E+05   6.5090596E+06   6.5302614E+06   0.0000000E+00   0.0000000E+00   0.0000000E+00   0.0000000E+00   0.0000000E+00
   2.0326583E-02   6.2835072E+06   6.2835072E+06   1.8020149E+03   1.6781262E+01   2.8268959E+05   6.2628450E+06   6.2835072E+06   0.0000000E+00   0.0000000E+00   0.0000000E+00   0.0000000E+00   0.0000000E+00
   2.1843101E-02   6.0273390E+06   6.0273390E+06   1.5280405E+03   1.4183123E+01   2.4933278E+05   6.0072852E+06   6.0273390E+06   0.0000000E+00   0.0000000E+00   0.0000000E+00   0.0000000E+00   0.0000000E+00
   2.3472744E-02   5.7626756E+06   5.7626756E+06   1.2833799E+03   1.1933231E+01   2.1911056E+05   5.7432938E+06   5.7626756E+06   0.0000000E+00   0.0000000E+00   0.0000000E+00   0.0000000E+00   0.0000000E+00
   2.5223879E-02   5.4908429E+06   5.4908429E+06   1.0600541E+03   9.9958228E+00   1.9161267E+05   5.4721906E+06   5.4908429E+06   0.0000000E+00   0.0000000E+00   0.0000000E+00   0.0000000E+00   0.0000000E+00
   2.7105289E-02   5.2136610E+06   5.2136610E+06   8.7241348E+02   8.3355719E+00   1.6671833E+05   5.1957882E+06   5.2136610E+06   0.0000000E+00   0.0000000E+00   0.0000000E+00   0.0000000E+00   0.0000000E+00
   2.9125759E-02   4.9335492E+06   4.9335492E+06   6.8406088E+02   6.9203541E+00   1.4447503E+05   4.9164949E+06   4.9335492E+06   0.0000000E+00   0.0000000E+00   0.0000000E+00   0.0000000E+00   0.0000000E+00
   3.1292967E-02   4.6536551E+06   4.6536551E+06   5.6373469E+02   5.7223217E+00   1.2509248E+05   4.6374456E+06   4.6536551E+06   0.0000000E+00   0.0000000E+00   0.0000000E+00   0.0000000E+00   0.0000000E+00
   3.3611134E-02   4.3779938E+06   4.3779938E+06   4.5318254E+02   4.7179297E+00   1.0760724E+05   4.3626387E+06   4.3779938E+06   0.0000000E+00   0.0000000E+00   0.0000000E+00   0.0000000E+00   0.0000000E+00
   3.6077049E-02   4.1115015E+06   4.1115015E+06   3.8451025E+02   3.8836729E+00   9.2669461E+04   4.0969907E+06   4.1115015E+06   0.0000000E+00   0.0000000E+00   0.0000000E+00   0.0000000E+00   0.0000000E+00
   3.8675283E-02   3.8597804E+06   3.8597804E+06   3.1573940E+02   3.2004160E+00   7.9931780E+04   3.8460817E+06   3.8597804E+06   0.0000000E+00   0.0000000E+00   0.0000000E+00   0.0000000E+00   0.0000000E+00
   4.1375671E-02   3.6282783E+06   3.6282783E+06   2.5910058E+02   2.6486933E+00   6.9191300E+04   3.6153375E+06   3.6282783E+06   0.0000000E+00   0.0000000E+00   0.0000000E+00   0.0000000E+00   0.0000000E+00
   4.4137263E-02   3.4209743E+06   3.4209743E+06   2.1293376E+02   2.2090853E+00   6.0289363E+04   3.4087202E+06   3.4209743E+06   0.0000000E+00   0.0000000E+00   0.0000000E+00   0.0000000E+00   0.0000000E+00
   4.6919009E-02   3.2392592E+06   3.2392592E+06   1.7505900E+02   1.8612961E+00   5.3021168E+04   3.2276124E+06   3.2392592E+06   0.0000000E+00   0.0000000E+00   0.0000000E+00   0.0000000E+00   0.0000000E+00
   4.9690660E-02   3.0817986E+06   3.0817986E+06   1.4587830E+02   1.5859595E+00   4.7117756E+04   3.0706822E+06   3.0817986E+06   0.0000000E+00   0.0000000E+00   0.0000000E+00   0.0000000E+00   0.0000000E+00
   5.2437071E-02   2.9453648E+06   2.9453648E+06   1.2447303E+02   1.3663187E+00   4.2287128E+04   2.9347109E+06   2.9453648E+06   0.0000000E+00   0.0000000E+00   0.0000000E+00   0.0000000E+00   0.0000000E+00
   5.5155849E-02   2.8259305E+06   2.8259305E+06   1.0860979E+02   1.1886934E+00   3.8273936E+04   2.8156837E+06   2.8259305E+06   0.0000000E+00   0.0000000E+00   0.0000000E+00   0.0000000E+00   0.0000000E+00
   5.7852536E-02   2.7194668E+06   2.7194668E+06   9.6166890E+01   1.0426716E+00   3.4874410E+04   2.7095850E+06   2.7194668E+06   0.0000000E+00   0.0000000E+00   0.0000000E+00   0.0000000E+00   0.0000000E+00
   6.0536499E-02   2.6223518E+06   2.6223518E+06   8.5662980E+01   9.2056065E-01   3.1945992E+04   2.6128048E+06   2.6223518E+06   0.0000000E+00   0.0000000E+00   0.0000000E+00   0.0000000E+00   0.0000000E+00
   6.3218368E-02   2.5315179E+06   2.5315179E+06   7.6418521E+01   8.1671770E-01   2.9384832E+04   2.5222861E+06   2.5315179E+06   0.0000000E+00   0.0000000E+00   0.0000000E+00   0.0000000E+00   0.0000000E+00
   6.5908714E-02   2.4444789E+06   2.4444789E+06   6.8216238E+01   7.2713247E-01   2.7106400E+04   2.4355509E+06   2.4444789E+06   0.0000000E+00   0.0000000E+00   0.0000000E+00   0.0000000E+00   0.0000000E+00
   6.8617485E-02   2.3593136E+06   2.3593136E+06   6.0937544E+01   6.4883650E-01   2.5047658E+04   2.3506847E+06   2.3593136E+06   0.0000000E+00   0.0000000E+00   0.0000000E+00   0.0000000E+00   0.0000000E+00
   7.1353835E-02   2.2746420E+06   2.2746420E+06   5.4329254E+01   5.7968915E-01   2.3160091E+04   2.2663123E+06   2.2746420E+06   0.0000000E+00   0.0000000E+00   0.0000000E+00   0.0000000E+00   0.0000000E+00
   7.4126137E-02   2.1896026E+06   2.1896026E+06   4.7975290E+01   5.1812981E-01   2.1415124E+04   2.1815751E+06   2.1896026E+06   0.0000000E+00   0.0000000E+00   0.0000000E+00   0.0000000E+00   0.0000000E+00
   7.6942071E-02   2.1038286E+06   2.1038286E+06   4.1614655E+01   4.6300725E-01   1.9804958E+04   2.0961073E+06   2.1038286E+06   0.0000000E+00   0.0000000E+00   0.0000000E+00   0.0000000E+00   0.0000000E+00
   7.9808735E-02   2.0174161E+06   2.0174161E+06   3.6141649E+01   4.1351729E-01   1.8330836E+04   2.0100046E+06   2.0174161E+06   0.0000000E+00   0.0000000E+00   0.0000000E+00   0.0000000E+00   0.0000000E+00
   8.2732751E-02   1.9308785E+06   1.9308785E+06   3.3256892E+01   3.6906170E-01   1.6959459E+04   1.9237784E+06   1.9308785E+06   0.0000000E+00   0.0000000E+00   0.0000000E+00   0.0000000E+00   0.0000000E+00
   8.5720364E-02   1.8450800E+06   1.8450800E+06   3.0364349E+01   3.2917829E-01   1.5637197E+04   1.8382896E+06   1.8450800E+06   0.0000000E+00   0.0000000E+00   0.0000000E+00   0.0000000E+00   0.0000000E+00
   8.8777525E-02   1.7611441E+06   1.7611441E+06   2.5685614E+01   2.9350418E-01   1.4455127E+04   1.7546574E+06   1.7611441E+06   0.0000000E+00   0.0000000E+00   0.0000000E+00   0.0000000E+00   0.0000000E+00
   9.1909961E-02   1.6803356E+06   1.6803356E+06   2.3850373E+01   2.6175427E-01   1.3356352E+04   1.6741420E+06   1.6803356E+06   0.0000000E+00   0.0000000E+00   0.0000000E+00   0.0000000E+00   0.0000000E+00
   9.5123231E-02   1.6039214E+06   1.6039214E+06   2.0909310E+01   2.3363464E-01   1.2371024E+04   1.5980053E+06   1.6039214E+06   0.0000000E+00   0.0000000E+00   0.0000000E+00   0.0000000E+00   0.0000000E+00
   9.8422776E-02   1.5330152E+06   1.5330152E+06   1.8674616E+01   2.0888049E-01   1.1481443E+04   1.5273570E+06   1.5330152E+06   0.0000000E+00   0.0000000E+00   0.0000000E+00   0.0000000E+00   0.0000000E+00
   1.0181396E-01   1.4684226E+06   1.4684226E+06   1.6345768E+01   1.8718091E-01   1.0684859E+04   1.4629994E+06   1.4684226E+06   0.0000000E+00   0.0000000E+00   0.0000000E+00   0.0000000E+00   0.0000000E+00
   1.0530208E-01   1.4105022E+06   1.4105022E+06   1.4601475E+01   1.6822590E-01   9.9770646E+03   1.4052899E+06   1.4105022E+06   0.0000000E+00   0.0000000E+00   0.0000000E+00   0.0000000E+00   0.0000000E+00
   1.0889245E-01   1.3590669E+06   1.3590669E+06   1.3143675E+01   1.5165927E-01   9.3594173E+03   1.3540419E+06   1.3590669E+06   0.0000000E+00   0.0000000E+00   0.0000000E+00   0.0000000E+00   0.0000000E+00
   1.1259033E-01   1.3133462E+06   1.3133462E+06   1.1954783E+01   1.3713066E-01   8.8189029E+03   1.3084878E+06   1.3133462E+06   0.0000000E+00   0.0000000E+00   0.0000000E+00   0.0000000E+00   0.0000000E+00
   1.1640104E-01   1.2720302E+06   1.2720302E+06   1.1246455E+01   1.2428266E-01   8.3301157E+03   1.2673224E+06   1.2720302E+06   0.0000000E+00   0.0000000E+00   0.0000000E+00   0.0000000E+00   0.0000000E+00
   1.2032989E-01   1.2334040E+06   1.2334040E+06   1.0007123E+01   1.1277925E-01   7.8721561E+03   1.2288370E+06   1.2334040E+06   0.0000000E+00   0.0000000E+00   0.0000000E+00   0.0000000E+00   0.0000000E+00
   1.2438226E-01   1.1955718E+06   1.1955718E+06   9.1777419E+00   1.0232803E-01   7.4647938E+03   1.1911431E+06   1.1955718E+06   0.0000000E+00   0.0000000E+00   0.0000000E+00   0.0000000E+00   0.0000000E+00
   1.2856355E-01   1.1567476E+06   1.1567476E+06   8.0970412E+00   9.2699612E-02   7.0563787E+03   1.1524609E+06   1.1567476E+06   0.0000000E+00   0.0000000E+00   0.0000000E+00   0.0000000E+00   0.0000000E+00
   1.3287923E-01   1.1155698E+06   1.1155698E+06   7.3973001E+00   8.3732958E-02   6.6568931E+03   1.1114342E+06   1.1155698E+06   0.0000000E+00   0.0000000E+00   0.0000000E+00   0.0000000E+00   0.0000000E+00
   1.3733482E-01   1.0713824E+06   1.0713824E+06   6.7007961E+00   7.5342923E-02   6.2626906E+03   1.0674091E+06   1.0713824E+06   0.0000000E+00   0.0000000E+00   0.0000000E+00   0.0000000E+00   0.0000000E+00
   1.4193592E-01   1.0244110E+06   1.0244110E+06   6.0934802E+00   6.7514806E-02   5.8670852E+03   1.0206106E+06   1.0244110E+06   0.0000000E+00   0.0000000E+00   0.0000000E+00   0.0000000E+00   0.0000000E+00
   1.4668818E-01   9.7577312E+05   9.7577312E+05   5.3612795E+00   6.0282026E-02   5.4743071E+03   9.7215202E+05   9.7577312E+05   0.0000000E+00   0.0000000E+00   0.0000000E+00   0.0000000E+00   0.0000000E+00
   1.5159734E-01   9.2728354E+05   9.2728354E+05   4.7245582E+00   5.3701549E-02   5.1118033E+03   9.2384134E+05   9.2728354E+05   0.0000000E+00   0.0000000E+00   0.0000000E+00   0.0000000E+00   0.0000000E+00
   1.5666921E-01   8.8106288E+05   8.8106288E+05   4.1627572E+00   4.7827265E-02   4.7647345E+03   8.7779132E+05   8.8106288E+05   0.0000000E+00   0.0000000E+00   0.0000000E+00   0.0000000E+00   0.0000000E+00
   1.6190968E-01   8.3901575E+05   8.3901575E+05   3.7604057E+00   4.2678178E-02   4.4581241E+03   8.3589948E+05   8.3901575E+05   0.0000000E+00   0.0000000E+00   0.0000000E+00   0.0000000E+00   0.0000000E+00
   1.6732477E-01   8.0230165E+05   8.0230165E+05   3.3418190E+00   3.8227695E-02   4.1933980E+03   7.9932099E+05   8.0230165E+05   0.0000000E+00   0.0000000E+00   0.0000000E+00   0.0000000E+00   0.0000000E+00
   1.7292057E-01   7.7095697E+05   7.7095697E+05   3.0431711E+00   3.4396399E-02   3.9669027E+03   7.6809206E+05   7.7095697E+05   0.0000000E+00   0.0000000E+00   0.0000000E+00   0.0000000E+00   0.0000000E+00
   1.7870331E-01   7.4381630E+05   7.4381630E+05   2.7001566E+00   3.1065376E-02   3.7688196E+03   7.4105162E+05   7.4381630E+05   0.0000000E+00   0.0000000E+00   0.0000000E+00   0.0000000E+00   0.0000000E+00
   1.8467936E-01   7.1881354E+05   7.1881354E+05   2.4930401E+00   2.8101861E-02   3.5870927E+03   7.1614122E+05   7.1881354E+05   0.0000000E+00   0.0000000E+00   0.0000000E+00   0.0000000E+00   0.0000000E+00
   1.9085524E-01   6.9362195E+05   6.9362195E+05   2.2655619E+00   2.5387753E-02   3.4134754E+03   6.9104277E+05   6.9362195E+05   0.0000000E+00   0.0000000E+00   0.0000000E+00   0.0000000E+00   0.0000000E+00
   1.9723764E-01   6.6645138E+05   6.6645138E+05   2.0135034E+00   2.2845025E-02   3.2354742E+03   6.6397276E+05   6.6645138E+05   0.0000000E+00   0.0000000E+00   0.0000000E+00   0.0000000E+00   0.0000000E+00
   2.0383348E-01   6.3671472E+05   6.3671472E+05   1.7919415E+00   2.0447646E-02   3.0536962E+03   6.3434627E+05   6.3671472E+05   0.0000000E+00   0.0000000E+00   0.0000000E+00   0.0000000E+00   0.0000000E+00
   2.1064990E-01   6.0526871E+05   6.0526871E+05   1.6010055E+00   1.8215198E-02   2.8665935E+03   6.0301685E+05   6.0526871E+05   0.0000000E+00   0.0000000E+00   0.0000000E+00   0.0000000E+00   0.0000000E+00
   2.1769434E-01   5.7406310E+05   5.7406310E+05   1.4134094E+00   1.6189897E-02   2.6875261E+03   5.7192700E+05   5.7406310E+05   0.0000000E+00   0.0000000E+00   0.0000000E+00   0.0000000E+00   0.0000000E+00
   2.2497456E-01   5.4527893E+05   5.4527893E+05   1.2675210E+00   1.4407931E-02   2.5246032E+03   5.4324963E+05   5.4527893E+05   0.0000000E+00   0.0000000E+00   0.0000000E+00   0.0000000E+00   0.0000000E+00
   2.3249869E-01   5.2030634E+05   5.2030634E+05   1.1366087E+00   1.2875645E-02   2.3822117E+03   5.1836971E+05   5.2030634E+05   0.0000000E+00   0.0000000E+00   0.0000000E+00   0.0000000E+00   0.0000000E+00
   2.4027532E-01   4.9906141E+05   4.9906141E+05   1.0248282E+00   1.1561878E-02   2.2627100E+03   4.9720361E+05   4.9906141E+05   0.0000000E+00   0.0000000E+00   0.0000000E+00   0.0000000E+00   0.0000000E+00
   2.4831352E-01   4.8004390E+05   4.8004390E+05   9.1671274E-01   1.0410125E-02   2.1552523E+03   4.7825667E+05   4.8004390E+05   0.0000000E+00   0.0000000E+00   0.0000000E+00   0.0000000E+00   0.0000000E+00
   2.5662298E-01   4.6117727E+05   4.6117727E+05   8.2005148E-01   9.3626020E-03   2.0520738E+03   4.5946008E+05   4.6117727E+05   0.0000000E+00   0.0000000E+00   0.0000000E+00   0.0000000E+00   0.0000000E+00
   2.6521405E-01   4.4100491E+05   4.4100491E+05   7.3643550E-01   8.3841914E-03   1.9446151E+03   4.3936265E+05   4.4100491E+05   0.0000000E+00   0.0000000E+00   0.0000000E+00   0.0000000E+00   0.0000000E+00
   2.7409788E-01   4.1952571E+05   4.1952571E+05   6.5729944E-01   7.4708742E-03   1.8346554E+03   4.1796327E+05   4.1952571E+05   0.0000000E+00   0.0000000E+00   0.0000000E+00   0.0000000E+00   0.0000000E+00
   2.8328651E-01   3.9809467E+05   3.9809467E+05   5.8108044E-01   6.6406457E-03   1.7277493E+03   3.9661190E+05   3.9809467E+05   0.0000000E+00   0.0000000E+00   0.0000000E+00   0.0000000E+00   0.0000000E+00
   2.9279305E-01   3.7839931E+05   3.7839931E+05   5.1727804E-01   5.9109255E-03   1.6300742E+03   3.7698977E+05   3.7839931E+05   0.0000000E+00   0.0000000E+00   0.0000000E+00   0.0000000E+00   0.0000000E+00
   3.0263178E-01   3.6120943E+05   3.6120943E+05   4.6171531E-01   5.2815633E-03   1.5450085E+03   3.5986380E+05   3.6120943E+05   0.0000000E+00   0.0000000E+00   0.0000000E+00   0.0000000E+00   0.0000000E+00
   3.1281842E-01   3.4585111E+05   3.4585111E+05   4.1741585E-01   4.7322498E-03   1.4692768E+03   3.4456259E+05   3.4585111E+05   0.0000000E+00   0.0000000E+00   0.0000000E+00   0.0000000E+00   0.0000000E+00
   3.2337026E-01   3.3085494E+05   3.3085494E+05   3.7242030E-01   4.2362084E-03   1.3966840E+03   3.2962220E+05   3.3085494E+05   0.0000000E+00   0.0000000E+00   0.0000000E+00   0.0000000E+00   0.0000000E+00
   3.3430648E-01   3.1525134E+05   3.1525134E+05   3.3033946E-01   3.7773884E-03   1.3228452E+03   3.1407665E+05   3.1525134E+05   0.0000000E+00   0.0000000E+00   0.0000000E+00   0.0000000E+00   0.0000000E+00
   3.4564843E-01   2.9935216E+05   2.9935216E+05   2.9440252E-01   3.3565751E-03   1.2488246E+03   2.9823664E+05   2.9935216E+05   0.0000000E+00   0.0000000E+00   0.0000000E+00   0.0000000E+00   0.0000000E+00
   3.5741999E-01   2.8427241E+05   2.8427241E+05   2.6082280E-01   2.9817520E-03   1.1794909E+03   2.8321300E+05   2.8427241E+05   0.0000000E+00   0.0000000E+00   0.0000000E+00   0.0000000E+00   0.0000000E+00
   3.6964804E-01   2.7068333E+05   2.7068333E+05   2.3245657E-01   2.6546078E-03   1.1174791E+03   2.6967451E+05   2.7068333E+05   0.0000000E+00   0.0000000E+00   0.0000000E+00   0.0000000E+00   0.0000000E+00
   3.8236291E-01   2.5813977E+05   2.5813977E+05   2.0770224E-01   2.3657479E-03   1.0605479E+03   2.5717765E+05   2.5813977E+05   0.0000000E+00   0.0000000E+00   0.0000000E+00   0.0000000E+00   0.0000000E+00
   3.9559911E-01   2.4572384E+05   2.4572384E+05   1.8443495E-01   2.1040251E-03   1.0048078E+03   2.4480794E+05   2.4572384E+05   0.0000000E+00   0.0000000E+00   0.0000000E+00   0.0000000E+00   0.0000000E+00
   4.0939606E-01   2.3318279E+05   2.3318279E+05   1.6327312E-01   1.8646462E-03   9.4936090E+02   2.3231359E+05   2.3318279E+05   0.0000000E+00   0.0000000E+00   0.0000000E+00   0.0000000E+00   0.0000000E+00
   4.2379908E-01   2.2109332E+05   2.2109332E+05   1.4457327E-01   1.6502009E-03   8.9632087E+02   2.2026914E+05   2.2109332E+05   0.0000000E+00   0.0000000E+00   0.0000000E+00   0.0000000E+00   0.0000000E+00
   4.3886060E-01   2.0989410E+05   2.0989410E+05   1.2803403E-01   1.4609348E-03   8.4756634E+02   2.0911163E+05   2.0989410E+05   0.0000000E+00   0.0000000E+00   0.0000000E+00   0.0000000E+00   0.0000000E+00
   4.5464168E-01   1.9925672E+05   1.9925672E+05   1.1322250E-01   1.2922845E-03   8.0158428E+02   1.9851388E+05   1.9925672E+05   0.0000000E+00   0.0000000E+00   0.0000000E+00   0.0000000E+00   0.0000000E+00
   4.7121394E-01   1.8871943E+05   1.8871943E+05   9.9806399E-02   1.1394874E-03   7.5647044E+02   1.8801584E+05   1.8871943E+05   0.0000000E+00   0.0000000E+00   0.0000000E+00   0.0000000E+00   0.0000000E+00
   4.8866198E-01   1.7842172E+05   1.7842172E+05   8.7750634E-02   1.0018858E-03   7.1272585E+02   1.7775650E+05   1.7842172E+05   0.0000000E+00   0.0000000E+00   0.0000000E+00   0.0000000E+00   0.0000000E+00
   5.0708655E-01   1.6866251E+05   1.6866251E+05   7.7089645E-02   8.7956164E-04   6.7157324E+02   1.6803366E+05   1.6866251E+05   0.0000000E+00   0.0000000E+00   0.0000000E+00   0.0000000E+00   0.0000000E+00
   5.2660854E-01   1.5926563E+05   1.5926563E+05   6.7453524E-02   7.7013079E-04   6.3219298E+02   1.5867178E+05   1.5926563E+05   0.0000000E+00   0.0000000E+00   0.0000000E+00   0.0000000E+00   0.0000000E+00
   5.4737421E-01   1.5002416E+05   1.5002416E+05   5.8802044E-02   6.7151489E-04   5.9374591E+02   1.4946475E+05   1.5002416E+05   0.0000000E+00   0.0000000E+00   0.0000000E+00   0.0000000E+00   0.0000000E+00
   5.6956187E-01   1.4108413E+05   1.4108413E+05   5.1090639E-02   5.8329879E-04   5.5682168E+02   1.4055804E+05   1.4108413E+05   0.0000000E+00   0.0000000E+00   0.0000000E+00   0.0000000E+00   0.0000000E+00
   5.9339042E-01   1.3243807E+05   1.3243807E+05   4.4177975E-02   5.0447331E-04   5.2127210E+02   1.3194421E+05   1.3243807E+05   0.0000000E+00   0.0000000E+00   0.0000000E+00   0.0000000E+00   0.0000000E+00
   6.1913022E-01   1.2395336E+05   1.2395336E+05   3.7982868E-02   4.3374121E-04   4.8661544E+02   1.2349112E+05   1.2395336E+05   0.0000000E+00   0.0000000E+00   0.0000000E+00   0.0000000E+00   0.0000000E+00
   6.4711609E-01   1.1568805E+05   1.1568805E+05   3.2445072E-02   3.7058750E-04   4.5302969E+02   1.1525662E+05   1.1568805E+05   0.0000000E+00   0.0000000E+00   0.0000000E+00   0.0000000E+00   0.0000000E+00
   6.7776221E-01   1.0759320E+05   1.0759320E+05   2.7506766E-02   3.1420295E-04   4.2032300E+02   1.0719195E+05   1.0759320E+05   0.0000000E+00   0.0000000E+00   0.0000000E+00   0.0000000E+00   0.0000000E+00
   7.1157633E-01   9.9651404E+04   9.9651404E+04   2.3113078E-02   2.6402456E-04   3.8839831E+02   9.9279763E+04   9.9651404E+04   0.0000000E+00   0.0000000E+00   0.0000000E+00   0.0000000E+00   0.0000000E+00
   7.4916785E-01   9.1861640E+04   9.1861640E+04   1.9220888E-02   2.1959117E-04   3.5723464E+02   9.1519042E+04   9.1861640E+04   0.0000000E+00   0.0000000E+00   0.0000000E+00   0.0000000E+00   0.0000000E+00
   7.9123874E-01   8.4226213E+04   8.4226213E+04   1.5798666E-02   1.8050253E-04   3.2685566E+02   8.3912084E+04   8.4226213E+04   0.0000000E+00   0.0000000E+00   0.0000000E+00   0.0000000E+00   0.0000000E+00
   8.3854085E-01   7.6772963E+04   7.6772963E+04   1.2821262E-02   1.4649877E-04   2.9732469E+02   7.6486624E+04   7.6772963E+04   0.0000000E+00   0.0000000E+00   0.0000000E+00   0.0000000E+00   0.0000000E+00
   8.9178605E-01   6.9558231E+04   6.9558231E+04   1.0270377E-02   1.1736180E-04   2.6886317E+02   6.9298795E+04   6.9558231E+04   0.0000000E+00   0.0000000E+00   0.0000000E+00   0.0000000E+00   0.0000000E+00
   9.5152117E-01   6.2661227E+04   6.2661227E+04   8.1266790E-03   9.2871648E-05   2.4177165E+02   6.2427511E+04   6.2661227E+04   0.0000000E+00   0.0000000E+00   0.0000000E+00   0.0000000E+00   0.0000000E+00
   1.0180301E+00   5.6171130E+04   5.6171130E+04   6.3667829E-03   7.2733929E-05   2.1637104E+02   5.5961617E+04   5.6171130E+04   0.0000000E+00   0.0000000E+00   0.0000000E+00   0.0000000E+00   0.0000000E+00
   1.0913471E+00   5.0164497E+04   5.0164497E+04   4.9459882E-03   5.6524671E-05   1.9294621E+02   4.9977385E+04   5.0164497E+04   0.0000000E+00   0.0000000E+00   0.0000000E+00   0.0000000E+00   0.0000000E+00
   1.1713955E+00   4.4685888E+04   4.4685888E+04   3.8238133E-03   4.3707069E-05   1.7164630E+02   4.4519209E+04   4.4685888E+04   0.0000000E+00   0.0000000E+00   0.0000000E+00   0.0000000E+00   0.0000000E+00
   1.2581562E+00   3.9740741E+04   3.9740741E+04   2.9476728E-03   3.3695811E-05   1.5247516E+02   3.9592505E+04   3.9740741E+04   0.0000000E+00   0.0000000E+00   0.0000000E+00   0.0000000E+00   0.0000000E+00
   1.3517656E+00   3.5305834E+04   3.5305834E+04   2.2685133E-03   2.5934760E-05   1.3531945E+02   3.5174139E+04   3.5305834E+04   0.0000000E+00   0.0000000E+00   0.0000000E+00   0.0000000E+00   0.0000000E+00
   1.4525247E+00   3.1343398E+04   3.1343398E+04   1.7441520E-03   1.9941524E-05   1.2002629E+02   3.1226483E+04   3.1343398E+04   0.0000000E+00   0.0000000E+00   0.0000000E+00   0.0000000E+00   0.0000000E+00
   1.5608650E+00   2.7809576E+04   2.7809576E+04   1.3400910E-03   1.5323206E-05   1.0641298E+02   2.7705841E+04   2.7809576E+04   0.0000000E+00   0.0000000E+00   0.0000000E+00   0.0000000E+00   0.0000000E+00
   1.6773097E+00   2.4661844E+04   2.4661844E+04   1.0290342E-03   1.1768220E-05   9.4305151E+01   2.4569851E+04   2.4661844E+04   0.0000000E+00   0.0000000E+00   0.0000000E+00   0.0000000E+00   0.0000000E+00
   1.8024482E+00   2.1859984E+04   2.1859984E+04   7.8949974E-04   9.0338067E-06   8.3541710E+01   2.1778441E+04   2.1859984E+04   0.0000000E+00   0.0000000E+00   0.0000000E+00   0.0000000E+00   0.0000000E+00
   1.9369246E+00   1.9367741E+04   1.9367741E+04   6.0612542E-04   6.9316283E-06   7.3979745E+01   1.9295495E+04   1.9367741E+04   0.0000000E+00   0.0000000E+00   0.0000000E+00   0.0000000E+00   0.0000000E+00
   2.0814343E+00   1.7152102E+04   1.7152102E+04   4.6493425E-04   5.3162981E-06   6.5488032E+01   1.7088120E+04   1.7152102E+04   0.0000000E+00   0.0000000E+00   0.0000000E+00   0.0000000E+00   0.0000000E+00
   2.2367255E+00   1.5183509E+04   1.5183509E+04   3.5632183E-04   4.0757395E-06   5.7950136E+01   1.5126870E+04   1.5183509E+04   0.0000000E+00   0.0000000E+00   0.0000000E+00   0.0000000E+00   0.0000000E+00
   2.4036028E+00   1.3435357E+04   1.3435357E+04   2.7302227E-04   3.1234619E-06   5.1260469E+01   1.3385239E+04   1.3435357E+04   0.0000000E+00   0.0000000E+00   0.0000000E+00   0.0000000E+00   0.0000000E+00
   2.5829304E+00   1.1883752E+04   1.1883752E+04   2.0911687E-04   2.3927334E-06   4.5327805E+01   1.1839422E+04   1.1883752E+04   0.0000000E+00   0.0000000E+00   0.0000000E+00   0.0000000E+00   0.0000000E+00
   2.7756372E+00   1.0507289E+04   1.0507289E+04   1.6010901E-04   1.8322880E-06   4.0067877E+01   1.0468093E+04   1.0507289E+04   0.0000000E+00   0.0000000E+00   0.0000000E+00   0.0000000E+00   0.0000000E+00
   2.9827214E+00   9.2867918E+03   9.2867918E+03   1.2253879E-04   1.4026283E-06   3.5405862E+01   9.2521491E+03   9.2867918E+03   0.0000000E+00   0.0000000E+00   0.0000000E+00   0.0000000E+00   0.0000000E+00
   3.2052558E+00   8.2050937E+03   8.2050937E+03   9.3759959E-05   1.0733557E-06   3.1275936E+01   8.1744860E+03   8.2050937E+03   0.0000000E+00   0.0000000E+00   0.0000000E+00   0.0000000E+00   0.0000000E+00
   3.4443930E+00   7.2468433E+03   7.2468433E+03   7.1677795E-05   8.2111745E-07   2.7618858E+01   7.2198101E+03   7.2468433E+03   0.0000000E+00   0.0000000E+00   0.0000000E+00   0.0000000E+00   0.0000000E+00
   3.7013717E+00   6.3983234E+03   6.3983234E+03   5.4828318E-05   6.2796371E-07   2.4381412E+01   6.3744555E+03   6.3983234E+03   0.0000000E+00   0.0000000E+00   0.0000000E+00   0.0000000E+00   0.0000000E+00
   3.9775230E+00   5.6472868E+03   5.6472868E+03   4.1904747E-05   4.8010253E-07   2.1516933E+01   5.6262205E+03   5.6472868E+03   0.0000000E+00   0.0000000E+00   0.0000000E+00   0.0000000E+00   0.0000000E+00
   4.2742773E+00   4.9828064E+03   4.9828064E+03   3.2019784E-05   3.6695562E-07   1.8983201E+01   4.9642188E+03   4.9828064E+03   0.0000000E+00   0.0000000E+00   0.0000000E+00   0.0000000E+00   0.0000000E+00
   4.5931719E+00   4.3951400E+03   4.3951400E+03   2.4456959E-05   2.8040224E-07   1.6742790E+01   4.3787445E+03   4.3951400E+03   0.0000000E+00   0.0000000E+00   0.0000000E+00   0.0000000E+00   0.0000000E+00
   4.9358585E+00   3.8756075E+03   3.8756075E+03   1.8675384E-05   2.1421183E-07   1.4762494E+01   3.8611501E+03   3.8756075E+03   0.0000000E+00   0.0000000E+00   0.0000000E+00   0.0000000E+00   0.0000000E+00
   5.3041121E+00   3.4164806E+03   3.4164806E+03   1.4253855E-05   1.6360873E-07   1.3012700E+01   3.4037359E+03   3.4164806E+03   0.0000000E+00   0.0000000E+00   0.0000000E+00   0.0000000E+00   0.0000000E+00
   5.6998404E+00   3.0108824E+03   3.0108824E+03   1.0880315E-05   1.2493380E-07   1.1467188E+01   2.9996507E+03   3.0108824E+03   0.0000000E+00   0.0000000E+00   0.0000000E+00   0.0000000E+00   0.0000000E+00
   6.1250931E+00   2.6526974E+03   2.6526974E+03   8.3012678E-06   9.5383607E-08   1.0102405E+01   2.6428019E+03   2.6526974E+03   0.0000000E+00   0.0000000E+00   0.0000000E+00   0.0000000E+00   0.0000000E+00
   6.5820730E+00   2.3364904E+03   2.3364904E+03   6.3315789E-06   7.2810461E-08   8.8977792E+00   2.3277745E+03   2.3364904E+03   0.0000000E+00   0.0000000E+00   0.0000000E+00   0.0000000E+00   0.0000000E+00
   7.0731472E+00   2.0574337E+03   2.0574337E+03   4.8275755E-06   5.5571519E-08   7.8347452E+00   2.0497587E+03   2.0574337E+03   0.0000000E+00   0.0000000E+00   0.0000000E+00   0.0000000E+00   0.0000000E+00
   7.6008594E+00   1.8112411E+03   1.8112411E+03   3.6807208E-06   4.2409265E-08   6.8969639E+00   1.8044845E+03   1.8112411E+03   0.0000000E+00   0.0000000E+00   0.0000000E+00   0.0000000E+00   0.0000000E+00
   8.1679430E+00   1.5941097E+03   1.5941097E+03   2.8053306E-06   3.2361709E-08   6.0699466E+00   1.5881631E+03   1.5941097E+03   0.0000000E+00   0.0000000E+00   0.0000000E+00   0.0000000E+00   0.0000000E+00
