#           k/h    CDM            baryon         photon         nu             mass_nu        total          no_nu          total_de       Weyl           v_CDM          v_b            v_b-v_c     
   1.0617564E-05   5.5530419E+06   5.5530419E+06   7.4031174E+06   1.1919954E+04   3.1408006E+05   5.5532030E+06   5.5530419E+06   0.0000000E+00   0.0000000E+00   0.0000000E+00   0.0000000E+00   0.0000000E+00
   1.1409717E-05   5.5530409E+06   5.5530409E+06   7.4029709E+06   1.1919809E+04   3.1407735E+05   5.5532020E+06   5.5530409E+06   0.0000000E+00   0.0000000E+00   0.0000000E+00   0.0000000E+00   0.0000000E+00
   1.2260971E-05   5.5530399E+06   5.5530399E+06   7.4028018E+06   1.1919640E+04   3.1407421E+05   5.5532009E+06   5.5530399E+06   0.0000000E+00   0.0000000E+00   0.0000000E+00   0.0000000E+00   0.0000000E+00
   1.3175736E-05   5.5530386E+06   5.5530386E+06   7.4026065E+06   1.1919446E+04   3.1407059E+05   5.5531995E+06   5.5530386E+06   0.0000000E+00   0.0000000E+00   0.0000000E+00   0.0000000E+00   0.0000000E+00
   1.4158749E-05   5.5530372E+06   5.5530372E+06   7.4023809E+06   1.1919222E+04   3.1406640E+05   5.5531980E+06   5.5530372E+06   0.0000000E+00   0.0000000E+00   0.0000000E+00   0.0000000E+00   0.0000000E+00
   1.5215102E-05   5.5530356E+06   5.5530356E+06   7.4021205E+06   1.1918963E+04   3.1406157E+05   5.5531962E+06   5.5530356E+06   0.0000000E+00   0.0000000E+00   0.0000000E+00   0.0000000E+00   0.0000000E+00
   1.6350268E-05   5.5530337E+06   5.5530337E+06   7.4018197E+06   1.1918664E+04   3.1405599E+05   5.5531942E+06   5.5530337E+06   0.0000000E+00   0.0000000E+00   0.0000000E+00   0.0000000E+00   0.0000000E+00
   1.7570126E-05   5.5530315E+06   5.5530315E+06   7.4014725E+06   1.1918318E+04   3.1404955E+05   5.5531918E+06   5.5530315E+06   0.0000000E+00   0.0000000E+00   0.0000000E+00   0.0000000E+00   0.0000000E+00
   1.8880995E-05   5.5530290E+06   5.5530290E+06   7.4010715E+06   1.1917919E+04   3.1404211E+05   5.5531891E+06   5.5530290E+06   0.0000000E+00   0.0000000E+00   0.0000000E+00   0.0000000E+00   0.0000000E+00
   2.0289665E-05   5.5530260E+06   5.5530260E+06   7.4006084E+06   1.1917459E+04   3.1403352E+05   5.5531859E+06   5.5530260E+06   0.0000000E+00   0.0000000E+00   0.0000000E+00   0.0000000E+00   0.0000000E+00
   2.1803433E-05   5.5530227E+06   5.5530227E+06   7.4000737E+06   1.1916927E+04   3.1402361E+05   5.5531822E+06   5.5530227E+06   0.0000000E+00   0.0000000E+00   0.0000000E+00   0.0000000E+00   0.0000000E+00
   2.3430140E-05   5.5530188E+06   5.5530188E+06   7.3994563E+06   1.1916313E+04   3.1401216E+05   5.5531780E+06   5.5530188E+06   0.0000000E+00   0.0000000E+00   0.0000000E+00   0.0000000E+00   0.0000000E+00
   2.5178211E-05   5.5530143E+06   5.5530143E+06   7.3987434E+06   1.1915603E+04   3.1399894E+05   5.5531731E+06   5.5530143E+06   0.0000000E+00   0.0000000E+00   0.0000000E+00   0.0000000E+00   0.0000000E+00
   2.7056703E-05   5.5530091E+06   5.5530091E+06   7.3979203E+06   1.1914785E+04   3.1398367E+05   5.5531675E+06   5.5530091E+06   0.0000000E+00   0.0000000E+00   0.0000000E+00   0.0000000E+00   0.0000000E+00
   2.9075345E-05   5.5530031E+06   5.5530031E+06   7.3969698E+06   1.1913839E+04   3.1396605E+05   5.5531610E+06   5.5530031E+06   0.0000000E+00   0.0000000E+00   0.0000000E+00   0.0000000E+00   0.0000000E+00
   3.1244593E-05   5.5529962E+06   5.5529962E+06   7.3958724E+06   1.1912747E+04   3.1394570E+05   5.5531535E+06   5.5529962E+06   0.0000000E+00   0.0000000E+00   0.0000000E+00   0.0000000E+00   0.0000000E+00
   3.3575684E-05   5.5529882E+06   5.5529882E+06   7.3946052E+06   1.1911487E+04   3.1392221E+05   5.5531448E+06   5.5529882E+06   0.0000000E+00   0.0000000E+00   0.0000000E+00   0.0000000E+00   0.0000000E+00
   3.6080693E-05   5.5529790E+06   5.5529790E+06   7.3931423E+06   1.1910031E+04   3.1389509E+05   5.5531348E+06   5.5529790E+06   0.0000000E+00   0.0000000E+00   0.0000000E+00   0.0000000E+00   0.0000000E+00
   3.8772596E-05   5.5529683E+06   5.5529683E+06   7.3914532E+06   1.1908350E+04   3.1386379E+05   5.5531233E+06   5.5529683E+06   0.0000000E+00   0.0000000E+00   0.0000000E+00   0.0000000E+00   0.0000000E+00
   4.1665335E-05   5.5529560E+06   5.5529560E+06   7.3895031E+06   1.1906410E+04   3.1382765E+05   5.5531099E+06   5.5529560E+06   0.0000000E+00   0.0000000E+00   0.0000000E+00   0.0000000E+00   0.0000000E+00
   4.4773895E-05   5.5529418E+06   5.5529418E+06   7.3872519E+06   1.1904170E+04   3.1378594E+05   5.5530945E+06   5.5529418E+06   0.0000000E+00   0.0000000E+00   0.0000000E+00   0.0000000E+00   0.0000000E+00
   4.8114378E-05   5.5529254E+06   5.5529254E+06   7.3846529E+06   1.1901583E+04   3.1373780E+05   5.5530767E+06   5.5529254E+06   0.0000000E+00   0.0000000E+00   0.0000000E+00   0.0000000E+00   0.0000000E+00
   5.1704087E-05   5.5529065E+06   5.5529065E+06   7.3816528E+06   1.1898597E+04   3.1368225E+05   5.5530562E+06   5.5529065E+06   0.0000000E+00   0.0000000E+00   0.0000000E+00   0.0000000E+00   0.0000000E+00
   5.5561617E-05   5.5528846E+06   5.5528846E+06   7.3781898E+06   1.1895150E+04   3.1361813E+05   5.5530325E+06   5.5528846E+06   0.0000000E+00   0.0000000E+00   0.0000000E+00   0.0000000E+00   0.0000000E+00
   5.9706948E-05   5.5528594E+06   5.5528594E+06   7.3741927E+06   1.1891171E+04   3.1354416E+05   5.5530051E+06   5.5528594E+06   0.0000000E+00   0.0000000E+00   0.0000000E+00   0.0000000E+00   0.0000000E+00
   6.4161554E-05   5.5528302E+06   5.5528302E+06   7.3695794E+06   1.1886578E+04   3.1345882E+05   5.5529735E+06   5.5528302E+06   0.0000000E+00   0.0000000E+00   0.0000000E+00   0.0000000E+00   0.0000000E+00
   6.8948508E-05   5.5527965E+06   5.5527965E+06   7.3642556E+06   1.1881276E+04   3.1336037E+05   5.5529369E+06   5.5527965E+06   0.0000000E+00   0.0000000E+00   0.0000000E+00   0.0000000E+00   0.0000000E+00
   7.4092607E-05   5.5527577E+06   5.5527577E+06   7.3581123E+06   1.1875157E+04   3.1324683E+05   5.5528948E+06   5.5527577E+06   0.0000000E+00   0.0000000E+00   0.0000000E+00   0.0000000E+00   0.0000000E+00
   7.9620495E-05   5.5527128E+06   5.5527128E+06   7.3510241E+06   1.1868096E+04   3.1311591E+05   5.5528461E+06   5.5527128E+06   0.0000000E+00   0.0000000E+00   0.0000000E+00   0.0000000E+00   0.0000000E+00
   8.5560807E-05   5.5526610E+06   5.5526610E+06   7.3428470E+06   1.1859947E+04   3.1296498E+05   5.5527899E+06   5.5526610E+06   0.0000000E+00   0.0000000E+00   0.0000000E+00   0.0000000E+00   0.0000000E+00
   9.1944313E-05   5.5526012E+06   5.5526012E+06   7.3334149E+06   1.1850545E+04   3.1279102E+05   5.5527250E+06   5.5526012E+06   0.0000000E+00   0.0000000E+00   0.0000000E+00   0.0000000E+00   0.0000000E+00
   9.8804079E-05   5.5525321E+06   5.5525321E+06   7.3225373E+06   1.1839699E+04   3.1259059E+05   5.5526501E+06   5.5525321E+06   0.0000000E+00   0.0000000E+00   0.0000000E+00   0.0000000E+00   0.0000000E+00
   1.0617564E-04   5.5524524E+06   5.5524524E+06   7.3099952E+06   1.1827188E+04   3.1235973E+05   5.5525637E+06   5.5524524E+06   0.0000000E+00   0.0000000E+00   0.0000000E+00   0.0000000E+00   0.0000000E+00
   1.1409717E-04   5.5523604E+06   5.5523604E+06   7.2955373E+06   1.1812759E+04   3.1209393E+05   5.5524639E+06   5.5523604E+06   0.0000000E+00   0.0000000E+00   0.0000000E+00   0.0000000E+00   0.0000000E+00
   1.2260971E-04   5.5522541E+06   5.5522541E+06   7.2788755E+06   1.1796122E+04   3.1178806E+05   5.5523487E+06   5.5522541E+06   0.0000000E+00   0.0000000E+00   0.0000000E+00   0.0000000E+00   0.0000000E+00
   1.3175736E-04   5.5521315E+06   5.5521315E+06   7.2596798E+06   1.1776943E+04   3.1143625E+05   5.5522157E+06   5.5521315E+06   0.0000000E+00   0.0000000E+00   0.0000000E+00   0.0000000E+00   0.0000000E+00
   1.4158749E-04   5.5519901E+06   5.5519901E+06   7.2375731E+06   1.1754840E+04   3.1103186E+05   5.5520623E+06   5.5519901E+06   0.0000000E+00   0.0000000E+00   0.0000000E+00   0.0000000E+00   0.0000000E+00
   1.5215102E-04   5.5518268E+06   5.5518268E+06   7.2121246E+06   1.1729375E+04   3.1056737E+05   5.5518852E+06   5.5518268E+06   0.0000000E+00   0.0000000E+00   0.0000000E+00   0.0000000E+00   0.0000000E+00
   1.6350268E-04   5.5516384E+06   5.5516384E+06   7.1828434E+06   1.1700048E+04   3.1003428E+05   5.5516809E+06   5.5516384E+06   0.0000000E+00   0.0000000E+00   0.0000000E+00   0.0000000E+00   0.0000000E+00
   1.7570126E-04   5.5514210E+06   5.5514210E+06   7.1491712E+06   1.1666285E+04   3.0942305E+05   5.5514452E+06   5.5514210E+06   0.0000000E+00   0.0000000E+00   0.0000000E+00   0.0000000E+00   0.0000000E+00
   1.8880995E-04   5.5511703E+06   5.5511703E+06   7.1104747E+06   1.1627436E+04   3.0872302E+05   5.5511733E+06   5.5511703E+06   0.0000000E+00   0.0000000E+00   0.0000000E+00   0.0000000E+00   0.0000000E+00
   2.0289665E-04   5.5508810E+06   5.5508810E+06   7.0660376E+06   1.1582758E+04   3.0792232E+05   5.5508597E+06   5.5508810E+06   0.0000000E+00   0.0000000E+00   0.0000000E+00   0.0000000E+00   0.0000000E+00
   2.1803433E-04   5.5505475E+06   5.5505475E+06   7.0150528E+06   1.1531410E+04   3.0700784E+05   5.5504982E+06   5.5505475E+06   0.0000000E+00   0.0000000E+00   0.0000000E+00   0.0000000E+00   0.0000000E+00
   2.3430140E-04   5.5501630E+06   5.5501630E+06   6.9566142E+06   1.1472441E+04   3.0596524E+05   5.5500813E+06   5.5501630E+06   0.0000000E+00   0.0000000E+00   0.0000000E+00   0.0000000E+00   0.0000000E+00
   2.5178211E-04   5.5497198E+06   5.5497198E+06   6.8897100E+06   1.1404776E+04   3.0477895E+05   5.5496009E+06   5.5497198E+06   0.0000000E+00   0.0000000E+00   0.0000000E+00   0.0000000E+00   0.0000000E+00
   2.7056703E-04   5.5492090E+06   5.5492090E+06   6.8132171E+06   1.1327209E+04   3.0343233E+05   5.5490473E+06   5.5492090E+06   0.0000000E+00   0.0000000E+00   0.0000000E+00   0.0000000E+00   0.0000000E+00
   2.9075345E-04   5.5486207E+06   5.5486207E+06   6.7258975E+06   1.1238394E+04   3.0190788E+05   5.5484097E+06   5.5486207E+06   0.0000000E+00   0.0000000E+00   0.0000000E+00   0.0000000E+00   0.0000000E+00
   3.1244593E-04   5.5479432E+06   5.5479432E+06   6.6263987E+06   1.1136833E+04   3.0018758E+05   5.5476756E+06   5.5479432E+06   0.0000000E+00   0.0000000E+00   0.0000000E+00   0.0000000E+00   0.0000000E+00
   3.3575684E-04   5.5471633E+06   5.5471633E+06   6.5132591E+06   1.1020875E+04   2.9825341E+05   5.5468307E+06   5.5471633E+06   0.0000000E+00   0.0000000E+00   0.0000000E+00   0.0000000E+00   0.0000000E+00
   3.6080693E-04   5.5462661E+06   5.5462661E+06   6.3849205E+06   1.0888710E+04   2.9608815E+05   5.5458589E+06   5.5462661E+06   0.0000000E+00   0.0000000E+00   0.0000000E+00   0.0000000E+00   0.0000000E+00
   3.8772596E-04   5.5452344E+06   5.5452344E+06   6.2397507E+06   1.0738382E+04   2.9367637E+05   5.5447417E+06   5.5452344E+06   0.0000000E+00   0.0000000E+00   0.0000000E+00   0.0000000E+00   0.0000000E+00
   4.1665335E-04   5.5440489E+06   5.5440489E+06   6.0760781E+06   1.0567796E+04   2.9100578E+05   5.5434582E+06   5.5440489E+06   0.0000000E+00   0.0000000E+00   0.0000000E+00   0.0000000E+00   0.0000000E+00
   4.4773895E-04   5.5426875E+06   5.5426875E+06   5.8922446E+06   1.0374751E+04   2.8806904E+05   5.5419848E+06   5.5426875E+06   0.0000000E+00   0.0000000E+00   0.0000000E+00   0.0000000E+00   0.0000000E+00
   4.8114378E-04   5.5411256E+06   5.5411256E+06   5.6866773E+06   1.0156979E+04   2.8486580E+05   5.5402950E+06   5.5411256E+06   0.0000000E+00   0.0000000E+00   0.0000000E+00   0.0000000E+00   0.0000000E+00
   5.1704087E-04   5.5393352E+06   5.5393352E+06   5.4579873E+06   9.9122073E+03   2.8140532E+05   5.5383587E+06   5.5393352E+06   0.0000000E+00   0.0000000E+00   0.0000000E+00   0.0000000E+00   0.0000000E+00
   5.5561617E-04   5.5372850E+06   5.5372850E+06   5.2050967E+06   9.6382520E+03   2.7770927E+05   5.5361426E+06   5.5372850E+06   0.0000000E+00   0.0000000E+00   0.0000000E+00   0.0000000E+00   0.0000000E+00
   5.9706948E-04   5.5349402E+06   5.5349402E+06   4.9273994E+06   9.3331328E+03   2.7381473E+05   5.5336094E+06   5.5349402E+06   0.0000000E+00   0.0000000E+00   0.0000000E+00   0.0000000E+00   0.0000000E+00
   6.4161554E-04   5.5322620E+06   5.5322620E+06   4.6249559E+06   8.9952297E+03   2.6977690E+05   5.5307180E+06   5.5322620E+06   0.0000000E+00   0.0000000E+00   0.0000000E+00   0.0000000E+00   0.0000000E+00
   6.8948508E-04   5.5292077E+06   5.5292077E+06   4.2987191E+06   8.6234756E+03   2.6567105E+05   5.5274230E+06   5.5292077E+06   0.0000000E+00   0.0000000E+00   0.0000000E+00   0.0000000E+00   0.0000000E+00
   7.4092607E-04   5.5257302E+06   5.5257302E+06   3.9507834E+06   8.2175899E+03   2.6159274E+05   5.5236747E+06   5.5257302E+06   0.0000000E+00   0.0000000E+00   0.0000000E+00   0.0000000E+00   0.0000000E+00
   7.9620495E-04   5.5217782E+06   5.5217782E+06   3.5846367E+06   7.7783443E+03   2.5765515E+05   5.5194193E+06   5.5217782E+06   0.0000000E+00   0.0000000E+00   0.0000000E+00   0.0000000E+00   0.0000000E+00
   8.5560807E-04   5.5172960E+06   5.5172960E+06   3.2053856E+06   7.3078522E+03   2.5398197E+05   5.5145989E+06   5.5172960E+06   0.0000000E+00   0.0000000E+00   0.0000000E+00   0.0000000E+00   0.0000000E+00
   9.1944313E-04   5.5122237E+06   5.5122237E+06   2.8199041E+06   6.8098550E+03   2.5069413E+05   5.5091514E+06   5.5122237E+06   0.0000000E+00   0.0000000E+00   0.0000000E+00   0.0000000E+00   0.0000000E+00
   9.8804079E-04   5.5064973E+06   5.5064973E+06   2.4368407E+06   6.2899664E+03   2.4788871E+05   5.5030114E+06   5.5064973E+06   0.0000000E+00   0.0000000E+00   0.0000000E+00   0.0000000E+00   0.0000000E+00
   1.0617564E-03   5.5000487E+06   5.5000487E+06   2.0663995E+06   5.7558194E+03   2.4560950E+05   5.4961101E+06   5.5000487E+06   0.0000000E+00   0.0000000E+00   0.0000000E+00   0.0000000E+00   0.0000000E+00
   1.1409717E-03   5.4928061E+06   5.4928061E+06   1.7198069E+06   5.2170403E+03   2.4381024E+05   5.4883758E+06   5.4928061E+06   0.0000000E+00   0.0000000E+00   0.0000000E+00   0.0000000E+00   0.0000000E+00
   1.2260971E-03   5.4846938E+06   5.4846938E+06   1.4083844E+06   4.6849637E+03   2.4231557E+05   5.4797346E+06   5.4846938E+06   0.0000000E+00   0.0000000E+00   0.0000000E+00   0.0000000E+00   0.0000000E+00
   1.3175736E-03   5.4756324E+06   5.4756324E+06   1.1422010E+06   4.1720042E+03   2.4078953E+05   5.4701099E+06   5.4756324E+06   0.0000000E+00   0.0000000E+00   0.0000000E+00   0.0000000E+00   0.0000000E+00
   1.4158749E-03   5.4655384E+06   5.4655384E+06   9.2837711E+05   3.6906300E+03   2.3872834E+05   5.4594229E+06   5.4655384E+06   0.0000000E+00   0.0000000E+00   0.0000000E+00   0.0000000E+00   0.0000000E+00
   1.5215102E-03   5.4543234E+06   5.4543234E+06   7.6927597E+05   3.2519548E+03   2.3549954E+05   5.4475920E+06   5.4543234E+06   0.0000000E+00   0.0000000E+00   0.0000000E+00   0.0000000E+00   0.0000000E+00
   1.6350268E-03   5.4418934E+06   5.4418934E+06   6.6102953E+05   2.8640864E+03   2.3044962E+05   5.4345316E+06   5.4418934E+06   0.0000000E+00   0.0000000E+00   0.0000000E+00   0.0000000E+00   0.0000000E+00
   1.7570126E-03   5.4281481E+06   5.4281481E+06   5.9304536E+05   2.5305397E+03   2.2309035E+05   5.4201509E+06   5.4281481E+06   0.0000000E+00   0.0000000E+00   0.0000000E+00   0.0000000E+00   0.0000000E+00
   1.8880995E-03   5.4129797E+06   5.4129797E+06   5.4920905E+05   2.2491941E+03   2.1334139E+05   5.4043530E+06   5.4129797E+06   0.0000000E+00   0.0000000E+00   0.0000000E+00   0.0000000E+00   0.0000000E+00
   2.0289665E-03   5.3962733E+06   5.3962733E+06   5.1124395E+05   2.0123740E+03   2.0175236E+05   5.3870331E+06   5.3962733E+06   0.0000000E+00   0.0000000E+00   0.0000000E+00   0.0000000E+00   0.0000000E+00
   2.1803433E-03   5.3779076E+06   5.3779076E+06   4.6394406E+05   1.8085087E+03   1.8956536E+05   5.3680793E+06   5.3779076E+06   0.0000000E+00   0.0000000E+00   0.0000000E+00   0.0000000E+00   0.0000000E+00
   2.3430140E-03   5.3577575E+06   5.3577575E+06   4.0075861E+05   1.6253657E+03   1.7845425E+05   5.3473728E+06   5.3577575E+06   0.0000000E+00   0.0000000E+00   0.0000000E+00   0.0000000E+00   0.0000000E+00
   2.5178211E-03   5.3356971E+06   5.3356971E+06   3.2692946E+05   1.4540239E+03   1.6986405E+05   5.3247903E+06   5.3356971E+06   0.0000000E+00   0.0000000E+00   0.0000000E+00   0.0000000E+00   0.0000000E+00
   2.7056703E-03   5.3116018E+06   5.3116018E+06   2.5713378E+05   1.2918505E+03   1.6413369E+05   5.3002060E+06   5.3116018E+06   0.0000000E+00   0.0000000E+00   0.0000000E+00   0.0000000E+00   0.0000000E+00
   2.9075345E-03   5.2853496E+06   5.2853496E+06   2.0671667E+05   1.1424518E+03   1.5995726E+05   5.2734922E+06   5.2853496E+06   0.0000000E+00   0.0000000E+00   0.0000000E+00   0.0000000E+00   0.0000000E+00
   3.1244593E-03   5.2568173E+06   5.2568173E+06   1.8043600E+05   1.0117212E+03   1.5491081E+05   5.2445185E+06   5.2568173E+06   0.0000000E+00   0.0000000E+00   0.0000000E+00   0.0000000E+00   0.0000000E+00
   3.3575684E-03   5.2258764E+06   5.2258764E+06   1.6747625E+05   9.0189018E+02   1.4724057E+05   5.2131490E+06   5.2258764E+06   0.0000000E+00   0.0000000E+00   0.0000000E+00   0.0000000E+00   0.0000000E+00
   3.6080693E-03   5.1923890E+06   5.1923890E+06   1.5016777E+05   8.0824440E+02   1.3772199E+05   5.1792414E+06   5.1923890E+06   0.0000000E+00   0.0000000E+00   0.0000000E+00   0.0000000E+00   0.0000000E+00
   3.8772596E-03   5.1562101E+06   5.1562101E+06   1.2189382E+05   7.2245927E+02   1.2928539E+05   5.1426505E+06   5.1562101E+06   0.0000000E+00   0.0000000E+00   0.0000000E+00   0.0000000E+00   0.0000000E+00
   4.1665335E-03   5.1171931E+06   5.1171931E+06   9.4861528E+04   6.4037290E+02   1.2360164E+05   5.1032332E+06   5.1171931E+06   0.0000000E+00   0.0000000E+00   0.0000000E+00   0.0000000E+00   0.0000000E+00
   4.4773895E-03   5.0751943E+06   5.0751943E+06   8.3139093E+04   5.6527238E+02   1.1831342E+05   5.0608521E+06   5.0751943E+06   0.0000000E+00   0.0000000E+00   0.0000000E+00   0.0000000E+00   0.0000000E+00
   4.8114378E-03   5.0300704E+06   5.0300704E+06   8.0077256E+04   5.0116637E+02   1.1019347E+05   5.0153703E+06   5.0300704E+06   0.0000000E+00   0.0000000E+00   0.0000000E+00   0.0000000E+00   0.0000000E+00
   5.1704087E-03   4.9816752E+06   4.9816752E+06   6.8720047E+04   4.4519466E+02   1.0108529E+05   4.9666481E+06   4.9816752E+06   0.0000000E+00   0.0000000E+00   0.0000000E+00   0.0000000E+00   0.0000000E+00
   5.5561617E-03   4.9298635E+06   4.9298635E+06   5.3371545E+04   3.9245590E+02   9.5033281E+04   4.9145468E+06   4.9298635E+06   0.0000000E+00   0.0000000E+00   0.0000000E+00   0.0000000E+00   0.0000000E+00
   5.9706948E-03   4.8744985E+06   4.8744985E+06   4.8450863E+04   3.4466599E+02   8.9608585E+04   4.8589320E+06   4.8744985E+06   0.0000000E+00   0.0000000E+00   0.0000000E+00   0.0000000E+00   0.0000000E+00
   6.4161554E-03   4.8154462E+06   4.8154462E+06   4.3700574E+04   3.0409885E+02   8.1687751E+04   4.7996655E+06   4.8154462E+06   0.0000000E+00   0.0000000E+00   0.0000000E+00   0.0000000E+00   0.0000000E+00
   6.8948508E-03   4.7525658E+06   4.7525658E+06   3.2753563E+04   2.6715926E+02   7.5861310E+04   4.7365982E+06   4.7525658E+06   0.0000000E+00   0.0000000E+00   0.0000000E+00   0.0000000E+00   0.0000000E+00
   7.4092607E-03   4.6857181E+06   4.6857181E+06   3.0022608E+04   2.3352545E+02   7.0896489E+04   4.6695931E+06   4.6857181E+06   0.0000000E+00   0.0000000E+00   0.0000000E+00   0.0000000E+00   0.0000000E+00
   7.9620495E-03   4.6147691E+06   4.6147691E+06   2.5649193E+04   2.0427531E+02   6.3983288E+04   4.5985327E+06   4.6147691E+06   0.0000000E+00   0.0000000E+00   0.0000000E+00   0.0000000E+00   0.0000000E+00
   8.5560807E-03   4.5395908E+06   4.5395908E+06   2.0877267E+04   1.7752008E+02   5.9915101E+04   4.5232963E+06   4.5395908E+06   0.0000000E+00   0.0000000E+00   0.0000000E+00   0.0000000E+00   0.0000000E+00
   9.1944313E-03   4.4600613E+06   4.4600613E+06   1.9438484E+04   1.5484368E+02   5.3805642E+04   4.4437469E+06   4.4600613E+06   0.0000000E+00   0.0000000E+00   0.0000000E+00   0.0000000E+00   0.0000000E+00
   9.8804079E-03   4.3760557E+06   4.3760557E+06   1.4955601E+04   1.3415789E+02   4.9699066E+04   4.3597557E+06   4.3760557E+06   0.0000000E+00   0.0000000E+00   0.0000000E+00   0.0000000E+00   0.0000000E+00
   1.0617564E-02   4.2874568E+06   4.2874568E+06   1.3587005E+04   1.1610857E+02   4.4516601E+04   4.2712209E+06   4.2874568E+06   0.0000000E+00   0.0000000E+00   0.0000000E+00   0.0000000E+00   0.0000000E+00
   1.1409717E-02   4.1941569E+06   4.1941569E+06   1.1104199E+04   1.0008577E+02   4.1176397E+04   4.1780301E+06   4.1941569E+06   0.0000000E+00   0.0000000E+00   0.0000000E+00   0.0000000E+00   0.0000000E+00
   1.2260971E-02   4.0960564E+06   4.0960564E+06   9.1898544E+03   8.6226750E+01   3.6573761E+04   4.0800790E+06   4.0960564E+06   0.0000000E+00   0.0000000E+00   0.0000000E+00   0.0000000E+00   0.0000000E+00
   1.3175736E-02   3.9930709E+06   3.9930709E+06   8.4525927E+03   7.3950467E+01   3.3047524E+04   3.9772897E+06   3.9930709E+06   0.0000000E+00   0.0000000E+00   0.0000000E+00   0.0000000E+00   0.0000000E+00
   1.4158749E-02   3.8851381E+06   3.8851381E+06   6.7005034E+03   6.3229934E+01   3.0097594E+04   3.8695967E+06   3.8851381E+06   0.0000000E+00   0.0000000E+00   0.0000000E+00   0.0000000E+00   0.0000000E+00
   1.5215102E-02   3.7722228E+06   3.7722228E+06   5.3777170E+03   5.3957058E+01   2.6773832E+04   3.7569615E+06   3.7722228E+06   0.0000000E+00   0.0000000E+00   0.0000000E+00   0.0000000E+00   0.0000000E+00
   1.6350268E-02   3.6543320E+06   3.6543320E+06   4.6128605E+03   4.5885465E+01   2.3711946E+04   3.6393966E+06   3.6543320E+06   0.0000000E+00   0.0000000E+00   0.0000000E+00   0.0000000E+00   0.0000000E+00
   1.7570126E-02   3.5315278E+06   3.5315278E+06   3.9498568E+03   3.8892443E+01   2.1077203E+04   3.5169563E+06   3.5315278E+06   0.0000000E+00   0.0000000E+00   0.0000000E+00   0.0000000E+00   0.0000000E+00
   1.8880995E-02   3.4039471E+06   3.4039471E+06   3.3441010E+03   3.2844351E+01   1.8742523E+04   3.3897809E+06   3.4039471E+06   0.0000000E+00   0.0000000E+00   0.0000000E+00   0.0000000E+00   0.0000000E+00
   2.0289664E-02   3.2718233E+06   3.2718233E+06   2.7437770E+03   2.7631587E+01   1.6603447E+04   3.2580986E+06   3.2718233E+06   0.0000000E+00   0.0000000E+00   0.0000000E+00   0.0000000E+00   0.0000000E+00
   2.1803429E-02   3.1355149E+06   3.1355149E+06   2.2296871E+03   2.3168299E+01   1.4731578E+04   3.1222672E+06   3.1355149E+06   0.0000000E+00   0.0000000E+00   0.0000000E+00   0.0000000E+00   0.0000000E+00
   2.3430118E-02   2.9955348E+06   2.9955348E+06   1.8553287E+03   1.9343491E+01   1.3065335E+04   2.9827953E+06   2.9955348E+06   0.0000000E+00   0.0000000E+00   0.0000000E+00   0.0000000E+00   0.0000000E+00
   2.5178100E-02   2.8525835E+06   2.8525835E+06   1.5923320E+03   1.6095718E+01   1.1441806E+04   2.8403793E+06   2.8525835E+06   0.0000000E+00   0.0000000E+00   0.0000000E+00   0.0000000E+00   0.0000000E+00
   2.7056199E-02   2.7075866E+06   2.7075866E+06   1.2597196E+03   1.3341786E+01   1.0002095E+04   2.6959401E+06   2.7075866E+06   0.0000000E+00   0.0000000E+00   0.0000000E+00   0.0000000E+00   0.0000000E+00
   2.9073354E-02   2.5617369E+06   2.5617369E+06   1.0728619E+03   1.1015070E+01   8.7732260E+03   2.5506639E+06   2.5617369E+06   0.0000000E+00   0.0000000E+00   0.0000000E+00   0.0000000E+00   0.0000000E+00
   3.1237666E-02   2.4165481E+06   2.4165481E+06   8.4151810E+02   9.0614913E+00   7.6910116E+03   2.4060566E+06   2.4165481E+06   0.0000000E+00   0.0000000E+00   0.0000000E+00   0.0000000E+00   0.0000000E+00
   3.3554287E-02   2.2739149E+06   2.2739149E+06   6.8594170E+02   7.4369724E+00   6.6582334E+03   2.2640035E+06   2.2739149E+06   0.0000000E+00   0.0000000E+00   0.0000000E+00   0.0000000E+00   0.0000000E+00
   3.6021698E-02   2.1361428E+06   2.1361428E+06   5.7987063E+02   6.0956088E+00   5.8097088E+03   2.1267989E+06   2.1361428E+06   0.0000000E+00   0.0000000E+00   0.0000000E+00   0.0000000E+00   0.0000000E+00
   3.8626850E-02   2.0058516E+06   2.0058516E+06   4.8175553E+02   5.0002976E+00   5.1021276E+03   1.9970500E+06   2.0058516E+06   0.0000000E+00   0.0000000E+00   0.0000000E+00   0.0000000E+00   0.0000000E+00
   4.1341882E-02   1.8856267E+06   1.8856267E+06   3.9629668E+02   4.1184295E+00   4.4959214E+03   1.8773298E+06   1.8856267E+06   0.0000000E+00   0.0000000E+00   0.0000000E+00   0.0000000E+00   0.0000000E+00
   4.4126703E-02   1.7774154E+06   1.7774154E+06   3.2556500E+02   3.4171273E+00   3.9829353E+03   1.7695759E+06   1.7774154E+06   0.0000000E+00   0.0000000E+00   0.0000000E+00   0.0000000E+00   0.0000000E+00
   4.6938884E-02   1.6819572E+06   1.6819572E+06   2.6822397E+02   2.8629203E+00   3.5645419E+03   1.6745235E+06   1.6819572E+06   0.0000000E+00   0.0000000E+00   0.0000000E+00   0.0000000E+00   0.0000000E+00
   4.9745290E-02   1.5986509E+06   1.5986509E+06   2.2335722E+02   2.4256572E+00   3.2242198E+03   1.5915730E+06   1.5986509E+06   0.0000000E+00   0.0000000E+00   0.0000000E+00   0.0000000E+00   0.0000000E+00
   5.2527864E-02   1.5259211E+06   1.5259211E+06   1.8906514E+02   2.0777799E+00   2.9478369E+03   1.5191550E+06   1.5259211E+06   0.0000000E+00   0.0000000E+00   0.0000000E+00   0.0000000E+00   0.0000000E+00
   5.5282191E-02   1.4617644E+06   1.4617644E+06   1.6253908E+02   1.7978143E+00   2.7154439E+03   1.4552744E+06   1.4617644E+06   0.0000000E+00   0.0000000E+00   0.0000000E+00   0.0000000E+00   0.0000000E+00
   5.8012772E-02   1.4041713E+06   1.4041713E+06   1.4133376E+02   1.5685772E+00   2.5181669E+03   1.3979300E+06   1.4041713E+06   0.0000000E+00   0.0000000E+00   0.0000000E+00   0.0000000E+00   0.0000000E+00
   6.0728616E-02   1.3513491E+06   1.3513491E+06   1.2382932E+02   1.3779261E+00   2.3453816E+03   1.3453366E+06   1.3513491E+06   0.0000000E+00   0.0000000E+00   0.0000000E+00   0.0000000E+00   0.0000000E+00
   6.3440370E-02   1.3018028E+06   1.3018028E+06   1.0903184E+02   1.2167772E+00   2.1919399E+03   1.2960056E+06   1.3018028E+06   0.0000000E+00   0.0000000E+00   0.0000000E+00   0.0000000E+00   0.0000000E+00
   6.6158795E-02   1.2543474E+06   1.2543474E+06   9.6291430E+01   1.0785916E+00   2.0543393E+03   1.2487572E+06   1.2543474E+06   0.0000000E+00   0.0000000E+00   0.0000000E+00   0.0000000E+00   0.0000000E+00
   6.8894085E-02   1.2080949E+06   1.2080949E+06   8.5161887E+01   9.5869951E-01   1.9288683E+03   1.2027070E+06   1.2080949E+06   0.0000000E+00   0.0000000E+00   0.0000000E+00   0.0000000E+00   0.0000000E+00
   7.1655647E-02   1.1624342E+06   1.1624342E+06   7.5496339E+01   8.5354366E-01   1.8155276E+03   1.1572466E+06   1.1624342E+06   0.0000000E+00   0.0000000E+00   0.0000000E+00   0.0000000E+00   0.0000000E+00
   7.4452086E-02   1.1170118E+06   1.1170118E+06   6.7529189E+01   7.6071883E-01   1.7105746E+03   1.1120239E+06   1.1170118E+06   0.0000000E+00   0.0000000E+00   0.0000000E+00   0.0000000E+00   0.0000000E+00
   7.7291288E-02   1.0717105E+06   1.0717105E+06   6.1373720E+01   6.7826461E-01   1.6108851E+03   1.0669224E+06   1.0717105E+06   0.0000000E+00   0.0000000E+00   0.0000000E+00   0.0000000E+00   0.0000000E+00
   8.0180529E-02   1.0266250E+06   1.0266250E+06   5.6112339E+01   6.0485238E-01   1.5097410E+03   1.0220360E+06   1.0266250E+06   0.0000000E+00   0.0000000E+00   0.0000000E+00   0.0000000E+00   0.0000000E+00
   8.3126586E-02   9.8203061E+05   9.8203061E+05   4.9922104E+01   5.3933002E-01   1.4100060E+03   9.7763894E+05   9.8203061E+05   0.0000000E+00   0.0000000E+00   0.0000000E+00   0.0000000E+00   0.0000000E+00
   8.6135838E-02   9.3834307E+05   9.3834307E+05   4.2758100E+01   4.8087555E-01   1.3230665E+03   9.3414499E+05   9.3834307E+05   0.0000000E+00   0.0000000E+00   0.0000000E+00   0.0000000E+00   0.0000000E+00
   8.9214351E-02   8.9606836E+05   8.9606836E+05   3.8181883E+01   4.2881748E-01   1.2518717E+03   8.9205783E+05   8.9606836E+05   0.0000000E+00   0.0000000E+00   0.0000000E+00   0.0000000E+00   0.0000000E+00
   9.2367952E-02   8.5574291E+05   8.5574291E+05   3.5844193E+01   3.8268804E-01   1.1727240E+03   8.5191145E+05   8.5574291E+05   0.0000000E+00   0.0000000E+00   0.0000000E+00   0.0000000E+00   0.0000000E+00
   9.5602292E-02   8.1786708E+05   8.1786708E+05   3.0245416E+01   3.4188857E-01   1.0993365E+03   8.1420394E+05   8.1786708E+05   0.0000000E+00   0.0000000E+00   0.0000000E+00   0.0000000E+00   0.0000000E+00
   9.8922889E-02   7.8283656E+05   7.8283656E+05   2.8063537E+01   3.0587957E-01   1.0456509E+03   7.7932921E+05   7.8283656E+05   0.0000000E+00   0.0000000E+00   0.0000000E+00   0.0000000E+00   0.0000000E+00
   1.0233518E-01   7.5087898E+05   7.5087898E+05   2.4343982E+01   2.7428432E-01   9.8121941E+02   7.4751380E+05   7.5087898E+05   0.0000000E+00   0.0000000E+00   0.0000000E+00   0.0000000E+00   0.0000000E+00
   1.0584454E-01   7.2200373E+05   7.2200373E+05   2.2983116E+01   2.4647736E-01   9.3751518E+02   7.1876704E+05   7.2200373E+05   0.0000000E+00   0.0000000E+00   0.0000000E+00   0.0000000E+00   0.0000000E+00
   1.0945632E-01   6.9597520E+05   6.9597520E+05   1.9449457E+01   2.2203870E-01   8.9277632E+02   6.9285438E+05   6.9597520E+05   0.0000000E+00   0.0000000E+00   0.0000000E+00   0.0000000E+00   0.0000000E+00
   1.1317587E-01   6.7231752E+05   6.7231752E+05   1.7905384E+01   2.0044167E-01   8.4706339E+02   6.6930203E+05   6.7231752E+05   0.0000000E+00   0.0000000E+00   0.0000000E+00   0.0000000E+00   0.0000000E+00
   1.1700854E-01   6.5035656E+05   6.5035656E+05   1.6783760E+01   1.8120600E-01   8.1118561E+02   6.4743890E+05   6.5035656E+05   0.0000000E+00   0.0000000E+00   0.0000000E+00   0.0000000E+00   0.0000000E+00
   1.2095971E-01   6.2930030E+05   6.2930030E+05   1.5298657E+01   1.6389662E-01   7.7815063E+02   6.2647649E+05   6.2930030E+05   0.0000000E+00   0.0000000E+00   0.0000000E+00   0.0000000E+00   0.0000000E+00
   1.2503480E-01   6.0835101E+05   6.0835101E+05   1.3734905E+01   1.4817828E-01   7.4436443E+02   6.0562064E+05   6.0835101E+05   0.0000000E+00   0.0000000E+00   0.0000000E+00   0.0000000E+00   0.0000000E+00
   1.2923928E-01   5.8683503E+05   5.8683503E+05   1.2133057E+01   1.3375611E-01   7.1106437E+02   5.8420072E+05   5.8683503E+05   0.0000000E+00   0.0000000E+00   0.0000000E+00   0.0000000E+00   0.0000000E+00
   1.3357866E-01   5.6432788E+05   5.6432788E+05   1.0812879E+01   1.2043552E-01   6.7993804E+02   5.6179414E+05   5.6432788E+05   0.0000000E+00   0.0000000E+00   0.0000000E+00   0.0000000E+00   0.0000000E+00
   1.3805852E-01   5.4074731E+05   5.4074731E+05   1.0005107E+01   1.0812759E-01   6.4570633E+02   5.3831904E+05   5.4074731E+05   0.0000000E+00   0.0000000E+00   0.0000000E+00   0.0000000E+00   0.0000000E+00
   1.4268449E-01   5.1638720E+05   5.1638720E+05   8.5815300E+00   9.6802714E-02   6.1020125E+02   5.1406794E+05   5.1638720E+05   0.0000000E+00   0.0000000E+00   0.0000000E+00   0.0000000E+00   0.0000000E+00
   1.4746230E-01   4.9187234E+05   4.9187234E+05   7.9990722E+00   8.6461509E-02   5.7888921E+02   4.8966285E+05   4.9187234E+05   0.0000000E+00   0.0000000E+00   0.0000000E+00   0.0000000E+00   0.0000000E+00
   1.5239771E-01   4.6803001E+05   4.6803001E+05   6.7865522E+00   7.7148193E-02   5.4619127E+02   4.6592732E+05   4.6803001E+05   0.0000000E+00   0.0000000E+00   0.0000000E+00   0.0000000E+00   0.0000000E+00
   1.5749659E-01   4.4569585E+05   4.4569585E+05   6.1659925E+00   6.8867205E-02   5.1503221E+02   4.4369324E+05   4.4569585E+05   0.0000000E+00   0.0000000E+00   0.0000000E+00   0.0000000E+00   0.0000000E+00
   1.6276491E-01   4.2549555E+05   4.2549555E+05   5.6065322E+00   6.1590757E-02   4.8863567E+02   4.2358345E+05   4.2549555E+05   0.0000000E+00   0.0000000E+00   0.0000000E+00   0.0000000E+00   0.0000000E+00
   1.6820869E-01   4.0766106E+05   4.0766106E+05   5.0173492E+00   5.5241558E-02   4.6518981E+02   4.0582889E+05   4.0766106E+05   0.0000000E+00   0.0000000E+00   0.0000000E+00   0.0000000E+00   0.0000000E+00
   1.7383411E-01   3.9194390E+05   3.9194390E+05   4.4116402E+00   4.9688700E-02   4.4493709E+02   3.9018217E+05   3.9194390E+05   0.0000000E+00   0.0000000E+00   0.0000000E+00   0.0000000E+00   0.0000000E+00
   1.7964743E-01   3.7766919E+05   3.7766919E+05   4.0284077E+00   4.4779938E-02   4.2770014E+02   3.7597144E+05   3.7766919E+05   0.0000000E+00   0.0000000E+00   0.0000000E+00   0.0000000E+00   0.0000000E+00
   1.8565506E-01   3.6393449E+05   3.6393449E+05   3.6443457E+00   4.0364841E-02   4.0901499E+02   3.6229832E+05   3.6393449E+05   0.0000000E+00   0.0000000E+00   0.0000000E+00   0.0000000E+00   0.0000000E+00
   1.9186356E-01   3.4990387E+05   3.4990387E+05   3.3308122E+00   3.6319870E-02   3.9176583E+02   3.4833064E+05   3.4990387E+05   0.0000000E+00   0.0000000E+00   0.0000000E+00   0.0000000E+00   0.0000000E+00
   1.9827969E-01   3.3509992E+05   3.3509992E+05   2.9300529E+00   3.2575318E-02   3.7382449E+02   3.3359311E+05   3.3509992E+05   0.0000000E+00   0.0000000E+00   0.0000000E+00   0.0000000E+00   0.0000000E+00
   2.0491037E-01   3.1957744E+05   3.1957744E+05   2.5901709E+00   2.9112694E-02   3.5471270E+02   3.1814031E+05   3.1957744E+05   0.0000000E+00   0.0000000E+00   0.0000000E+00   0.0000000E+00   0.0000000E+00
   2.1176280E-01   3.0389152E+05   3.0389152E+05   2.3160939E+00   2.5951321E-02   3.3592278E+02   3.0252483E+05   3.0389152E+05   0.0000000E+00   0.0000000E+00   0.0000000E+00   0.0000000E+00   0.0000000E+00
   2.1884444E-01   2.8885042E+05   2.8885042E+05   2.1049807E+00   2.3119205E-02   3.1807350E+02   2.8755128E+05   2.8885042E+05   0.0000000E+00   0.0000000E+00   0.0000000E+00   0.0000000E+00   0.0000000E+00
   2.2616307E-01   2.7514478E+05   2.7514478E+05   1.8530891E+00   2.0629580E-02   3.0123366E+02   2.7390720E+05   2.7514478E+05   0.0000000E+00   0.0000000E+00   0.0000000E+00   0.0000000E+00   0.0000000E+00
   2.3372684E-01   2.6302182E+05   2.6302182E+05   1.6774258E+00   1.8460632E-02   2.8732809E+02   2.6183869E+05   2.6302182E+05   0.0000000E+00   0.0000000E+00   0.0000000E+00   0.0000000E+00   0.0000000E+00
   2.4154435E-01   2.5217491E+05   2.5217491E+05   1.5018162E+00   1.6560819E-02   2.7458444E+02   2.5104050E+05   2.5217491E+05   0.0000000E+00   0.0000000E+00   0.0000000E+00   0.0000000E+00   0.0000000E+00
   2.4962469E-01   2.4192406E+05   2.4192406E+05   1.3541238E+00   1.4865461E-02   2.6262564E+02   2.4083570E+05   2.4192406E+05   0.0000000E+00   0.0000000E+00   0.0000000E+00   0.0000000E+00   0.0000000E+00
   2.5797753E-01   2.3160352E+05   2.3160352E+05   1.2156207E+00   1.3321660E-02   2.5051643E+02   2.3056154E+05   2.3160352E+05   0.0000000E+00   0.0000000E+00   0.0000000E+00   0.0000000E+00   0.0000000E+00
   2.6661320E-01   2.2093666E+05   2.2093666E+05   1.0652706E+00   1.1901833E-02   2.3829340E+02   2.1994262E+05   2.2093666E+05   0.0000000E+00   0.0000000E+00   0.0000000E+00   0.0000000E+00   0.0000000E+00
   2.7554283E-01   2.1016253E+05   2.1016253E+05   9.6600296E-01   1.0606774E-02   2.2612548E+02   2.0921692E+05   2.1016253E+05   0.0000000E+00   0.0000000E+00   0.0000000E+00   0.0000000E+00   0.0000000E+00
   2.8477842E-01   1.9982328E+05   1.9982328E+05   8.5576452E-01   9.4468169E-03   2.1452688E+02   1.9892415E+05   1.9982328E+05   0.0000000E+00   0.0000000E+00   0.0000000E+00   0.0000000E+00   0.0000000E+00
   2.9433302E-01   1.9035332E+05   1.9035332E+05   7.6072266E-01   8.4253447E-03   2.0380810E+02   1.8949676E+05   1.9035332E+05   0.0000000E+00   0.0000000E+00   0.0000000E+00   0.0000000E+00   0.0000000E+00
   3.0422086E-01   1.8176920E+05   1.8176920E+05   6.7414080E-01   7.5287198E-03   1.9422173E+02   1.8095124E+05   1.8176920E+05   0.0000000E+00   0.0000000E+00   0.0000000E+00   0.0000000E+00   0.0000000E+00
   3.1445753E-01   1.7369840E+05   1.7369840E+05   6.1061393E-01   6.7312572E-03   1.8519083E+02   1.7291673E+05   1.7369840E+05   0.0000000E+00   0.0000000E+00   0.0000000E+00   0.0000000E+00   0.0000000E+00
   3.2506022E-01   1.6571841E+05   1.6571841E+05   5.4417910E-01   6.0091283E-03   1.7642297E+02   1.6497263E+05   1.6571841E+05   0.0000000E+00   0.0000000E+00   0.0000000E+00   0.0000000E+00   0.0000000E+00
   3.3604796E-01   1.5770785E+05   1.5770785E+05   4.8430941E-01   5.3525404E-03   1.6751509E+02   1.5699809E+05   1.5770785E+05   0.0000000E+00   0.0000000E+00   0.0000000E+00   0.0000000E+00   0.0000000E+00
   3.4744193E-01   1.4989291E+05   1.4989291E+05   4.2876685E-01   4.7604237E-03   1.5898860E+02   1.4921831E+05   1.4989291E+05   0.0000000E+00   0.0000000E+00   0.0000000E+00   0.0000000E+00   0.0000000E+00
   3.5926577E-01   1.4256081E+05   1.4256081E+05   3.8029320E-01   4.2349347E-03   1.5094037E+02   1.4191918E+05   1.4256081E+05   0.0000000E+00   0.0000000E+00   0.0000000E+00   0.0000000E+00   0.0000000E+00
   3.7154608E-01   1.3574891E+05   1.3574891E+05   3.3870789E-01   3.7700615E-03   1.4347354E+02   1.3513792E+05   1.3574891E+05   0.0000000E+00   0.0000000E+00   0.0000000E+00   0.0000000E+00   0.0000000E+00
   3.8431285E-01   1.2924060E+05   1.2924060E+05   3.0317339E-01   3.3543490E-03   1.3641264E+02   1.2865889E+05   1.2924060E+05   0.0000000E+00   0.0000000E+00   0.0000000E+00   0.0000000E+00   0.0000000E+00
   3.9760017E-01   1.2284482E+05   1.2284482E+05   2.6878905E-01   2.9788059E-03   1.2949043E+02   1.2229189E+05   1.2284482E+05   0.0000000E+00   0.0000000E+00   0.0000000E+00   0.0000000E+00   0.0000000E+00
   4.1144694E-01   1.1659910E+05   1.1659910E+05   2.3787630E-01   2.6410240E-03   1.2273362E+02   1.1607426E+05   1.1659910E+05   0.0000000E+00   0.0000000E+00   0.0000000E+00   0.0000000E+00   0.0000000E+00
   4.2589781E-01   1.1065106E+05   1.1065106E+05   2.1114203E-01   2.3391820E-03   1.1634671E+02   1.1015299E+05   1.1065106E+05   0.0000000E+00   0.0000000E+00   0.0000000E+00   0.0000000E+00   0.0000000E+00
   4.4100440E-01   1.0501827E+05   1.0501827E+05   1.8667274E-01   2.0705406E-03   1.1027806E+02   1.0454554E+05   1.0501827E+05   0.0000000E+00   0.0000000E+00   0.0000000E+00   0.0000000E+00   0.0000000E+00
   4.5682676E-01   9.9581753E+04   9.9581753E+04   1.6497374E-01   1.8296424E-03   1.0445978E+02   9.9133488E+04   9.9581753E+04   0.0000000E+00   0.0000000E+00   0.0000000E+00   0.0000000E+00   0.0000000E+00
   4.7343519E-01   9.4283908E+04   9.4283908E+04   1.4527634E-01   1.6130844E-03   9.8788890E+01   9.3859485E+04   9.4283908E+04   0.0000000E+00   0.0000000E+00   0.0000000E+00   0.0000000E+00   0.0000000E+00
   4.9091268E-01   8.9180022E+04   8.9180022E+04   1.2782714E-01   1.4191487E-03   9.3343601E+01   8.8778567E+04   8.9180022E+04   0.0000000E+00   0.0000000E+00   0.0000000E+00   0.0000000E+00   0.0000000E+00
   5.0935786E-01   8.4287125E+04   8.4287125E+04   1.1226101E-01   1.2458001E-03   8.8163042E+01   8.3907690E+04   8.4287125E+04   0.0000000E+00   0.0000000E+00   0.0000000E+00   0.0000000E+00   0.0000000E+00
   5.2888895E-01   7.9545670E+04   7.9545670E+04   9.8228269E-02   1.0905681E-03   8.3113835E+01   7.9187574E+04   7.9545670E+04   0.0000000E+00   0.0000000E+00   0.0000000E+00   0.0000000E+00   0.0000000E+00
   5.4964875E-01   7.4937505E+04   7.4937505E+04   8.5721315E-02   9.5127941E-04   7.8235128E+01   7.4600149E+04   7.4937505E+04   0.0000000E+00   0.0000000E+00   0.0000000E+00   0.0000000E+00   0.0000000E+00
   5.7181112E-01   7.0479526E+04   7.0479526E+04   7.4475439E-02   8.2662018E-04   7.3527484E+01   7.0162234E+04   7.0479526E+04   0.0000000E+00   0.0000000E+00   0.0000000E+00   0.0000000E+00   0.0000000E+00
   5.9558926E-01   6.6146521E+04   6.6146521E+04   6.4429208E-02   7.1510639E-04   6.8963850E+01   6.5848732E+04   6.6146521E+04   0.0000000E+00   0.0000000E+00   0.0000000E+00   0.0000000E+00   0.0000000E+00
   6.2124620E-01   6.1920091E+04   6.1920091E+04   5.5431317E-02   6.1531892E-04   6.4489924E+01   6.1641325E+04   6.1920091E+04   0.0000000E+00   0.0000000E+00   0.0000000E+00   0.0000000E+00   0.0000000E+00
   6.4910766E-01   5.7798880E+04   5.7798880E+04   4.7400654E-02   5.2611914E-04   6.0159286E+01   5.7538665E+04   5.7798880E+04   0.0000000E+00   0.0000000E+00   0.0000000E+00   0.0000000E+00   0.0000000E+00
   6.7957679E-01   5.3765692E+04   5.3765692E+04   4.0228611E-02   4.4652474E-04   5.5920499E+01   5.3523632E+04   5.3765692E+04   0.0000000E+00   0.0000000E+00   0.0000000E+00   0.0000000E+00   0.0000000E+00
   7.1314901E-01   4.9814750E+04   4.9814750E+04   3.3844239E-02   3.7566304E-04   5.1785159E+01   4.9590475E+04   4.9814750E+04   0.0000000E+00   0.0000000E+00   0.0000000E+00   0.0000000E+00   0.0000000E+00
   7.5042194E-01   4.5940307E+04   4.5940307E+04   2.8187731E-02   3.1288825E-04   4.7731062E+01   4.5733473E+04   4.5940307E+04   0.0000000E+00   0.0000000E+00   0.0000000E+00   0.0000000E+00   0.0000000E+00
   7.9209046E-01   4.2144316E+04   4.2144316E+04   2.3209538E-02   2.5764687E-04   4.3755807E+01   4.1954571E+04   4.2144316E+04   0.0000000E+00   0.0000000E+00   0.0000000E+00   0.0000000E+00   0.0000000E+00
   8.3891105E-01   3.8437687E+04   3.8437687E+04   1.8871178E-02   2.0949673E-04   3.9884842E+01   3.8264628E+04   3.8437687E+04   0.0000000E+00   0.0000000E+00   0.0000000E+00   0.0000000E+00   0.0000000E+00
   8.9161981E-01   3.4845006E+04   3.4845006E+04   1.5144439E-02   1.6811965E-04   3.6141202E+01   3.4688122E+04   3.4845006E+04   0.0000000E+00   0.0000000E+00   0.0000000E+00   0.0000000E+00   0.0000000E+00
   9.5080942E-01   3.1403948E+04   3.1403948E+04   1.2002347E-02   1.3324775E-04   3.2551537E+01   3.1262555E+04   3.1403948E+04   0.0000000E+00   0.0000000E+00   0.0000000E+00   0.0000000E+00   0.0000000E+00
   1.0168184E+00   2.8158837E+04   2.8158837E+04   9.4100887E-03   1.0446979E-04   2.9176924E+01   2.8032053E+04   2.8158837E+04   0.0000000E+00   0.0000000E+00   0.0000000E+00   0.0000000E+00   0.0000000E+00
   1.0897197E+00   2.5148873E+04   2.5148873E+04   7.3173236E-03   8.1241035E-05   2.6045850E+01   2.5035641E+04   2.5148873E+04   0.0000000E+00   0.0000000E+00   0.0000000E+00   0.0000000E+00   0.0000000E+00
   1.1694426E+00   2.2398571E+04   2.2398571E+04   5.6587860E-03   6.2827988E-05   2.3191362E+01   2.2297721E+04   2.2398571E+04   0.0000000E+00   0.0000000E+00   0.0000000E+00   0.0000000E+00   0.0000000E+00
   1.2559471E+00   1.9914107E+04   1.9914107E+04   4.3619084E-03   4.8430074E-05   2.0611496E+01   1.9824443E+04   1.9914107E+04   0.0000000E+00   0.0000000E+00   0.0000000E+00   0.0000000E+00   0.0000000E+00
   1.3493396E+00   1.7685478E+04   1.7685478E+04   3.3560604E-03   3.7264206E-05   1.8298325E+01   1.7605848E+04   1.7685478E+04   0.0000000E+00   0.0000000E+00   0.0000000E+00   0.0000000E+00   0.0000000E+00
   1.4498963E+00   1.5694401E+04   1.5694401E+04   2.5794535E-03   2.8641490E-05   1.6235957E+01   1.5623736E+04   1.5694401E+04   0.0000000E+00   0.0000000E+00   0.0000000E+00   0.0000000E+00   0.0000000E+00
   1.5580329E+00   1.3919558E+04   1.3919558E+04   1.9821932E-03   2.1999617E-05   1.4395942E+01   1.3856884E+04   1.3919558E+04   0.0000000E+00   0.0000000E+00   0.0000000E+00   0.0000000E+00   0.0000000E+00
   1.6742640E+00   1.2339173E+04   1.2339173E+04   1.5211727E-03   1.6888935E-05   1.2758670E+01   1.2283615E+04   1.2339173E+04   0.0000000E+00   0.0000000E+00   0.0000000E+00   0.0000000E+00   0.0000000E+00
   1.7991746E+00   1.0933230E+04   1.0933230E+04   1.1670440E-03   1.2959429E-05   1.1303739E+01   1.0884002E+04   1.0933230E+04   0.0000000E+00   0.0000000E+00   0.0000000E+00   0.0000000E+00   0.0000000E+00
   1.9334066E+00   9.6831535E+03   9.6831535E+03   8.9503465E-04   9.9397561E-06   1.0009073E+01   9.6395539E+03   9.6831535E+03   0.0000000E+00   0.0000000E+00   0.0000000E+00   0.0000000E+00   0.0000000E+00
   2.0776538E+00   8.5723741E+03   8.5723741E+03   6.8614519E-04   7.6205709E-06   8.8598942E+00   8.5337759E+03   8.5723741E+03   0.0000000E+00   0.0000000E+00   0.0000000E+00   0.0000000E+00   0.0000000E+00
   2.2326630E+00   7.5858757E+03   7.5858757E+03   5.2579413E-04   5.8402149E-06   7.8395213E+00   7.5517193E+03   7.5858757E+03   0.0000000E+00   0.0000000E+00   0.0000000E+00   0.0000000E+00   0.0000000E+00
   2.3992371E+00   6.7102131E+03   6.7102131E+03   4.0275678E-04   4.4738983E-06   6.9341848E+00   6.6799994E+03   6.7102131E+03   0.0000000E+00   0.0000000E+00   0.0000000E+00   0.0000000E+00   0.0000000E+00
   2.5782390E+00   5.9333360E+03   5.9333360E+03   3.0839193E-04   3.4260482E-06   6.1307151E+00   5.9066202E+03   5.9333360E+03   0.0000000E+00   0.0000000E+00   0.0000000E+00   0.0000000E+00   0.0000000E+00
   2.7705958E+00   5.2444307E+03   5.2444307E+03   2.3604907E-04   2.6226107E-06   5.4187196E+00   5.2208169E+03   5.2444307E+03   0.0000000E+00   0.0000000E+00   0.0000000E+00   0.0000000E+00   0.0000000E+00
   2.9773040E+00   4.6338232E+03   4.6338232E+03   1.8060866E-04   2.0069159E-06   4.7873556E+00   4.6129587E+03   4.6338232E+03   0.0000000E+00   0.0000000E+00   0.0000000E+00   0.0000000E+00   0.0000000E+00
   3.1994342E+00   4.0928621E+03   4.0928621E+03   1.3817360E-04   1.5352145E-06   4.2285109E+00   4.0744333E+03   4.0928621E+03   0.0000000E+00   0.0000000E+00   0.0000000E+00   0.0000000E+00   0.0000000E+00
   3.4381370E+00   3.6138149E+03   3.6138149E+03   1.0563848E-04   1.1740303E-06   3.7333550E+00   3.5975431E+03   3.6138149E+03   0.0000000E+00   0.0000000E+00   0.0000000E+00   0.0000000E+00   0.0000000E+00
   3.6946489E+00   3.1897763E+03   3.1897763E+03   8.0687296E-05   8.9753657E-07   3.2950959E+00   3.1754138E+03   3.1897763E+03   0.0000000E+00   0.0000000E+00   0.0000000E+00   0.0000000E+00   0.0000000E+00
   3.9702987E+00   2.8145846E+03   2.8145846E+03   6.1680395E-05   6.8596776E-07   2.9073736E+00   2.8019115E+03   2.8145846E+03   0.0000000E+00   0.0000000E+00   0.0000000E+00   0.0000000E+00   0.0000000E+00
   4.2665140E+00   2.4827455E+03   2.4827455E+03   4.7127943E-05   5.2411642E-07   2.5644530E+00   2.4715665E+03   2.4827455E+03   0.0000000E+00   0.0000000E+00   0.0000000E+00   0.0000000E+00   0.0000000E+00
   4.5848294E+00   2.1893633E+03   2.1893633E+03   3.5987620E-05   4.0034566E-07   2.2613990E+00   2.1795053E+03   2.1893633E+03   0.0000000E+00   0.0000000E+00   0.0000000E+00   0.0000000E+00   0.0000000E+00
   4.9268935E+00   1.9300784E+03   1.9300784E+03   2.7474540E-05   3.0572412E-07   1.9936285E+00   1.9213879E+03   1.9300784E+03   0.0000000E+00   0.0000000E+00   0.0000000E+00   0.0000000E+00   0.0000000E+00
   5.2944784E+00   1.7010112E+03   1.7010112E+03   2.0967272E-05   2.3341391E-07   1.7569323E+00   1.6933521E+03   1.7010112E+03   0.0000000E+00   0.0000000E+00   0.0000000E+00   0.0000000E+00   0.0000000E+00
   5.6894879E+00   1.4987112E+03   1.4987112E+03   1.5997085E-05   1.7816625E-07   1.5479612E+00   1.4919630E+03   1.4987112E+03   0.0000000E+00   0.0000000E+00   0.0000000E+00   0.0000000E+00   0.0000000E+00
   6.1139682E+00   1.3201117E+03   1.3201117E+03   1.2202323E-05   1.3596721E-07   1.3634558E+00   1.3141677E+03   1.3201117E+03   0.0000000E+00   0.0000000E+00   0.0000000E+00   0.0000000E+00   0.0000000E+00
   6.5701181E+00   1.1624882E+03   1.1624882E+03   9.3052455E-06   1.0374404E-07   1.2006537E+00   1.1572539E+03   1.1624882E+03   0.0000000E+00   0.0000000E+00   0.0000000E+00   0.0000000E+00   0.0000000E+00
   7.0603004E+00   1.0234218E+03   1.0234218E+03   7.0933721E-06   7.9143800E-08   1.0570205E+00   1.0188137E+03   1.0234218E+03   0.0000000E+00   0.0000000E+00   0.0000000E+00   0.0000000E+00   0.0000000E+00
   7.5870540E+00   9.0076598E+02   9.0076598E+02   5.4057093E-06   6.0368004E-08   9.3031911E-01   8.9671011E+02   9.0076598E+02   0.0000000E+00   0.0000000E+00   0.0000000E+00   0.0000000E+00   0.0000000E+00
   8.1531077E+00   7.9261695E+02   7.9261695E+02   4.1200759E-06   4.6040636E-08   8.1861098E-01   7.8904805E+02   7.9261695E+02   0.0000000E+00   0.0000000E+00   0.0000000E+00   0.0000000E+00   0.0000000E+00
