#           k/h    CDM            baryon         photon         nu             mass_nu        total          no_nu          total_de       Weyl           v_CDM          v_b            v_b-v_c     
   1.0904909E-05   6.4571995E+06   6.4571995E+06   8.6081867E+06   9.2547827E+03   6.6764841E+05   6.4572953E+06   6.4571995E+06   0.0000000E+00   0.0000000E+00   0.0000000E+00   0.0000000E+00   0.0000000E+00
   1.1718500E-05   6.4571985E+06   6.4571985E+06   8.6079667E+06   9.2546354E+03   6.6764270E+05   6.4572942E+06   6.4571985E+06   0.0000000E+00   0.0000000E+00   0.0000000E+00   0.0000000E+00   0.0000000E+00
   1.2592792E-05   6.4571973E+06   6.4571973E+06   8.6077126E+06   9.2544653E+03   6.6763611E+05   6.4572930E+06   6.4571973E+06   0.0000000E+00   0.0000000E+00   0.0000000E+00   0.0000000E+00   0.0000000E+00
   1.3532313E-05   6.4571959E+06   6.4571959E+06   8.6074193E+06   9.2542689E+03   6.6762851E+05   6.4572915E+06   6.4571959E+06   0.0000000E+00   0.0000000E+00   0.0000000E+00   0.0000000E+00   0.0000000E+00
   1.4541929E-05   6.4571944E+06   6.4571944E+06   8.6070805E+06   9.2540420E+03   6.6761972E+05   6.4572898E+06   6.4571944E+06   0.0000000E+00   0.0000000E+00   0.0000000E+00   0.0000000E+00   0.0000000E+00
   1.5626871E-05   6.4571926E+06   6.4571926E+06   8.6066893E+06   9.2537801E+03   6.6760958E+05   6.4572879E+06   6.4571926E+06   0.0000000E+00   0.0000000E+00   0.0000000E+00   0.0000000E+00   0.0000000E+00
   1.6792758E-05   6.4571905E+06   6.4571905E+06   8.6062376E+06   9.2534777E+03   6.6759787E+05   6.4572856E+06   6.4571905E+06   0.0000000E+00   0.0000000E+00   0.0000000E+00   0.0000000E+00   0.0000000E+00
   1.8045629E-05   6.4571881E+06   6.4571881E+06   8.6057161E+06   9.2531284E+03   6.6758435E+05   6.4572830E+06   6.4571881E+06   0.0000000E+00   0.0000000E+00   0.0000000E+00   0.0000000E+00   0.0000000E+00
   1.9391974E-05   6.4571853E+06   6.4571853E+06   8.6051138E+06   9.2527251E+03   6.6756873E+05   6.4572800E+06   6.4571853E+06   0.0000000E+00   0.0000000E+00   0.0000000E+00   0.0000000E+00   0.0000000E+00
   2.0838768E-05   6.4571820E+06   6.4571820E+06   8.6044183E+06   9.2522594E+03   6.6755070E+05   6.4572766E+06   6.4571820E+06   0.0000000E+00   0.0000000E+00   0.0000000E+00   0.0000000E+00   0.0000000E+00
   2.2393503E-05   6.4571783E+06   6.4571783E+06   8.6036153E+06   9.2517217E+03   6.6752989E+05   6.4572726E+06   6.4571783E+06   0.0000000E+00   0.0000000E+00   0.0000000E+00   0.0000000E+00   0.0000000E+00
   2.4064233E-05   6.4571740E+06   6.4571740E+06   8.6026881E+06   9.2511008E+03   6.6750585E+05   6.4572679E+06   6.4571740E+06   0.0000000E+00   0.0000000E+00   0.0000000E+00   0.0000000E+00   0.0000000E+00
   2.5859614E-05   6.4571690E+06   6.4571690E+06   8.6016175E+06   9.2503838E+03   6.6747810E+05   6.4572626E+06   6.4571690E+06   0.0000000E+00   0.0000000E+00   0.0000000E+00   0.0000000E+00   0.0000000E+00
   2.7788943E-05   6.4571633E+06   6.4571633E+06   8.6003813E+06   9.2495559E+03   6.6744607E+05   6.4572565E+06   6.4571633E+06   0.0000000E+00   0.0000000E+00   0.0000000E+00   0.0000000E+00   0.0000000E+00
   2.9862216E-05   6.4571567E+06   6.4571567E+06   8.5989540E+06   9.2486000E+03   6.6740908E+05   6.4572494E+06   6.4571567E+06   0.0000000E+00   0.0000000E+00   0.0000000E+00   0.0000000E+00   0.0000000E+00
   3.2090171E-05   6.4571490E+06   6.4571490E+06   8.5973061E+06   9.2474963E+03   6.6736638E+05   6.4572411E+06   6.4571490E+06   0.0000000E+00   0.0000000E+00   0.0000000E+00   0.0000000E+00   0.0000000E+00
   3.4484349E-05   6.4571402E+06   6.4571402E+06   8.5954034E+06   9.2462220E+03   6.6731709E+05   6.4572317E+06   6.4571402E+06   0.0000000E+00   0.0000000E+00   0.0000000E+00   0.0000000E+00   0.0000000E+00
   3.7057151E-05   6.4571300E+06   6.4571300E+06   8.5932068E+06   9.2447506E+03   6.6726019E+05   6.4572207E+06   6.4571300E+06   0.0000000E+00   0.0000000E+00   0.0000000E+00   0.0000000E+00   0.0000000E+00
   3.9821905E-05   6.4571182E+06   6.4571182E+06   8.5906709E+06   9.2430519E+03   6.6719451E+05   6.4572081E+06   6.4571182E+06   0.0000000E+00   0.0000000E+00   0.0000000E+00   0.0000000E+00   0.0000000E+00
   4.2792931E-05   6.4571046E+06   6.4571046E+06   8.5877433E+06   9.2410906E+03   6.6711870E+05   6.4571935E+06   6.4571046E+06   0.0000000E+00   0.0000000E+00   0.0000000E+00   0.0000000E+00   0.0000000E+00
   4.5985618E-05   6.4570889E+06   6.4570889E+06   8.5843637E+06   9.2388264E+03   6.6703121E+05   6.4571767E+06   6.4570889E+06   0.0000000E+00   0.0000000E+00   0.0000000E+00   0.0000000E+00   0.0000000E+00
   4.9416505E-05   6.4570708E+06   6.4570708E+06   8.5804627E+06   9.2362125E+03   6.6693025E+05   6.4571572E+06   6.4570708E+06   0.0000000E+00   0.0000000E+00   0.0000000E+00   0.0000000E+00   0.0000000E+00
   5.3103364E-05   6.4570499E+06   6.4570499E+06   8.5759599E+06   9.2331951E+03   6.6681375E+05   6.4571347E+06   6.4570499E+06   0.0000000E+00   0.0000000E+00   0.0000000E+00   0.0000000E+00   0.0000000E+00
   5.7065290E-05   6.4570257E+06   6.4570257E+06   8.5707630E+06   9.2297121E+03   6.6667935E+05   6.4571088E+06   6.4570257E+06   0.0000000E+00   0.0000000E+00   0.0000000E+00   0.0000000E+00   0.0000000E+00
   6.1322808E-05   6.4569978E+06   6.4569978E+06   8.5647655E+06   9.2256918E+03   6.6652430E+05   6.4570789E+06   6.4569978E+06   0.0000000E+00   0.0000000E+00   0.0000000E+00   0.0000000E+00   0.0000000E+00
   6.5897969E-05   6.4569656E+06   6.4569656E+06   8.5578446E+06   9.2210518E+03   6.6634547E+05   6.4570443E+06   6.4569656E+06   0.0000000E+00   0.0000000E+00   0.0000000E+00   0.0000000E+00   0.0000000E+00
   7.0814473E-05   6.4569284E+06   6.4569284E+06   8.5498592E+06   9.2156970E+03   6.6613925E+05   6.4570044E+06   6.4569284E+06   0.0000000E+00   0.0000000E+00   0.0000000E+00   0.0000000E+00   0.0000000E+00
   7.6097788E-05   6.4568854E+06   6.4568854E+06   8.5406466E+06   9.2095177E+03   6.6590149E+05   6.4569583E+06   6.4568854E+06   0.0000000E+00   0.0000000E+00   0.0000000E+00   0.0000000E+00   0.0000000E+00
   8.1775278E-05   6.4568359E+06   6.4568359E+06   8.5300199E+06   9.2023880E+03   6.6562744E+05   6.4569051E+06   6.4568359E+06   0.0000000E+00   0.0000000E+00   0.0000000E+00   0.0000000E+00   0.0000000E+00
   8.7876354E-05   6.4567786E+06   6.4567786E+06   8.5177641E+06   9.1941626E+03   6.6531165E+05   6.4568436E+06   6.4567786E+06   0.0000000E+00   0.0000000E+00   0.0000000E+00   0.0000000E+00   0.0000000E+00
   9.4432618E-05   6.4567125E+06   6.4567125E+06   8.5036323E+06   9.1846746E+03   6.6494789E+05   6.4567727E+06   6.4567125E+06   0.0000000E+00   0.0000000E+00   0.0000000E+00   0.0000000E+00   0.0000000E+00
   1.0147803E-04   6.4566362E+06   6.4566362E+06   8.4873410E+06   9.1737321E+03   6.6452903E+05   6.4566908E+06   6.4566362E+06   0.0000000E+00   0.0000000E+00   0.0000000E+00   0.0000000E+00   0.0000000E+00
   1.0904909E-04   6.4565482E+06   6.4565482E+06   8.4685653E+06   9.1611147E+03   6.6404694E+05   6.4565963E+06   6.4565482E+06   0.0000000E+00   0.0000000E+00   0.0000000E+00   0.0000000E+00   0.0000000E+00
   1.1718500E-04   6.4564465E+06   6.4564465E+06   8.4469328E+06   9.1465691E+03   6.6349236E+05   6.4564873E+06   6.4564465E+06   0.0000000E+00   0.0000000E+00   0.0000000E+00   0.0000000E+00   0.0000000E+00
   1.2592792E-04   6.4563292E+06   6.4563292E+06   8.4220178E+06   9.1298053E+03   6.6285478E+05   6.4563614E+06   6.4563292E+06   0.0000000E+00   0.0000000E+00   0.0000000E+00   0.0000000E+00   0.0000000E+00
   1.3532313E-04   6.4561938E+06   6.4561938E+06   8.3933339E+06   9.1104909E+03   6.6212226E+05   6.4562161E+06   6.4561938E+06   0.0000000E+00   0.0000000E+00   0.0000000E+00   0.0000000E+00   0.0000000E+00
   1.4541929E-04   6.4560375E+06   6.4560375E+06   8.3603267E+06   9.0882457E+03   6.6128135E+05   6.4560484E+06   6.4560375E+06   0.0000000E+00   0.0000000E+00   0.0000000E+00   0.0000000E+00   0.0000000E+00
   1.5626871E-04   6.4558573E+06   6.4558573E+06   8.3223651E+06   9.0626353E+03   6.6031691E+05   6.4558550E+06   6.4558573E+06   0.0000000E+00   0.0000000E+00   0.0000000E+00   0.0000000E+00   0.0000000E+00
   1.6792758E-04   6.4556493E+06   6.4556493E+06   8.2787331E+06   9.0331648E+03   6.5921196E+05   6.4556318E+06   6.4556493E+06   0.0000000E+00   0.0000000E+00   0.0000000E+00   0.0000000E+00   0.0000000E+00
   1.8045629E-04   6.4554093E+06   6.4554093E+06   8.2286205E+06   8.9992706E+03   6.5794761E+05   6.4553744E+06   6.4554093E+06   0.0000000E+00   0.0000000E+00   0.0000000E+00   0.0000000E+00   0.0000000E+00
   1.9391974E-04   6.4551326E+06   6.4551326E+06   8.1711132E+06   8.9603133E+03   6.5650292E+05   6.4550775E+06   6.4551326E+06   0.0000000E+00   0.0000000E+00   0.0000000E+00   0.0000000E+00   0.0000000E+00
   2.0838768E-04   6.4548135E+06   6.4548135E+06   8.1051844E+06   8.9155692E+03   6.5485492E+05   6.4547352E+06   6.4548135E+06   0.0000000E+00   0.0000000E+00   0.0000000E+00   0.0000000E+00   0.0000000E+00
   2.2393503E-04   6.4544457E+06   6.4544457E+06   8.0296864E+06   8.8642219E+03   6.5297863E+05   6.4543406E+06   6.4544457E+06   0.0000000E+00   0.0000000E+00   0.0000000E+00   0.0000000E+00   0.0000000E+00
   2.4064233E-04   6.4540217E+06   6.4540217E+06   7.9433431E+06   8.8053540E+03   6.5084718E+05   6.4538858E+06   6.4540217E+06   0.0000000E+00   0.0000000E+00   0.0000000E+00   0.0000000E+00   0.0000000E+00
   2.5859614E-04   6.4535331E+06   6.4535331E+06   7.8447462E+06   8.7379400E+03   6.4843218E+05   6.4533617E+06   6.4535331E+06   0.0000000E+00   0.0000000E+00   0.0000000E+00   0.0000000E+00   0.0000000E+00
   2.7788943E-04   6.4529704E+06   6.4529704E+06   7.7323537E+06   8.6608390E+03   6.4570414E+05   6.4527582E+06   6.4529704E+06   0.0000000E+00   0.0000000E+00   0.0000000E+00   0.0000000E+00   0.0000000E+00
   2.9862216E-04   6.4523224E+06   6.4523224E+06   7.6044957E+06   8.5727916E+03   6.4263333E+05   6.4520633E+06   6.4523224E+06   0.0000000E+00   0.0000000E+00   0.0000000E+00   0.0000000E+00   0.0000000E+00
   3.2090171E-04   6.4515766E+06   6.4515766E+06   7.4593860E+06   8.4724177E+03   6.3919079E+05   6.4512636E+06   6.4515766E+06   0.0000000E+00   0.0000000E+00   0.0000000E+00   0.0000000E+00   0.0000000E+00
   3.4484349E-04   6.4507188E+06   6.4507188E+06   7.2951463E+06   8.3582211E+03   6.3534995E+05   6.4503438E+06   6.4507188E+06   0.0000000E+00   0.0000000E+00   0.0000000E+00   0.0000000E+00   0.0000000E+00
   3.7057151E-04   6.4497325E+06   6.4497325E+06   7.1098431E+06   8.2285993E+03   6.3108860E+05   6.4492865E+06   6.4497325E+06   0.0000000E+00   0.0000000E+00   0.0000000E+00   0.0000000E+00   0.0000000E+00
   3.9821905E-04   6.4485992E+06   6.4485992E+06   6.9015439E+06   8.0818634E+03   6.2639154E+05   6.4480719E+06   6.4485992E+06   0.0000000E+00   0.0000000E+00   0.0000000E+00   0.0000000E+00   0.0000000E+00
   4.2792931E-04   6.4472982E+06   6.4472982E+06   6.6683957E+06   7.9162690E+03   6.2125382E+05   6.4466777E+06   6.4472982E+06   0.0000000E+00   0.0000000E+00   0.0000000E+00   0.0000000E+00   0.0000000E+00
   4.5985618E-04   6.4458057E+06   6.4458057E+06   6.4087325E+06   7.7300635E+03   6.1568461E+05   6.4450787E+06   6.4458057E+06   0.0000000E+00   0.0000000E+00   0.0000000E+00   0.0000000E+00   0.0000000E+00
   4.9416505E-04   6.4440952E+06   6.4440952E+06   6.1212150E+06   7.5215519E+03   6.0971162E+05   6.4432467E+06   6.4440952E+06   0.0000000E+00   0.0000000E+00   0.0000000E+00   0.0000000E+00   0.0000000E+00
   5.3103364E-04   6.4421370E+06   6.4421370E+06   5.8050087E+06   7.2891857E+03   6.0338573E+05   6.4411501E+06   6.4421370E+06   0.0000000E+00   0.0000000E+00   0.0000000E+00   0.0000000E+00   0.0000000E+00
   5.7065290E-04   6.4398979E+06   6.4398979E+06   5.4600009E+06   7.0316798E+03   5.9678544E+05   6.4387536E+06   6.4398979E+06   0.0000000E+00   0.0000000E+00   0.0000000E+00   0.0000000E+00   0.0000000E+00
   6.1322808E-04   6.4373410E+06   6.4373410E+06   5.0870550E+06   6.7481577E+03   5.9002008E+05   6.4360183E+06   6.4373410E+06   0.0000000E+00   0.0000000E+00   0.0000000E+00   0.0000000E+00   0.0000000E+00
   6.5897969E-04   6.4344256E+06   6.4344256E+06   4.6882935E+06   6.4383284E+03   5.8323078E+05   6.4329010E+06   6.4344256E+06   0.0000000E+00   0.0000000E+00   0.0000000E+00   0.0000000E+00   0.0000000E+00
   7.0814473E-04   6.4311069E+06   6.4311069E+06   4.2673904E+06   6.1026895E+03   5.7658703E+05   6.4293548E+06   6.4311069E+06   0.0000000E+00   0.0000000E+00   0.0000000E+00   0.0000000E+00   0.0000000E+00
   7.6097788E-04   6.4273359E+06   6.4273359E+06   3.8298399E+06   5.7427492E+03   5.7027672E+05   6.4253282E+06   6.4273359E+06   0.0000000E+00   0.0000000E+00   0.0000000E+00   0.0000000E+00   0.0000000E+00
   8.1775278E-04   6.4230595E+06   6.4230595E+06   3.3831497E+06   5.3612494E+03   5.6448678E+05   6.4207659E+06   6.4230595E+06   0.0000000E+00   0.0000000E+00   0.0000000E+00   0.0000000E+00   0.0000000E+00
   8.7876354E-04   6.4182201E+06   6.4182201E+06   2.9368868E+06   4.9623603E+03   5.5937192E+05   6.4156083E+06   6.4182201E+06   0.0000000E+00   0.0000000E+00   0.0000000E+00   0.0000000E+00   0.0000000E+00
   9.4432618E-04   6.4127559E+06   6.4127559E+06   2.5024835E+06   4.5518049E+03   5.5500993E+05   6.4097919E+06   6.4127559E+06   0.0000000E+00   0.0000000E+00   0.0000000E+00   0.0000000E+00   0.0000000E+00
   1.0147803E-03   6.4066009E+06   6.4066009E+06   2.0926996E+06   4.1368575E+03   5.5134478E+05   6.4032495E+06   6.4066009E+06   0.0000000E+00   0.0000000E+00   0.0000000E+00   0.0000000E+00   0.0000000E+00
   1.0904909E-03   6.3996845E+06   6.3996845E+06   1.7206490E+06   3.7261487E+03   5.4812399E+05   6.3959099E+06   6.3996845E+06   0.0000000E+00   0.0000000E+00   0.0000000E+00   0.0000000E+00   0.0000000E+00
   1.1718500E-03   6.3919314E+06   6.3919314E+06   1.3983425E+06   3.3292101E+03   5.4484467E+05   6.3876985E+06   6.3919314E+06   0.0000000E+00   0.0000000E+00   0.0000000E+00   0.0000000E+00   0.0000000E+00
   1.2592792E-03   6.3832616E+06   6.3832616E+06   1.1348066E+06   2.9557131E+03   5.4073250E+05   6.3785367E+06   6.3832616E+06   0.0000000E+00   0.0000000E+00   0.0000000E+00   0.0000000E+00   0.0000000E+00
   1.3532313E-03   6.3735892E+06   6.3735892E+06   9.3400894E+05   2.6144023E+03   5.3478781E+05   6.3683418E+06   6.3735892E+06   0.0000000E+00   0.0000000E+00   0.0000000E+00   0.0000000E+00   0.0000000E+00
   1.4541929E-03   6.3628220E+06   6.3628220E+06   7.9305798E+05   2.3118206E+03   5.2593498E+05   6.3570260E+06   6.3628220E+06   0.0000000E+00   0.0000000E+00   0.0000000E+00   0.0000000E+00   0.0000000E+00
   1.5626871E-03   6.3508606E+06   6.3508606E+06   7.0138034E+05   2.0510447E+03   5.1329699E+05   6.3444959E+06   6.3508606E+06   0.0000000E+00   0.0000000E+00   0.0000000E+00   0.0000000E+00   0.0000000E+00
   1.6792758E-03   6.3375977E+06   6.3375977E+06   6.4169583E+05   1.8307954E+03   4.9657158E+05   6.3306513E+06   6.3375977E+06   0.0000000E+00   0.0000000E+00   0.0000000E+00   0.0000000E+00   0.0000000E+00
   1.8045629E-03   6.3229178E+06   6.3229178E+06   5.9340035E+05   1.6453721E+03   4.7640545E+05   6.3153851E+06   6.3229178E+06   0.0000000E+00   0.0000000E+00   0.0000000E+00   0.0000000E+00   0.0000000E+00
   1.9391974E-03   6.3066983E+06   6.3066983E+06   5.3822037E+05   1.4858008E+03   4.5456267E+05   6.2985831E+06   6.3066983E+06   0.0000000E+00   0.0000000E+00   0.0000000E+00   0.0000000E+00   0.0000000E+00
   2.0838768E-03   6.2888107E+06   6.2888107E+06   4.6667236E+05   1.3422627E+03   4.3362647E+05   6.2801247E+06   6.2888107E+06   0.0000000E+00   0.0000000E+00   0.0000000E+00   0.0000000E+00   0.0000000E+00
   2.2393503E-03   6.2691236E+06   6.2691236E+06   3.8235228E+05   1.2072489E+03   4.1606978E+05   6.2598848E+06   6.2691236E+06   0.0000000E+00   0.0000000E+00   0.0000000E+00   0.0000000E+00   0.0000000E+00
   2.4064233E-03   6.2475050E+06   6.2475050E+06   3.0049626E+05   1.0781567E+03   4.0288849E+05   6.2377348E+06   6.2475050E+06   0.0000000E+00   0.0000000E+00   0.0000000E+00   0.0000000E+00   0.0000000E+00
   2.5859614E-03   6.2238225E+06   6.2238225E+06   2.3913994E+05   9.5768309E+02   3.9256567E+05   6.2135431E+06   6.2238225E+06   0.0000000E+00   0.0000000E+00   0.0000000E+00   0.0000000E+00   0.0000000E+00
   2.7788943E-03   6.1979422E+06   6.1979422E+06   2.0626848E+05   8.5107564E+02   3.8151357E+05   6.1871731E+06   6.1979422E+06   0.0000000E+00   0.0000000E+00   0.0000000E+00   0.0000000E+00   0.0000000E+00
   2.9862216E-03   6.1697243E+06   6.1697243E+06   1.9221312E+05   7.6134562E+02   3.6655372E+05   6.1584801E+06   6.1697243E+06   0.0000000E+00   0.0000000E+00   0.0000000E+00   0.0000000E+00   0.0000000E+00
   3.2090171E-03   6.1390202E+06   6.1390202E+06   1.7672258E+05   6.8590706E+02   3.4801856E+05   6.1273103E+06   6.1390202E+06   0.0000000E+00   0.0000000E+00   0.0000000E+00   0.0000000E+00   0.0000000E+00
   3.4484349E-03   6.1056726E+06   6.1056726E+06   1.4854328E+05   6.1820344E+02   3.3002833E+05   6.0935022E+06   6.1056726E+06   0.0000000E+00   0.0000000E+00   0.0000000E+00   0.0000000E+00   0.0000000E+00
   3.7057151E-03   6.0695191E+06   6.0695191E+06   1.1779918E+05   5.5367542E+02   3.1590198E+05   6.0568925E+06   6.0695191E+06   0.0000000E+00   0.0000000E+00   0.0000000E+00   0.0000000E+00   0.0000000E+00
   3.9821905E-03   6.0303963E+06   6.0303963E+06   1.0150567E+05   4.9363158E+02   3.0312631E+05   6.0173194E+06   6.0303963E+06   0.0000000E+00   0.0000000E+00   0.0000000E+00   0.0000000E+00   0.0000000E+00
   4.2792931E-03   5.9881373E+06   5.9881373E+06   9.6526157E+04   4.4138694E+02   2.8645560E+05   5.9746201E+06   5.9881373E+06   0.0000000E+00   0.0000000E+00   0.0000000E+00   0.0000000E+00   0.0000000E+00
   4.5985618E-03   5.9425681E+06   5.9425681E+06   8.3873225E+04   3.9569245E+02   2.6731974E+05   5.9286257E+06   5.9425681E+06   0.0000000E+00   0.0000000E+00   0.0000000E+00   0.0000000E+00   0.0000000E+00
   4.9416505E-03   5.8935107E+06   5.8935107E+06   6.4335263E+04   3.5257847E+02   2.5233294E+05   5.8791643E+06   5.8935107E+06   0.0000000E+00   0.0000000E+00   0.0000000E+00   0.0000000E+00   0.0000000E+00
   5.3103364E-03   5.8407904E+06   5.8407904E+06   5.5921183E+04   3.1250063E+02   2.3958208E+05   5.8260683E+06   5.8407904E+06   0.0000000E+00   0.0000000E+00   0.0000000E+00   0.0000000E+00   0.0000000E+00
   5.7065290E-03   5.7842355E+06   5.7842355E+06   5.1804825E+04   2.7767281E+02   2.2307956E+05   5.7691726E+06   5.7842355E+06   0.0000000E+00   0.0000000E+00   0.0000000E+00   0.0000000E+00   0.0000000E+00
   6.1322808E-03   5.7236727E+06   5.7236727E+06   4.0361948E+04   2.4606001E+02   2.0854057E+05   5.7083049E+06   5.7236727E+06   0.0000000E+00   0.0000000E+00   0.0000000E+00   0.0000000E+00   0.0000000E+00
   6.5897969E-03   5.6589289E+06   5.6589289E+06   3.6332277E+04   2.1725138E+02   1.9625483E+05   5.6432855E+06   5.6589289E+06   0.0000000E+00   0.0000000E+00   0.0000000E+00   0.0000000E+00   0.0000000E+00
   7.0814473E-03   5.5898271E+06   5.5898271E+06   3.2352652E+04   1.9236754E+02   1.8004894E+05   5.5739325E+06   5.5898271E+06   0.0000000E+00   0.0000000E+00   0.0000000E+00   0.0000000E+00   0.0000000E+00
   7.6097788E-03   5.5161855E+06   5.5161855E+06   2.5099362E+04   1.6908902E+02   1.6795206E+05   5.5000741E+06   5.5161855E+06   0.0000000E+00   0.0000000E+00   0.0000000E+00   0.0000000E+00   0.0000000E+00
   8.1775278E-03   5.4378291E+06   5.4378291E+06   2.3534869E+04   1.4842187E+02   1.5453661E+05   5.4215510E+06   5.4378291E+06   0.0000000E+00   0.0000000E+00   0.0000000E+00   0.0000000E+00   0.0000000E+00
   8.7876354E-03   5.3545887E+06   5.3545887E+06   1.8113669E+04   1.3001112E+02   1.4321135E+05   5.3381902E+06   5.3545887E+06   0.0000000E+00   0.0000000E+00   0.0000000E+00   0.0000000E+00   0.0000000E+00
   9.4432618E-03   5.2662948E+06   5.2662948E+06   1.7227834E+04   1.1378735E+02   1.3075534E+05   5.2498105E+06   5.2662948E+06   0.0000000E+00   0.0000000E+00   0.0000000E+00   0.0000000E+00   0.0000000E+00
   1.0147803E-02   5.1727756E+06   5.1727756E+06   1.3461393E+04   9.9055774E+01   1.2049257E+05   5.1562485E+06   5.1727756E+06   0.0000000E+00   0.0000000E+00   0.0000000E+00   0.0000000E+00   0.0000000E+00
   1.0904909E-02   5.0738670E+06   5.0738670E+06   1.1628835E+04   8.6198660E+01   1.0911845E+05   5.0573472E+06   5.0738670E+06   0.0000000E+00   0.0000000E+00   0.0000000E+00   0.0000000E+00   0.0000000E+00
   1.1718500E-02   4.9694134E+06   4.9694134E+06   1.0480001E+04   7.4691548E+01   9.9992358E+04   4.9529445E+06   4.9694134E+06   0.0000000E+00   0.0000000E+00   0.0000000E+00   0.0000000E+00   0.0000000E+00
   1.2592792E-02   4.8592671E+06   4.8592671E+06   8.2045709E+03   6.4560166E+01   9.0859478E+04   4.8428950E+06   4.8592671E+06   0.0000000E+00   0.0000000E+00   0.0000000E+00   0.0000000E+00   0.0000000E+00
   1.3532313E-02   4.7432981E+06   4.7432981E+06   6.8069586E+03   5.5665174E+01   8.1787152E+04   4.7270720E+06   4.7432981E+06   0.0000000E+00   0.0000000E+00   0.0000000E+00   0.0000000E+00   0.0000000E+00
   1.4541929E-02   4.6214005E+06   4.6214005E+06   6.0738713E+03   4.7859275E+01   7.3573627E+04   4.6053659E+06   4.6214005E+06   0.0000000E+00   0.0000000E+00   0.0000000E+00   0.0000000E+00   0.0000000E+00
   1.5626871E-02   4.4935003E+06   4.4935003E+06   5.2306240E+03   4.0975095E+01   6.6220198E+04   4.4777034E+06   4.4935003E+06   0.0000000E+00   0.0000000E+00   0.0000000E+00   0.0000000E+00   0.0000000E+00
   1.6792758E-02   4.3595734E+06   4.3595734E+06   4.4351217E+03   3.4993626E+01   5.9481335E+04   4.3440620E+06   4.3595734E+06   0.0000000E+00   0.0000000E+00   0.0000000E+00   0.0000000E+00   0.0000000E+00
   1.8045629E-02   4.2196603E+06   4.2196603E+06   3.6948474E+03   2.9767797E+01   5.3115112E+04   4.2044786E+06   4.2196603E+06   0.0000000E+00   0.0000000E+00   0.0000000E+00   0.0000000E+00   0.0000000E+00
   1.9391974E-02   4.0738906E+06   4.0738906E+06   3.0377309E+03   2.5246676E+01   4.7274027E+04   4.0590826E+06   4.0738906E+06   0.0000000E+00   0.0000000E+00   0.0000000E+00   0.0000000E+00   0.0000000E+00
   2.0838767E-02   3.9225090E+06   3.9225090E+06   2.4238977E+03   2.1326066E+01   4.2009469E+04   3.9081174E+06   3.9225090E+06   0.0000000E+00   0.0000000E+00   0.0000000E+00   0.0000000E+00   0.0000000E+00
   2.2393498E-02   3.7659090E+06   3.7659090E+06   2.0061917E+03   1.7946250E+01   3.7393188E+04   3.7519724E+06   3.7659090E+06   0.0000000E+00   0.0000000E+00   0.0000000E+00   0.0000000E+00   0.0000000E+00
   2.4064202E-02   3.6046677E+06   3.6046677E+06   1.7648958E+03   1.5046894E+01   3.2975117E+04   3.5912231E+06   3.6046677E+06   0.0000000E+00   0.0000000E+00   0.0000000E+00   0.0000000E+00   0.0000000E+00
   2.5859457E-02   3.4395869E+06   3.4395869E+06   1.3705462E+03   1.2565589E+01   2.8958147E+04   3.4266659E+06   3.4395869E+06   0.0000000E+00   0.0000000E+00   0.0000000E+00   0.0000000E+00   0.0000000E+00
   2.7788254E-02   3.2717383E+06   3.2717383E+06   1.2018233E+03   1.0451306E+01   2.5474006E+04   3.2593675E+06   3.2717383E+06   0.0000000E+00   0.0000000E+00   0.0000000E+00   0.0000000E+00   0.0000000E+00
   2.9859568E-02   3.1025191E+06   3.1025191E+06   9.4152588E+02   8.6609067E+00   2.2380364E+04   3.0907184E+06   3.1025191E+06   0.0000000E+00   0.0000000E+00   0.0000000E+00   0.0000000E+00   0.0000000E+00
   3.2081191E-02   2.9337219E+06   2.9337219E+06   7.5654830E+02   7.1539426E+00   1.9519494E+04   2.9225034E+06   2.9337219E+06   0.0000000E+00   0.0000000E+00   0.0000000E+00   0.0000000E+00   0.0000000E+00
   3.4457281E-02   2.7676141E+06   2.7676141E+06   6.1918214E+02   5.8936227E+00   1.7042472E+04   2.7569795E+06   2.7676141E+06   0.0000000E+00   0.0000000E+00   0.0000000E+00   0.0000000E+00   0.0000000E+00
   3.6984249E-02   2.6069690E+06   2.6069690E+06   5.0482606E+02   4.8503898E+00   1.4930244E+04   2.5969083E+06   2.6069690E+06   0.0000000E+00   0.0000000E+00   0.0000000E+00   0.0000000E+00   0.0000000E+00
   3.9645876E-02   2.4549242E+06   2.4549242E+06   4.2325947E+02   3.9970498E+00   1.3133977E+04   2.4454139E+06   2.4549242E+06   0.0000000E+00   0.0000000E+00   0.0000000E+00   0.0000000E+00   0.0000000E+00
   4.2410874E-02   2.3145181E+06   2.3145181E+06   3.6478767E+02   3.3086451E+00   1.1549826E+04   2.3055214E+06   2.3145181E+06   0.0000000E+00   0.0000000E+00   0.0000000E+00   0.0000000E+00   0.0000000E+00
   4.5237166E-02   2.1879480E+06   2.1879480E+06   2.9179522E+02   2.7599173E+00   1.0211172E+04   2.1794184E+06   2.1879480E+06   0.0000000E+00   0.0000000E+00   0.0000000E+00   0.0000000E+00   0.0000000E+00
   4.8082950E-02   2.0759461E+06   2.0759461E+06   2.3903590E+02   2.3244796E+00   9.2047377E+03   2.0678327E+06   2.0759461E+06   0.0000000E+00   0.0000000E+00   0.0000000E+00   0.0000000E+00   0.0000000E+00
   5.0917718E-02   1.9777143E+06   1.9777143E+06   2.1473187E+02   1.9793599E+00   8.3217093E+03   1.9699682E+06   1.9777143E+06   0.0000000E+00   0.0000000E+00   0.0000000E+00   0.0000000E+00   0.0000000E+00
   5.3726428E-02   1.8914057E+06   1.8914057E+06   1.8059193E+02   1.7032613E+00   7.5577845E+03   1.8839837E+06   1.8914057E+06   0.0000000E+00   0.0000000E+00   0.0000000E+00   0.0000000E+00   0.0000000E+00
   5.6506945E-02   1.8147454E+06   1.8147454E+06   1.5136645E+02   1.4793160E+00   6.9695668E+03   1.8076128E+06   1.8147454E+06   0.0000000E+00   0.0000000E+00   0.0000000E+00   0.0000000E+00   0.0000000E+00
   5.9265108E-02   1.7454825E+06   1.7454825E+06   1.3669644E+02   1.2948776E+00   6.4647546E+03   1.7386124E+06   1.7454825E+06   0.0000000E+00   0.0000000E+00   0.0000000E+00   0.0000000E+00   0.0000000E+00
   6.2010571E-02   1.6816170E+06   1.6816170E+06   1.2280023E+02   1.1407428E+00   5.9895245E+03   1.6749901E+06   1.6816170E+06   0.0000000E+00   0.0000000E+00   0.0000000E+00   0.0000000E+00   0.0000000E+00
   6.4754220E-02   1.6214818E+06   1.6214818E+06   1.0508757E+02   1.0097565E+00   5.5785149E+03   1.6150848E+06   1.6214818E+06   0.0000000E+00   0.0000000E+00   0.0000000E+00   0.0000000E+00   0.0000000E+00
   6.7506856E-02   1.5637524E+06   1.5637524E+06   9.1356330E+01   8.9699258E-01   5.2346904E+03   1.5575770E+06   1.5637524E+06   0.0000000E+00   0.0000000E+00   0.0000000E+00   0.0000000E+00   0.0000000E+00
   7.0278632E-02   1.5074339E+06   1.5074339E+06   8.4196584E+01   7.9876096E-01   4.9145430E+03   1.5014756E+06   1.5074339E+06   0.0000000E+00   0.0000000E+00   0.0000000E+00   0.0000000E+00   0.0000000E+00
   7.3078888E-02   1.4518405E+06   1.4518405E+06   7.6757861E+01   7.1248587E-01   4.5903853E+03   1.4460972E+06   1.4518405E+06   0.0000000E+00   0.0000000E+00   0.0000000E+00   0.0000000E+00   0.0000000E+00
   7.5916167E-02   1.3965756E+06   1.3965756E+06   6.4918305E+01   6.3602331E-01   4.2996896E+03   1.3910467E+06   1.3965756E+06   0.0000000E+00   0.0000000E+00   0.0000000E+00   0.0000000E+00   0.0000000E+00
   7.8798307E-02   1.3415096E+06   1.3415096E+06   5.8331289E+01   5.6794757E-01   4.0567944E+03   1.3361951E+06   1.3415096E+06   0.0000000E+00   0.0000000E+00   0.0000000E+00   0.0000000E+00   0.0000000E+00
   8.1732552E-02   1.2867537E+06   1.2867537E+06   5.4386416E+01   5.0723974E-01   3.7878850E+03   1.2816529E+06   1.2867537E+06   0.0000000E+00   0.0000000E+00   0.0000000E+00   0.0000000E+00   0.0000000E+00
   8.4725664E-02   1.2326251E+06   1.2326251E+06   4.5425429E+01   4.5298968E-01   3.5592522E+03   1.2277360E+06   1.2326251E+06   0.0000000E+00   0.0000000E+00   0.0000000E+00   0.0000000E+00   0.0000000E+00
   8.7784021E-02   1.1796014E+06   1.1796014E+06   4.3201522E+01   4.0454148E-01   3.3357898E+03   1.1749201E+06   1.1796014E+06   0.0000000E+00   0.0000000E+00   0.0000000E+00   0.0000000E+00   0.0000000E+00
   9.0913704E-02   1.1282636E+06   1.1282636E+06   3.6418827E+01   3.6133862E-01   3.1360707E+03   1.1237837E+06   1.1282636E+06   0.0000000E+00   0.0000000E+00   0.0000000E+00   0.0000000E+00   0.0000000E+00
   9.4120565E-02   1.0792271E+06   1.0792271E+06   3.3503441E+01   3.2298293E-01   2.9347480E+03   1.0749399E+06   1.0792271E+06   0.0000000E+00   0.0000000E+00   0.0000000E+00   0.0000000E+00   0.0000000E+00
   9.7410286E-02   1.0330655E+06   1.0330655E+06   3.0526774E+01   2.8899245E-01   2.7705687E+03   1.0289598E+06   1.0330655E+06   0.0000000E+00   0.0000000E+00   0.0000000E+00   0.0000000E+00   0.0000000E+00
   1.0078843E-01   9.9023063E+05   9.9023063E+05   2.6454567E+01   2.5897143E-01   2.6158433E+03   9.8629359E+05   9.9023063E+05   0.0000000E+00   0.0000000E+00   0.0000000E+00   0.0000000E+00   0.0000000E+00
   1.0426048E-01   9.5097935E+05   9.5097935E+05   2.3288506E+01   2.3254480E-01   2.4696566E+03   9.4719691E+05   9.5097935E+05   0.0000000E+00   0.0000000E+00   0.0000000E+00   0.0000000E+00   0.0000000E+00
   1.0783187E-01   9.1531550E+05   9.1531550E+05   2.0926409E+01   2.0927380E-01   2.3392695E+03   9.1167357E+05   9.1531550E+05   0.0000000E+00   0.0000000E+00   0.0000000E+00   0.0000000E+00   0.0000000E+00
   1.1150801E-01   8.8295887E+05   8.8295887E+05   1.8899226E+01   1.8874776E-01   2.2250821E+03   8.7944449E+05   8.8295887E+05   0.0000000E+00   0.0000000E+00   0.0000000E+00   0.0000000E+00   0.0000000E+00
   1.1529430E-01   8.5335113E+05   8.5335113E+05   1.7150034E+01   1.7055548E-01   2.1236525E+03   8.4995350E+05   8.5335113E+05   0.0000000E+00   0.0000000E+00   0.0000000E+00   0.0000000E+00   0.0000000E+00
   1.1919617E-01   8.2570533E+05   8.2570533E+05   1.5854250E+01   1.5431911E-01   2.0307018E+03   8.2241679E+05   8.2570533E+05   0.0000000E+00   0.0000000E+00   0.0000000E+00   0.0000000E+00   0.0000000E+00
   1.2321907E-01   7.9910023E+05   7.9910023E+05   1.4758518E+01   1.3968397E-01   1.9377738E+03   7.9591673E+05   7.9910023E+05   0.0000000E+00   0.0000000E+00   0.0000000E+00   0.0000000E+00   0.0000000E+00
   1.2736849E-01   7.7261178E+05   7.7261178E+05   1.2779598E+01   1.2636424E-01   1.8496594E+03   7.6953299E+05   7.7261178E+05   0.0000000E+00   0.0000000E+00   0.0000000E+00   0.0000000E+00   0.0000000E+00
   1.3164996E-01   7.4546512E+05   7.4546512E+05   1.1990563E+01   1.1412718E-01   1.7685679E+03   7.4249376E+05   7.4546512E+05   0.0000000E+00   0.0000000E+00   0.0000000E+00   0.0000000E+00   0.0000000E+00
   1.3606909E-01   7.1718044E+05   7.1718044E+05   1.0348395E+01   1.0282441E-01   1.6823332E+03   7.1432114E+05   7.1718044E+05   0.0000000E+00   0.0000000E+00   0.0000000E+00   0.0000000E+00   0.0000000E+00
   1.4063151E-01   6.8768085E+05   6.8768085E+05   9.4972363E+00   9.2378980E-02   1.5939367E+03   6.8493855E+05   6.8768085E+05   0.0000000E+00   0.0000000E+00   0.0000000E+00   0.0000000E+00   0.0000000E+00
   1.4534295E-01   6.5732998E+05   6.5732998E+05   8.6576762E+00   8.2762527E-02   1.5098501E+03   6.5470816E+05   6.5732998E+05   0.0000000E+00   0.0000000E+00   0.0000000E+00   0.0000000E+00   0.0000000E+00
   1.5020921E-01   6.2687603E+05   6.2687603E+05   7.7350050E+00   7.3992874E-02   1.4269633E+03   6.2437519E+05   6.2687603E+05   0.0000000E+00   0.0000000E+00   0.0000000E+00   0.0000000E+00   0.0000000E+00
   1.5523615E-01   5.9729778E+05   5.9729778E+05   6.7995729E+00   6.6090376E-02   1.3473574E+03   5.9491448E+05   5.9729778E+05   0.0000000E+00   0.0000000E+00   0.0000000E+00   0.0000000E+00   0.0000000E+00
   1.6042971E-01   5.6957378E+05   5.6957378E+05   5.9416803E+00   5.9063230E-02   1.2757353E+03   5.6730071E+05   5.6957378E+05   0.0000000E+00   0.0000000E+00   0.0000000E+00   0.0000000E+00   0.0000000E+00
   1.6579595E-01   5.4442444E+05   5.4442444E+05   5.4748886E+00   5.2884524E-02   1.2109830E+03   5.4225138E+05   5.4442444E+05   0.0000000E+00   0.0000000E+00   0.0000000E+00   0.0000000E+00   0.0000000E+00
   1.7134100E-01   5.2209726E+05   5.2209726E+05   4.8011535E+00   4.7482853E-02   1.1507923E+03   5.2001299E+05   5.2209726E+05   0.0000000E+00   0.0000000E+00   0.0000000E+00   0.0000000E+00   0.0000000E+00
   1.7707110E-01   5.0226929E+05   5.0226929E+05   4.4633527E+00   4.2749218E-02   1.0999046E+03   5.0026388E+05   5.0226929E+05   0.0000000E+00   0.0000000E+00   0.0000000E+00   0.0000000E+00   0.0000000E+00
   1.8299265E-01   4.8411820E+05   4.8411820E+05   4.0075393E+00   3.8553836E-02   1.0540560E+03   4.8218500E+05   4.8411820E+05   0.0000000E+00   0.0000000E+00   0.0000000E+00   0.0000000E+00   0.0000000E+00
   1.8911214E-01   4.6656527E+05   4.6656527E+05   3.6173502E+00   3.4769191E-02   1.0093038E+03   4.6470191E+05   4.6656527E+05   0.0000000E+00   0.0000000E+00   0.0000000E+00   0.0000000E+00   0.0000000E+00
   1.9543625E-01   4.4862904E+05   4.4862904E+05   3.2534467E+00   3.1298092E-02   9.6367379E+02   4.4683710E+05   4.4862904E+05   0.0000000E+00   0.0000000E+00   0.0000000E+00   0.0000000E+00   0.0000000E+00
   2.0197184E-01   4.2977174E+05   4.2977174E+05   2.8405600E+00   2.8081131E-02   9.1825719E+02   4.2805492E+05   4.2977174E+05   0.0000000E+00   0.0000000E+00   0.0000000E+00   0.0000000E+00   0.0000000E+00
   2.0872600E-01   4.1009862E+05   4.1009862E+05   2.6067098E+00   2.5107665E-02   8.7164112E+02   4.0846021E+05   4.1009862E+05   0.0000000E+00   0.0000000E+00   0.0000000E+00   0.0000000E+00   0.0000000E+00
   2.1570603E-01   3.9030731E+05   3.9030731E+05   2.2803641E+00   2.2394931E-02   8.2577382E+02   3.8874781E+05   3.9030731E+05   0.0000000E+00   0.0000000E+00   0.0000000E+00   0.0000000E+00   0.0000000E+00
   2.2291956E-01   3.7137926E+05   3.7137926E+05   2.0180419E+00   1.9967797E-02   7.8169571E+02   3.6989525E+05   3.7137926E+05   0.0000000E+00   0.0000000E+00   0.0000000E+00   0.0000000E+00   0.0000000E+00
   2.3037453E-01   3.5412850E+05   3.5412850E+05   1.8119050E+00   1.7834352E-02   7.4217163E+02   3.5271329E+05   3.5412850E+05   0.0000000E+00   0.0000000E+00   0.0000000E+00   0.0000000E+00   0.0000000E+00
   2.3807928E-01   3.3881432E+05   3.3881432E+05   1.6523167E+00   1.5974481E-02   7.0673864E+02   3.3746019E+05   3.3881432E+05   0.0000000E+00   0.0000000E+00   0.0000000E+00   0.0000000E+00   0.0000000E+00
   2.4604260E-01   3.2502370E+05   3.2502370E+05   1.4530478E+00   1.4342045E-02   6.7516033E+02   3.2372459E+05   3.2502370E+05   0.0000000E+00   0.0000000E+00   0.0000000E+00   0.0000000E+00   0.0000000E+00
   2.5427380E-01   3.1190904E+05   3.1190904E+05   1.3183296E+00   1.2881009E-02   6.4519792E+02   3.1066226E+05   3.1190904E+05   0.0000000E+00   0.0000000E+00   0.0000000E+00   0.0000000E+00   0.0000000E+00
   2.6278280E-01   2.9867071E+05   2.9867071E+05   1.1856983E+00   1.1547416E-02   6.1559443E+02   2.9747676E+05   2.9867071E+05   0.0000000E+00   0.0000000E+00   0.0000000E+00   0.0000000E+00   0.0000000E+00
   2.7158021E-01   2.8500920E+05   2.8500920E+05   1.0501532E+00   1.0320108E-02   5.8548932E+02   2.8386979E+05   2.8500920E+05   0.0000000E+00   0.0000000E+00   0.0000000E+00   0.0000000E+00   0.0000000E+00
   2.8067747E-01   2.7125956E+05   2.7125956E+05   9.4466208E-01   9.2011077E-03   5.5568863E+02   2.7017504E+05   2.7125956E+05   0.0000000E+00   0.0000000E+00   0.0000000E+00   0.0000000E+00   0.0000000E+00
   2.9008693E-01   2.5810636E+05   2.5810636E+05   8.3324730E-01   8.1999208E-03   5.2703623E+02   2.5707437E+05   2.5810636E+05   0.0000000E+00   0.0000000E+00   0.0000000E+00   0.0000000E+00   0.0000000E+00
   2.9982202E-01   2.4606741E+05   2.4606741E+05   7.4440899E-01   7.3188335E-03   5.0099083E+02   2.4508350E+05   2.4606741E+05   0.0000000E+00   0.0000000E+00   0.0000000E+00   0.0000000E+00   0.0000000E+00
   3.0989741E-01   2.3512333E+05   2.3512333E+05   6.6974812E-01   6.5447291E-03   4.7745133E+02   2.3418314E+05   2.3512333E+05   0.0000000E+00   0.0000000E+00   0.0000000E+00   0.0000000E+00   0.0000000E+00
   3.2032920E-01   2.2478165E+05   2.2478165E+05   5.9830091E-01   5.8542789E-03   4.5515605E+02   2.2388276E+05   2.2478165E+05   0.0000000E+00   0.0000000E+00   0.0000000E+00   0.0000000E+00   0.0000000E+00
   3.3113514E-01   2.1452013E+05   2.1452013E+05   5.3646973E-01   5.2284651E-03   4.3334276E+02   2.1366224E+05   2.1452013E+05   0.0000000E+00   0.0000000E+00   0.0000000E+00   0.0000000E+00   0.0000000E+00
   3.4233493E-01   2.0422015E+05   2.0422015E+05   4.7548596E-01   4.6582023E-03   4.1158771E+02   2.0340341E+05   2.0422015E+05   0.0000000E+00   0.0000000E+00   0.0000000E+00   0.0000000E+00   0.0000000E+00
   3.5395047E-01   1.9419569E+05   1.9419569E+05   4.2450075E-01   4.1447999E-03   3.9062076E+02   1.9341902E+05   1.9419569E+05   0.0000000E+00   0.0000000E+00   0.0000000E+00   0.0000000E+00   0.0000000E+00
   3.6600628E-01   1.8480703E+05   1.8480703E+05   3.7672902E-01   3.6893457E-03   3.7095236E+02   1.8406787E+05   1.8480703E+05   0.0000000E+00   0.0000000E+00   0.0000000E+00   0.0000000E+00   0.0000000E+00
   3.7852994E-01   1.7607291E+05   1.7607291E+05   3.3677609E-01   3.2858970E-03   3.5272723E+02   1.7536866E+05   1.7607291E+05   0.0000000E+00   0.0000000E+00   0.0000000E+00   0.0000000E+00   0.0000000E+00
   3.9155261E-01   1.6769685E+05   1.6769685E+05   2.9865657E-01   2.9246072E-03   3.3532853E+02   1.6702607E+05   1.6769685E+05   0.0000000E+00   0.0000000E+00   0.0000000E+00   0.0000000E+00   0.0000000E+00
   4.0510972E-01   1.5944522E+05   1.5944522E+05   2.6555140E-01   2.5980073E-03   3.1826904E+02   1.5880744E+05   1.5944522E+05   0.0000000E+00   0.0000000E+00   0.0000000E+00   0.0000000E+00   0.0000000E+00
   4.1924177E-01   1.5139181E+05   1.5139181E+05   2.3541674E-01   2.3037352E-03   3.0168587E+02   1.5078622E+05   1.5139181E+05   0.0000000E+00   0.0000000E+00   0.0000000E+00   0.0000000E+00   0.0000000E+00
   4.3399532E-01   1.4373276E+05   1.4373276E+05   2.0841790E-01   2.0409677E-03   2.8600345E+02   1.4315779E+05   1.4373276E+05   0.0000000E+00   0.0000000E+00   0.0000000E+00   0.0000000E+00   0.0000000E+00
   4.4942425E-01   1.3647248E+05   1.3647248E+05   1.8489355E-01   1.8070248E-03   2.7116653E+02   1.3592654E+05   1.3647248E+05   0.0000000E+00   0.0000000E+00   0.0000000E+00   0.0000000E+00   0.0000000E+00
   4.6559130E-01   1.2944541E+05   1.2944541E+05   1.6325732E-01   1.5971805E-03   2.5685645E+02   1.2892757E+05   1.2944541E+05   0.0000000E+00   0.0000000E+00   0.0000000E+00   0.0000000E+00   0.0000000E+00
   4.8257009E-01   1.2258922E+05   1.2258922E+05   1.4395955E-01   1.4081290E-03   2.4293696E+02   1.2209879E+05   1.2258922E+05   0.0000000E+00   0.0000000E+00   0.0000000E+00   0.0000000E+00   0.0000000E+00
   5.0044764E-01   1.1598740E+05   1.1598740E+05   1.2663580E-01   1.2388119E-03   2.2956417E+02   1.1552337E+05   1.1598740E+05   0.0000000E+00   0.0000000E+00   0.0000000E+00   0.0000000E+00   0.0000000E+00
   5.1932754E-01   1.0965320E+05   1.0965320E+05   1.1114616E-01   1.0875655E-03   2.1676524E+02   1.0921450E+05   1.0965320E+05   0.0000000E+00   0.0000000E+00   0.0000000E+00   0.0000000E+00   0.0000000E+00
   5.3933416E-01   1.0350193E+05   1.0350193E+05   9.7264504E-02   9.5189500E-04   2.0437528E+02   1.0308783E+05   1.0350193E+05   0.0000000E+00   0.0000000E+00   0.0000000E+00   0.0000000E+00   0.0000000E+00
   5.6061800E-01   9.7519004E+04   9.7519004E+04   8.4842187E-02   8.3008971E-04   1.9236349E+02   9.7128838E+04   9.7519004E+04   0.0000000E+00   0.0000000E+00   0.0000000E+00   0.0000000E+00   0.0000000E+00
   5.8336256E-01   9.1727954E+04   9.1727954E+04   7.3687424E-02   7.2111485E-04   1.8076296E+02   9.1360950E+04   9.1727954E+04   0.0000000E+00   0.0000000E+00   0.0000000E+00   0.0000000E+00   0.0000000E+00
   6.0779320E-01   8.6089600E+04   8.6089600E+04   6.3708462E-02   6.2346694E-04   1.6949130E+02   8.5745150E+04   8.6089600E+04   0.0000000E+00   0.0000000E+00   0.0000000E+00   0.0000000E+00   0.0000000E+00
   6.3418822E-01   8.0584467E+04   8.0584467E+04   5.4769230E-02   5.3608227E-04   1.5849333E+02   8.0262037E+04   8.0584467E+04   0.0000000E+00   0.0000000E+00   0.0000000E+00   0.0000000E+00   0.0000000E+00
   6.6289238E-01   7.5210897E+04   7.5210897E+04   4.6791420E-02   4.5792613E-04   1.4780294E+02   7.4909962E+04   7.5210897E+04   0.0000000E+00   0.0000000E+00   0.0000000E+00   0.0000000E+00   0.0000000E+00
   6.9433202E-01   6.9945168E+04   6.9945168E+04   3.9660844E-02   3.8819840E-04   1.3733336E+02   6.9665298E+04   6.9945168E+04   0.0000000E+00   0.0000000E+00   0.0000000E+00   0.0000000E+00   0.0000000E+00
   7.2902962E-01   6.4782259E+04   6.4782259E+04   3.3320405E-02   3.2614311E-04   1.2709234E+02   6.4523044E+04   6.4782259E+04   0.0000000E+00   0.0000000E+00   0.0000000E+00   0.0000000E+00   0.0000000E+00
   7.6761167E-01   5.9714834E+04   5.9714834E+04   2.7703610E-02   2.7116972E-04   1.1706450E+02   5.9475892E+04   5.9714834E+04   0.0000000E+00   0.0000000E+00   0.0000000E+00   0.0000000E+00   0.0000000E+00
   8.1079867E-01   5.4748271E+04   5.4748271E+04   2.2765576E-02   2.2284559E-04   1.0724847E+02   5.4529199E+04   5.4748271E+04   0.0000000E+00   0.0000000E+00   0.0000000E+00   0.0000000E+00   0.0000000E+00
   8.5936012E-01   4.9900410E+04   4.9900410E+04   1.8470741E-02   1.8080854E-04   9.7680640E+01   4.9700734E+04   4.9900410E+04   0.0000000E+00   0.0000000E+00   0.0000000E+00   0.0000000E+00   0.0000000E+00
   9.1402113E-01   4.5207770E+04   4.5207770E+04   1.4791988E-02   1.4480651E-04   8.8430026E+01   4.5026869E+04   4.5207770E+04   0.0000000E+00   0.0000000E+00   0.0000000E+00   0.0000000E+00   0.0000000E+00
   9.7533417E-01   4.0723063E+04   4.0723063E+04   1.1701884E-02   1.1456063E-04   7.9606178E+01   4.0560106E+04   4.0723063E+04   0.0000000E+00   0.0000000E+00   0.0000000E+00   0.0000000E+00   0.0000000E+00
   1.0435811E+00   3.6504643E+04   3.6504643E+04   9.1625073E-03   8.9702868E-05   7.1322648E+01   3.6358565E+04   3.6504643E+04   0.0000000E+00   0.0000000E+00   0.0000000E+00   0.0000000E+00   0.0000000E+00
   1.1187911E+00   3.2601575E+04   3.2601575E+04   7.1196054E-03   6.9707065E-05   6.3659315E+01   3.2471114E+04   3.2601575E+04   0.0000000E+00   0.0000000E+00   0.0000000E+00   0.0000000E+00   0.0000000E+00
   1.2008850E+00   2.9042217E+04   2.9042217E+04   5.5047672E-03   5.3898226E-05   5.6684952E+01   2.8925999E+04   2.9042217E+04   0.0000000E+00   0.0000000E+00   0.0000000E+00   0.0000000E+00   0.0000000E+00
   1.2898473E+00   2.5829949E+04   2.5829949E+04   4.2438895E-03   4.1552998E-05   5.0395496E+01   2.5726584E+04   2.5829949E+04   0.0000000E+00   0.0000000E+00   0.0000000E+00   0.0000000E+00   0.0000000E+00
   1.3858226E+00   2.2949019E+04   2.2949019E+04   3.2674194E-03   3.1983517E-05   4.4758168E+01   2.2857182E+04   2.2949019E+04   0.0000000E+00   0.0000000E+00   0.0000000E+00   0.0000000E+00   0.0000000E+00
   1.4891236E+00   2.0374850E+04   2.0374850E+04   2.5119456E-03   2.4594213E-05   3.9725345E+01   2.0293314E+04   2.0374850E+04   0.0000000E+00   0.0000000E+00   0.0000000E+00   0.0000000E+00   0.0000000E+00
   1.6001949E+00   1.8078980E+04   1.8078980E+04   1.9300135E-03   1.8899314E-05   3.5240236E+01   1.8006631E+04   1.8078980E+04   0.0000000E+00   0.0000000E+00   0.0000000E+00   0.0000000E+00   0.0000000E+00
   1.7195740E+00   1.6033691E+04   1.6033691E+04   1.4822070E-03   1.4515351E-05   3.1246031E+01   1.5969527E+04   1.6033691E+04   0.0000000E+00   0.0000000E+00   0.0000000E+00   0.0000000E+00   0.0000000E+00
   1.8478658E+00   1.4213010E+04   1.4213010E+04   1.1377702E-03   1.1143248E-05   2.7692501E+01   1.4156131E+04   1.4213010E+04   0.0000000E+00   0.0000000E+00   0.0000000E+00   0.0000000E+00   0.0000000E+00
   1.9857307E+00   1.2593350E+04   1.2593350E+04   8.7298126E-04   8.5503626E-06   2.4532903E+01   1.2542953E+04   1.2593350E+04   0.0000000E+00   0.0000000E+00   0.0000000E+00   0.0000000E+00   0.0000000E+00
   2.1338817E+00   1.1153326E+04   1.1153326E+04   6.6952176E-04   6.5582783E-06   2.1723513E+01   1.1108691E+04   1.1153326E+04   0.0000000E+00   0.0000000E+00   0.0000000E+00   0.0000000E+00   0.0000000E+00
   2.2930860E+00   9.8737751E+03   9.8737751E+03   5.1326420E-04   5.0279981E-06   1.9229163E+01   9.8342615E+03   9.8737751E+03   0.0000000E+00   0.0000000E+00   0.0000000E+00   0.0000000E+00   0.0000000E+00
   2.4641681E+00   8.7374075E+03   8.7374075E+03   3.9331047E-04   3.8533365E-06   1.7014084E+01   8.7024414E+03   8.7374075E+03   0.0000000E+00   0.0000000E+00   0.0000000E+00   0.0000000E+00   0.0000000E+00
   2.6480143E+00   7.7287310E+03   7.7287310E+03   3.0125365E-04   2.9519933E-06   1.5048289E+01   7.6978015E+03   7.7287310E+03   0.0000000E+00   0.0000000E+00   0.0000000E+00   0.0000000E+00   0.0000000E+00
   2.8455769E+00   6.8338535E+03   6.8338535E+03   2.3054091E-04   2.2606004E-06   1.3304859E+01   6.8065051E+03   6.8338535E+03   0.0000000E+00   0.0000000E+00   0.0000000E+00   0.0000000E+00   0.0000000E+00
   3.0578793E+00   6.0403219E+03   6.0403219E+03   1.7659886E-04   1.7305302E-06   1.1759061E+01   6.0161492E+03   6.0403219E+03   0.0000000E+00   0.0000000E+00   0.0000000E+00   0.0000000E+00   0.0000000E+00
   3.2860210E+00   5.3369897E+03   5.3369897E+03   1.3511104E-04   1.3242945E-06   1.0389310E+01   5.3156316E+03   5.3369897E+03   0.0000000E+00   0.0000000E+00   0.0000000E+00   0.0000000E+00   0.0000000E+00
   3.5311839E+00   4.7138881E+03   4.7138881E+03   1.0333909E-04   1.0130919E-06   9.1758039E+00   4.6950236E+03   4.7138881E+03   0.0000000E+00   0.0000000E+00   0.0000000E+00   0.0000000E+00   0.0000000E+00
   3.7946378E+00   4.1621083E+03   4.1621083E+03   7.9011606E-05   7.7478306E-07   8.1013203E+00   4.1454519E+03   4.1621083E+03   0.0000000E+00   0.0000000E+00   0.0000000E+00   0.0000000E+00   0.0000000E+00
   4.0777475E+00   3.6736949E+03   3.6736949E+03   6.0397218E-05   5.9234378E-07   7.1504857E+00   3.6589931E+03   3.6736949E+03   0.0000000E+00   0.0000000E+00   0.0000000E+00   0.0000000E+00   0.0000000E+00
   4.3819794E+00   3.2415492E+03   3.2415492E+03   4.6148006E-05   4.5274211E-07   6.3091328E+00   3.2285768E+03   3.2415492E+03   0.0000000E+00   0.0000000E+00   0.0000000E+00   0.0000000E+00   0.0000000E+00
   4.7089094E+00   2.8593415E+03   2.8593415E+03   3.5248785E-05   3.4594771E-07   5.5649423E+00   2.8478986E+03   2.8593415E+03   0.0000000E+00   0.0000000E+00   0.0000000E+00   0.0000000E+00   0.0000000E+00
   5.0602309E+00   2.5214319E+03   2.5214319E+03   2.6916542E-05   2.6427662E-07   4.9072089E+00   2.5113413E+03   2.5214319E+03   0.0000000E+00   0.0000000E+00   0.0000000E+00   0.0000000E+00   0.0000000E+00
   5.4377637E+00   2.2227980E+03   2.2227980E+03   2.0547898E-05   2.0183849E-07   4.3257965E+00   2.2139025E+03   2.2227980E+03   0.0000000E+00   0.0000000E+00   0.0000000E+00   0.0000000E+00   0.0000000E+00
   5.8434635E+00   1.9589705E+03   1.9589705E+03   1.5679050E-05   1.5411784E-07   3.8123359E+00   1.9511308E+03   1.9589705E+03   0.0000000E+00   0.0000000E+00   0.0000000E+00   0.0000000E+00   0.0000000E+00
   6.2794316E+00   1.7259747E+03   1.7259747E+03   1.1965341E-05   1.1765673E-07   3.3588094E+00   1.7190675E+03   1.7259747E+03   0.0000000E+00   0.0000000E+00   0.0000000E+00   0.0000000E+00   0.0000000E+00
   6.7479263E+00   1.5202776E+03   1.5202776E+03   9.1265373E-06   8.9804624E-08   2.9585045E+00   1.5141936E+03   1.5202776E+03   0.0000000E+00   0.0000000E+00   0.0000000E+00   0.0000000E+00   0.0000000E+00
   7.2513745E+00   1.3387410E+03   1.3387410E+03   6.9597850E-06   6.8535710E-08   2.6051476E+00   1.3333834E+03   1.3387410E+03   0.0000000E+00   0.0000000E+00   0.0000000E+00   0.0000000E+00   0.0000000E+00
   7.7923838E+00   1.1785784E+03   1.1785784E+03   5.3057351E-06   5.2296542E-08   2.2934505E+00   1.1738618E+03   1.1785784E+03   0.0000000E+00   0.0000000E+00   0.0000000E+00   0.0000000E+00   0.0000000E+00
   8.3737566E+00   1.0373172E+03   1.0373172E+03   4.0451722E-06   3.9900376E-08   2.0185757E+00   1.0331659E+03   1.0373172E+03   0.0000000E+00   0.0000000E+00   0.0000000E+00   0.0000000E+00   0.0000000E+00
