#           k/h    CDM            baryon         photon         nu             mass_nu        total          no_nu          total_de       Weyl           v_CDM          v_b            v_b-v_c     
   1.0607177E-05   6.1776837E+06   6.1776837E+06   8.2356201E+06   9.6242932E+03   5.5830462E+05   6.1777896E+06   6.1776837E+06   0.0000000E+00   0.0000000E+00   0.0000000E+00   0.0000000E+00   0.0000000E+00
   1.1398555E-05   6.1776827E+06   6.1776827E+06   8.2354189E+06   9.6241470E+03   5.5829982E+05   6.1777885E+06   6.1776827E+06   0.0000000E+00   0.0000000E+00   0.0000000E+00   0.0000000E+00   0.0000000E+00
   1.2248977E-05   6.1776816E+06   6.1776816E+06   8.2351866E+06   9.6239781E+03   5.5829428E+05   6.1777873E+06   6.1776816E+06   0.0000000E+00   0.0000000E+00   0.0000000E+00   0.0000000E+00   0.0000000E+00
   1.3162846E-05   6.1776803E+06   6.1776803E+06   8.2349183E+06   9.6237831E+03   5.5828787E+05   6.1777859E+06   6.1776803E+06   0.0000000E+00   0.0000000E+00   0.0000000E+00   0.0000000E+00   0.0000000E+00
   1.4144898E-05   6.1776788E+06   6.1776788E+06   8.2346085E+06   9.6235578E+03   5.5828048E+05   6.1777842E+06   6.1776788E+06   0.0000000E+00   0.0000000E+00   0.0000000E+00   0.0000000E+00   0.0000000E+00
   1.5200218E-05   6.1776770E+06   6.1776770E+06   8.2342508E+06   9.6232978E+03   5.5827195E+05   6.1777823E+06   6.1776770E+06   0.0000000E+00   0.0000000E+00   0.0000000E+00   0.0000000E+00   0.0000000E+00
   1.6334273E-05   6.1776750E+06   6.1776750E+06   8.2338377E+06   9.6229975E+03   5.5826209E+05   6.1777802E+06   6.1776750E+06   0.0000000E+00   0.0000000E+00   0.0000000E+00   0.0000000E+00   0.0000000E+00
   1.7552938E-05   6.1776726E+06   6.1776726E+06   8.2333606E+06   9.6226507E+03   5.5825072E+05   6.1777776E+06   6.1776726E+06   0.0000000E+00   0.0000000E+00   0.0000000E+00   0.0000000E+00   0.0000000E+00
   1.8862524E-05   6.1776699E+06   6.1776699E+06   8.2328098E+06   9.6222503E+03   5.5823758E+05   6.1777747E+06   6.1776699E+06   0.0000000E+00   0.0000000E+00   0.0000000E+00   0.0000000E+00   0.0000000E+00
   2.0269816E-05   6.1776668E+06   6.1776668E+06   8.2321738E+06   9.6217879E+03   5.5822241E+05   6.1777714E+06   6.1776668E+06   0.0000000E+00   0.0000000E+00   0.0000000E+00   0.0000000E+00   0.0000000E+00
   2.1782103E-05   6.1776632E+06   6.1776632E+06   8.2314394E+06   9.6212540E+03   5.5820489E+05   6.1777675E+06   6.1776632E+06   0.0000000E+00   0.0000000E+00   0.0000000E+00   0.0000000E+00   0.0000000E+00
   2.3407219E-05   6.1776590E+06   6.1776590E+06   8.2305913E+06   9.6206375E+03   5.5818467E+05   6.1777630E+06   6.1776590E+06   0.0000000E+00   0.0000000E+00   0.0000000E+00   0.0000000E+00   0.0000000E+00
   2.5153581E-05   6.1776542E+06   6.1776542E+06   8.2296122E+06   9.6199256E+03   5.5816132E+05   6.1777578E+06   6.1776542E+06   0.0000000E+00   0.0000000E+00   0.0000000E+00   0.0000000E+00   0.0000000E+00
   2.7030235E-05   6.1776486E+06   6.1776486E+06   8.2284816E+06   9.6191036E+03   5.5813436E+05   6.1777518E+06   6.1776486E+06   0.0000000E+00   0.0000000E+00   0.0000000E+00   0.0000000E+00   0.0000000E+00
   2.9046902E-05   6.1776422E+06   6.1776422E+06   8.2271762E+06   9.6181544E+03   5.5810323E+05   6.1777449E+06   6.1776422E+06   0.0000000E+00   0.0000000E+00   0.0000000E+00   0.0000000E+00   0.0000000E+00
   3.1214028E-05   6.1776348E+06   6.1776348E+06   8.2256689E+06   9.6170585E+03   5.5806730E+05   6.1777369E+06   6.1776348E+06   0.0000000E+00   0.0000000E+00   0.0000000E+00   0.0000000E+00   0.0000000E+00
   3.3542839E-05   6.1776262E+06   6.1776262E+06   8.2239288E+06   9.6157932E+03   5.5802582E+05   6.1777277E+06   6.1776262E+06   0.0000000E+00   0.0000000E+00   0.0000000E+00   0.0000000E+00   0.0000000E+00
   3.6045397E-05   6.1776163E+06   6.1776163E+06   8.2219197E+06   9.6143322E+03   5.5797793E+05   6.1777171E+06   6.1776163E+06   0.0000000E+00   0.0000000E+00   0.0000000E+00   0.0000000E+00   0.0000000E+00
   3.8734666E-05   6.1776049E+06   6.1776049E+06   8.2196002E+06   9.6126454E+03   5.5792266E+05   6.1777048E+06   6.1776049E+06   0.0000000E+00   0.0000000E+00   0.0000000E+00   0.0000000E+00   0.0000000E+00
   4.1624575E-05   6.1775917E+06   6.1775917E+06   8.2169225E+06   9.6106980E+03   5.5785886E+05   6.1776906E+06   6.1775917E+06   0.0000000E+00   0.0000000E+00   0.0000000E+00   0.0000000E+00   0.0000000E+00
   4.4730095E-05   6.1775765E+06   6.1775765E+06   8.2138314E+06   9.6084496E+03   5.5778523E+05   6.1776742E+06   6.1775765E+06   0.0000000E+00   0.0000000E+00   0.0000000E+00   0.0000000E+00   0.0000000E+00
   4.8067310E-05   6.1775589E+06   6.1775589E+06   8.2102631E+06   9.6058541E+03   5.5770026E+05   6.1776553E+06   6.1775589E+06   0.0000000E+00   0.0000000E+00   0.0000000E+00   0.0000000E+00   0.0000000E+00
   5.1653507E-05   6.1775386E+06   6.1775386E+06   8.2061445E+06   9.6028578E+03   5.5760222E+05   6.1776335E+06   6.1775386E+06   0.0000000E+00   0.0000000E+00   0.0000000E+00   0.0000000E+00   0.0000000E+00
   5.5507263E-05   6.1775152E+06   6.1775152E+06   8.2013908E+06   9.5993990E+03   5.5748909E+05   6.1776083E+06   6.1775152E+06   0.0000000E+00   0.0000000E+00   0.0000000E+00   0.0000000E+00   0.0000000E+00
   5.9648540E-05   6.1774881E+06   6.1774881E+06   8.1959046E+06   9.5954067E+03   5.5735858E+05   6.1775792E+06   6.1774881E+06   0.0000000E+00   0.0000000E+00   0.0000000E+00   0.0000000E+00   0.0000000E+00
   6.4098788E-05   6.1774568E+06   6.1774568E+06   8.1895735E+06   9.5907988E+03   5.5720805E+05   6.1775455E+06   6.1774568E+06   0.0000000E+00   0.0000000E+00   0.0000000E+00   0.0000000E+00   0.0000000E+00
   6.8881059E-05   6.1774208E+06   6.1774208E+06   8.1822684E+06   9.5854808E+03   5.5703446E+05   6.1775067E+06   6.1774208E+06   0.0000000E+00   0.0000000E+00   0.0000000E+00   0.0000000E+00   0.0000000E+00
   7.4020125E-05   6.1773791E+06   6.1773791E+06   8.1738402E+06   9.5793439E+03   5.5683430E+05   6.1774619E+06   6.1773791E+06   0.0000000E+00   0.0000000E+00   0.0000000E+00   0.0000000E+00   0.0000000E+00
   7.9542606E-05   6.1773310E+06   6.1773310E+06   8.1641179E+06   9.5722628E+03   5.5660357E+05   6.1774102E+06   6.1773310E+06   0.0000000E+00   0.0000000E+00   0.0000000E+00   0.0000000E+00   0.0000000E+00
   8.5477107E-05   6.1772755E+06   6.1772755E+06   8.1529044E+06   9.5640931E+03   5.5633769E+05   6.1773505E+06   6.1772755E+06   0.0000000E+00   0.0000000E+00   0.0000000E+00   0.0000000E+00   0.0000000E+00
   9.1854369E-05   6.1772114E+06   6.1772114E+06   8.1399736E+06   9.5546688E+03   5.5603138E+05   6.1772815E+06   6.1772114E+06   0.0000000E+00   0.0000000E+00   0.0000000E+00   0.0000000E+00   0.0000000E+00
   9.8707424E-05   6.1771373E+06   6.1771373E+06   8.1250657E+06   9.5437991E+03   5.5567863E+05   6.1772019E+06   6.1771373E+06   0.0000000E+00   0.0000000E+00   0.0000000E+00   0.0000000E+00   0.0000000E+00
   1.0607177E-04   6.1770519E+06   6.1770519E+06   8.1078828E+06   9.5312646E+03   5.5527257E+05   6.1771100E+06   6.1770519E+06   0.0000000E+00   0.0000000E+00   0.0000000E+00   0.0000000E+00   0.0000000E+00
   1.1398555E-04   6.1769533E+06   6.1769533E+06   8.0880834E+06   9.5168136E+03   5.5480539E+05   6.1770040E+06   6.1769533E+06   0.0000000E+00   0.0000000E+00   0.0000000E+00   0.0000000E+00   0.0000000E+00
   1.2248977E-04   6.1768395E+06   6.1768395E+06   8.0652769E+06   9.5001571E+03   5.5426818E+05   6.1768816E+06   6.1768395E+06   0.0000000E+00   0.0000000E+00   0.0000000E+00   0.0000000E+00   0.0000000E+00
   1.3162846E-04   6.1767082E+06   6.1767082E+06   8.0390168E+06   9.4809641E+03   5.5365086E+05   6.1767403E+06   6.1767082E+06   0.0000000E+00   0.0000000E+00   0.0000000E+00   0.0000000E+00   0.0000000E+00
   1.4144898E-04   6.1765566E+06   6.1765566E+06   8.0087938E+06   9.4588559E+03   5.5294203E+05   6.1765773E+06   6.1765566E+06   0.0000000E+00   0.0000000E+00   0.0000000E+00   0.0000000E+00   0.0000000E+00
   1.5200218E-04   6.1763817E+06   6.1763817E+06   7.9740279E+06   9.4333996E+03   5.5212885E+05   6.1763892E+06   6.1763817E+06   0.0000000E+00   0.0000000E+00   0.0000000E+00   0.0000000E+00   0.0000000E+00
   1.6334273E-04   6.1761799E+06   6.1761799E+06   7.9340604E+06   9.4041012E+03   5.5119689E+05   6.1761722E+06   6.1761799E+06   0.0000000E+00   0.0000000E+00   0.0000000E+00   0.0000000E+00   0.0000000E+00
   1.7552938E-04   6.1759471E+06   6.1759471E+06   7.8881452E+06   9.3703982E+03   5.5013009E+05   6.1759219E+06   6.1759471E+06   0.0000000E+00   0.0000000E+00   0.0000000E+00   0.0000000E+00   0.0000000E+00
   1.8862524E-04   6.1756786E+06   6.1756786E+06   7.8354395E+06   9.3316519E+03   5.4891061E+05   6.1756332E+06   6.1756786E+06   0.0000000E+00   0.0000000E+00   0.0000000E+00   0.0000000E+00   0.0000000E+00
   2.0269816E-04   6.1753690E+06   6.1753690E+06   7.7749955E+06   9.2871383E+03   5.4751883E+05   6.1753003E+06   6.1753690E+06   0.0000000E+00   0.0000000E+00   0.0000000E+00   0.0000000E+00   0.0000000E+00
   2.1782103E-04   6.1750121E+06   6.1750121E+06   7.7057517E+06   9.2360398E+03   5.4593333E+05   6.1749166E+06   6.1750121E+06   0.0000000E+00   0.0000000E+00   0.0000000E+00   0.0000000E+00   0.0000000E+00
   2.3407219E-04   6.1746007E+06   6.1746007E+06   7.6265259E+06   9.1774364E+03   5.4413103E+05   6.1744742E+06   6.1746007E+06   0.0000000E+00   0.0000000E+00   0.0000000E+00   0.0000000E+00   0.0000000E+00
   2.5153581E-04   6.1741266E+06   6.1741266E+06   7.5360101E+06   9.1102977E+03   5.4208738E+05   6.1739646E+06   6.1741266E+06   0.0000000E+00   0.0000000E+00   0.0000000E+00   0.0000000E+00   0.0000000E+00
   2.7030235E-04   6.1735804E+06   6.1735804E+06   7.4327681E+06   9.0334753E+03   5.3977678E+05   6.1733775E+06   6.1735804E+06   0.0000000E+00   0.0000000E+00   0.0000000E+00   0.0000000E+00   0.0000000E+00
   2.9046902E-04   6.1729516E+06   6.1729516E+06   7.3152386E+06   8.9456979E+03   5.3717313E+05   6.1727016E+06   6.1729516E+06   0.0000000E+00   0.0000000E+00   0.0000000E+00   0.0000000E+00   0.0000000E+00
   3.1214028E-04   6.1722277E+06   6.1722277E+06   7.1817446E+06   8.8455685E+03   5.3425079E+05   6.1719237E+06   6.1722277E+06   0.0000000E+00   0.0000000E+00   0.0000000E+00   0.0000000E+00   0.0000000E+00
   3.3542839E-04   6.1713949E+06   6.1713949E+06   7.0305120E+06   8.7315667E+03   5.3098576E+05   6.1710288E+06   6.1713949E+06   0.0000000E+00   0.0000000E+00   0.0000000E+00   0.0000000E+00   0.0000000E+00
   3.6045397E-04   6.1704374E+06   6.1704374E+06   6.8597009E+06   8.6020564E+03   5.2735734E+05   6.1700001E+06   6.1704374E+06   0.0000000E+00   0.0000000E+00   0.0000000E+00   0.0000000E+00   0.0000000E+00
   3.8734666E-04   6.1693370E+06   6.1693370E+06   6.6674528E+06   8.4553031E+03   5.2335031E+05   6.1688181E+06   6.1693370E+06   0.0000000E+00   0.0000000E+00   0.0000000E+00   0.0000000E+00   0.0000000E+00
   4.1624575E-04   6.1680735E+06   6.1680735E+06   6.4519590E+06   8.2895014E+03   5.1895762E+05   6.1674613E+06   6.1680735E+06   0.0000000E+00   0.0000000E+00   0.0000000E+00   0.0000000E+00   0.0000000E+00
   4.4730095E-04   6.1666239E+06   6.1666239E+06   6.2115533E+06   8.1028182E+03   5.1418367E+05   6.1659049E+06   6.1666239E+06   0.0000000E+00   0.0000000E+00   0.0000000E+00   0.0000000E+00   0.0000000E+00
   4.8067310E-04   6.1649622E+06   6.1649622E+06   5.9448370E+06   7.8934542E+03   5.0904809E+05   6.1641214E+06   6.1649622E+06   0.0000000E+00   0.0000000E+00   0.0000000E+00   0.0000000E+00   0.0000000E+00
   5.1653507E-04   6.1630595E+06   6.1630595E+06   5.6508366E+06   7.6597279E+03   5.0358983E+05   6.1620798E+06   6.1630595E+06   0.0000000E+00   0.0000000E+00   0.0000000E+00   0.0000000E+00   0.0000000E+00
   5.5507263E-04   6.1608833E+06   6.1608833E+06   5.3292005E+06   7.4001871E+03   4.9787125E+05   6.1597459E+06   6.1608833E+06   0.0000000E+00   0.0000000E+00   0.0000000E+00   0.0000000E+00   0.0000000E+00
   5.9648540E-04   6.1583976E+06   6.1583976E+06   4.9804325E+06   7.1137505E+03   4.9198144E+05   6.1570812E+06   6.1583976E+06   0.0000000E+00   0.0000000E+00   0.0000000E+00   0.0000000E+00   0.0000000E+00
   6.4098788E-04   6.1555627E+06   6.1555627E+06   4.6061566E+06   6.7998803E+03   4.8603783E+05   6.1540439E+06   6.1555627E+06   0.0000000E+00   0.0000000E+00   0.0000000E+00   0.0000000E+00   0.0000000E+00
   6.8881059E-04   6.1523346E+06   6.1523346E+06   4.2093978E+06   6.4587866E+03   4.8018465E+05   6.1505877E+06   6.1523346E+06   0.0000000E+00   0.0000000E+00   0.0000000E+00   0.0000000E+00   0.0000000E+00
   7.4020125E-04   6.1486655E+06   6.1486655E+06   3.7948539E+06   6.0916539E+03   4.7458615E+05   6.1466623E+06   6.1486655E+06   0.0000000E+00   0.0000000E+00   0.0000000E+00   0.0000000E+00   0.0000000E+00
   7.9542606E-04   6.1445032E+06   6.1445032E+06   3.3691123E+06   5.7008770E+03   4.6941235E+05   6.1422134E+06   6.1445032E+06   0.0000000E+00   0.0000000E+00   0.0000000E+00   0.0000000E+00   0.0000000E+00
   8.5477107E-04   6.1397915E+06   6.1397915E+06   2.9407504E+06   5.2902793E+03   4.6481477E+05   6.1371826E+06   6.1397915E+06   0.0000000E+00   0.0000000E+00   0.0000000E+00   0.0000000E+00   0.0000000E+00
   9.1854369E-04   6.1344699E+06   6.1344699E+06   2.5202367E+06   4.8652754E+03   4.6089050E+05   6.1315077E+06   6.1344699E+06   0.0000000E+00   0.0000000E+00   0.0000000E+00   0.0000000E+00   0.0000000E+00
   9.8707424E-04   6.1284735E+06   6.1284735E+06   2.1195344E+06   4.4329239E+03   4.5763447E+05   6.1251229E+06   6.1284735E+06   0.0000000E+00   0.0000000E+00   0.0000000E+00   0.0000000E+00   0.0000000E+00
   1.0607177E-03   6.1217336E+06   6.1217336E+06   1.7513105E+06   4.0018033E+03   4.5488412E+05   6.1179587E+06   6.1217336E+06   0.0000000E+00   0.0000000E+00   0.0000000E+00   0.0000000E+00   0.0000000E+00
   1.1398555E-03   6.1141767E+06   6.1141767E+06   1.4276844E+06   3.5816401E+03   4.5226640E+05   6.1099423E+06   6.1141767E+06   0.0000000E+00   0.0000000E+00   0.0000000E+00   0.0000000E+00   0.0000000E+00
   1.2248977E-03   6.1057248E+06   6.1057248E+06   1.1585318E+06   3.1826288E+03   4.4916606E+05   6.1009974E+06   6.1057248E+06   0.0000000E+00   0.0000000E+00   0.0000000E+00   0.0000000E+00   0.0000000E+00
   1.3162846E-03   6.0962949E+06   6.0962949E+06   9.4950011E+05   2.8144239E+03   4.4474290E+05   6.0910439E+06   6.0962949E+06   0.0000000E+00   0.0000000E+00   0.0000000E+00   0.0000000E+00   0.0000000E+00
   1.4144898E-03   6.0857976E+06   6.0857976E+06   8.0010626E+05   2.4848636E+03   4.3803129E+05   6.0799972E+06   6.0857976E+06   0.0000000E+00   0.0000000E+00   0.0000000E+00   0.0000000E+00   0.0000000E+00
   1.5200218E-03   6.0741370E+06   6.0741370E+06   7.0252349E+05   2.1986058E+03   4.2814828E+05   6.0677674E+06   6.0741370E+06   0.0000000E+00   0.0000000E+00   0.0000000E+00   0.0000000E+00   0.0000000E+00
   1.6334273E-03   6.0612094E+06   6.0612094E+06   6.4183802E+05   1.9560037E+03   4.1460690E+05   6.0542583E+06   6.0612094E+06   0.0000000E+00   0.0000000E+00   0.0000000E+00   0.0000000E+00   0.0000000E+00
   1.7552938E-03   6.0469032E+06   6.0469032E+06   5.9848716E+05   1.7526717E+03   3.9766938E+05   6.0393667E+06   6.0469032E+06   0.0000000E+00   0.0000000E+00   0.0000000E+00   0.0000000E+00   0.0000000E+00
   1.8862524E-03   6.0310993E+06   6.0310993E+06   5.5306763E+05   1.5801962E+03   3.7858774E+05   6.0229823E+06   6.0310993E+06   0.0000000E+00   0.0000000E+00   0.0000000E+00   0.0000000E+00   0.0000000E+00
   2.0269816E-03   6.0136724E+06   6.0136724E+06   4.9259477E+05   1.4282170E+03   3.5950510E+05   6.0049880E+06   6.0136724E+06   0.0000000E+00   0.0000000E+00   0.0000000E+00   0.0000000E+00   0.0000000E+00
   2.1782103E-03   5.9944937E+06   5.9944937E+06   4.1580688E+05   1.2875616E+03   3.4281744E+05   5.9852615E+06   5.9944937E+06   0.0000000E+00   0.0000000E+00   0.0000000E+00   0.0000000E+00   0.0000000E+00
   2.3407219E-03   5.9734334E+06   5.9734334E+06   3.3406702E+05   1.1533521E+03   3.3003025E+05   5.9636769E+06   5.9734334E+06   0.0000000E+00   0.0000000E+00   0.0000000E+00   0.0000000E+00   0.0000000E+00
   2.5153581E-03   5.9503624E+06   5.9503624E+06   2.6524878E+05   1.0264143E+03   3.2061708E+05   5.9401058E+06   5.9503624E+06   0.0000000E+00   0.0000000E+00   0.0000000E+00   0.0000000E+00   0.0000000E+00
   2.7030235E-03   5.9251511E+06   5.9251511E+06   2.2188978E+05   9.1159116E+02   3.1185447E+05   5.9144159E+06   5.9251511E+06   0.0000000E+00   0.0000000E+00   0.0000000E+00   0.0000000E+00   0.0000000E+00
   2.9046902E-03   5.8976658E+06   5.8976658E+06   2.0084535E+05   8.1323468E+02   3.0046023E+05   5.8864685E+06   5.8976658E+06   0.0000000E+00   0.0000000E+00   0.0000000E+00   0.0000000E+00   0.0000000E+00
   3.1214028E-03   5.8677641E+06   5.8677641E+06   1.8463716E+05   7.3072958E+02   2.8548178E+05   5.8561154E+06   5.8677641E+06   0.0000000E+00   0.0000000E+00   0.0000000E+00   0.0000000E+00   0.0000000E+00
   3.3542839E-03   5.8352931E+06   5.8352931E+06   1.5762669E+05   6.5817608E+02   2.6978098E+05   5.8231995E+06   5.8352931E+06   0.0000000E+00   0.0000000E+00   0.0000000E+00   0.0000000E+00   0.0000000E+00
   3.6045397E-03   5.8000924E+06   5.8000924E+06   1.2326432E+05   5.8955157E+02   2.5727431E+05   5.7875587E+06   5.8000924E+06   0.0000000E+00   0.0000000E+00   0.0000000E+00   0.0000000E+00   0.0000000E+00
   3.8734666E-03   5.7619989E+06   5.7619989E+06   9.9606514E+04   5.2442307E+02   2.4760060E+05   5.7490317E+06   5.7619989E+06   0.0000000E+00   0.0000000E+00   0.0000000E+00   0.0000000E+00   0.0000000E+00
   4.1624575E-03   5.7208474E+06   5.7208474E+06   9.2625402E+04   4.6671670E+02   2.3575378E+05   5.7074574E+06   5.7208474E+06   0.0000000E+00   0.0000000E+00   0.0000000E+00   0.0000000E+00   0.0000000E+00
   4.4730095E-03   5.6764677E+06   5.6764677E+06   8.5515735E+04   4.1732338E+02   2.2002400E+05   5.6626709E+06   5.6764677E+06   0.0000000E+00   0.0000000E+00   0.0000000E+00   0.0000000E+00   0.0000000E+00
   4.8067310E-03   5.6286845E+06   5.6286845E+06   6.8480961E+04   3.7212318E+02   2.0593911E+05   5.6145028E+06   5.6286845E+06   0.0000000E+00   0.0000000E+00   0.0000000E+00   0.0000000E+00   0.0000000E+00
   5.1653507E-03   5.5773237E+06   5.5773237E+06   5.6944835E+04   3.2944273E+02   1.9544869E+05   5.5627861E+06   5.5773237E+06   0.0000000E+00   0.0000000E+00   0.0000000E+00   0.0000000E+00   0.0000000E+00
   5.5507263E-03   5.5222124E+06   5.5222124E+06   5.4460518E+04   2.9196809E+02   1.8240505E+05   5.5073541E+06   5.5222124E+06   0.0000000E+00   0.0000000E+00   0.0000000E+00   0.0000000E+00   0.0000000E+00
   5.9648540E-03   5.4631741E+06   5.4631741E+06   4.4353484E+04   2.5893748E+02   1.6859595E+05   5.4480314E+06   5.4631741E+06   0.0000000E+00   0.0000000E+00   0.0000000E+00   0.0000000E+00   0.0000000E+00
   6.4098788E-03   5.4000264E+06   5.4000264E+06   3.5632077E+04   2.2825645E+02   1.5899807E+05   5.3846289E+06   5.4000264E+06   0.0000000E+00   0.0000000E+00   0.0000000E+00   0.0000000E+00   0.0000000E+00
   6.8881059E-03   5.3325852E+06   5.3325852E+06   3.3486592E+04   2.0152596E+02   1.4664749E+05   5.3169576E+06   5.3325852E+06   0.0000000E+00   0.0000000E+00   0.0000000E+00   0.0000000E+00   0.0000000E+00
   7.4020125E-03   5.2606613E+06   5.2606613E+06   2.5498189E+04   1.7716150E+02   1.3557375E+05   5.2448378E+06   5.2606613E+06   0.0000000E+00   0.0000000E+00   0.0000000E+00   0.0000000E+00   0.0000000E+00
   7.9542606E-03   5.1840647E+06   5.1840647E+06   2.4071759E+04   1.5498034E+02   1.2597271E+05   5.1680952E+06   5.1840647E+06   0.0000000E+00   0.0000000E+00   0.0000000E+00   0.0000000E+00   0.0000000E+00
   8.5477107E-03   5.1026058E+06   5.1026058E+06   1.9164249E+04   1.3582901E+02   1.1500733E+05   5.0865372E+06   5.1026058E+06   0.0000000E+00   0.0000000E+00   0.0000000E+00   0.0000000E+00   0.0000000E+00
   9.1854369E-03   5.0160913E+06   5.0160913E+06   1.7627142E+04   1.1852677E+02   1.0616510E+05   4.9999579E+06   5.0160913E+06   0.0000000E+00   0.0000000E+00   0.0000000E+00   0.0000000E+00   0.0000000E+00
   9.8707424E-03   4.9243240E+06   4.9243240E+06   1.3494804E+04   1.0317908E+02   9.6551390E+04   4.9081683E+06   4.9243240E+06   0.0000000E+00   0.0000000E+00   0.0000000E+00   0.0000000E+00   0.0000000E+00
   1.0607177E-02   4.8271041E+06   4.8271041E+06   1.2660639E+04   8.9546116E+01   8.8057945E+04   4.8109766E+06   4.8271041E+06   0.0000000E+00   0.0000000E+00   0.0000000E+00   0.0000000E+00   0.0000000E+00
   1.1398555E-02   4.7242354E+06   4.7242354E+06   1.0054770E+04   7.7474560E+01   8.0732011E+04   4.7081796E+06   4.7242354E+06   0.0000000E+00   0.0000000E+00   0.0000000E+00   0.0000000E+00   0.0000000E+00
   1.2248977E-02   4.6155248E+06   4.6155248E+06   8.3499884E+03   6.6918580E+01   7.2390687E+04   4.5995867E+06   4.6155248E+06   0.0000000E+00   0.0000000E+00   0.0000000E+00   0.0000000E+00   0.0000000E+00
   1.3162846E-02   4.5007879E+06   4.5007879E+06   7.5586775E+03   5.7572445E+01   6.5311197E+04   4.4850172E+06   4.5007879E+06   0.0000000E+00   0.0000000E+00   0.0000000E+00   0.0000000E+00   0.0000000E+00
   1.4144898E-02   4.3798586E+06   4.3798586E+06   6.4369403E+03   4.9371043E+01   5.9230244E+04   4.3643012E+06   4.3798586E+06   0.0000000E+00   0.0000000E+00   0.0000000E+00   0.0000000E+00   0.0000000E+00
   1.5200218E-02   4.2525970E+06   4.2525970E+06   5.2710793E+03   4.2180333E+01   5.3329571E+04   4.2372998E+06   4.2525970E+06   0.0000000E+00   0.0000000E+00   0.0000000E+00   0.0000000E+00   0.0000000E+00
   1.6334273E-02   4.1189070E+06   4.1189070E+06   4.3044593E+03   3.5949553E+01   4.7715448E+04   4.1039191E+06   4.1189070E+06   0.0000000E+00   0.0000000E+00   0.0000000E+00   0.0000000E+00   0.0000000E+00
   1.7552938E-02   3.9787548E+06   3.9787548E+06   3.5952716E+03   3.0503313E+01   4.2560343E+04   3.9641214E+06   3.9787548E+06   0.0000000E+00   0.0000000E+00   0.0000000E+00   0.0000000E+00   0.0000000E+00
   1.8862524E-02   3.8321947E+06   3.8321947E+06   3.0730358E+03   2.5800615E+01   3.7779827E+04   3.8179616E+06   3.8321947E+06   0.0000000E+00   0.0000000E+00   0.0000000E+00   0.0000000E+00   0.0000000E+00
   2.0269816E-02   3.6794015E+06   3.6794015E+06   2.6189919E+03   2.1729808E+01   3.3327430E+04   3.6656131E+06   3.6794015E+06   0.0000000E+00   0.0000000E+00   0.0000000E+00   0.0000000E+00   0.0000000E+00
   2.1782101E-02   3.5207085E+06   3.5207085E+06   2.1070097E+03   1.8230093E+01   2.9218436E+04   3.5074058E+06   3.5207085E+06   0.0000000E+00   0.0000000E+00   0.0000000E+00   0.0000000E+00   0.0000000E+00
   2.3407204E-02   3.3566527E+06   3.3566527E+06   1.6497191E+03   1.5217553E+01   2.5884852E+04   3.3438749E+06   3.3566527E+06   0.0000000E+00   0.0000000E+00   0.0000000E+00   0.0000000E+00   0.0000000E+00
   2.5153503E-02   3.1880249E+06   3.1880249E+06   1.4674368E+03   1.2647625E+01   2.2638578E+04   3.1758060E+06   3.1880249E+06   0.0000000E+00   0.0000000E+00   0.0000000E+00   0.0000000E+00   0.0000000E+00
   2.7029869E-02   3.0159257E+06   3.0159257E+06   1.1152910E+03   1.0463005E+01   1.9812297E+04   3.0042943E+06   3.0159257E+06   0.0000000E+00   0.0000000E+00   0.0000000E+00   0.0000000E+00   0.0000000E+00
   2.9045413E-02   2.8418287E+06   2.8418287E+06   9.4937327E+02   8.6189990E+00   1.7141533E+04   2.8308068E+06   2.8418287E+06   0.0000000E+00   0.0000000E+00   0.0000000E+00   0.0000000E+00   0.0000000E+00
   3.1208698E-02   2.6676562E+06   2.6676562E+06   7.9475509E+02   7.0669408E+00   1.4953477E+04   2.6572569E+06   2.6676562E+06   0.0000000E+00   0.0000000E+00   0.0000000E+00   0.0000000E+00   0.0000000E+00
   3.3525925E-02   2.4958618E+06   2.4958618E+06   6.4066478E+02   5.7733007E+00   1.2999293E+04   2.4860874E+06   2.4958618E+06   0.0000000E+00   0.0000000E+00   0.0000000E+00   0.0000000E+00   0.0000000E+00
   3.5997540E-02   2.3294823E+06   2.3294823E+06   5.2004101E+02   4.7063580E+00   1.1260816E+04   2.3203218E+06   2.3294823E+06   0.0000000E+00   0.0000000E+00   0.0000000E+00   0.0000000E+00   0.0000000E+00
   3.8613423E-02   2.1720461E+06   2.1720461E+06   4.1945997E+02   3.8371125E+00   9.7416219E+03   2.1634733E+06   2.1720461E+06   0.0000000E+00   0.0000000E+00   0.0000000E+00   0.0000000E+00   0.0000000E+00
   4.1348807E-02   2.0271691E+06   2.0271691E+06   3.2488891E+02   3.1383107E+00   8.4948013E+03   2.0191423E+06   2.0271691E+06   0.0000000E+00   0.0000000E+00   0.0000000E+00   0.0000000E+00   0.0000000E+00
   4.4165180E-02   1.8977846E+06   1.8977846E+06   2.6649013E+02   2.5849733E+00   7.5240995E+03   1.8902489E+06   1.8977846E+06   0.0000000E+00   0.0000000E+00   0.0000000E+00   0.0000000E+00   0.0000000E+00
   4.7018862E-02   1.7853141E+06   1.7853141E+06   2.3381445E+02   2.1516440E+00   6.6592585E+03   1.7782077E+06   1.7853141E+06   0.0000000E+00   0.0000000E+00   0.0000000E+00   0.0000000E+00   0.0000000E+00
   4.9873187E-02   1.6893362E+06   1.6893362E+06   1.8663201E+02   1.8130053E+00   5.9585013E+03   1.6825978E+06   1.6893362E+06   0.0000000E+00   0.0000000E+00   0.0000000E+00   0.0000000E+00   0.0000000E+00
   5.2706175E-02   1.6079611E+06   1.6079611E+06   1.5900935E+02   1.5464968E+00   5.4471571E+03   1.6015359E+06   1.6079611E+06   0.0000000E+00   0.0000000E+00   0.0000000E+00   0.0000000E+00   0.0000000E+00
   5.5510514E-02   1.5385506E+06   1.5385506E+06   1.4358174E+02   1.3346497E+00   4.9817614E+03   1.5323932E+06   1.5385506E+06   0.0000000E+00   0.0000000E+00   0.0000000E+00   0.0000000E+00   0.0000000E+00
   5.8289125E-02   1.4783306E+06   1.4783306E+06   1.2137941E+02   1.1633306E+00   4.5874079E+03   1.4724064E+06   1.4783306E+06   0.0000000E+00   0.0000000E+00   0.0000000E+00   0.0000000E+00   0.0000000E+00
   6.1050419E-02   1.4247391E+06   1.4247391E+06   1.0399529E+02   1.0220320E+00   4.2859615E+03   1.4190228E+06   1.4247391E+06   0.0000000E+00   0.0000000E+00   0.0000000E+00   0.0000000E+00   0.0000000E+00
   6.3805006E-02   1.3755659E+06   1.3755659E+06   9.5613947E+01   9.0346027E-01   4.0139911E+03   1.3700412E+06   1.3755659E+06   0.0000000E+00   0.0000000E+00   0.0000000E+00   0.0000000E+00   0.0000000E+00
   6.6563873E-02   1.3289870E+06   1.3289870E+06   8.5720945E+01   8.0222836E-01   3.7443647E+03   1.3236444E+06   1.3289870E+06   0.0000000E+00   0.0000000E+00   0.0000000E+00   0.0000000E+00   0.0000000E+00
   6.9337543E-02   1.2835586E+06   1.2835586E+06   7.2656358E+01   7.1438200E-01   3.5186651E+03   1.2783943E+06   1.2835586E+06   0.0000000E+00   0.0000000E+00   0.0000000E+00   0.0000000E+00   0.0000000E+00
   7.2135762E-02   1.2382031E+06   1.2382031E+06   6.6174170E+01   6.3714778E-01   3.3259025E+03   1.2332174E+06   1.2382031E+06   0.0000000E+00   0.0000000E+00   0.0000000E+00   0.0000000E+00   0.0000000E+00
   7.4967454E-02   1.1921957E+06   1.1921957E+06   6.0998699E+01   5.6868838E-01   3.1095224E+03   1.1873920E+06   1.1921957E+06   0.0000000E+00   0.0000000E+00   0.0000000E+00   0.0000000E+00   0.0000000E+00
   7.7840789E-02   1.1451533E+06   1.1451533E+06   5.1086891E+01   5.0741712E-01   2.9204564E+03   1.1405362E+06   1.1451533E+06   0.0000000E+00   0.0000000E+00   0.0000000E+00   0.0000000E+00   0.0000000E+00
   8.0763293E-02   1.0970197E+06   1.0970197E+06   4.7837399E+01   4.5235965E-01   2.7509505E+03   1.0925941E+06   1.0970197E+06   0.0000000E+00   0.0000000E+00   0.0000000E+00   0.0000000E+00   0.0000000E+00
   8.3741956E-02   1.0480435E+06   1.0480435E+06   4.1544193E+01   4.0282784E-01   2.5575151E+03   1.0438131E+06   1.0480435E+06   0.0000000E+00   0.0000000E+00   0.0000000E+00   0.0000000E+00   0.0000000E+00
   8.6783344E-02   9.9874304E+05   9.9874304E+05   3.7103915E+01   3.5824152E-01   2.4088424E+03   9.9470967E+05   9.9874304E+05   0.0000000E+00   0.0000000E+00   0.0000000E+00   0.0000000E+00   0.0000000E+00
   8.9893685E-02   9.4985476E+05   9.4985476E+05   3.2432506E+01   3.1834358E-01   2.2344652E+03   9.4601704E+05   9.4985476E+05   0.0000000E+00   0.0000000E+00   0.0000000E+00   0.0000000E+00   0.0000000E+00
   9.3078949E-02   9.0226249E+05   9.0226249E+05   2.9895065E+01   2.8269960E-01   2.0958331E+03   8.9861546E+05   9.0226249E+05   0.0000000E+00   0.0000000E+00   0.0000000E+00   0.0000000E+00   0.0000000E+00
   9.6344911E-02   8.5690870E+05   8.5690870E+05   2.5177708E+01   2.5112735E-01   1.9595293E+03   8.5344360E+05   8.5690870E+05   0.0000000E+00   0.0000000E+00   0.0000000E+00   0.0000000E+00   0.0000000E+00
   9.9697206E-02   8.1469105E+05   8.1469105E+05   2.2410613E+01   2.2337796E-01   1.8269345E+03   8.1139541E+05   8.1469105E+05   0.0000000E+00   0.0000000E+00   0.0000000E+00   0.0000000E+00   0.0000000E+00
   1.0314137E-01   7.7635145E+05   7.7635145E+05   2.0553454E+01   1.9911993E-01   1.7143532E+03   7.7320979E+05   7.7635145E+05   0.0000000E+00   0.0000000E+00   0.0000000E+00   0.0000000E+00   0.0000000E+00
   1.0668288E-01   7.4236884E+05   7.4236884E+05   1.8648391E+01   1.7807012E-01   1.6177741E+03   7.3936370E+05   7.4236884E+05   0.0000000E+00   0.0000000E+00   0.0000000E+00   0.0000000E+00   0.0000000E+00
   1.1032717E-01   7.1286967E+05   7.1286967E+05   1.6765002E+01   1.5984543E-01   1.5330646E+03   7.0998305E+05   7.1286967E+05   0.0000000E+00   0.0000000E+00   0.0000000E+00   0.0000000E+00   0.0000000E+00
   1.1407967E-01   6.8757238E+05   6.8757238E+05   1.4893168E+01   1.4407703E-01   1.4587956E+03   6.8478738E+05   6.8757238E+05   0.0000000E+00   0.0000000E+00   0.0000000E+00   0.0000000E+00   0.0000000E+00
   1.1794582E-01   6.6578128E+05   6.6578128E+05   1.3064932E+01   1.3033284E-01   1.3974995E+03   6.6308380E+05   6.6578128E+05   0.0000000E+00   0.0000000E+00   0.0000000E+00   0.0000000E+00   0.0000000E+00
   1.2193108E-01   6.4644192E+05   6.4644192E+05   1.2051144E+01   1.1821639E-01   1.3461026E+03   6.4382211E+05   6.4644192E+05   0.0000000E+00   0.0000000E+00   0.0000000E+00   0.0000000E+00   0.0000000E+00
   1.2604093E-01   6.2826244E+05   6.2826244E+05   1.1235523E+01   1.0736519E-01   1.2896825E+03   6.2571569E+05   6.2826244E+05   0.0000000E+00   0.0000000E+00   0.0000000E+00   0.0000000E+00   0.0000000E+00
   1.3028093E-01   6.0989404E+05   6.0989404E+05   9.8431711E+00   9.7439778E-02   1.2421396E+03   6.0742119E+05   6.0989404E+05   0.0000000E+00   0.0000000E+00   0.0000000E+00   0.0000000E+00   0.0000000E+00
   1.3465667E-01   5.9014984E+05   5.9014984E+05   9.1433795E+00   8.8212374E-02   1.1865694E+03   5.8775652E+05   5.9014984E+05   0.0000000E+00   0.0000000E+00   0.0000000E+00   0.0000000E+00   0.0000000E+00
   1.3917378E-01   5.6822712E+05   5.6822712E+05   8.3669656E+00   7.9532273E-02   1.1349124E+03   5.6592225E+05   5.6822712E+05   0.0000000E+00   0.0000000E+00   0.0000000E+00   0.0000000E+00   0.0000000E+00
   1.4383798E-01   5.4388680E+05   5.4388680E+05   7.3293049E+00   7.1344168E-02   1.0777532E+03   5.4168023E+05   5.4388680E+05   0.0000000E+00   0.0000000E+00   0.0000000E+00   0.0000000E+00   0.0000000E+00
   1.4865506E-01   5.1754088E+05   5.1754088E+05   6.4790658E+00   6.3673998E-02   1.0165996E+03   5.1544082E+05   5.1754088E+05   0.0000000E+00   0.0000000E+00   0.0000000E+00   0.0000000E+00   0.0000000E+00
   1.5363088E-01   4.9020755E+05   4.9020755E+05   5.8181012E+00   5.6592840E-02   9.5516735E+02   4.8821806E+05   4.9020755E+05   0.0000000E+00   0.0000000E+00   0.0000000E+00   0.0000000E+00   0.0000000E+00
   1.5877136E-01   4.6331702E+05   4.6331702E+05   5.2504433E+00   5.0192530E-02   8.9428619E+02   4.6143637E+05   4.6331702E+05   0.0000000E+00   0.0000000E+00   0.0000000E+00   0.0000000E+00   0.0000000E+00
   1.6408255E-01   4.3838797E+05   4.3838797E+05   4.4657803E+00   4.4544111E-02   8.3943552E+02   4.3660825E+05   4.3838797E+05   0.0000000E+00   0.0000000E+00   0.0000000E+00   0.0000000E+00   0.0000000E+00
   1.6957054E-01   4.1663788E+05   4.1663788E+05   4.1146863E+00   3.9669644E-02   7.9325113E+02   4.1494622E+05   4.1663788E+05   0.0000000E+00   0.0000000E+00   0.0000000E+00   0.0000000E+00   0.0000000E+00
   1.7524158E-01   3.9862771E+05   3.9862771E+05   3.5840073E+00   3.5527942E-02   7.5450541E+02   3.9700895E+05   3.9862771E+05   0.0000000E+00   0.0000000E+00   0.0000000E+00   0.0000000E+00   0.0000000E+00
   1.8110201E-01   3.8405705E+05   3.8405705E+05   3.2029939E+00   3.2008494E-02   7.2154068E+02   3.8249727E+05   3.8405705E+05   0.0000000E+00   0.0000000E+00   0.0000000E+00   0.0000000E+00   0.0000000E+00
   1.8715830E-01   3.7180443E+05   3.7180443E+05   2.9093900E+00   2.8962899E-02   6.9429713E+02   3.7029423E+05   3.7180443E+05   0.0000000E+00   0.0000000E+00   0.0000000E+00   0.0000000E+00   0.0000000E+00
   1.9341708E-01   3.6024315E+05   3.6024315E+05   2.6459356E+00   2.6231546E-02   6.6969692E+02   3.5877975E+05   3.6024315E+05   0.0000000E+00   0.0000000E+00   0.0000000E+00   0.0000000E+00   0.0000000E+00
   1.9988515E-01   3.4776695E+05   3.4776695E+05   2.4611804E+00   2.3690301E-02   6.4310334E+02   3.4635408E+05   3.4776695E+05   0.0000000E+00   0.0000000E+00   0.0000000E+00   0.0000000E+00   0.0000000E+00
   2.0656952E-01   3.3336078E+05   3.3336078E+05   2.1496002E+00   2.1267954E-02   6.1275337E+02   3.3200631E+05   3.3336078E+05   0.0000000E+00   0.0000000E+00   0.0000000E+00   0.0000000E+00   0.0000000E+00
   2.1347743E-01   3.1699527E+05   3.1699527E+05   1.9609335E+00   1.8960144E-02   5.7992878E+02   3.1570717E+05   3.1699527E+05   0.0000000E+00   0.0000000E+00   0.0000000E+00   0.0000000E+00   0.0000000E+00
   2.2061639E-01   2.9965158E+05   2.9965158E+05   1.7383828E+00   1.6812812E-02   5.4597186E+02   2.9843385E+05   2.9965158E+05   0.0000000E+00   0.0000000E+00   0.0000000E+00   0.0000000E+00   0.0000000E+00
   2.2799422E-01   2.8291172E+05   2.8291172E+05   1.5330350E+00   1.4888159E-02   5.1314973E+02   2.8176193E+05   2.8291172E+05   0.0000000E+00   0.0000000E+00   0.0000000E+00   0.0000000E+00   0.0000000E+00
   2.3561912E-01   2.6824611E+05   2.6824611E+05   1.3352124E+00   1.3228047E-02   4.8465715E+02   2.6715584E+05   2.6824611E+05   0.0000000E+00   0.0000000E+00   0.0000000E+00   0.0000000E+00   0.0000000E+00
   2.4349970E-01   2.5630994E+05   2.5630994E+05   1.2151533E+00   1.1829792E-02   4.6174269E+02   2.5526811E+05   2.5630994E+05   0.0000000E+00   0.0000000E+00   0.0000000E+00   0.0000000E+00   0.0000000E+00
   2.5164507E-01   2.4661444E+05   2.4661444E+05   1.0743664E+00   1.0643535E-02   4.4261028E+02   2.4561194E+05   2.4661444E+05   0.0000000E+00   0.0000000E+00   0.0000000E+00   0.0000000E+00   0.0000000E+00
   2.6006492E-01   2.3779476E+05   2.3779476E+05   9.7123481E-01   9.5961092E-03   4.2530305E+02   2.3682806E+05   2.3779476E+05   0.0000000E+00   0.0000000E+00   0.0000000E+00   0.0000000E+00   0.0000000E+00
   2.6876957E-01   2.2838256E+05   2.2838256E+05   8.8119509E-01   8.6238785E-03   4.0733117E+02   2.2745406E+05   2.2838256E+05   0.0000000E+00   0.0000000E+00   0.0000000E+00   0.0000000E+00   0.0000000E+00
   2.7777014E-01   2.1766324E+05   2.1766324E+05   7.9082995E-01   7.6992738E-03   3.8679565E+02   2.1677827E+05   2.1766324E+05   0.0000000E+00   0.0000000E+00   0.0000000E+00   0.0000000E+00   0.0000000E+00
   2.8707860E-01   2.0607808E+05   2.0607808E+05   6.9919798E-01   6.8330988E-03   3.6540456E+02   2.0524017E+05   2.0607808E+05   0.0000000E+00   0.0000000E+00   0.0000000E+00   0.0000000E+00   0.0000000E+00
   2.9670793E-01   1.9486546E+05   1.9486546E+05   6.1638056E-01   6.0556660E-03   3.4458252E+02   1.9407310E+05   1.9486546E+05   0.0000000E+00   0.0000000E+00   0.0000000E+00   0.0000000E+00   0.0000000E+00
   3.0667230E-01   1.8514369E+05   1.8514369E+05   5.5261347E-01   5.3869203E-03   3.2653444E+02   1.8439083E+05   1.8514369E+05   0.0000000E+00   0.0000000E+00   0.0000000E+00   0.0000000E+00   0.0000000E+00
   3.1698722E-01   1.7708764E+05   1.7708764E+05   4.8914538E-01   4.8193570E-03   3.1155643E+02   1.7636750E+05   1.7708764E+05   0.0000000E+00   0.0000000E+00   0.0000000E+00   0.0000000E+00   0.0000000E+00
   3.2766975E-01   1.6985324E+05   1.6985324E+05   4.4061718E-01   4.3222687E-03   2.9810397E+02   1.6916249E+05   1.6985324E+05   0.0000000E+00   0.0000000E+00   0.0000000E+00   0.0000000E+00   0.0000000E+00
   3.3873875E-01   1.6234317E+05   1.6234317E+05   3.9323770E-01   3.8644632E-03   2.8435751E+02   1.6168293E+05   1.6234317E+05   0.0000000E+00   0.0000000E+00   0.0000000E+00   0.0000000E+00   0.0000000E+00
   3.5021521E-01   1.5416779E+05   1.5416779E+05   3.5156240E-01   3.4352882E-03   2.6955847E+02   1.5354078E+05   1.5416779E+05   0.0000000E+00   0.0000000E+00   0.0000000E+00   0.0000000E+00   0.0000000E+00
   3.6212253E-01   1.4591385E+05   1.4591385E+05   3.1007681E-01   3.0434132E-03   2.5467618E+02   1.4532039E+05   1.4591385E+05   0.0000000E+00   0.0000000E+00   0.0000000E+00   0.0000000E+00   0.0000000E+00
   3.7448698E-01   1.3844855E+05   1.3844855E+05   2.7617016E-01   2.7008802E-03   2.4119489E+02   1.3788543E+05   1.3844855E+05   0.0000000E+00   0.0000000E+00   0.0000000E+00   0.0000000E+00   0.0000000E+00
   3.8733819E-01   1.3197818E+05   1.3197818E+05   2.4464506E-01   2.4053952E-03   2.2954210E+02   1.3144136E+05   1.3197818E+05   0.0000000E+00   0.0000000E+00   0.0000000E+00   0.0000000E+00   0.0000000E+00
   4.0070976E-01   1.2589764E+05   1.2589764E+05   2.1814595E-01   2.1433243E-03   2.1860606E+02   1.2538554E+05   1.2589764E+05   0.0000000E+00   0.0000000E+00   0.0000000E+00   0.0000000E+00   0.0000000E+00
   4.1463998E-01   1.1959259E+05   1.1959259E+05   1.9436913E-01   1.9016445E-03   2.0735459E+02   1.1910612E+05   1.1959259E+05   0.0000000E+00   0.0000000E+00   0.0000000E+00   0.0000000E+00   0.0000000E+00
   4.2917277E-01   1.1317720E+05   1.1317720E+05   1.7171705E-01   1.6806899E-03   1.9596030E+02   1.1271682E+05   1.1317720E+05   0.0000000E+00   0.0000000E+00   0.0000000E+00   0.0000000E+00   0.0000000E+00
   4.4435881E-01   1.0720244E+05   1.0720244E+05   1.5118032E-01   1.4851874E-03   1.8538005E+02   1.0676636E+05   1.0720244E+05   0.0000000E+00   0.0000000E+00   0.0000000E+00   0.0000000E+00   0.0000000E+00
   4.6025695E-01   1.0179356E+05   1.0179356E+05   1.3395526E-01   1.3141438E-03   1.7579576E+02   1.0137946E+05   1.0179356E+05   0.0000000E+00   0.0000000E+00   0.0000000E+00   0.0000000E+00   0.0000000E+00
   4.7693600E-01   9.6531891E+04   9.6531891E+04   1.1826157E-01   1.1604911E-03   1.6650301E+02   9.6139193E+04   9.6531891E+04   0.0000000E+00   0.0000000E+00   0.0000000E+00   0.0000000E+00   0.0000000E+00
   4.9447704E-01   9.1209523E+04   9.1209523E+04   1.0410858E-01   1.0202293E-03   1.5716837E+02   9.0838469E+04   9.1209523E+04   0.0000000E+00   0.0000000E+00   0.0000000E+00   0.0000000E+00   0.0000000E+00
   5.1297626E-01   8.6104926E+04   8.6104926E+04   9.1290078E-02   8.9506577E-04   1.4819980E+02   8.5754631E+04   8.6104926E+04   0.0000000E+00   0.0000000E+00   0.0000000E+00   0.0000000E+00   0.0000000E+00
   5.3254874E-01   8.1338906E+04   8.1338906E+04   7.9985487E-02   7.8439440E-04   1.3986002E+02   8.1007994E+04   8.1338906E+04   0.0000000E+00   0.0000000E+00   0.0000000E+00   0.0000000E+00   0.0000000E+00
   5.5333322E-01   7.6666230E+04   7.6666230E+04   6.9814991E-02   6.8484620E-04   1.3170639E+02   7.6354323E+04   7.6666230E+04   0.0000000E+00   0.0000000E+00   0.0000000E+00   0.0000000E+00   0.0000000E+00
   5.7549834E-01   7.2057950E+04   7.2057950E+04   6.0678290E-02   5.9513298E-04   1.2367065E+02   7.1764786E+04   7.2057950E+04   0.0000000E+00   0.0000000E+00   0.0000000E+00   0.0000000E+00   0.0000000E+00
   5.9925055E-01   6.7660791E+04   6.7660791E+04   5.2544545E-02   5.1539754E-04   1.1600867E+02   6.7385512E+04   6.7660791E+04   0.0000000E+00   0.0000000E+00   0.0000000E+00   0.0000000E+00   0.0000000E+00
   6.2484424E-01   6.3370719E+04   6.3370719E+04   4.5260435E-02   4.4398645E-04   1.0857925E+02   6.3112890E+04   6.3370719E+04   0.0000000E+00   0.0000000E+00   0.0000000E+00   0.0000000E+00   0.0000000E+00
   6.5259427E-01   5.9158142E+04   5.9158142E+04   3.8738666E-02   3.8000490E-04   1.0126796E+02   5.8917449E+04   5.9158142E+04   0.0000000E+00   0.0000000E+00   0.0000000E+00   0.0000000E+00   0.0000000E+00
   6.8289055E-01   5.5072757E+04   5.5072757E+04   3.2934795E-02   3.2305251E-04   9.4218562E+01   5.4848683E+04   5.5072757E+04   0.0000000E+00   0.0000000E+00   0.0000000E+00   0.0000000E+00   0.0000000E+00
   7.1621344E-01   5.1052831E+04   5.1052831E+04   2.7758458E-02   2.7227132E-04   8.7266972E+01   5.0845110E+04   5.1052831E+04   0.0000000E+00   0.0000000E+00   0.0000000E+00   0.0000000E+00   0.0000000E+00
   7.5314563E-01   4.7124166E+04   4.7124166E+04   2.3169419E-02   2.2728147E-04   8.0496211E+01   4.6932427E+04   4.7124166E+04   0.0000000E+00   0.0000000E+00   0.0000000E+00   0.0000000E+00   0.0000000E+00
   7.9437191E-01   4.3268879E+04   4.3268879E+04   1.9123029E-02   1.8759562E-04   7.3861485E+01   4.3092825E+04   4.3268879E+04   0.0000000E+00   0.0000000E+00   0.0000000E+00   0.0000000E+00   0.0000000E+00
   8.4065174E-01   3.9505167E+04   3.9505167E+04   1.5590143E-02   1.5293548E-04   6.7391715E+01   3.9344424E+04   3.9505167E+04   0.0000000E+00   0.0000000E+00   0.0000000E+00   0.0000000E+00   0.0000000E+00
   8.9274770E-01   3.5850723E+04   3.5850723E+04   1.2544868E-02   1.2306998E-04   6.1117912E+01   3.5704848E+04   3.5850723E+04   0.0000000E+00   0.0000000E+00   0.0000000E+00   0.0000000E+00   0.0000000E+00
   9.5130740E-01   3.2341275E+04   3.2341275E+04   9.9663936E-03   9.7776546E-05   5.5104025E+01   3.2209679E+04   3.2341275E+04   0.0000000E+00   0.0000000E+00   0.0000000E+00   0.0000000E+00   0.0000000E+00
   1.0167405E+00   2.9020680E+04   2.9020680E+04   7.8289924E-03   7.6811945E-05   4.9419396E+01   2.8902595E+04   2.9020680E+04   0.0000000E+00   0.0000000E+00   0.0000000E+00   0.0000000E+00   0.0000000E+00
   1.0891770E+00   2.5930392E+04   2.5930392E+04   6.0957433E-03   5.9807162E-05   4.4138489E+01   2.5824879E+04   2.5930392E+04   0.0000000E+00   0.0000000E+00   0.0000000E+00   0.0000000E+00   0.0000000E+00
   1.1685629E+00   2.3099276E+04   2.3099276E+04   4.7174262E-03   4.6286644E-05   3.9300654E+01   2.3005283E+04   2.3099276E+04   0.0000000E+00   0.0000000E+00   0.0000000E+00   0.0000000E+00   0.0000000E+00
   1.2548365E+00   2.0537244E+04   2.0537244E+04   3.6372735E-03   3.5689434E-05   3.4929904E+01   2.0453676E+04   2.0537244E+04   0.0000000E+00   0.0000000E+00   0.0000000E+00   0.0000000E+00   0.0000000E+00
   1.3480661E+00   1.8236948E+04   1.8236948E+04   2.7977023E-03   2.7460275E-05   3.1008321E+01   1.8162739E+04   1.8236948E+04   0.0000000E+00   0.0000000E+00   0.0000000E+00   0.0000000E+00   0.0000000E+00
   1.4484941E+00   1.6181391E+04   1.6181391E+04   2.1513411E-03   2.1105179E-05   2.7503569E+01   1.6115546E+04   1.6181391E+04   0.0000000E+00   0.0000000E+00   0.0000000E+00   0.0000000E+00   0.0000000E+00
   1.5565137E+00   1.4349006E+04   1.4349006E+04   1.6517942E-03   1.6207990E-05   2.4384441E+01   1.4290617E+04   1.4349006E+04   0.0000000E+00   0.0000000E+00   0.0000000E+00   0.0000000E+00   0.0000000E+00
   1.6726274E+00   1.2717745E+04   1.2717745E+04   1.2677403E-03   1.2440945E-05   2.1606006E+01   1.2665994E+04   1.2717745E+04   0.0000000E+00   0.0000000E+00   0.0000000E+00   0.0000000E+00   0.0000000E+00
   1.7974149E+00   1.1266794E+04   1.1266794E+04   9.7255037E-04   9.5448057E-06   1.9137587E+01   1.1220947E+04   1.1266794E+04   0.0000000E+00   0.0000000E+00   0.0000000E+00   0.0000000E+00   0.0000000E+00
   1.9315153E+00   9.9770324E+03   9.9770324E+03   7.4577424E-04   7.3195943E-06   1.6944924E+01   9.9364335E+03   9.9770324E+03   0.0000000E+00   0.0000000E+00   0.0000000E+00   0.0000000E+00   0.0000000E+00
   2.0756213E+00   8.8312016E+03   8.8312016E+03   5.7163870E-04   5.6108791E-06   1.4996821E+01   8.7952653E+03   8.8312016E+03   0.0000000E+00   0.0000000E+00   0.0000000E+00   0.0000000E+00   0.0000000E+00
   2.2304789E+00   7.8138058E+03   7.8138058E+03   4.3798711E-04   4.2994416E-06   1.3266898E+01   7.7820095E+03   7.8138058E+03   0.0000000E+00   0.0000000E+00   0.0000000E+00   0.0000000E+00   0.0000000E+00
   2.3968901E+00   6.9108896E+03   6.9108896E+03   3.3545187E-04   3.2932684E-06   1.1732239E+01   6.8827674E+03   6.9108896E+03   0.0000000E+00   0.0000000E+00   0.0000000E+00   0.0000000E+00   0.0000000E+00
   2.5757168E+00   6.1099775E+03   6.1099775E+03   2.5682208E-04   2.5215236E-06   1.0372285E+01   6.0851144E+03   6.1099775E+03   0.0000000E+00   0.0000000E+00   0.0000000E+00   0.0000000E+00   0.0000000E+00
   2.7678855E+00   5.3998881E+03   5.3998881E+03   1.9694147E-04   1.9300103E-06   9.1659535E+00   5.3779145E+03   5.3998881E+03   0.0000000E+00   0.0000000E+00   0.0000000E+00   0.0000000E+00   0.0000000E+00
   2.9743914E+00   4.7706111E+03   4.7706111E+03   1.5038408E-04   1.4767575E-06   8.0970005E+00   4.7511982E+03   4.7706111E+03   0.0000000E+00   0.0000000E+00   0.0000000E+00   0.0000000E+00   0.0000000E+00
   3.1963043E+00   4.2131992E+03   4.2131992E+03   1.1500477E-04   1.1295727E-06   7.1505069E+00   4.1960545E+03   4.2131992E+03   0.0000000E+00   0.0000000E+00   0.0000000E+00   0.0000000E+00   0.0000000E+00
   3.4347736E+00   3.7196592E+03   3.7196592E+03   8.7903358E-05   8.6372150E-07   6.3127231E+00   3.7045228E+03   3.7196592E+03   0.0000000E+00   0.0000000E+00   0.0000000E+00   0.0000000E+00   0.0000000E+00
   3.6910346E+00   3.2828557E+03   3.2828557E+03   6.7170045E-05   6.6024890E-07   5.5711444E+00   3.2694968E+03   3.2828557E+03   0.0000000E+00   0.0000000E+00   0.0000000E+00   0.0000000E+00   0.0000000E+00
   3.9664147E+00   2.8964233E+03   2.8964233E+03   5.1339322E-05   5.0456902E-07   4.9151812E+00   2.8846369E+03   2.8964233E+03   0.0000000E+00   0.0000000E+00   0.0000000E+00   0.0000000E+00   0.0000000E+00
   4.2623403E+00   2.5546878E+03   2.5546878E+03   3.9226546E-05   3.8548428E-07   4.3351427E+00   2.5442921E+03   2.5546878E+03   0.0000000E+00   0.0000000E+00   0.0000000E+00   0.0000000E+00   0.0000000E+00
   4.5803442E+00   2.2525945E+03   2.2525945E+03   2.9944277E-05   2.9443133E-07   3.8223504E+00   2.2434280E+03   2.2525945E+03   0.0000000E+00   0.0000000E+00   0.0000000E+00   0.0000000E+00   0.0000000E+00
   4.9220738E+00   1.9856432E+03   1.9856432E+03   2.2857067E-05   2.2482864E-07   3.3692878E+00   1.9775630E+03   1.9856432E+03   0.0000000E+00   0.0000000E+00   0.0000000E+00   0.0000000E+00   0.0000000E+00
   5.2892990E+00   1.7498305E+03   1.7498305E+03   1.7442616E-05   1.7164409E-07   2.9689841E+00   1.7427099E+03   1.7498305E+03   0.0000000E+00   0.0000000E+00   0.0000000E+00   0.0000000E+00   0.0000000E+00
   5.6839221E+00   1.5415964E+03   1.5415964E+03   1.3309811E-05   1.3100899E-07   2.6156863E+00   1.5353232E+03   1.5415964E+03   0.0000000E+00   0.0000000E+00   0.0000000E+00   0.0000000E+00   0.0000000E+00
   6.1079872E+00   1.3577775E+03   1.3577775E+03   1.0149576E-05   9.9974641E-08   2.3037470E+00   1.3522523E+03   1.3577775E+03   0.0000000E+00   0.0000000E+00   0.0000000E+00   0.0000000E+00   0.0000000E+00
   6.5636909E+00   1.1955642E+03   1.1955642E+03   7.7391081E-06   7.6278134E-08   2.0285752E+00   1.1906991E+03   1.1955642E+03   0.0000000E+00   0.0000000E+00   0.0000000E+00   0.0000000E+00   0.0000000E+00
   7.0533936E+00   1.0524623E+03   1.0524623E+03   5.8987107E-06   5.8189901E-08   1.7856955E+00   1.0481795E+03   1.0524623E+03   0.0000000E+00   0.0000000E+00   0.0000000E+00   0.0000000E+00   0.0000000E+00
   7.5796320E+00   9.2625911E+02   9.2625911E+02   4.4958085E-06   4.4384713E-08   1.5715227E+00   9.2248988E+02   9.2625911E+02   0.0000000E+00   0.0000000E+00   0.0000000E+00   0.0000000E+00   0.0000000E+00
   8.1451318E+00   8.1499226E+02   8.1499226E+02   3.4258549E-06   3.3850264E-08   1.3827752E+00   8.1167581E+02   8.1499226E+02   0.0000000E+00   0.0000000E+00   0.0000000E+00   0.0000000E+00   0.0000000E+00
