#           k/h    CDM            baryon         photon         nu             mass_nu        total          no_nu          total_de       Weyl           v_CDM          v_b            v_b-v_c     
   1.0210281E-05   2.0731486E+06   2.0731486E+06   2.7640634E+06   1.2537831E+04   1.1397230E+04   2.0735157E+06   2.0731486E+06   0.0000000E+00   0.0000000E+00   0.0000000E+00   0.0000000E+00   0.0000000E+00
   1.0972047E-05   2.0731484E+06   2.0731484E+06   2.7640422E+06   1.2537770E+04   1.1397114E+04   2.0735154E+06   2.0731484E+06   0.0000000E+00   0.0000000E+00   0.0000000E+00   0.0000000E+00   0.0000000E+00
   1.1790648E-05   2.0731480E+06   2.0731480E+06   2.7640177E+06   1.2537701E+04   1.1396980E+04   2.0735151E+06   2.0731480E+06   0.0000000E+00   0.0000000E+00   0.0000000E+00   0.0000000E+00   0.0000000E+00
   1.2670323E-05   2.0731477E+06   2.0731477E+06   2.7639893E+06   1.2537620E+04   1.1396824E+04   2.0735147E+06   2.0731477E+06   0.0000000E+00   0.0000000E+00   0.0000000E+00   0.0000000E+00   0.0000000E+00
   1.3615628E-05   2.0731472E+06   2.0731472E+06   2.7639567E+06   1.2537528E+04   1.1396645E+04   2.0735142E+06   2.0731472E+06   0.0000000E+00   0.0000000E+00   0.0000000E+00   0.0000000E+00   0.0000000E+00
   1.4631460E-05   2.0731468E+06   2.0731468E+06   2.7639189E+06   1.2537420E+04   1.1396438E+04   2.0735136E+06   2.0731468E+06   0.0000000E+00   0.0000000E+00   0.0000000E+00   0.0000000E+00   0.0000000E+00
   1.5723082E-05   2.0731462E+06   2.0731462E+06   2.7638753E+06   1.2537297E+04   1.1396199E+04   2.0735130E+06   2.0731462E+06   0.0000000E+00   0.0000000E+00   0.0000000E+00   0.0000000E+00   0.0000000E+00
   1.6896147E-05   2.0731455E+06   2.0731455E+06   2.7638250E+06   1.2537154E+04   1.1395924E+04   2.0735123E+06   2.0731455E+06   0.0000000E+00   0.0000000E+00   0.0000000E+00   0.0000000E+00   0.0000000E+00
   1.8156732E-05   2.0731448E+06   2.0731448E+06   2.7637669E+06   1.2536989E+04   1.1395605E+04   2.0735114E+06   2.0731448E+06   0.0000000E+00   0.0000000E+00   0.0000000E+00   0.0000000E+00   0.0000000E+00
   1.9511366E-05   2.0731439E+06   2.0731439E+06   2.7636998E+06   1.2536798E+04   1.1395237E+04   2.0735105E+06   2.0731439E+06   0.0000000E+00   0.0000000E+00   0.0000000E+00   0.0000000E+00   0.0000000E+00
   2.0967067E-05   2.0731429E+06   2.0731429E+06   2.7636223E+06   1.2536578E+04   1.1394812E+04   2.0735094E+06   2.0731429E+06   0.0000000E+00   0.0000000E+00   0.0000000E+00   0.0000000E+00   0.0000000E+00
   2.2531374E-05   2.0731418E+06   2.0731418E+06   2.7635328E+06   1.2536324E+04   1.1394322E+04   2.0735081E+06   2.0731418E+06   0.0000000E+00   0.0000000E+00   0.0000000E+00   0.0000000E+00   0.0000000E+00
   2.4212391E-05   2.0731404E+06   2.0731404E+06   2.7634294E+06   1.2536031E+04   1.1393756E+04   2.0735066E+06   2.0731404E+06   0.0000000E+00   0.0000000E+00   0.0000000E+00   0.0000000E+00   0.0000000E+00
   2.6018825E-05   2.0731389E+06   2.0731389E+06   2.7633101E+06   1.2535692E+04   1.1393102E+04   2.0735049E+06   2.0731389E+06   0.0000000E+00   0.0000000E+00   0.0000000E+00   0.0000000E+00   0.0000000E+00
   2.7960033E-05   2.0731371E+06   2.0731371E+06   2.7631723E+06   1.2535301E+04   1.1392347E+04   2.0735029E+06   2.0731371E+06   0.0000000E+00   0.0000000E+00   0.0000000E+00   0.0000000E+00   0.0000000E+00
   3.0046070E-05   2.0731351E+06   2.0731351E+06   2.7630131E+06   1.2534849E+04   1.1391475E+04   2.0735006E+06   2.0731351E+06   0.0000000E+00   0.0000000E+00   0.0000000E+00   0.0000000E+00   0.0000000E+00
   3.2287742E-05   2.0731327E+06   2.0731327E+06   2.7628294E+06   1.2534327E+04   1.1390468E+04   2.0734979E+06   2.0731327E+06   0.0000000E+00   0.0000000E+00   0.0000000E+00   0.0000000E+00   0.0000000E+00
   3.4696661E-05   2.0731299E+06   2.0731299E+06   2.7626172E+06   1.2533725E+04   1.1389305E+04   2.0734949E+06   2.0731299E+06   0.0000000E+00   0.0000000E+00   0.0000000E+00   0.0000000E+00   0.0000000E+00
   3.7285303E-05   2.0731268E+06   2.0731268E+06   2.7623722E+06   1.2533029E+04   1.1387963E+04   2.0734913E+06   2.0731268E+06   0.0000000E+00   0.0000000E+00   0.0000000E+00   0.0000000E+00   0.0000000E+00
   4.0067079E-05   2.0731231E+06   2.0731231E+06   2.7620893E+06   1.2532226E+04   1.1386414E+04   2.0734872E+06   2.0731231E+06   0.0000000E+00   0.0000000E+00   0.0000000E+00   0.0000000E+00   0.0000000E+00
   4.3056396E-05   2.0731189E+06   2.0731189E+06   2.7617627E+06   1.2531298E+04   1.1384624E+04   2.0734825E+06   2.0731189E+06   0.0000000E+00   0.0000000E+00   0.0000000E+00   0.0000000E+00   0.0000000E+00
   4.6268741E-05   2.0731140E+06   2.0731140E+06   2.7613856E+06   1.2530227E+04   1.1382559E+04   2.0734771E+06   2.0731140E+06   0.0000000E+00   0.0000000E+00   0.0000000E+00   0.0000000E+00   0.0000000E+00
   4.9720751E-05   2.0731084E+06   2.0731084E+06   2.7609501E+06   1.2528991E+04   1.1380174E+04   2.0734708E+06   2.0731084E+06   0.0000000E+00   0.0000000E+00   0.0000000E+00   0.0000000E+00   0.0000000E+00
   5.3430308E-05   2.0731019E+06   2.0731019E+06   2.7604473E+06   1.2527563E+04   1.1377421E+04   2.0734635E+06   2.0731019E+06   0.0000000E+00   0.0000000E+00   0.0000000E+00   0.0000000E+00   0.0000000E+00
   5.7416627E-05   2.0730944E+06   2.0730944E+06   2.7598668E+06   1.2525914E+04   1.1374243E+04   2.0734551E+06   2.0730944E+06   0.0000000E+00   0.0000000E+00   0.0000000E+00   0.0000000E+00   0.0000000E+00
   6.1700357E-05   2.0730857E+06   2.0730857E+06   2.7591965E+06   1.2524011E+04   1.1370574E+04   2.0734455E+06   2.0730857E+06   0.0000000E+00   0.0000000E+00   0.0000000E+00   0.0000000E+00   0.0000000E+00
   6.6303687E-05   2.0730757E+06   2.0730757E+06   2.7584228E+06   1.2521813E+04   1.1366340E+04   2.0734343E+06   2.0730757E+06   0.0000000E+00   0.0000000E+00   0.0000000E+00   0.0000000E+00   0.0000000E+00
   7.1250461E-05   2.0730642E+06   2.0730642E+06   2.7575295E+06   1.2519275E+04   1.1361453E+04   2.0734214E+06   2.0730642E+06   0.0000000E+00   0.0000000E+00   0.0000000E+00   0.0000000E+00   0.0000000E+00
   7.6566303E-05   2.0730508E+06   2.0730508E+06   2.7564982E+06   1.2516346E+04   1.1355812E+04   2.0734065E+06   2.0730508E+06   0.0000000E+00   0.0000000E+00   0.0000000E+00   0.0000000E+00   0.0000000E+00
   8.2278749E-05   2.0730354E+06   2.0730354E+06   2.7553078E+06   1.2512964E+04   1.1349304E+04   2.0733892E+06   2.0730354E+06   0.0000000E+00   0.0000000E+00   0.0000000E+00   0.0000000E+00   0.0000000E+00
   8.8417387E-05   2.0730176E+06   2.0730176E+06   2.7539338E+06   1.2509059E+04   1.1341794E+04   2.0733694E+06   2.0730176E+06   0.0000000E+00   0.0000000E+00   0.0000000E+00   0.0000000E+00   0.0000000E+00
   9.5014017E-05   2.0729971E+06   2.0729971E+06   2.7523478E+06   1.2504552E+04   1.1333130E+04   2.0733464E+06   2.0729971E+06   0.0000000E+00   0.0000000E+00   0.0000000E+00   0.0000000E+00   0.0000000E+00
   1.0210281E-04   2.0729734E+06   2.0729734E+06   2.7505175E+06   1.2499350E+04   1.1323135E+04   2.0733199E+06   2.0729734E+06   0.0000000E+00   0.0000000E+00   0.0000000E+00   0.0000000E+00   0.0000000E+00
   1.0972047E-04   2.0729460E+06   2.0729460E+06   2.7484052E+06   1.2493345E+04   1.1311608E+04   2.0732894E+06   2.0729460E+06   0.0000000E+00   0.0000000E+00   0.0000000E+00   0.0000000E+00   0.0000000E+00
   1.1790648E-04   2.0729144E+06   2.0729144E+06   2.7459678E+06   1.2486415E+04   1.1298317E+04   2.0732540E+06   2.0729144E+06   0.0000000E+00   0.0000000E+00   0.0000000E+00   0.0000000E+00   0.0000000E+00
   1.2670323E-04   2.0728779E+06   2.0728779E+06   2.7431557E+06   1.2478417E+04   1.1282993E+04   2.0732133E+06   2.0728779E+06   0.0000000E+00   0.0000000E+00   0.0000000E+00   0.0000000E+00   0.0000000E+00
   1.3615628E-04   2.0728357E+06   2.0728357E+06   2.7399116E+06   1.2469188E+04   1.1265332E+04   2.0731662E+06   2.0728357E+06   0.0000000E+00   0.0000000E+00   0.0000000E+00   0.0000000E+00   0.0000000E+00
   1.4631460E-04   2.0727871E+06   2.0727871E+06   2.7361698E+06   1.2458539E+04   1.1244984E+04   2.0731119E+06   2.0727871E+06   0.0000000E+00   0.0000000E+00   0.0000000E+00   0.0000000E+00   0.0000000E+00
   1.5723082E-04   2.0727309E+06   2.0727309E+06   2.7318548E+06   1.2446254E+04   1.1221546E+04   2.0730492E+06   2.0727309E+06   0.0000000E+00   0.0000000E+00   0.0000000E+00   0.0000000E+00   0.0000000E+00
   1.6896147E-04   2.0726661E+06   2.0726661E+06   2.7268797E+06   1.2432084E+04   1.1194561E+04   2.0729768E+06   2.0726661E+06   0.0000000E+00   0.0000000E+00   0.0000000E+00   0.0000000E+00   0.0000000E+00
   1.8156732E-04   2.0725913E+06   2.0725913E+06   2.7211449E+06   1.2415743E+04   1.1163507E+04   2.0728933E+06   2.0725913E+06   0.0000000E+00   0.0000000E+00   0.0000000E+00   0.0000000E+00   0.0000000E+00
   1.9511366E-04   2.0725049E+06   2.0725049E+06   2.7145364E+06   1.2396900E+04   1.1127790E+04   2.0727969E+06   2.0725049E+06   0.0000000E+00   0.0000000E+00   0.0000000E+00   0.0000000E+00   0.0000000E+00
   2.0967067E-04   2.0724053E+06   2.0724053E+06   2.7069236E+06   1.2375180E+04   1.1086734E+04   2.0726856E+06   2.0724053E+06   0.0000000E+00   0.0000000E+00   0.0000000E+00   0.0000000E+00   0.0000000E+00
   2.2531374E-04   2.0722903E+06   2.0722903E+06   2.6981570E+06   1.2350148E+04   1.1039576E+04   2.0725573E+06   2.0722903E+06   0.0000000E+00   0.0000000E+00   0.0000000E+00   0.0000000E+00   0.0000000E+00
   2.4212391E-04   2.0721577E+06   2.0721577E+06   2.6880662E+06   1.2321309E+04   1.0985455E+04   2.0724092E+06   2.0721577E+06   0.0000000E+00   0.0000000E+00   0.0000000E+00   0.0000000E+00   0.0000000E+00
   2.6018825E-04   2.0720046E+06   2.0720046E+06   2.6764571E+06   1.2288096E+04   1.0923402E+04   2.0722385E+06   2.0720046E+06   0.0000000E+00   0.0000000E+00   0.0000000E+00   0.0000000E+00   0.0000000E+00
   2.7960033E-04   2.0718281E+06   2.0718281E+06   2.6631089E+06   1.2249861E+04   1.0852334E+04   2.0720415E+06   2.0718281E+06   0.0000000E+00   0.0000000E+00   0.0000000E+00   0.0000000E+00   0.0000000E+00
   3.0046070E-04   2.0716246E+06   2.0716246E+06   2.6477714E+06   1.2205868E+04   1.0771050E+04   2.0718144E+06   2.0716246E+06   0.0000000E+00   0.0000000E+00   0.0000000E+00   0.0000000E+00   0.0000000E+00
   3.2287742E-04   2.0713899E+06   2.0713899E+06   2.6301619E+06   1.2155277E+04   1.0678220E+04   2.0715527E+06   2.0713899E+06   0.0000000E+00   0.0000000E+00   0.0000000E+00   0.0000000E+00   0.0000000E+00
   3.4696661E-04   2.0711193E+06   2.0711193E+06   2.6099619E+06   1.2097135E+04   1.0572391E+04   2.0712510E+06   2.0711193E+06   0.0000000E+00   0.0000000E+00   0.0000000E+00   0.0000000E+00   0.0000000E+00
   3.7285303E-04   2.0708076E+06   2.0708076E+06   2.5868145E+06   1.2030366E+04   1.0451992E+04   2.0709035E+06   2.0708076E+06   0.0000000E+00   0.0000000E+00   0.0000000E+00   0.0000000E+00   0.0000000E+00
   4.0067079E-04   2.0704484E+06   2.0704484E+06   2.5603216E+06   1.1953755E+04   1.0315342E+04   2.0705033E+06   2.0704484E+06   0.0000000E+00   0.0000000E+00   0.0000000E+00   0.0000000E+00   0.0000000E+00
   4.3056396E-04   2.0700348E+06   2.0700348E+06   2.5300418E+06   1.1865940E+04   1.0160682E+04   2.0700425E+06   2.0700348E+06   0.0000000E+00   0.0000000E+00   0.0000000E+00   0.0000000E+00   0.0000000E+00
   4.6268741E-04   2.0695586E+06   2.0695586E+06   2.4954896E+06   1.1765398E+04   9.9862065E+03   2.0695124E+06   2.0695586E+06   0.0000000E+00   0.0000000E+00   0.0000000E+00   0.0000000E+00   0.0000000E+00
   4.9720751E-04   2.0690108E+06   2.0690108E+06   2.4561358E+06   1.1650438E+04   9.7901293E+03   2.0689028E+06   2.0690108E+06   0.0000000E+00   0.0000000E+00   0.0000000E+00   0.0000000E+00   0.0000000E+00
   5.3430308E-04   2.0683808E+06   2.0683808E+06   2.4114104E+06   1.1519194E+04   9.5707634E+03   2.0682022E+06   2.0683808E+06   0.0000000E+00   0.0000000E+00   0.0000000E+00   0.0000000E+00   0.0000000E+00
   5.7416627E-04   2.0676568E+06   2.0676568E+06   2.3607076E+06   1.1369628E+04   9.3266390E+03   2.0673976E+06   2.0676568E+06   0.0000000E+00   0.0000000E+00   0.0000000E+00   0.0000000E+00   0.0000000E+00
   6.1700357E-04   2.0668254E+06   2.0668254E+06   2.3033963E+06   1.1199530E+04   9.0566581E+03   2.0664744E+06   2.0668254E+06   0.0000000E+00   0.0000000E+00   0.0000000E+00   0.0000000E+00   0.0000000E+00
   6.6303687E-04   2.0658715E+06   2.0658715E+06   2.2388342E+06   1.1006546E+04   8.7602964E+03   2.0654160E+06   2.0658715E+06   0.0000000E+00   0.0000000E+00   0.0000000E+00   0.0000000E+00   0.0000000E+00
   7.1250461E-04   2.0647779E+06   2.0647779E+06   2.1663906E+06   1.0788198E+04   8.4378583E+03   2.0642040E+06   2.0647779E+06   0.0000000E+00   0.0000000E+00   0.0000000E+00   0.0000000E+00   0.0000000E+00
   7.6566303E-04   2.0635256E+06   2.0635256E+06   2.0854755E+06   1.0541943E+04   8.0907869E+03   2.0628179E+06   2.0635256E+06   0.0000000E+00   0.0000000E+00   0.0000000E+00   0.0000000E+00   0.0000000E+00
   8.2278749E-04   2.0620933E+06   2.0620933E+06   1.9955809E+06   1.0265239E+04   7.7220299E+03   2.0612348E+06   2.0620933E+06   0.0000000E+00   0.0000000E+00   0.0000000E+00   0.0000000E+00   0.0000000E+00
   8.8417387E-04   2.0604576E+06   2.0604576E+06   1.8963330E+06   9.9556553E+03   7.3364474E+03   2.0594296E+06   2.0604576E+06   0.0000000E+00   0.0000000E+00   0.0000000E+00   0.0000000E+00   0.0000000E+00
   9.5014017E-04   2.0585923E+06   2.0585923E+06   1.7875571E+06   9.6110031E+03   6.9412368E+03   2.0573749E+06   2.0585923E+06   0.0000000E+00   0.0000000E+00   0.0000000E+00   0.0000000E+00   0.0000000E+00
   1.0210281E-03   2.0564690E+06   2.0564690E+06   1.6693572E+06   9.2295200E+03   6.5463231E+03   2.0550410E+06   2.0564690E+06   0.0000000E+00   0.0000000E+00   0.0000000E+00   0.0000000E+00   0.0000000E+00
   1.0972047E-03   2.0540570E+06   2.0540570E+06   1.5422061E+06   8.8100910E+03   6.1646354E+03   2.0523961E+06   2.0540570E+06   0.0000000E+00   0.0000000E+00   0.0000000E+00   0.0000000E+00   0.0000000E+00
   1.1790648E-03   2.0513230E+06   2.0513230E+06   1.4070444E+06   8.3525187E+03   5.8121469E+03   2.0494065E+06   2.0513230E+06   0.0000000E+00   0.0000000E+00   0.0000000E+00   0.0000000E+00   0.0000000E+00
   1.2670323E-03   2.0482317E+06   2.0482317E+06   1.2653789E+06   7.8578321E+03   5.5075085E+03   2.0460367E+06   2.0482317E+06   0.0000000E+00   0.0000000E+00   0.0000000E+00   0.0000000E+00   0.0000000E+00
   1.3615628E-03   2.0447461E+06   2.0447461E+06   1.1193674E+06   7.3286215E+03   5.2710628E+03   2.0422505E+06   2.0447461E+06   0.0000000E+00   0.0000000E+00   0.0000000E+00   0.0000000E+00   0.0000000E+00
   1.4631460E-03   2.0408274E+06   2.0408274E+06   9.7186914E+05   6.7693716E+03   5.1229965E+03   2.0380110E+06   2.0408274E+06   0.0000000E+00   0.0000000E+00   0.0000000E+00   0.0000000E+00   0.0000000E+00
   1.5723082E-03   2.0364361E+06   2.0364361E+06   8.2643438E+05   6.1867475E+03   5.0804096E+03   2.0332815E+06   2.0364361E+06   0.0000000E+00   0.0000000E+00   0.0000000E+00   0.0000000E+00   0.0000000E+00
   1.6896147E-03   2.0315322E+06   2.0315322E+06   6.8719790E+05   5.5897690E+03   5.1531963E+03   2.0280263E+06   2.0315322E+06   0.0000000E+00   0.0000000E+00   0.0000000E+00   0.0000000E+00   0.0000000E+00
   1.8156732E-03   2.0260756E+06   2.0260756E+06   5.5864115E+05   4.9897859E+03   5.3388970E+03   2.0222109E+06   2.0260756E+06   0.0000000E+00   0.0000000E+00   0.0000000E+00   0.0000000E+00   0.0000000E+00
   1.9511366E-03   2.0200267E+06   2.0200267E+06   4.4519328E+05   4.4001539E+03   5.6171652E+03   2.0158028E+06   2.0200267E+06   0.0000000E+00   0.0000000E+00   0.0000000E+00   0.0000000E+00   0.0000000E+00
   2.0967067E-03   2.0133464E+06   2.0133464E+06   3.5066399E+05   3.8355112E+03   5.9452098E+03   2.0087711E+06   2.0133464E+06   0.0000000E+00   0.0000000E+00   0.0000000E+00   0.0000000E+00   0.0000000E+00
   2.2531374E-03   2.0059958E+06   2.0059958E+06   2.7754496E+05   3.3105865E+03   6.2564573E+03   2.0010856E+06   2.0059958E+06   0.0000000E+00   0.0000000E+00   0.0000000E+00   0.0000000E+00   0.0000000E+00
   2.4212391E-03   1.9979357E+06   1.9979357E+06   2.2628600E+05   2.8385514E+03   6.4654313E+03   1.9927159E+06   1.9979357E+06   0.0000000E+00   0.0000000E+00   0.0000000E+00   0.0000000E+00   0.0000000E+00
   2.6018825E-03   1.9891255E+06   1.9891255E+06   1.9473944E+05   2.4290672E+03   6.4818768E+03   1.9836287E+06   1.9891255E+06   0.0000000E+00   0.0000000E+00   0.0000000E+00   0.0000000E+00   0.0000000E+00
   2.7960033E-03   1.9795214E+06   1.9795214E+06   1.7804516E+05   2.0863703E+03   6.2354977E+03   1.9737853E+06   1.9795214E+06   0.0000000E+00   0.0000000E+00   0.0000000E+00   0.0000000E+00   0.0000000E+00
   3.0046070E-03   1.9690755E+06   1.9690755E+06   1.6924586E+05   1.8079489E+03   5.7083047E+03   1.9631394E+06   1.9690755E+06   0.0000000E+00   0.0000000E+00   0.0000000E+00   0.0000000E+00   0.0000000E+00
   3.2287742E-03   1.9577348E+06   1.9577348E+06   1.6079889E+05   1.5844872E+03   4.9642128E+03   1.9516350E+06   1.9577348E+06   0.0000000E+00   0.0000000E+00   0.0000000E+00   0.0000000E+00   0.0000000E+00
   3.4696661E-03   1.9454416E+06   1.9454416E+06   1.4681698E+05   1.4016396E+03   4.1572151E+03   1.9392076E+06   1.9454416E+06   0.0000000E+00   0.0000000E+00   0.0000000E+00   0.0000000E+00   0.0000000E+00
   3.7285303E-03   1.9321351E+06   1.9321351E+06   1.2533912E+05   1.2436958E+03   3.4963289E+03   1.9257868E+06   1.9321351E+06   0.0000000E+00   0.0000000E+00   0.0000000E+00   0.0000000E+00   0.0000000E+00
   4.0067079E-03   1.9177545E+06   1.9177545E+06   9.9414924E+04   1.0982705E+03   3.1576406E+03   1.9113019E+06   1.9177545E+06   0.0000000E+00   0.0000000E+00   0.0000000E+00   0.0000000E+00   0.0000000E+00
   4.3056396E-03   1.9022420E+06   1.9022420E+06   7.5751414E+04   9.6009537E+02   3.1692160E+03   1.8956882E+06   1.9022420E+06   0.0000000E+00   0.0000000E+00   0.0000000E+00   0.0000000E+00   0.0000000E+00
   4.6268741E-03   1.8855434E+06   1.8855434E+06   6.0690014E+04   8.3156324E+02   3.3445460E+03   1.8788903E+06   1.8855434E+06   0.0000000E+00   0.0000000E+00   0.0000000E+00   0.0000000E+00   0.0000000E+00
   4.9720751E-03   1.8676064E+06   1.8676064E+06   5.5423925E+04   7.1883123E+02   3.3615680E+03   1.8608608E+06   1.8676064E+06   0.0000000E+00   0.0000000E+00   0.0000000E+00   0.0000000E+00   0.0000000E+00
   5.3430308E-03   1.8483762E+06   1.8483762E+06   5.4351210E+04   6.2530644E+02   3.0087400E+03   1.8415528E+06   1.8483762E+06   0.0000000E+00   0.0000000E+00   0.0000000E+00   0.0000000E+00   0.0000000E+00
   5.7416627E-03   1.8277936E+06   1.8277936E+06   4.9561885E+04   5.4749811E+02   2.4291935E+03   1.8209134E+06   1.8277936E+06   0.0000000E+00   0.0000000E+00   0.0000000E+00   0.0000000E+00   0.0000000E+00
   6.1700357E-03   1.8057959E+06   1.8057959E+06   3.8908701E+04   4.7777045E+02   2.0476684E+03   1.7988808E+06   1.8057959E+06   0.0000000E+00   0.0000000E+00   0.0000000E+00   0.0000000E+00   0.0000000E+00
   6.6303687E-03   1.7823224E+06   1.7823224E+06   2.8767794E+04   4.1212746E+02   2.0840440E+03   1.7753904E+06   1.7823224E+06   0.0000000E+00   0.0000000E+00   0.0000000E+00   0.0000000E+00   0.0000000E+00
   7.1250461E-03   1.7573176E+06   1.7573176E+06   2.5542537E+04   3.5375983E+02   2.1819896E+03   1.7503814E+06   1.7573176E+06   0.0000000E+00   0.0000000E+00   0.0000000E+00   0.0000000E+00   0.0000000E+00
   7.6566303E-03   1.7307257E+06   1.7307257E+06   2.5617522E+04   3.0629440E+02   1.8797467E+03   1.7237966E+06   1.7307257E+06   0.0000000E+00   0.0000000E+00   0.0000000E+00   0.0000000E+00   0.0000000E+00
   8.2278749E-03   1.7024848E+06   1.7024848E+06   2.1225929E+04   2.6617483E+02   1.4463412E+03   1.6955765E+06   1.7024848E+06   0.0000000E+00   0.0000000E+00   0.0000000E+00   0.0000000E+00   0.0000000E+00
   8.8417387E-03   1.6725313E+06   1.6725313E+06   1.5153611E+04   2.2814965E+02   1.4448285E+03   1.6656616E+06   1.6725313E+06   0.0000000E+00   0.0000000E+00   0.0000000E+00   0.0000000E+00   0.0000000E+00
   9.5014017E-03   1.6408069E+06   1.6408069E+06   1.4361878E+04   1.9445607E+02   1.4954540E+03   1.6339959E+06   1.6408069E+06   0.0000000E+00   0.0000000E+00   0.0000000E+00   0.0000000E+00   0.0000000E+00
   1.0210281E-02   1.6072549E+06   1.6072549E+06   1.3479466E+04   1.6768807E+02   1.1363929E+03   1.6005197E+06   1.6072549E+06   0.0000000E+00   0.0000000E+00   0.0000000E+00   0.0000000E+00   0.0000000E+00
   1.0972047E-02   1.5718137E+06   1.5718137E+06   9.3444770E+03   1.4358437E+02   1.0506980E+03   1.5651653E+06   1.5718137E+06   0.0000000E+00   0.0000000E+00   0.0000000E+00   0.0000000E+00   0.0000000E+00
   1.1790648E-02   1.5344257E+06   1.5344257E+06   9.0231824E+03   1.2180740E+02   1.0838779E+03   1.5278781E+06   1.5344257E+06   0.0000000E+00   0.0000000E+00   0.0000000E+00   0.0000000E+00   0.0000000E+00
   1.2670323E-02   1.4950390E+06   1.4950390E+06   7.6433314E+03   1.0416032E+02   7.9060378E+02   1.4886130E+06   1.4950390E+06   0.0000000E+00   0.0000000E+00   0.0000000E+00   0.0000000E+00   0.0000000E+00
   1.3615628E-02   1.4536054E+06   1.4536054E+06   5.7625580E+03   8.8154255E+01   8.6741350E+02   1.4473149E+06   1.4536054E+06   0.0000000E+00   0.0000000E+00   0.0000000E+00   0.0000000E+00   0.0000000E+00
   1.4631460E-02   1.4100889E+06   1.4100889E+06   5.6771788E+03   7.4859417E+01   6.5632183E+02   1.4039465E+06   1.4100889E+06   0.0000000E+00   0.0000000E+00   0.0000000E+00   0.0000000E+00   0.0000000E+00
   1.5723082E-02   1.3644667E+06   1.3644667E+06   4.0014066E+03   6.3031183E+01   6.8793809E+02   1.3584908E+06   1.3644667E+06   0.0000000E+00   0.0000000E+00   0.0000000E+00   0.0000000E+00   0.0000000E+00
   1.6896147E-02   1.3167391E+06   1.3167391E+06   3.9044977E+03   5.3285232E+01   5.1234894E+02   1.3109411E+06   1.3167391E+06   0.0000000E+00   0.0000000E+00   0.0000000E+00   0.0000000E+00   0.0000000E+00
   1.8156732E-02   1.2669354E+06   1.2669354E+06   2.9728995E+03   4.4534383E+01   5.6461200E+02   1.2613319E+06   1.2669354E+06   0.0000000E+00   0.0000000E+00   0.0000000E+00   0.0000000E+00   0.0000000E+00
   1.9511366E-02   1.2151273E+06   1.2151273E+06   2.4113679E+03   3.7432907E+01   4.1031117E+02   1.2097296E+06   1.2151273E+06   0.0000000E+00   0.0000000E+00   0.0000000E+00   0.0000000E+00   0.0000000E+00
   2.0967064E-02   1.1614390E+06   1.1614390E+06   2.2847188E+03   3.1152542E+01   3.9551495E+02   1.1562608E+06   1.1614390E+06   0.0000000E+00   0.0000000E+00   0.0000000E+00   0.0000000E+00   0.0000000E+00
   2.2531360E-02   1.1060640E+06   1.1060640E+06   1.6970642E+03   2.5858992E+01   3.9079498E+02   1.1011157E+06   1.1060640E+06   0.0000000E+00   0.0000000E+00   0.0000000E+00   0.0000000E+00   0.0000000E+00
   2.4212313E-02   1.0492809E+06   1.0492809E+06   1.3031068E+03   2.1434344E+01   3.1588733E+02   1.0445725E+06   1.0492809E+06   0.0000000E+00   0.0000000E+00   0.0000000E+00   0.0000000E+00   0.0000000E+00
   2.6018461E-02   9.9147115E+05   9.9147115E+05   1.1212749E+03   1.7686321E+01   2.5760953E+02   9.8701000E+05   9.9147115E+05   0.0000000E+00   0.0000000E+00   0.0000000E+00   0.0000000E+00   0.0000000E+00
   2.7958556E-02   9.3314045E+05   9.3314045E+05   9.5858903E+02   1.4527902E+01   2.2585286E+02   9.2893154E+05   9.3314045E+05   0.0000000E+00   0.0000000E+00   0.0000000E+00   0.0000000E+00   0.0000000E+00
   3.0040796E-02   8.7494215E+05   8.7494215E+05   7.8879701E+02   1.1878497E+01   2.0344183E+02   8.7098743E+05   8.7494215E+05   0.0000000E+00   0.0000000E+00   0.0000000E+00   0.0000000E+00   0.0000000E+00
   3.2271054E-02   8.1770343E+05   8.1770343E+05   6.3194598E+02   9.6786903E+00   1.8204760E+02   8.1400024E+05   8.1770343E+05   0.0000000E+00   0.0000000E+00   0.0000000E+00   0.0000000E+00   0.0000000E+00
   3.4649569E-02   7.6243921E+05   7.6243921E+05   4.9789866E+02   7.8713515E+00   1.6325864E+02   7.5898037E+05   7.6243921E+05   0.0000000E+00   0.0000000E+00   0.0000000E+00   0.0000000E+00   0.0000000E+00
   3.7166313E-02   7.1031650E+05   7.1031650E+05   3.9331196E+02   6.3995010E+00   1.4841897E+02   7.0708928E+05   7.1031650E+05   0.0000000E+00   0.0000000E+00   0.0000000E+00   0.0000000E+00   0.0000000E+00
   3.9797129E-02   6.6251428E+05   6.6251428E+05   3.1928525E+02   5.2170328E+00   1.3545680E+02   6.5950030E+05   6.6251428E+05   0.0000000E+00   0.0000000E+00   0.0000000E+00   0.0000000E+00   0.0000000E+00
   4.2504766E-02   6.1996523E+05   6.1996523E+05   2.7164515E+02   4.2804558E+00   1.2431414E+02   6.1714167E+05   6.1996523E+05   0.0000000E+00   0.0000000E+00   0.0000000E+00   0.0000000E+00   0.0000000E+00
   4.5247280E-02   5.8308741E+05   5.8308741E+05   2.3715499E+02   3.5469538E+00   1.1001764E+02   5.8042928E+05   5.8308741E+05   0.0000000E+00   0.0000000E+00   0.0000000E+00   0.0000000E+00   0.0000000E+00
   4.7989720E-02   5.5168819E+05   5.5168819E+05   1.9245267E+02   2.9732892E+00   9.5216502E+01   5.4917116E+05   5.5168819E+05   0.0000000E+00   0.0000000E+00   0.0000000E+00   0.0000000E+00   0.0000000E+00
   5.0711333E-02   5.2510021E+05   5.2510021E+05   1.5238790E+02   2.5206442E+00   9.1595495E+01   5.2270285E+05   5.2510021E+05   0.0000000E+00   0.0000000E+00   0.0000000E+00   0.0000000E+00   0.0000000E+00
   5.3405390E-02   5.0242347E+05   5.0242347E+05   1.3683683E+02   2.1608764E+00   9.1005376E+01   5.0012831E+05   5.0242347E+05   0.0000000E+00   0.0000000E+00   0.0000000E+00   0.0000000E+00   0.0000000E+00
   5.6074873E-02   4.8272615E+05   4.8272615E+05   1.2809718E+02   1.8722852E+00   8.2838401E+01   4.8051985E+05   4.8272615E+05   0.0000000E+00   0.0000000E+00   0.0000000E+00   0.0000000E+00   0.0000000E+00
   5.8727948E-02   4.6515593E+05   4.6515593E+05   1.0946468E+02   1.6362616E+00   7.3424741E+01   4.6302899E+05   4.6515593E+05   0.0000000E+00   0.0000000E+00   0.0000000E+00   0.0000000E+00   0.0000000E+00
   6.1374832E-02   4.4898358E+05   4.4898358E+05   8.9485518E+01   1.4388541E+00   7.1041163E+01   4.4692980E+05   4.4898358E+05   0.0000000E+00   0.0000000E+00   0.0000000E+00   0.0000000E+00   0.0000000E+00
   6.4026082E-02   4.3361237E+05   4.3361237E+05   8.0652195E+01   1.2714951E+00   7.2007898E+01   4.3162823E+05   4.3361237E+05   0.0000000E+00   0.0000000E+00   0.0000000E+00   0.0000000E+00   0.0000000E+00
   6.6691792E-02   4.1857509E+05   4.1857509E+05   7.8480517E+01   1.1286057E+00   6.7927208E+01   4.1665916E+05   4.1857509E+05   0.0000000E+00   0.0000000E+00   0.0000000E+00   0.0000000E+00   0.0000000E+00
   6.9381307E-02   4.0352850E+05   4.0352850E+05   6.9808421E+01   1.0049707E+00   5.9969631E+01   4.0168092E+05   4.0352850E+05   0.0000000E+00   0.0000000E+00   0.0000000E+00   0.0000000E+00   0.0000000E+00
   7.2103184E-02   3.8824827E+05   3.8824827E+05   5.5733538E+01   8.9593921E-01   5.7343514E+01   3.8647021E+05   3.8824827E+05   0.0000000E+00   0.0000000E+00   0.0000000E+00   0.0000000E+00   0.0000000E+00
   7.4865259E-02   3.7262430E+05   3.7262430E+05   5.0142883E+01   7.9905388E-01   5.9336937E+01   3.7091740E+05   3.7262430E+05   0.0000000E+00   0.0000000E+00   0.0000000E+00   0.0000000E+00   0.0000000E+00
   7.7674748E-02   3.5665489E+05   3.5665489E+05   5.0310988E+01   7.1337095E-01   5.4760070E+01   3.5502079E+05   3.5665489E+05   0.0000000E+00   0.0000000E+00   0.0000000E+00   0.0000000E+00   0.0000000E+00
   8.0538359E-02   3.4043817E+05   3.4043817E+05   4.1443485E+01   6.3694226E-01   4.8049469E+01   3.3887807E+05   3.4043817E+05   0.0000000E+00   0.0000000E+00   0.0000000E+00   0.0000000E+00   0.0000000E+00
   8.3462390E-02   3.2415912E+05   3.2415912E+05   3.4646409E+01   5.6788515E-01   4.9189670E+01   3.2267335E+05   3.2415912E+05   0.0000000E+00   0.0000000E+00   0.0000000E+00   0.0000000E+00   0.0000000E+00
   8.6452820E-02   3.0807108E+05   3.0807108E+05   3.4928733E+01   5.0633576E-01   4.5177309E+01   3.0665881E+05   3.0807108E+05   0.0000000E+00   0.0000000E+00   0.0000000E+00   0.0000000E+00   0.0000000E+00
   8.9515380E-02   2.9247107E+05   2.9247107E+05   2.7305301E+01   4.5124690E-01   4.1738158E+01   2.9113011E+05   2.9247107E+05   0.0000000E+00   0.0000000E+00   0.0000000E+00   0.0000000E+00   0.0000000E+00
   9.2655617E-02   2.7766937E+05   2.7766937E+05   2.6715886E+01   4.0199787E-01   4.1200814E+01   2.7639610E+05   2.7766937E+05   0.0000000E+00   0.0000000E+00   0.0000000E+00   0.0000000E+00   0.0000000E+00
   9.5878941E-02   2.6395478E+05   2.6395478E+05   2.1753663E+01   3.5848357E-01   3.6830498E+01   2.6274423E+05   2.6395478E+05   0.0000000E+00   0.0000000E+00   0.0000000E+00   0.0000000E+00   0.0000000E+00
   9.9190671E-02   2.5155803E+05   2.5155803E+05   2.1335597E+01   3.1980713E-01   3.6663028E+01   2.5040419E+05   2.5155803E+05   0.0000000E+00   0.0000000E+00   0.0000000E+00   0.0000000E+00   0.0000000E+00
   1.0259606E-01   2.4061738E+05   2.4061738E+05   1.6951905E+01   2.8595260E-01   3.3904484E+01   2.3951360E+05   2.4061738E+05   0.0000000E+00   0.0000000E+00   0.0000000E+00   0.0000000E+00   0.0000000E+00
   1.0610035E-01   2.3115097E+05   2.3115097E+05   1.7014302E+01   2.5615327E-01   3.1923565E+01   2.3009049E+05   2.3115097E+05   0.0000000E+00   0.0000000E+00   0.0000000E+00   0.0000000E+00   0.0000000E+00
   1.0970874E-01   2.2304136E+05   2.2304136E+05   1.4761123E+01   2.2996880E-01   3.1989044E+01   2.2201798E+05   2.2304136E+05   0.0000000E+00   0.0000000E+00   0.0000000E+00   0.0000000E+00   0.0000000E+00
   1.1342647E-01   2.1603712E+05   2.1603712E+05   1.2794901E+01   2.0704029E-01   3.0151560E+01   2.1504579E+05   2.1603712E+05   0.0000000E+00   0.0000000E+00   0.0000000E+00   0.0000000E+00   0.0000000E+00
   1.1725877E-01   2.0977497E+05   2.0977497E+05   1.2256356E+01   1.8679389E-01   2.8726589E+01   2.0881229E+05   2.0977497E+05   0.0000000E+00   0.0000000E+00   0.0000000E+00   0.0000000E+00   0.0000000E+00
   1.2121094E-01   2.0382333E+05   2.0382333E+05   1.1260318E+01   1.6867778E-01   2.8342232E+01   2.0288789E+05   2.0382333E+05   0.0000000E+00   0.0000000E+00   0.0000000E+00   0.0000000E+00   0.0000000E+00
   1.2528828E-01   1.9774422E+05   1.9774422E+05   9.9585279E+00   1.5237653E-01   2.7720039E+01   1.9683661E+05   1.9774422E+05   0.0000000E+00   0.0000000E+00   0.0000000E+00   0.0000000E+00   0.0000000E+00
   1.2949618E-01   1.9116580E+05   1.9116580E+05   8.8112806E+00   1.3752075E-01   2.6713577E+01   1.9028831E+05   1.9116580E+05   0.0000000E+00   0.0000000E+00   0.0000000E+00   0.0000000E+00   0.0000000E+00
   1.3384007E-01   1.8385340E+05   1.8385340E+05   7.8913154E+00   1.2387668E-01   2.5528886E+01   1.8300942E+05   1.8385340E+05   0.0000000E+00   0.0000000E+00   0.0000000E+00   0.0000000E+00   0.0000000E+00
   1.3832543E-01   1.7576369E+05   1.7576369E+05   7.1963709E+00   1.1123889E-01   2.4431574E+01   1.7495679E+05   1.7576369E+05   0.0000000E+00   0.0000000E+00   0.0000000E+00   0.0000000E+00   0.0000000E+00
   1.4295783E-01   1.6706612E+05   1.6706612E+05   6.6840945E+00   9.9589940E-02   2.2979096E+01   1.6629910E+05   1.6706612E+05   0.0000000E+00   0.0000000E+00   0.0000000E+00   0.0000000E+00   0.0000000E+00
   1.4774290E-01   1.5811974E+05   1.5811974E+05   6.0022462E+00   8.8907827E-02   2.1112260E+01   1.5739376E+05   1.5811974E+05   0.0000000E+00   0.0000000E+00   0.0000000E+00   0.0000000E+00   0.0000000E+00
   1.5268634E-01   1.4940195E+05   1.4940195E+05   4.9178559E+00   7.9206745E-02   1.9819263E+01   1.4871595E+05   1.4940195E+05   0.0000000E+00   0.0000000E+00   0.0000000E+00   0.0000000E+00   0.0000000E+00
   1.5779394E-01   1.4139794E+05   1.4139794E+05   4.4714150E+00   7.0530327E-02   1.9377439E+01   1.4074866E+05   1.4139794E+05   0.0000000E+00   0.0000000E+00   0.0000000E+00   0.0000000E+00   0.0000000E+00
   1.6307159E-01   1.3447404E+05   1.3447404E+05   4.0785149E+00   6.2918862E-02   1.7821853E+01   1.3385653E+05   1.3447404E+05   0.0000000E+00   0.0000000E+00   0.0000000E+00   0.0000000E+00   0.0000000E+00
   1.6852528E-01   1.2876873E+05   1.2876873E+05   3.5530192E+00   5.6274434E-02   1.7485808E+01   1.2817739E+05   1.2876873E+05   0.0000000E+00   0.0000000E+00   0.0000000E+00   0.0000000E+00   0.0000000E+00
   1.7416109E-01   1.2413849E+05   1.2413849E+05   3.1766573E+00   5.0516326E-02   1.6352473E+01   1.2356839E+05   1.2413849E+05   0.0000000E+00   0.0000000E+00   0.0000000E+00   0.0000000E+00   0.0000000E+00
   1.7998526E-01   1.2018612E+05   1.2018612E+05   3.0507207E+00   4.5461039E-02   1.6003853E+01   1.1963415E+05   1.2018612E+05   0.0000000E+00   0.0000000E+00   0.0000000E+00   0.0000000E+00   0.0000000E+00
   1.8600417E-01   1.1637631E+05   1.1637631E+05   2.7020270E+00   4.0960525E-02   1.5597541E+01   1.1584181E+05   1.1637631E+05   0.0000000E+00   0.0000000E+00   0.0000000E+00   0.0000000E+00   0.0000000E+00
   1.9222435E-01   1.1221128E+05   1.1221128E+05   2.3847216E+00   3.6863064E-02   1.4956535E+01   1.1169590E+05   1.1221128E+05   0.0000000E+00   0.0000000E+00   0.0000000E+00   0.0000000E+00   0.0000000E+00
   1.9865253E-01   1.0740926E+05   1.0740926E+05   2.1220907E+00   3.3065616E-02   1.4251624E+01   1.0691592E+05   1.0740926E+05   0.0000000E+00   0.0000000E+00   0.0000000E+00   0.0000000E+00   0.0000000E+00
   2.0529569E-01   1.0201434E+05   1.0201434E+05   1.8729956E+00   2.9537622E-02   1.3495123E+01   1.0154576E+05   1.0201434E+05   0.0000000E+00   0.0000000E+00   0.0000000E+00   0.0000000E+00   0.0000000E+00
   2.1216104E-01   9.6381154E+04   9.6381154E+04   1.6679504E+00   2.6296651E-02   1.2772706E+01   9.5938436E+04   9.6381154E+04   0.0000000E+00   0.0000000E+00   0.0000000E+00   0.0000000E+00   0.0000000E+00
   2.1925612E-01   9.1023739E+04   9.1023739E+04   1.5388577E+00   2.3376527E-02   1.2028733E+01   9.0605620E+04   9.1023739E+04   0.0000000E+00   0.0000000E+00   0.0000000E+00   0.0000000E+00   0.0000000E+00
   2.2658879E-01   8.6381760E+04   8.6381760E+04   1.3170847E+00   2.0812871E-02   1.1268348E+01   8.5984953E+04   8.6381760E+04   0.0000000E+00   0.0000000E+00   0.0000000E+00   0.0000000E+00   0.0000000E+00
   2.3416736E-01   8.2609493E+04   8.2609493E+04   1.2083918E+00   1.8591464E-02   1.0894708E+01   8.2230005E+04   8.2609493E+04   0.0000000E+00   0.0000000E+00   0.0000000E+00   0.0000000E+00   0.0000000E+00
   2.4200059E-01   7.9500015E+04   7.9500015E+04   1.0494282E+00   1.6665164E-02   1.0440388E+01   7.9134804E+04   7.9500015E+04   0.0000000E+00   0.0000000E+00   0.0000000E+00   0.0000000E+00   0.0000000E+00
   2.5009780E-01   7.6600357E+04   7.6600357E+04   9.7238146E-01   1.4961937E-02   9.9698296E+00   7.6248460E+04   7.6600357E+04   0.0000000E+00   0.0000000E+00   0.0000000E+00   0.0000000E+00   0.0000000E+00
   2.5846893E-01   7.3469541E+04   7.3469541E+04   8.8281523E-01   1.3410384E-02   9.6063972E+00   7.3132020E+04   7.3469541E+04   0.0000000E+00   0.0000000E+00   0.0000000E+00   0.0000000E+00   0.0000000E+00
   2.6712468E-01   6.9935129E+04   6.9935129E+04   7.8225955E-01   1.1976777E-02   9.1039608E+00   6.9613838E+04   6.9935129E+04   0.0000000E+00   0.0000000E+00   0.0000000E+00   0.0000000E+00   0.0000000E+00
   2.7607656E-01   6.6183925E+04   6.6183925E+04   6.8891546E-01   1.0656863E-02   8.6176309E+00   6.5879863E+04   6.6183925E+04   0.0000000E+00   0.0000000E+00   0.0000000E+00   0.0000000E+00   0.0000000E+00
   2.8533710E-01   6.2614303E+04   6.2614303E+04   6.0471793E-01   9.4698482E-03   8.1622018E+00   6.2326635E+04   6.2614303E+04   0.0000000E+00   0.0000000E+00   0.0000000E+00   0.0000000E+00   0.0000000E+00
   2.9491992E-01   5.9541003E+04   5.9541003E+04   5.4158763E-01   8.4309725E-03   7.7756148E+00   5.9267451E+04   5.9541003E+04   0.0000000E+00   0.0000000E+00   0.0000000E+00   0.0000000E+00   0.0000000E+00
   3.0483996E-01   5.6966270E+04   5.6966270E+04   4.8263534E-01   7.5278212E-03   7.4000847E+00   5.6704543E+04   5.6966270E+04   0.0000000E+00   0.0000000E+00   0.0000000E+00   0.0000000E+00   0.0000000E+00
   3.1511366E-01   5.4600838E+04   5.4600838E+04   4.3959955E-01   6.7309725E-03   7.1054825E+00   5.4349975E+04   5.4600838E+04   0.0000000E+00   0.0000000E+00   0.0000000E+00   0.0000000E+00   0.0000000E+00
   3.2575919E-01   5.2124926E+04   5.2124926E+04   3.9281426E-01   6.0083478E-03   6.7740662E+00   5.1885436E+04   5.2124926E+04   0.0000000E+00   0.0000000E+00   0.0000000E+00   0.0000000E+00   0.0000000E+00
   3.3679676E-01   4.9464583E+04   4.9464583E+04   3.4667284E-01   5.3448143E-03   6.4240147E+00   4.9237314E+04   4.9464583E+04   0.0000000E+00   0.0000000E+00   0.0000000E+00   0.0000000E+00   0.0000000E+00
   3.4824893E-01   4.6826669E+04   4.6826669E+04   3.0404864E-01   4.7441045E-03   6.0780418E+00   4.6611517E+04   4.6826669E+04   0.0000000E+00   0.0000000E+00   0.0000000E+00   0.0000000E+00   0.0000000E+00
   3.6014100E-01   4.4457801E+04   4.4457801E+04   2.7188030E-01   4.2128439E-03   5.7663789E+00   4.4253531E+04   4.4457801E+04   0.0000000E+00   0.0000000E+00   0.0000000E+00   0.0000000E+00   0.0000000E+00
   3.7250155E-01   4.2380193E+04   4.2380193E+04   2.4038223E-01   3.7468517E-03   5.5038710E+00   4.2185467E+04   4.2380193E+04   0.0000000E+00   0.0000000E+00   0.0000000E+00   0.0000000E+00   0.0000000E+00
   3.8536294E-01   4.0395361E+04   4.0395361E+04   2.1435335E-01   3.3322904E-03   5.2380556E+00   4.0209753E+04   4.0395361E+04   0.0000000E+00   0.0000000E+00   0.0000000E+00   0.0000000E+00   0.0000000E+00
   3.9876209E-01   3.8343377E+04   3.8343377E+04   1.9027675E-01   2.9556440E-03   4.9755940E+00   3.8167196E+04   3.8343377E+04   0.0000000E+00   0.0000000E+00   0.0000000E+00   0.0000000E+00   0.0000000E+00
   4.1274136E-01   3.6286906E+04   3.6286906E+04   1.6909641E-01   2.6146221E-03   4.6992139E+00   3.6120173E+04   3.6286906E+04   0.0000000E+00   0.0000000E+00   0.0000000E+00   0.0000000E+00   0.0000000E+00
   4.2734961E-01   3.4382679E+04   3.4382679E+04   1.4932531E-01   2.3111852E-03   4.4596411E+00   3.4224694E+04   3.4382679E+04   0.0000000E+00   0.0000000E+00   0.0000000E+00   0.0000000E+00   0.0000000E+00
   4.4264360E-01   3.2639821E+04   3.2639821E+04   1.3197009E-01   2.0430727E-03   4.2214215E+00   3.2489844E+04   3.2639821E+04   0.0000000E+00   0.0000000E+00   0.0000000E+00   0.0000000E+00   0.0000000E+00
   4.5868971E-01   3.0931869E+04   3.0931869E+04   1.1650482E-01   1.8023389E-03   4.0101578E+00   3.0789738E+04   3.0931869E+04   0.0000000E+00   0.0000000E+00   0.0000000E+00   0.0000000E+00   0.0000000E+00
   4.7556616E-01   2.9219696E+04   2.9219696E+04   1.0246137E-01   1.5848416E-03   3.7853523E+00   2.9085432E+04   2.9219696E+04   0.0000000E+00   0.0000000E+00   0.0000000E+00   0.0000000E+00   0.0000000E+00
   4.9336578E-01   2.7587719E+04   2.7587719E+04   8.9690450E-02   1.3909762E-03   3.5601261E+00   2.7460953E+04   2.7587719E+04   0.0000000E+00   0.0000000E+00   0.0000000E+00   0.0000000E+00   0.0000000E+00
   5.1219964E-01   2.6052831E+04   2.6052831E+04   7.8656441E-02   1.2179611E-03   3.3655676E+00   2.5933117E+04   2.6052831E+04   0.0000000E+00   0.0000000E+00   0.0000000E+00   0.0000000E+00   0.0000000E+00
   5.3220168E-01   2.4544876E+04   2.4544876E+04   6.8651539E-02   1.0629870E-03   3.1729604E+00   2.4432090E+04   2.4544876E+04   0.0000000E+00   0.0000000E+00   0.0000000E+00   0.0000000E+00   0.0000000E+00
   5.5353471E-01   2.3067618E+04   2.3067618E+04   5.9634796E-02   9.2358528E-04   2.9836879E+00   2.2961620E+04   2.3067618E+04   0.0000000E+00   0.0000000E+00   0.0000000E+00   0.0000000E+00   0.0000000E+00
   5.7639811E-01   2.1655069E+04   2.1655069E+04   5.1580161E-02   7.9951945E-04   2.7912463E+00   2.1555561E+04   2.1655069E+04   0.0000000E+00   0.0000000E+00   0.0000000E+00   0.0000000E+00   0.0000000E+00
   6.0103759E-01   2.0274135E+04   2.0274135E+04   4.4433962E-02   6.8844957E-04   2.6172304E+00   2.0180972E+04   2.0274135E+04   0.0000000E+00   0.0000000E+00   0.0000000E+00   0.0000000E+00   0.0000000E+00
   6.2775726E-01   1.8922930E+04   1.8922930E+04   3.8019555E-02   5.8900626E-04   2.4461041E+00   1.8835976E+04   1.8922930E+04   0.0000000E+00   0.0000000E+00   0.0000000E+00   0.0000000E+00   0.0000000E+00
   6.5693372E-01   1.7609853E+04   1.7609853E+04   3.2302709E-02   5.0044214E-04   2.2801610E+00   1.7528932E+04   1.7609853E+04   0.0000000E+00   0.0000000E+00   0.0000000E+00   0.0000000E+00   0.0000000E+00
   6.8903082E-01   1.6319579E+04   1.6319579E+04   2.7210203E-02   4.2168260E-04   2.1020739E+00   1.6244587E+04   1.6319579E+04   0.0000000E+00   0.0000000E+00   0.0000000E+00   0.0000000E+00   0.0000000E+00
   7.2461092E-01   1.5058315E+04   1.5058315E+04   2.2704561E-02   3.5180186E-04   1.9398360E+00   1.4989119E+04   1.5058315E+04   0.0000000E+00   0.0000000E+00   0.0000000E+00   0.0000000E+00   0.0000000E+00
   7.6433421E-01   1.3821500E+04   1.3821500E+04   1.8729142E-02   2.9019092E-04   1.7847671E+00   1.3757987E+04   1.3821500E+04   0.0000000E+00   0.0000000E+00   0.0000000E+00   0.0000000E+00   0.0000000E+00
   8.0893158E-01   1.2614240E+04   1.2614240E+04   1.5260377E-02   2.3643655E-04   1.6290554E+00   1.2556275E+04   1.2614240E+04   0.0000000E+00   0.0000000E+00   0.0000000E+00   0.0000000E+00   0.0000000E+00
   8.5913458E-01   1.1442803E+04   1.1442803E+04   1.2272599E-02   1.9015483E-04   1.4763020E+00   1.1390220E+04   1.1442803E+04   0.0000000E+00   0.0000000E+00   0.0000000E+00   0.0000000E+00   0.0000000E+00
   9.1556125E-01   1.0318547E+04   1.0318547E+04   9.7446734E-03   1.5099061E-04   1.3297093E+00   1.0271130E+04   1.0318547E+04   0.0000000E+00   0.0000000E+00   0.0000000E+00   0.0000000E+00   0.0000000E+00
   9.7859873E-01   9.2555843E+03   9.2555843E+03   7.6509781E-03   1.1855277E-04   1.1916879E+00   9.2130521E+03   9.2555843E+03   0.0000000E+00   0.0000000E+00   0.0000000E+00   0.0000000E+00   0.0000000E+00
   1.0483661E+00   8.2671014E+03   8.2671014E+03   5.9545440E-03   9.2261582E-05   1.0652980E+00   8.2291115E+03   8.2671014E+03   0.0000000E+00   0.0000000E+00   0.0000000E+00   0.0000000E+00   0.0000000E+00
   1.1248091E+00   7.3621125E+03   7.3621125E+03   4.6064354E-03   7.1370845E-05   9.4947595E-01   7.3282811E+03   7.3621125E+03   0.0000000E+00   0.0000000E+00   0.0000000E+00   0.0000000E+00   0.0000000E+00
   1.2078703E+00   6.5436279E+03   6.5436279E+03   3.5505688E-03   5.5015436E-05   8.4269230E-01   6.5135577E+03   6.5436279E+03   0.0000000E+00   0.0000000E+00   0.0000000E+00   0.0000000E+00   0.0000000E+00
   1.2976193E+00   5.8091223E+03   5.8091223E+03   2.7310810E-03   4.2314025E-05   7.4992711E-01   5.7824273E+03   5.8091223E+03   0.0000000E+00   0.0000000E+00   0.0000000E+00   0.0000000E+00   0.0000000E+00
   1.3942929E+00   5.1530066E+03   5.1530066E+03   2.0983182E-03   3.2513461E-05   6.6323219E-01   5.1293267E+03   5.1530066E+03   0.0000000E+00   0.0000000E+00   0.0000000E+00   0.0000000E+00   0.0000000E+00
   1.4982719E+00   4.5683511E+03   4.5683511E+03   1.6110011E-03   2.4960808E-05   5.8899992E-01   4.5473578E+03   4.5683511E+03   0.0000000E+00   0.0000000E+00   0.0000000E+00   0.0000000E+00   0.0000000E+00
   1.6100413E+00   4.0480227E+03   4.0480227E+03   1.2361929E-03   1.9154397E-05   5.2157406E-01   4.0294205E+03   4.0480227E+03   0.0000000E+00   0.0000000E+00   0.0000000E+00   0.0000000E+00   0.0000000E+00
   1.7301597E+00   3.5853612E+03   3.5853612E+03   9.4815053E-04   1.4691093E-05   4.6164074E-01   3.5688851E+03   3.5853612E+03   0.0000000E+00   0.0000000E+00   0.0000000E+00   0.0000000E+00   0.0000000E+00
   1.8592424E+00   3.1742106E+03   3.1742106E+03   7.2690911E-04   1.1263348E-05   4.0854645E-01   3.1596239E+03   3.1742106E+03   0.0000000E+00   0.0000000E+00   0.0000000E+00   0.0000000E+00   0.0000000E+00
   1.9979563E+00   2.8090525E+03   2.8090525E+03   5.5706214E-04   8.6313820E-06   3.6213525E-01   2.7961438E+03   2.8090525E+03   0.0000000E+00   0.0000000E+00   0.0000000E+00   0.0000000E+00   0.0000000E+00
   2.1470195E+00   2.4849104E+03   2.4849104E+03   4.2673085E-04   6.6126105E-06   3.1952124E-01   2.4734912E+03   2.4849104E+03   0.0000000E+00   0.0000000E+00   0.0000000E+00   0.0000000E+00   0.0000000E+00
   2.3072039E+00   2.1973178E+03   2.1973178E+03   3.2676928E-04   5.0632554E-06   2.8318749E-01   2.1872202E+03   2.1973178E+03   0.0000000E+00   0.0000000E+00   0.0000000E+00   0.0000000E+00   0.0000000E+00
   2.4793394E+00   1.9422820E+03   1.9422820E+03   2.5030320E-04   3.8758457E-06   2.5014824E-01   1.9333564E+03   1.9422820E+03   0.0000000E+00   0.0000000E+00   0.0000000E+00   0.0000000E+00   0.0000000E+00
   2.6643175E+00   1.7162228E+03   1.7162228E+03   1.9147201E-04   2.9657653E-06   2.2086538E-01   1.7083361E+03   1.7162228E+03   0.0000000E+00   0.0000000E+00   0.0000000E+00   0.0000000E+00   0.0000000E+00
   2.8630965E+00   1.5159384E+03   1.5159384E+03   1.4642072E-04   2.2685317E-06   1.9544071E-01   1.5089721E+03   1.5159384E+03   0.0000000E+00   0.0000000E+00   0.0000000E+00   0.0000000E+00   0.0000000E+00
   3.0767059E+00   1.3385684E+03   1.3385684E+03   1.1195135E-04   1.7346755E-06   1.7232849E-01   1.3324171E+03   1.3385684E+03   0.0000000E+00   0.0000000E+00   0.0000000E+00   0.0000000E+00   0.0000000E+00
   3.3062522E+00   1.1815581E+03   1.1815581E+03   8.5571457E-05   1.3260533E-06   1.5208503E-01   1.1761283E+03   1.1815581E+03   0.0000000E+00   0.0000000E+00   0.0000000E+00   0.0000000E+00   0.0000000E+00
   3.5529245E+00   1.0426277E+03   1.0426277E+03   6.5387452E-05   1.0133292E-06   1.3415303E-01   1.0378364E+03   1.0426277E+03   0.0000000E+00   0.0000000E+00   0.0000000E+00   0.0000000E+00   0.0000000E+00
   3.8180005E+00   9.1974455E+02   9.1974455E+02   4.9949007E-05   7.7411388E-07   1.1844834E-01   9.1551795E+02   9.1974455E+02   0.0000000E+00   0.0000000E+00   0.0000000E+00   0.0000000E+00   0.0000000E+00
   4.1028532E+00   8.1109702E+02   8.1109702E+02   3.8144199E-05   5.9117438E-07   1.0455815E-01   8.0736970E+02   8.1109702E+02   0.0000000E+00   0.0000000E+00   0.0000000E+00   0.0000000E+00   0.0000000E+00
   4.4089582E+00   7.1507197E+02   7.1507197E+02   2.9120882E-05   4.5137494E-07   9.2057695E-02   7.1178593E+02   7.1507197E+02   0.0000000E+00   0.0000000E+00   0.0000000E+00   0.0000000E+00   0.0000000E+00
   4.7379010E+00   6.3023376E+02   6.3023376E+02   2.2225512E-05   3.4452886E-07   8.1146368E-02   6.2733758E+02   6.3023376E+02   0.0000000E+00   0.0000000E+00   0.0000000E+00   0.0000000E+00   0.0000000E+00
   5.0913855E+00   5.5530554E+02   5.5530554E+02   1.6976725E-05   2.6289934E-07   7.1537037E-02   5.5275368E+02   5.5530554E+02   0.0000000E+00   0.0000000E+00   0.0000000E+00   0.0000000E+00   0.0000000E+00
   5.4712427E+00   4.8915230E+02   4.8915230E+02   1.2937543E-05   2.0056308E-07   6.2959976E-02   4.8690445E+02   4.8915230E+02   0.0000000E+00   0.0000000E+00   0.0000000E+00   0.0000000E+00   0.0000000E+00
   5.8794403E+00   4.3076576E+02   4.3076576E+02   9.8655488E-06   1.5296650E-07   5.5459079E-02   4.2878622E+02   4.3076576E+02   0.0000000E+00   0.0000000E+00   0.0000000E+00   0.0000000E+00   0.0000000E+00
   6.3180925E+00   3.7925062E+02   3.7925062E+02   7.5213301E-06   1.1663852E-07   4.8856380E-02   3.7750781E+02   3.7925062E+02   0.0000000E+00   0.0000000E+00   0.0000000E+00   0.0000000E+00   0.0000000E+00
   6.7894717E+00   3.3381238E+02   3.3381238E+02   5.7327220E-06   8.8918325E-08   4.2969129E-02   3.3227838E+02   3.3381238E+02   0.0000000E+00   0.0000000E+00   0.0000000E+00   0.0000000E+00   0.0000000E+00
   7.2960194E+00   2.9374635E+02   2.9374635E+02   4.3684198E-06   6.7771281E-08   3.7801062E-02   2.9239646E+02   2.9374635E+02   0.0000000E+00   0.0000000E+00   0.0000000E+00   0.0000000E+00   0.0000000E+00
   7.8403596E+00   2.5842775E+02   2.5842775E+02   3.3283100E-06   5.1641755E-08   3.3277659E-02   2.5724017E+02   2.5842775E+02   0.0000000E+00   0.0000000E+00   0.0000000E+00   0.0000000E+00   0.0000000E+00
   8.4253118E+00   2.2730295E+02   2.2730295E+02   2.5350721E-06   3.9342787E-08   2.9276918E-02   2.2625840E+02   2.2730295E+02   0.0000000E+00   0.0000000E+00   0.0000000E+00   0.0000000E+00   0.0000000E+00
