#           k/h    CDM            baryon         photon         nu             mass_nu        total          no_nu          total_de       Weyl           v_CDM          v_b            v_b-v_c     
   1.1173974E-05   1.2543847E+07   1.2543847E+07   1.6719713E+07   9.2526705E+03   6.0151625E+06   1.2543882E+07   1.2543847E+07   0.0000000E+00   0.0000000E+00   0.0000000E+00   0.0000000E+00   0.0000000E+00
   1.2007640E-05   1.2543844E+07   1.2543844E+07   1.6718871E+07   9.2523717E+03   6.0150956E+06   1.2543880E+07   1.2543844E+07   0.0000000E+00   0.0000000E+00   0.0000000E+00   0.0000000E+00   0.0000000E+00
   1.2903504E-05   1.2543842E+07   1.2543842E+07   1.6717900E+07   9.2520266E+03   6.0150183E+06   1.2543877E+07   1.2543842E+07   0.0000000E+00   0.0000000E+00   0.0000000E+00   0.0000000E+00   0.0000000E+00
   1.3866206E-05   1.2543839E+07   1.2543839E+07   1.6716779E+07   9.2516281E+03   6.0149291E+06   1.2543874E+07   1.2543839E+07   0.0000000E+00   0.0000000E+00   0.0000000E+00   0.0000000E+00   0.0000000E+00
   1.4900733E-05   1.2543836E+07   1.2543836E+07   1.6715483E+07   9.2511680E+03   6.0148261E+06   1.2543870E+07   1.2543836E+07   0.0000000E+00   0.0000000E+00   0.0000000E+00   0.0000000E+00   0.0000000E+00
   1.6012445E-05   1.2543832E+07   1.2543832E+07   1.6713988E+07   9.2506367E+03   6.0147071E+06   1.2543866E+07   1.2543832E+07   0.0000000E+00   0.0000000E+00   0.0000000E+00   0.0000000E+00   0.0000000E+00
   1.7207099E-05   1.2543827E+07   1.2543827E+07   1.6712261E+07   9.2500232E+03   6.0145697E+06   1.2543862E+07   1.2543827E+07   0.0000000E+00   0.0000000E+00   0.0000000E+00   0.0000000E+00   0.0000000E+00
   1.8490883E-05   1.2543822E+07   1.2543822E+07   1.6710267E+07   9.2493148E+03   6.0144112E+06   1.2543856E+07   1.2543822E+07   0.0000000E+00   0.0000000E+00   0.0000000E+00   0.0000000E+00   0.0000000E+00
   1.9870447E-05   1.2543816E+07   1.2543816E+07   1.6707965E+07   9.2484968E+03   6.0142281E+06   1.2543850E+07   1.2543816E+07   0.0000000E+00   0.0000000E+00   0.0000000E+00   0.0000000E+00   0.0000000E+00
   2.1352938E-05   1.2543809E+07   1.2543809E+07   1.6705307E+07   9.2475523E+03   6.0140167E+06   1.2543842E+07   1.2543809E+07   0.0000000E+00   0.0000000E+00   0.0000000E+00   0.0000000E+00   0.0000000E+00
   2.2946035E-05   1.2543800E+07   1.2543800E+07   1.6702238E+07   9.2464617E+03   6.0137726E+06   1.2543834E+07   1.2543800E+07   0.0000000E+00   0.0000000E+00   0.0000000E+00   0.0000000E+00   0.0000000E+00
   2.4657989E-05   1.2543791E+07   1.2543791E+07   1.6698695E+07   9.2452025E+03   6.0134909E+06   1.2543824E+07   1.2543791E+07   0.0000000E+00   0.0000000E+00   0.0000000E+00   0.0000000E+00   0.0000000E+00
   2.6497668E-05   1.2543780E+07   1.2543780E+07   1.6694604E+07   9.2437487E+03   6.0131657E+06   1.2543812E+07   1.2543780E+07   0.0000000E+00   0.0000000E+00   0.0000000E+00   0.0000000E+00   0.0000000E+00
   2.8474601E-05   1.2543768E+07   1.2543768E+07   1.6689881E+07   9.2420702E+03   6.0127903E+06   1.2543799E+07   1.2543768E+07   0.0000000E+00   0.0000000E+00   0.0000000E+00   0.0000000E+00   0.0000000E+00
   3.0599029E-05   1.2543753E+07   1.2543753E+07   1.6684428E+07   9.2401323E+03   6.0123570E+06   1.2543784E+07   1.2543753E+07   0.0000000E+00   0.0000000E+00   0.0000000E+00   0.0000000E+00   0.0000000E+00
   3.2881956E-05   1.2543737E+07   1.2543737E+07   1.6678134E+07   9.2378950E+03   6.0118569E+06   1.2543767E+07   1.2543737E+07   0.0000000E+00   0.0000000E+00   0.0000000E+00   0.0000000E+00   0.0000000E+00
   3.5335208E-05   1.2543717E+07   1.2543717E+07   1.6670868E+07   9.2353121E+03   6.0112797E+06   1.2543746E+07   1.2543717E+07   0.0000000E+00   0.0000000E+00   0.0000000E+00   0.0000000E+00   0.0000000E+00
   3.7971491E-05   1.2543695E+07   1.2543695E+07   1.6662482E+07   9.2323306E+03   6.0106137E+06   1.2543723E+07   1.2543695E+07   0.0000000E+00   0.0000000E+00   0.0000000E+00   0.0000000E+00   0.0000000E+00
   4.0804461E-05   1.2543669E+07   1.2543669E+07   1.6652802E+07   9.2288889E+03   6.0098452E+06   1.2543696E+07   1.2543669E+07   0.0000000E+00   0.0000000E+00   0.0000000E+00   0.0000000E+00   0.0000000E+00
   4.3848793E-05   1.2543640E+07   1.2543640E+07   1.6641631E+07   9.2249163E+03   6.0089586E+06   1.2543665E+07   1.2543640E+07   0.0000000E+00   0.0000000E+00   0.0000000E+00   0.0000000E+00   0.0000000E+00
   4.7120257E-05   1.2543605E+07   1.2543605E+07   1.6628740E+07   9.2203312E+03   6.0079359E+06   1.2543629E+07   1.2543605E+07   0.0000000E+00   0.0000000E+00   0.0000000E+00   0.0000000E+00   0.0000000E+00
   5.0635797E-05   1.2543566E+07   1.2543566E+07   1.6613865E+07   9.2150397E+03   6.0067565E+06   1.2543587E+07   1.2543566E+07   0.0000000E+00   0.0000000E+00   0.0000000E+00   0.0000000E+00   0.0000000E+00
   5.4413624E-05   1.2543520E+07   1.2543520E+07   1.6596703E+07   9.2089334E+03   6.0053964E+06   1.2543540E+07   1.2543520E+07   0.0000000E+00   0.0000000E+00   0.0000000E+00   0.0000000E+00   0.0000000E+00
   5.8473306E-05   1.2543468E+07   1.2543468E+07   1.6576906E+07   9.2018877E+03   6.0038286E+06   1.2543484E+07   1.2543468E+07   0.0000000E+00   0.0000000E+00   0.0000000E+00   0.0000000E+00   0.0000000E+00
   6.2835872E-05   1.2543407E+07   1.2543407E+07   1.6554072E+07   9.1937591E+03   6.0020216E+06   1.2543420E+07   1.2543407E+07   0.0000000E+00   0.0000000E+00   0.0000000E+00   0.0000000E+00   0.0000000E+00
   6.7523920E-05   1.2543337E+07   1.2543337E+07   1.6527742E+07   9.1843824E+03   5.9999396E+06   1.2543347E+07   1.2543337E+07   0.0000000E+00   0.0000000E+00   0.0000000E+00   0.0000000E+00   0.0000000E+00
   7.2561733E-05   1.2543255E+07   1.2543255E+07   1.6497386E+07   9.1735680E+03   5.9975417E+06   1.2543261E+07   1.2543255E+07   0.0000000E+00   0.0000000E+00   0.0000000E+00   0.0000000E+00   0.0000000E+00
   7.7975406E-05   1.2543162E+07   1.2543162E+07   1.6462397E+07   9.1610977E+03   5.9947809E+06   1.2543163E+07   1.2543162E+07   0.0000000E+00   0.0000000E+00   0.0000000E+00   0.0000000E+00   0.0000000E+00
   8.3792982E-05   1.2543054E+07   1.2543054E+07   1.6422080E+07   9.1467213E+03   5.9916040E+06   1.2543050E+07   1.2543054E+07   0.0000000E+00   0.0000000E+00   0.0000000E+00   0.0000000E+00   0.0000000E+00
   9.0044595E-05   1.2542929E+07   1.2542929E+07   1.6375639E+07   9.1301515E+03   5.9879502E+06   1.2542919E+07   1.2542929E+07   0.0000000E+00   0.0000000E+00   0.0000000E+00   0.0000000E+00   0.0000000E+00
   9.6762626E-05   1.2542785E+07   1.2542785E+07   1.6322166E+07   9.1110596E+03   5.9837504E+06   1.2542767E+07   1.2542785E+07   0.0000000E+00   0.0000000E+00   0.0000000E+00   0.0000000E+00   0.0000000E+00
   1.0398188E-04   1.2542619E+07   1.2542619E+07   1.6260623E+07   9.0890691E+03   5.9789267E+06   1.2542593E+07   1.2542619E+07   0.0000000E+00   0.0000000E+00   0.0000000E+00   0.0000000E+00   0.0000000E+00
   1.1173974E-04   1.2542427E+07   1.2542427E+07   1.6189828E+07   9.0637502E+03   5.9733911E+06   1.2542392E+07   1.2542427E+07   0.0000000E+00   0.0000000E+00   0.0000000E+00   0.0000000E+00   0.0000000E+00
   1.2007640E-04   1.2542206E+07   1.2542206E+07   1.6108441E+07   9.0346124E+03   5.9670445E+06   1.2542159E+07   1.2542206E+07   0.0000000E+00   0.0000000E+00   0.0000000E+00   0.0000000E+00   0.0000000E+00
   1.2903504E-04   1.2541951E+07   1.2541951E+07   1.6014942E+07   9.0010975E+03   5.9597764E+06   1.2541891E+07   1.2541951E+07   0.0000000E+00   0.0000000E+00   0.0000000E+00   0.0000000E+00   0.0000000E+00
   1.3866206E-04   1.2541656E+07   1.2541656E+07   1.5907613E+07   8.9625717E+03   5.9514639E+06   1.2541582E+07   1.2541656E+07   0.0000000E+00   0.0000000E+00   0.0000000E+00   0.0000000E+00   0.0000000E+00
   1.4900733E-04   1.2541316E+07   1.2541316E+07   1.5784525E+07   8.9183172E+03   5.9419713E+06   1.2541226E+07   1.2541316E+07   0.0000000E+00   0.0000000E+00   0.0000000E+00   0.0000000E+00   0.0000000E+00
   1.6012445E-04   1.2540925E+07   1.2540925E+07   1.5643514E+07   8.8675237E+03   5.9311501E+06   1.2540814E+07   1.2540925E+07   0.0000000E+00   0.0000000E+00   0.0000000E+00   0.0000000E+00   0.0000000E+00
   1.7207099E-04   1.2540473E+07   1.2540473E+07   1.5482174E+07   8.8092805E+03   5.9188392E+06   1.2540340E+07   1.2540473E+07   0.0000000E+00   0.0000000E+00   0.0000000E+00   0.0000000E+00   0.0000000E+00
   1.8490883E-04   1.2539953E+07   1.2539953E+07   1.5297837E+07   8.7425678E+03   5.9048668E+06   1.2539794E+07   1.2539953E+07   0.0000000E+00   0.0000000E+00   0.0000000E+00   0.0000000E+00   0.0000000E+00
   1.9870447E-04   1.2539353E+07   1.2539353E+07   1.5087578E+07   8.6662509E+03   5.8890520E+06   1.2539164E+07   1.2539353E+07   0.0000000E+00   0.0000000E+00   0.0000000E+00   0.0000000E+00   0.0000000E+00
   2.1352938E-04   1.2538662E+07   1.2538662E+07   1.4848214E+07   8.5790748E+03   5.8712089E+06   1.2538439E+07   1.2538662E+07   0.0000000E+00   0.0000000E+00   0.0000000E+00   0.0000000E+00   0.0000000E+00
   2.2946035E-04   1.2537867E+07   1.2537867E+07   1.4576326E+07   8.4796627E+03   5.8511521E+06   1.2537603E+07   1.2537867E+07   0.0000000E+00   0.0000000E+00   0.0000000E+00   0.0000000E+00   0.0000000E+00
   2.4657989E-04   1.2536951E+07   1.2536951E+07   1.4268297E+07   8.3665191E+03   5.8287043E+06   1.2536642E+07   1.2536951E+07   0.0000000E+00   0.0000000E+00   0.0000000E+00   0.0000000E+00   0.0000000E+00
   2.6497668E-04   1.2535897E+07   1.2535897E+07   1.3920371E+07   8.2380386E+03   5.8037071E+06   1.2535535E+07   1.2535897E+07   0.0000000E+00   0.0000000E+00   0.0000000E+00   0.0000000E+00   0.0000000E+00
   2.8474601E-04   1.2534686E+07   1.2534686E+07   1.3528754E+07   8.0925245E+03   5.7760352E+06   1.2534263E+07   1.2534686E+07   0.0000000E+00   0.0000000E+00   0.0000000E+00   0.0000000E+00   0.0000000E+00
   3.0599029E-04   1.2533294E+07   1.2533294E+07   1.3089749E+07   7.9282179E+03   5.7456139E+06   1.2532802E+07   1.2533294E+07   0.0000000E+00   0.0000000E+00   0.0000000E+00   0.0000000E+00   0.0000000E+00
   3.2881956E-04   1.2531695E+07   1.2531695E+07   1.2599945E+07   7.7433429E+03   5.7124409E+06   1.2531123E+07   1.2531695E+07   0.0000000E+00   0.0000000E+00   0.0000000E+00   0.0000000E+00   0.0000000E+00
   3.5335208E-04   1.2529861E+07   1.2529861E+07   1.2056468E+07   7.5361701E+03   5.6766123E+06   1.2529197E+07   1.2529861E+07   0.0000000E+00   0.0000000E+00   0.0000000E+00   0.0000000E+00   0.0000000E+00
   3.7971491E-04   1.2527758E+07   1.2527758E+07   1.1457300E+07   7.3051034E+03   5.6383509E+06   1.2526989E+07   1.2527758E+07   0.0000000E+00   0.0000000E+00   0.0000000E+00   0.0000000E+00   0.0000000E+00
   4.0804461E-04   1.2525350E+07   1.2525350E+07   1.0801682E+07   7.0487938E+03   5.5980354E+06   1.2524460E+07   1.2525350E+07   0.0000000E+00   0.0000000E+00   0.0000000E+00   0.0000000E+00   0.0000000E+00
   4.3848793E-04   1.2522595E+07   1.2522595E+07   1.0090577E+07   6.7662832E+03   5.5562271E+06   1.2521567E+07   1.2522595E+07   0.0000000E+00   0.0000000E+00   0.0000000E+00   0.0000000E+00   0.0000000E+00
   4.7120257E-04   1.2519447E+07   1.2519447E+07   9.3272131E+06   6.4571800E+03   5.5136870E+06   1.2518262E+07   1.2519447E+07   0.0000000E+00   0.0000000E+00   0.0000000E+00   0.0000000E+00   0.0000000E+00
   5.0635797E-04   1.2515855E+07   1.2515855E+07   8.5176463E+06   6.1218638E+03   5.4713751E+06   1.2514490E+07   1.2515855E+07   0.0000000E+00   0.0000000E+00   0.0000000E+00   0.0000000E+00   0.0000000E+00
   5.4413624E-04   1.2511763E+07   1.2511763E+07   7.6713098E+06   5.7617122E+03   5.4304192E+06   1.2510194E+07   1.2511763E+07   0.0000000E+00   0.0000000E+00   0.0000000E+00   0.0000000E+00   0.0000000E+00
   5.8473306E-04   1.2507108E+07   1.2507108E+07   6.8014508E+06   5.3793326E+03   5.3920387E+06   1.2505308E+07   1.2507108E+07   0.0000000E+00   0.0000000E+00   0.0000000E+00   0.0000000E+00   0.0000000E+00
   6.2835872E-04   1.2501823E+07   1.2501823E+07   5.9253341E+06   4.9787739E+03   5.3574066E+06   1.2499760E+07   1.2501823E+07   0.0000000E+00   0.0000000E+00   0.0000000E+00   0.0000000E+00   0.0000000E+00
   6.7523920E-04   1.2495832E+07   1.2495832E+07   5.0640420E+06   4.5656760E+03   5.3274359E+06   1.2493473E+07   1.2495832E+07   0.0000000E+00   0.0000000E+00   0.0000000E+00   0.0000000E+00   0.0000000E+00
   7.2561733E-04   1.2489054E+07   1.2489054E+07   4.2416795E+06   4.1473018E+03   5.3024886E+06   1.2486362E+07   1.2489054E+07   0.0000000E+00   0.0000000E+00   0.0000000E+00   0.0000000E+00   0.0000000E+00
   7.7975406E-04   1.2481402E+07   1.2481402E+07   3.4837902E+06   3.7323856E+03   5.2820227E+06   1.2478337E+07   1.2481402E+07   0.0000000E+00   0.0000000E+00   0.0000000E+00   0.0000000E+00   0.0000000E+00
   8.3792982E-04   1.2472778E+07   1.2472778E+07   2.8148583E+06   3.3307237E+03   5.2642336E+06   1.2469297E+07   1.2472778E+07   0.0000000E+00   0.0000000E+00   0.0000000E+00   0.0000000E+00   0.0000000E+00
   9.0044595E-04   1.2463079E+07   1.2463079E+07   2.2549320E+06   2.9524521E+03   5.2457928E+06   1.2459136E+07   1.2463079E+07   0.0000000E+00   0.0000000E+00   0.0000000E+00   0.0000000E+00   0.0000000E+00
   9.6762626E-04   1.2452189E+07   1.2452189E+07   1.8156942E+06   2.6069963E+03   5.2218462E+06   1.2447736E+07   1.2452189E+07   0.0000000E+00   0.0000000E+00   0.0000000E+00   0.0000000E+00   0.0000000E+00
   1.0398188E-03   1.2439983E+07   1.2439983E+07   1.4967263E+06   2.3017627E+03   5.1864687E+06   1.2434970E+07   1.2439983E+07   0.0000000E+00   0.0000000E+00   0.0000000E+00   0.0000000E+00   0.0000000E+00
   1.1173974E-03   1.2426322E+07   1.2426322E+07   1.2831744E+06   2.0407673E+03   5.1337479E+06   1.2420701E+07   1.2426322E+07   0.0000000E+00   0.0000000E+00   0.0000000E+00   0.0000000E+00   0.0000000E+00
   1.2007640E-03   1.2411056E+07   1.2411056E+07   1.1463515E+06   1.8235452E+03   5.0595088E+06   1.2404778E+07   1.2411056E+07   0.0000000E+00   0.0000000E+00   0.0000000E+00   0.0000000E+00   0.0000000E+00
   1.2903504E-03   1.2394018E+07   1.2394018E+07   1.0486323E+06   1.6448032E+03   4.9633560E+06   1.2387036E+07   1.2394018E+07   0.0000000E+00   0.0000000E+00   0.0000000E+00   0.0000000E+00   0.0000000E+00
   1.3866206E-03   1.2375028E+07   1.2375028E+07   9.5291854E+05   1.4952678E+03   4.8502160E+06   1.2367300E+07   1.2375028E+07   0.0000000E+00   0.0000000E+00   0.0000000E+00   0.0000000E+00   0.0000000E+00
   1.4900733E-03   1.2353893E+07   1.2353893E+07   8.3473349E+05   1.3639275E+03   4.7301303E+06   1.2345383E+07   1.2353893E+07   0.0000000E+00   0.0000000E+00   0.0000000E+00   0.0000000E+00   0.0000000E+00
   1.6012445E-03   1.2330410E+07   1.2330410E+07   6.9212644E+05   1.2412965E+03   4.6151508E+06   1.2321087E+07   1.2330410E+07   0.0000000E+00   0.0000000E+00   0.0000000E+00   0.0000000E+00   0.0000000E+00
   1.7207099E-03   1.2304370E+07   1.2304370E+07   5.4670664E+05   1.1225524E+03   4.5134307E+06   1.2294213E+07   1.2304370E+07   0.0000000E+00   0.0000000E+00   0.0000000E+00   0.0000000E+00   0.0000000E+00
   1.8490883E-03   1.2275558E+07   1.2275558E+07   4.3109561E+05   1.0088422E+03   4.4231429E+06   1.2264552E+07   1.2275558E+07   0.0000000E+00   0.0000000E+00   0.0000000E+00   0.0000000E+00   0.0000000E+00
   1.9870447E-03   1.2243753E+07   1.2243753E+07   3.6599343E+05   9.0540391E+02   4.3313929E+06   1.2231892E+07   1.2243753E+07   0.0000000E+00   0.0000000E+00   0.0000000E+00   0.0000000E+00   0.0000000E+00
   2.1352938E-03   1.2208727E+07   1.2208727E+07   3.4145246E+05   8.1691391E+02   4.2225136E+06   1.2196011E+07   1.2208727E+07   0.0000000E+00   0.0000000E+00   0.0000000E+00   0.0000000E+00   0.0000000E+00
   2.2946035E-03   1.2170240E+07   1.2170240E+07   3.2162447E+05   7.4304354E+02   4.0928063E+06   1.2156671E+07   1.2170240E+07   0.0000000E+00   0.0000000E+00   0.0000000E+00   0.0000000E+00   0.0000000E+00
   2.4657989E-03   1.2128040E+07   1.2128040E+07   2.7705996E+05   6.7828404E+02   3.9578489E+06   1.2113620E+07   1.2128040E+07   0.0000000E+00   0.0000000E+00   0.0000000E+00   0.0000000E+00   0.0000000E+00
   2.6497668E-03   1.2081863E+07   1.2081863E+07   2.1614070E+05   6.1705359E+02   3.8379853E+06   1.2066593E+07   1.2081863E+07   0.0000000E+00   0.0000000E+00   0.0000000E+00   0.0000000E+00   0.0000000E+00
   2.8474601E-03   1.2031441E+07   1.2031441E+07   1.7334434E+05   5.5898454E+02   3.7314545E+06   1.2015318E+07   1.2031441E+07   0.0000000E+00   0.0000000E+00   0.0000000E+00   0.0000000E+00   0.0000000E+00
   3.0599029E-03   1.1976497E+07   1.1976497E+07   1.5875677E+05   5.0740218E+02   3.6135977E+06   1.1959515E+07   1.1976497E+07   0.0000000E+00   0.0000000E+00   0.0000000E+00   0.0000000E+00   0.0000000E+00
   3.2881956E-03   1.1916741E+07   1.1916741E+07   1.4275150E+05   4.6256949E+02   3.4762714E+06   1.1898891E+07   1.1916741E+07   0.0000000E+00   0.0000000E+00   0.0000000E+00   0.0000000E+00   0.0000000E+00
   3.5335208E-03   1.1851868E+07   1.1851868E+07   1.1218076E+05   4.2072389E+02   3.3440478E+06   1.1833141E+07   1.1851868E+07   0.0000000E+00   0.0000000E+00   0.0000000E+00   0.0000000E+00   0.0000000E+00
   3.7971491E-03   1.1781562E+07   1.1781562E+07   9.4879874E+04   3.8100862E+02   3.2213942E+06   1.1761955E+07   1.1781562E+07   0.0000000E+00   0.0000000E+00   0.0000000E+00   0.0000000E+00   0.0000000E+00
   4.0804461E-03   1.1705500E+07   1.1705500E+07   9.0752595E+04   3.4584502E+02   3.0798047E+06   1.1685011E+07   1.1705500E+07   0.0000000E+00   0.0000000E+00   0.0000000E+00   0.0000000E+00   0.0000000E+00
   4.3848793E-03   1.1623344E+07   1.1623344E+07   7.1774782E+04   3.1383755E+02   2.9337521E+06   1.1601979E+07   1.1623344E+07   0.0000000E+00   0.0000000E+00   0.0000000E+00   0.0000000E+00   0.0000000E+00
   4.7120257E-03   1.1534753E+07   1.1534753E+07   5.8789052E+04   2.8326893E+02   2.8037894E+06   1.1512525E+07   1.1534753E+07   0.0000000E+00   0.0000000E+00   0.0000000E+00   0.0000000E+00   0.0000000E+00
   5.0635797E-03   1.1439384E+07   1.1439384E+07   5.5340052E+04   2.5585831E+02   2.6583758E+06   1.1416319E+07   1.1439384E+07   0.0000000E+00   0.0000000E+00   0.0000000E+00   0.0000000E+00   0.0000000E+00
   5.4413624E-03   1.1336896E+07   1.1336896E+07   4.2791428E+04   2.3036375E+02   2.5202717E+06   1.1313035E+07   1.1336896E+07   0.0000000E+00   0.0000000E+00   0.0000000E+00   0.0000000E+00   0.0000000E+00
   5.8473306E-03   1.1226946E+07   1.1226946E+07   4.0422777E+04   2.0701778E+02   2.3832309E+06   1.1202334E+07   1.1226946E+07   0.0000000E+00   0.0000000E+00   0.0000000E+00   0.0000000E+00   0.0000000E+00
   6.2835872E-03   1.1109188E+07   1.1109188E+07   3.0761090E+04   1.8591772E+02   2.2449959E+06   1.1083864E+07   1.1109188E+07   0.0000000E+00   0.0000000E+00   0.0000000E+00   0.0000000E+00   0.0000000E+00
   6.7523920E-03   1.0983261E+07   1.0983261E+07   2.9335100E+04   1.6650756E+02   2.1103860E+06   1.0957259E+07   1.0983261E+07   0.0000000E+00   0.0000000E+00   0.0000000E+00   0.0000000E+00   0.0000000E+00
   7.2561733E-03   1.0848794E+07   1.0848794E+07   2.2545708E+04   1.4871898E+02   1.9748288E+06   1.0822164E+07   1.0848794E+07   0.0000000E+00   0.0000000E+00   0.0000000E+00   0.0000000E+00   0.0000000E+00
   7.7975406E-03   1.0705423E+07   1.0705423E+07   2.0729938E+04   1.3245330E+02   1.8418603E+06   1.0678236E+07   1.0705423E+07   0.0000000E+00   0.0000000E+00   0.0000000E+00   0.0000000E+00   0.0000000E+00
   8.3792982E-03   1.0552788E+07   1.0552788E+07   1.7406234E+04   1.1765244E+02   1.7187536E+06   1.0525115E+07   1.0552788E+07   0.0000000E+00   0.0000000E+00   0.0000000E+00   0.0000000E+00   0.0000000E+00
   9.0044595E-03   1.0390522E+07   1.0390522E+07   1.3776467E+04   1.0433418E+02   1.5923646E+06   1.0362427E+07   1.0390522E+07   0.0000000E+00   0.0000000E+00   0.0000000E+00   0.0000000E+00   0.0000000E+00
   9.6762626E-03   1.0218251E+07   1.0218251E+07   1.2359739E+04   9.2200464E+01   1.4707747E+06   1.0189808E+07   1.0218251E+07   0.0000000E+00   0.0000000E+00   0.0000000E+00   0.0000000E+00   0.0000000E+00
   1.0398188E-02   1.0035600E+07   1.0035600E+07   1.0952607E+04   8.1224905E+01   1.3560334E+06   1.0006894E+07   1.0035600E+07   0.0000000E+00   0.0000000E+00   0.0000000E+00   0.0000000E+00   0.0000000E+00
   1.1173974E-02   9.8422020E+06   9.8422020E+06   9.2352237E+03   7.1339827E+01   1.2466158E+06   9.8133158E+06   9.8422020E+06   0.0000000E+00   0.0000000E+00   0.0000000E+00   0.0000000E+00   0.0000000E+00
   1.2007640E-02   9.6376876E+06   9.6376876E+06   7.7007826E+03   6.2475424E+01   1.1406119E+06   9.6087069E+06   9.6376876E+06   0.0000000E+00   0.0000000E+00   0.0000000E+00   0.0000000E+00   0.0000000E+00
   1.2903504E-02   9.4217040E+06   9.4217040E+06   6.5201158E+03   5.4515173E+01   1.0400056E+06   9.3927230E+06   9.4217040E+06   0.0000000E+00   0.0000000E+00   0.0000000E+00   0.0000000E+00   0.0000000E+00
   1.3866206E-02   9.1939215E+06   9.1939215E+06   5.5191270E+03   4.7435723E+01   9.4420401E+05   9.1650337E+06   9.1939215E+06   0.0000000E+00   0.0000000E+00   0.0000000E+00   0.0000000E+00   0.0000000E+00
   1.4900733E-02   8.9540445E+06   8.9540445E+06   4.6226904E+03   4.1112339E+01   8.5334814E+05   8.9253436E+06   8.9540445E+06   0.0000000E+00   0.0000000E+00   0.0000000E+00   0.0000000E+00   0.0000000E+00
   1.6012445E-02   8.7018367E+06   8.7018367E+06   3.7083670E+03   3.5510948E+01   7.6901998E+05   8.6734222E+06   8.7018367E+06   0.0000000E+00   0.0000000E+00   0.0000000E+00   0.0000000E+00   0.0000000E+00
   1.7207099E-02   8.4371469E+06   8.4371469E+06   3.0958737E+03   3.0546090E+01   6.9073634E+05   8.4091157E+06   8.4371469E+06   0.0000000E+00   0.0000000E+00   0.0000000E+00   0.0000000E+00   0.0000000E+00
   1.8490883E-02   8.1599480E+06   8.1599480E+06   2.6885584E+03   2.6178856E+01   6.1685658E+05   8.1323984E+06   8.1599480E+06   0.0000000E+00   0.0000000E+00   0.0000000E+00   0.0000000E+00   0.0000000E+00
   1.9870447E-02   7.8703823E+06   7.8703823E+06   2.1485431E+03   2.2339941E+01   5.4875017E+05   7.8434103E+06   7.8703823E+06   0.0000000E+00   0.0000000E+00   0.0000000E+00   0.0000000E+00   0.0000000E+00
   2.1352938E-02   7.5688229E+06   7.5688229E+06   1.8630558E+03   1.8986607E+01   4.8585341E+05   7.5425232E+06   7.5688229E+06   0.0000000E+00   0.0000000E+00   0.0000000E+00   0.0000000E+00   0.0000000E+00
   2.2946032E-02   7.2559432E+06   7.2559432E+06   1.5366648E+03   1.6061466E+01   4.2861060E+05   7.2304066E+06   7.2559432E+06   0.0000000E+00   0.0000000E+00   0.0000000E+00   0.0000000E+00   0.0000000E+00
   2.4657971E-02   6.9327992E+06   6.9327992E+06   1.2477482E+03   1.3525445E+01   3.7607683E+05   6.9081103E+06   6.9327992E+06   0.0000000E+00   0.0000000E+00   0.0000000E+00   0.0000000E+00   0.0000000E+00
   2.6497575E-02   6.6009206E+06   6.6009206E+06   1.0413445E+03   1.1337467E+01   3.2832084E+05   6.5771567E+06   6.6009206E+06   0.0000000E+00   0.0000000E+00   0.0000000E+00   0.0000000E+00   0.0000000E+00
   2.8474172E-02   6.2624131E+06   6.2624131E+06   8.7389018E+02   9.4590056E+00   2.8503452E+05   6.2396417E+06   6.2624131E+06   0.0000000E+00   0.0000000E+00   0.0000000E+00   0.0000000E+00   0.0000000E+00
   3.0597301E-02   5.9200750E+06   5.9200750E+06   6.6904859E+02   7.8548286E+00   2.4648772E+05   5.8983505E+06   5.9200750E+06   0.0000000E+00   0.0000000E+00   0.0000000E+00   0.0000000E+00   0.0000000E+00
   3.2875826E-02   5.5775412E+06   5.5775412E+06   5.8159278E+02   6.4947983E+00   2.1240321E+05   5.5569015E+06   5.5775412E+06   0.0000000E+00   0.0000000E+00   0.0000000E+00   0.0000000E+00   0.0000000E+00
   3.5315929E-02   5.2394445E+06   5.2394445E+06   4.5682808E+02   5.3512442E+00   1.8246846E+05   5.2199074E+06   5.2394445E+06   0.0000000E+00   0.0000000E+00   0.0000000E+00   0.0000000E+00   0.0000000E+00
   3.7917411E-02   4.9115197E+06   4.9115197E+06   3.6634212E+02   4.3995721E+00   1.5630429E+05   4.8930782E+06   4.9115197E+06   0.0000000E+00   0.0000000E+00   0.0000000E+00   0.0000000E+00   0.0000000E+00
   4.0668604E-02   4.6004269E+06   4.6004269E+06   3.0434213E+02   3.6177640E+00   1.3392709E+05   4.5830458E+06   4.6004269E+06   0.0000000E+00   0.0000000E+00   0.0000000E+00   0.0000000E+00   0.0000000E+00
   4.3542314E-02   4.3129704E+06   4.3129704E+06   2.5540152E+02   2.9846957E+00   1.1498676E+05   4.2965850E+06   4.3129704E+06   0.0000000E+00   0.0000000E+00   0.0000000E+00   0.0000000E+00   0.0000000E+00
   4.6497362E-02   4.0546222E+06   4.0546222E+06   1.9962656E+02   2.4792911E+00   9.9356891E+04   4.0391433E+06   4.0546222E+06   0.0000000E+00   0.0000000E+00   0.0000000E+00   0.0000000E+00   0.0000000E+00
   4.9488115E-02   3.8279731E+06   3.8279731E+06   1.6813660E+02   2.0796380E+00   8.6776614E+04   3.8132976E+06   3.8279731E+06   0.0000000E+00   0.0000000E+00   0.0000000E+00   0.0000000E+00   0.0000000E+00
   5.2477167E-02   3.6321611E+06   3.6321611E+06   1.4646787E+02   1.7644025E+00   7.6344928E+04   3.6181853E+06   3.6321611E+06   0.0000000E+00   0.0000000E+00   0.0000000E+00   0.0000000E+00   0.0000000E+00
   5.5442769E-02   3.4636204E+06   3.4636204E+06   1.2045222E+02   1.5142197E+00   6.7929209E+04   3.4502511E+06   3.4636204E+06   0.0000000E+00   0.0000000E+00   0.0000000E+00   0.0000000E+00   0.0000000E+00
   5.8378285E-02   3.3174390E+06   3.3174390E+06   1.0412819E+02   1.3132344E+00   6.1010875E+04   3.3045987E+06   3.3174390E+06   0.0000000E+00   0.0000000E+00   0.0000000E+00   0.0000000E+00   0.0000000E+00
   6.1287378E-02   3.1884917E+06   3.1884917E+06   9.1646621E+01   1.1490631E+00   5.5217990E+04   3.1761208E+06   3.1884917E+06   0.0000000E+00   0.0000000E+00   0.0000000E+00   0.0000000E+00   0.0000000E+00
   6.4179140E-02   3.0720749E+06   3.0720749E+06   8.2515380E+01   1.0125838E+00   5.0243368E+04   3.0601303E+06   3.0720749E+06   0.0000000E+00   0.0000000E+00   0.0000000E+00   0.0000000E+00   0.0000000E+00
   6.7064766E-02   2.9641605E+06   2.9641605E+06   7.1565300E+01   8.9717226E-01   4.5903231E+04   2.9526136E+06   2.9641605E+06   0.0000000E+00   0.0000000E+00   0.0000000E+00   0.0000000E+00   0.0000000E+00
   6.9955753E-02   2.8614550E+06   2.8614550E+06   6.1395382E+01   7.9796862E-01   4.2138870E+04   2.8502891E+06   2.8614550E+06   0.0000000E+00   0.0000000E+00   0.0000000E+00   0.0000000E+00   0.0000000E+00
   7.2863067E-02   2.7613854E+06   2.7613854E+06   5.6344421E+01   7.1152214E-01   3.8770644E+04   2.7505933E+06   2.7613854E+06   0.0000000E+00   0.0000000E+00   0.0000000E+00   0.0000000E+00   0.0000000E+00
   7.5796851E-02   2.6620675E+06   2.6620675E+06   5.1602637E+01   6.3532826E-01   3.5627084E+04   2.6516489E+06   2.6620675E+06   0.0000000E+00   0.0000000E+00   0.0000000E+00   0.0000000E+00   0.0000000E+00
   7.8766389E-02   2.5622752E+06   2.5622752E+06   4.3338504E+01   5.6753739E-01   3.2782944E+04   2.5522342E+06   2.5622752E+06   0.0000000E+00   0.0000000E+00   0.0000000E+00   0.0000000E+00   0.0000000E+00
   8.1780185E-02   2.4614098E+06   2.4614098E+06   4.0057190E+01   5.0686935E-01   3.0211072E+04   2.4517526E+06   2.4614098E+06   0.0000000E+00   0.0000000E+00   0.0000000E+00   0.0000000E+00   0.0000000E+00
   8.4846073E-02   2.3594630E+06   2.3594630E+06   3.5540006E+01   4.5240776E-01   2.7718458E+04   2.3501955E+06   2.3594630E+06   0.0000000E+00   0.0000000E+00   0.0000000E+00   0.0000000E+00   0.0000000E+00
   8.7971340E-02   2.2569641E+06   2.2569641E+06   3.1420826E+01   4.0341468E-01   2.5516812E+04   2.2480902E+06   2.2569641E+06   0.0000000E+00   0.0000000E+00   0.0000000E+00   0.0000000E+00   0.0000000E+00
   9.1162833E-02   2.1549037E+06   2.1549037E+06   2.7620517E+01   3.5944261E-01   2.3389066E+04   2.1464230E+06   2.1549037E+06   0.0000000E+00   0.0000000E+00   0.0000000E+00   0.0000000E+00   0.0000000E+00
   9.4427052E-02   2.0546271E+06   2.0546271E+06   2.5293314E+01   3.2008542E-01   2.1485224E+04   2.0465339E+06   2.0546271E+06   0.0000000E+00   0.0000000E+00   0.0000000E+00   0.0000000E+00   0.0000000E+00
   9.7770234E-02   1.9576958E+06   1.9576958E+06   2.1807734E+01   2.8502984E-01   1.9731084E+04   1.9499779E+06   1.9576958E+06   0.0000000E+00   0.0000000E+00   0.0000000E+00   0.0000000E+00   0.0000000E+00
   1.0119842E-01   1.8657191E+06   1.8657191E+06   1.9403512E+01   2.5400062E-01   1.8129186E+04   1.8583581E+06   1.8657191E+06   0.0000000E+00   0.0000000E+00   0.0000000E+00   0.0000000E+00   0.0000000E+00
   1.0471749E-01   1.7801654E+06   1.7801654E+06   1.7388769E+01   2.2668961E-01   1.6700717E+04   1.7731369E+06   1.7801654E+06   0.0000000E+00   0.0000000E+00   0.0000000E+00   0.0000000E+00   0.0000000E+00
   1.0833325E-01   1.7021668E+06   1.7021668E+06   1.5347013E+01   2.0279782E-01   1.5437984E+04   1.6954416E+06   1.7021668E+06   0.0000000E+00   0.0000000E+00   0.0000000E+00   0.0000000E+00   0.0000000E+00
   1.1205143E-01   1.6323390E+06   1.6323390E+06   1.3625626E+01   1.8197215E-01   1.4336958E+04   1.6258855E+06   1.6323390E+06   0.0000000E+00   0.0000000E+00   0.0000000E+00   0.0000000E+00   0.0000000E+00
   1.1587772E-01   1.5706427E+06   1.5706427E+06   1.2844098E+01   1.6385070E-01   1.3363514E+04   1.5644294E+06   1.5706427E+06   0.0000000E+00   0.0000000E+00   0.0000000E+00   0.0000000E+00   0.0000000E+00
   1.1981782E-01   1.5163151E+06   1.5163151E+06   1.1286216E+01   1.4803344E-01   1.2485457E+04   1.5103133E+06   1.5163151E+06   0.0000000E+00   0.0000000E+00   0.0000000E+00   0.0000000E+00   0.0000000E+00
   1.2387741E-01   1.4678956E+06   1.4678956E+06   1.0495843E+01   1.3411520E-01   1.1741213E+04   1.4620823E+06   1.4678956E+06   0.0000000E+00   0.0000000E+00   0.0000000E+00   0.0000000E+00   0.0000000E+00
   1.2806222E-01   1.4233633E+06   1.4233633E+06   9.1579763E+00   1.2172227E-01   1.1050671E+04   1.4177235E+06   1.4233633E+06   0.0000000E+00   0.0000000E+00   0.0000000E+00   0.0000000E+00   0.0000000E+00
   1.3237801E-01   1.3803877E+06   1.3803877E+06   8.3638938E+00   1.1051090E-01   1.0407732E+04   1.3749156E+06   1.3803877E+06   0.0000000E+00   0.0000000E+00   0.0000000E+00   0.0000000E+00   0.0000000E+00
   1.3683059E-01   1.3366709E+06   1.3366709E+06   7.6836568E+00   1.0020077E-01   9.7992921E+03   1.3313697E+06   1.3366709E+06   0.0000000E+00   0.0000000E+00   0.0000000E+00   0.0000000E+00   0.0000000E+00
   1.4142581E-01   1.2903370E+06   1.2903370E+06   6.8633379E+00   9.0596845E-02   9.2046603E+03   1.2852174E+06   1.2903370E+06   0.0000000E+00   0.0000000E+00   0.0000000E+00   0.0000000E+00   0.0000000E+00
   1.4616960E-01   1.2402998E+06   1.2402998E+06   6.1801936E+00   8.1586934E-02   8.6276407E+03   1.2353767E+06   1.2402998E+06   0.0000000E+00   0.0000000E+00   0.0000000E+00   0.0000000E+00   0.0000000E+00
   1.5106795E-01   1.1865244E+06   1.1865244E+06   5.6481855E+00   7.3142959E-02   8.0358358E+03   1.1818130E+06   1.1865244E+06   0.0000000E+00   0.0000000E+00   0.0000000E+00   0.0000000E+00   0.0000000E+00
   1.5612693E-01   1.1301020E+06   1.1301020E+06   5.0769254E+00   6.5297208E-02   7.4750369E+03   1.1256130E+06   1.1301020E+06   0.0000000E+00   0.0000000E+00   0.0000000E+00   0.0000000E+00   0.0000000E+00
   1.6135267E-01   1.0730794E+06   1.0730794E+06   4.4497215E+00   5.8120638E-02   6.9315074E+03   1.0688154E+06   1.0730794E+06   0.0000000E+00   0.0000000E+00   0.0000000E+00   0.0000000E+00   0.0000000E+00
   1.6675140E-01   1.0180369E+06   1.0180369E+06   3.9890444E+00   5.1684880E-02   6.4244512E+03   1.0139904E+06   1.0180369E+06   0.0000000E+00   0.0000000E+00   0.0000000E+00   0.0000000E+00   0.0000000E+00
   1.7232945E-01   9.6747527E+05   9.6747527E+05   3.5349351E+00   4.6031626E-02   5.9669284E+03   9.6362855E+05   9.6747527E+05   0.0000000E+00   0.0000000E+00   0.0000000E+00   0.0000000E+00   0.0000000E+00
   1.7809323E-01   9.2314638E+05   9.2314638E+05   3.1003797E+00   4.1149155E-02   5.5715036E+03   9.1947486E+05   9.2314638E+05   0.0000000E+00   0.0000000E+00   0.0000000E+00   0.0000000E+00   0.0000000E+00
   1.8404927E-01   8.8551572E+05   8.8551572E+05   2.8656161E+00   3.6967330E-02   5.2354531E+03   8.8199292E+05   8.8551572E+05   0.0000000E+00   0.0000000E+00   0.0000000E+00   0.0000000E+00   0.0000000E+00
   1.9020422E-01   8.5354858E+05   8.5354858E+05   2.5838667E+00   3.3362560E-02   4.9475932E+03   8.5015208E+05   8.5354858E+05   0.0000000E+00   0.0000000E+00   0.0000000E+00   0.0000000E+00   0.0000000E+00
   1.9656490E-01   8.2494884E+05   8.2494884E+05   2.3231267E+00   3.0187376E-02   4.6883688E+03   8.2166536E+05   8.2494884E+05   0.0000000E+00   0.0000000E+00   0.0000000E+00   0.0000000E+00   0.0000000E+00
   2.0313824E-01   7.9684564E+05   7.9684564E+05   2.0455239E+00   2.7300985E-02   4.4476002E+03   7.9367330E+05   7.9684564E+05   0.0000000E+00   0.0000000E+00   0.0000000E+00   0.0000000E+00   0.0000000E+00
   2.0993140E-01   7.6675099E+05   7.6675099E+05   1.8773125E+00   2.4601907E-02   4.2026605E+03   7.6369781E+05   7.6675099E+05   0.0000000E+00   0.0000000E+00   0.0000000E+00   0.0000000E+00   0.0000000E+00
   2.1695173E-01   7.3346220E+05   7.3346220E+05   1.6861086E+00   2.2046150E-02   3.9538708E+03   7.3054099E+05   7.3346220E+05   0.0000000E+00   0.0000000E+00   0.0000000E+00   0.0000000E+00   0.0000000E+00
   2.2420683E-01   6.9753431E+05   6.9753431E+05   1.5128510E+00   1.9645865E-02   3.6984533E+03   6.9475566E+05   6.9753431E+05   0.0000000E+00   0.0000000E+00   0.0000000E+00   0.0000000E+00   0.0000000E+00
   2.3170460E-01   6.6105903E+05   6.6105903E+05   1.3083470E+00   1.7447433E-02   3.4496180E+03   6.5842521E+05   6.6105903E+05   0.0000000E+00   0.0000000E+00   0.0000000E+00   0.0000000E+00   0.0000000E+00
   2.3945326E-01   6.2675609E+05   6.2675609E+05   1.1831942E+00   1.5499389E-02   3.2215592E+03   6.2425852E+05   6.2675609E+05   0.0000000E+00   0.0000000E+00   0.0000000E+00   0.0000000E+00   0.0000000E+00
   2.4746143E-01   5.9672034E+05   5.9672034E+05   1.0507771E+00   1.3822309E-02   3.0235533E+03   5.9434209E+05   5.9672034E+05   0.0000000E+00   0.0000000E+00   0.0000000E+00   0.0000000E+00   0.0000000E+00
   2.5573816E-01   5.7140868E+05   5.7140868E+05   9.3927132E-01   1.2393437E-02   2.8558333E+03   5.6913097E+05   5.7140868E+05   0.0000000E+00   0.0000000E+00   0.0000000E+00   0.0000000E+00   0.0000000E+00
   2.6429306E-01   5.4942457E+05   5.4942457E+05   8.4968098E-01   1.1155909E-02   2.7111947E+03   5.4723418E+05   5.4942457E+05   0.0000000E+00   0.0000000E+00   0.0000000E+00   0.0000000E+00   0.0000000E+00
   2.7313630E-01   5.2829856E+05   5.2829856E+05   7.6348515E-01   1.0042529E-02   2.5744984E+03   5.2619211E+05   5.2829856E+05   0.0000000E+00   0.0000000E+00   0.0000000E+00   0.0000000E+00   0.0000000E+00
   2.8227877E-01   5.0590068E+05   5.0590068E+05   6.8628796E-01   9.0052504E-03   2.4351899E+03   5.0388328E+05   5.0590068E+05   0.0000000E+00   0.0000000E+00   0.0000000E+00   0.0000000E+00   0.0000000E+00
   2.9173217E-01   4.8167073E+05   4.8167073E+05   6.0611017E-01   8.0307128E-03   2.2926877E+03   4.7974973E+05   4.8167073E+05   0.0000000E+00   0.0000000E+00   0.0000000E+00   0.0000000E+00   0.0000000E+00
   3.0150913E-01   4.5686003E+05   4.5686003E+05   5.3594623E-01   7.1348469E-03   2.1510901E+03   4.5503777E+05   4.5686003E+05   0.0000000E+00   0.0000000E+00   0.0000000E+00   0.0000000E+00   0.0000000E+00
   3.1162334E-01   4.3355953E+05   4.3355953E+05   4.8201457E-01   6.3413115E-03   2.0205674E+03   4.3183003E+05   4.3355953E+05   0.0000000E+00   0.0000000E+00   0.0000000E+00   0.0000000E+00   0.0000000E+00
   3.2208973E-01   4.1314752E+05   4.1314752E+05   4.2704753E-01   5.6571048E-03   1.9066585E+03   4.1149929E+05   4.1314752E+05   0.0000000E+00   0.0000000E+00   0.0000000E+00   0.0000000E+00   0.0000000E+00
   3.3292467E-01   3.9530365E+05   3.9530365E+05   3.8221591E-01   5.0658751E-03   1.8072059E+03   3.9372645E+05   3.9530365E+05   0.0000000E+00   0.0000000E+00   0.0000000E+00   0.0000000E+00   0.0000000E+00
   3.4414618E-01   3.7839182E+05   3.7839182E+05   3.4354604E-01   4.5378721E-03   1.7142839E+03   3.7688197E+05   3.7839182E+05   0.0000000E+00   0.0000000E+00   0.0000000E+00   0.0000000E+00   0.0000000E+00
   3.5577417E-01   3.6092070E+05   3.6092070E+05   3.0557269E-01   4.0506057E-03   1.6214068E+03   3.5948045E+05   3.6092070E+05   0.0000000E+00   0.0000000E+00   0.0000000E+00   0.0000000E+00   0.0000000E+00
   3.6783081E-01   3.4280111E+05   3.4280111E+05   2.7233170E-01   3.6003042E-03   1.5277783E+03   3.4143305E+05   3.4280111E+05   0.0000000E+00   0.0000000E+00   0.0000000E+00   0.0000000E+00   0.0000000E+00
   3.8034083E-01   3.2522408E+05   3.2522408E+05   2.4129916E-01   3.1956866E-03   1.4382134E+03   3.2392607E+05   3.2522408E+05   0.0000000E+00   0.0000000E+00   0.0000000E+00   0.0000000E+00   0.0000000E+00
   3.9333200E-01   3.0929235E+05   3.0929235E+05   2.1427036E-01   2.8419700E-03   1.3578393E+03   3.0805784E+05   3.0929235E+05   0.0000000E+00   0.0000000E+00   0.0000000E+00   0.0000000E+00   0.0000000E+00
   4.0683566E-01   2.9485926E+05   2.9485926E+05   1.9113413E-01   2.5324202E-03   1.2856028E+03   2.9368228E+05   2.9485926E+05   0.0000000E+00   0.0000000E+00   0.0000000E+00   0.0000000E+00   0.0000000E+00
   4.2088736E-01   2.8085250E+05   2.8085250E+05   1.7056308E-01   2.2538519E-03   1.2167009E+03   2.7973137E+05   2.8085250E+05   0.0000000E+00   0.0000000E+00   0.0000000E+00   0.0000000E+00   0.0000000E+00
   4.3552763E-01   2.6664202E+05   2.6664202E+05   1.5079728E-01   1.9986815E-03   1.1480031E+03   2.6557755E+05   2.6664202E+05   0.0000000E+00   0.0000000E+00   0.0000000E+00   0.0000000E+00   0.0000000E+00
   4.5080298E-01   2.5269878E+05   2.5269878E+05   1.3338768E-01   1.7684101E-03   1.0813907E+03   2.5168992E+05   2.5269878E+05   0.0000000E+00   0.0000000E+00   0.0000000E+00   0.0000000E+00   0.0000000E+00
   4.6676711E-01   2.3972372E+05   2.3972372E+05   1.1800190E-01   1.5649290E-03   1.0201393E+03   2.3876661E+05   2.3972372E+05   0.0000000E+00   0.0000000E+00   0.0000000E+00   0.0000000E+00   0.0000000E+00
   4.8348240E-01   2.2758510E+05   2.2758510E+05   1.0452470E-01   1.3847669E-03   9.6321581E+02   2.2667641E+05   2.2758510E+05   0.0000000E+00   0.0000000E+00   0.0000000E+00   0.0000000E+00   0.0000000E+00
   5.0102185E-01   2.1566083E+05   2.1566083E+05   9.2304636E-02   1.2220553E-03   9.0812144E+02   2.1479971E+05   2.1566083E+05   0.0000000E+00   0.0000000E+00   0.0000000E+00   0.0000000E+00   0.0000000E+00
   5.1947148E-01   2.0389132E+05   2.0389132E+05   8.1115170E-02   1.0748958E-03   8.5437109E+02   2.0307716E+05   2.0389132E+05   0.0000000E+00   0.0000000E+00   0.0000000E+00   0.0000000E+00   0.0000000E+00
   5.3893345E-01   1.9268177E+05   1.9268177E+05   7.1210684E-02   9.4383099E-04   8.0365643E+02   1.9191233E+05   1.9268177E+05   0.0000000E+00   0.0000000E+00   0.0000000E+00   0.0000000E+00   0.0000000E+00
   5.5953004E-01   1.8199763E+05   1.8199763E+05   6.2400035E-02   8.2710375E-04   7.5572444E+02   1.8127083E+05   1.8199763E+05   0.0000000E+00   0.0000000E+00   0.0000000E+00   0.0000000E+00   0.0000000E+00
   5.8140875E-01   1.7151542E+05   1.7151542E+05   5.4488334E-02   7.2197493E-04   7.0916428E+02   1.7083046E+05   1.7151542E+05   0.0000000E+00   0.0000000E+00   0.0000000E+00   0.0000000E+00   0.0000000E+00
   6.0474899E-01   1.6131416E+05   1.6131416E+05   4.7361238E-02   6.2768308E-04   6.6432451E+02   1.6066991E+05   1.6131416E+05   0.0000000E+00   0.0000000E+00   0.0000000E+00   0.0000000E+00   0.0000000E+00
   6.2977051E-01   1.5149468E+05   1.5149468E+05   4.1008237E-02   5.4359141E-04   6.2142840E+02   1.5088963E+05   1.5149468E+05   0.0000000E+00   0.0000000E+00   0.0000000E+00   0.0000000E+00   0.0000000E+00
   6.5674421E-01   1.4188392E+05   1.4188392E+05   3.5312064E-02   4.6817390E-04   5.7984225E+02   1.4131724E+05   1.4188392E+05   0.0000000E+00   0.0000000E+00   0.0000000E+00   0.0000000E+00   0.0000000E+00
   6.8600542E-01   1.3250187E+05   1.3250187E+05   3.0225771E-02   4.0074555E-04   5.3956945E+02   1.3197263E+05   1.3250187E+05   0.0000000E+00   0.0000000E+00   0.0000000E+00   0.0000000E+00   0.0000000E+00
   7.1796938E-01   1.2334831E+05   1.2334831E+05   2.5685330E-02   3.4059825E-04   5.0056290E+02   1.2285562E+05   1.2334831E+05   0.0000000E+00   0.0000000E+00   0.0000000E+00   0.0000000E+00   0.0000000E+00
   7.5314724E-01   1.1436215E+05   1.1436215E+05   2.1639963E-02   2.8699773E-04   4.6253643E+02   1.1390534E+05   1.1436215E+05   0.0000000E+00   0.0000000E+00   0.0000000E+00   0.0000000E+00   0.0000000E+00
   7.9215795E-01   1.0556112E+05   1.0556112E+05   1.8055388E-02   2.3946870E-04   4.2559032E+02   1.0513946E+05   1.0556112E+05   0.0000000E+00   0.0000000E+00   0.0000000E+00   0.0000000E+00   0.0000000E+00
   8.3572645E-01   9.6928704E+04   9.6928704E+04   1.4894708E-02   1.9757477E-04   3.8957174E+02   9.6541513E+04   9.6928704E+04   0.0000000E+00   0.0000000E+00   0.0000000E+00   0.0000000E+00   0.0000000E+00
   8.8465196E-01   8.8494046E+04   8.8494046E+04   1.2135488E-02   1.6098848E-04   3.5462089E+02   8.8140538E+04   8.8494046E+04   0.0000000E+00   0.0000000E+00   0.0000000E+00   0.0000000E+00   0.0000000E+00
   9.3972894E-01   8.0306621E+04   8.0306621E+04   9.7593348E-03   1.2947980E-04   3.2090659E+02   7.9985812E+04   8.0306621E+04   0.0000000E+00   0.0000000E+00   0.0000000E+00   0.0000000E+00   0.0000000E+00
   1.0016207E+00   7.2447164E+04   7.2447164E+04   7.7502308E-03   1.0282437E-04   2.8873275E+02   7.2157746E+04   7.2447164E+04   0.0000000E+00   0.0000000E+00   0.0000000E+00   0.0000000E+00   0.0000000E+00
   1.0707335E+00   6.5015033E+04   6.5015033E+04   6.0867546E-03   8.0751694E-05   2.5848511E+02   6.4755300E+04   6.5015033E+04   0.0000000E+00   0.0000000E+00   0.0000000E+00   0.0000000E+00   0.0000000E+00
   1.1471835E+00   5.8102816E+04   5.8102816E+04   4.7379354E-03   6.2871967E-05   2.3049334E+02   5.7870693E+04   5.8102816E+04   0.0000000E+00   0.0000000E+00   0.0000000E+00   0.0000000E+00   0.0000000E+00
   1.2309065E+00   5.1773172E+04   5.1773172E+04   3.6667704E-03   4.8663682E-05   2.0497431E+02   5.1566332E+04   5.1773172E+04   0.0000000E+00   0.0000000E+00   0.0000000E+00   0.0000000E+00   0.0000000E+00
   1.3218444E+00   4.6046058E+04   4.6046058E+04   2.8277603E-03   3.7532630E-05   1.8198179E+02   4.5862095E+04   4.6046058E+04   0.0000000E+00   0.0000000E+00   0.0000000E+00   0.0000000E+00   0.0000000E+00
   1.4200826E+00   4.0903346E+04   4.0903346E+04   2.1763417E-03   2.8888917E-05   1.6141079E+02   4.0739927E+04   4.0903346E+04   0.0000000E+00   0.0000000E+00   0.0000000E+00   0.0000000E+00   0.0000000E+00
   1.5258885E+00   3.6306290E+04   3.6306290E+04   1.6731019E-03   2.2210458E-05   1.4307947E+02   3.6161236E+04   3.6306290E+04   0.0000000E+00   0.0000000E+00   0.0000000E+00   0.0000000E+00   0.0000000E+00
   1.6396844E+00   3.2206658E+04   3.2206658E+04   1.2845871E-03   1.7063708E-05   1.2677569E+02   3.2077982E+04   3.2206658E+04   0.0000000E+00   0.0000000E+00   0.0000000E+00   0.0000000E+00   0.0000000E+00
   1.7620041E+00   2.8555333E+04   2.8555333E+04   9.8709222E-04   1.3102488E-05   1.1228809E+02   2.8441245E+04   2.8555333E+04   0.0000000E+00   0.0000000E+00   0.0000000E+00   0.0000000E+00   0.0000000E+00
   1.8934600E+00   2.5306145E+04   2.5306145E+04   7.5744249E-04   1.0055931E-05   9.9424949E+01   2.5205037E+04   2.5306145E+04   0.0000000E+00   0.0000000E+00   0.0000000E+00   0.0000000E+00   0.0000000E+00
   2.0347262E+00   2.2416624E+04   2.2416624E+04   5.8130570E-04   7.7144299E-06   8.8004190E+01   2.2327060E+04   2.2416624E+04   0.0000000E+00   0.0000000E+00   0.0000000E+00   0.0000000E+00   0.0000000E+00
   2.1865326E+00   1.9848470E+04   1.9848470E+04   4.4546058E-04   5.9155448E-06   7.7870549E+01   1.9769167E+04   1.9848470E+04   0.0000000E+00   0.0000000E+00   0.0000000E+00   0.0000000E+00   0.0000000E+00
   2.3496650E+00   1.7567233E+04   1.7567233E+04   3.4139637E-04   4.5343165E-06   6.8881585E+01   1.7497044E+04   1.7567233E+04   0.0000000E+00   0.0000000E+00   0.0000000E+00   0.0000000E+00   0.0000000E+00
   2.5249684E+00   1.5541884E+04   1.5541884E+04   2.6154255E-04   3.4742584E-06   6.0908886E+01   1.5479787E+04   1.5541884E+04   0.0000000E+00   0.0000000E+00   0.0000000E+00   0.0000000E+00   0.0000000E+00
   2.7133508E+00   1.3744659E+04   1.3744659E+04   2.0029269E-04   2.6609988E-06   5.3842607E+01   1.3689743E+04   1.3744659E+04   0.0000000E+00   0.0000000E+00   0.0000000E+00   0.0000000E+00   0.0000000E+00
   2.9157880E+00   1.2150652E+04   1.2150652E+04   1.5332351E-04   2.0373806E-06   4.7580202E+01   1.2102104E+04   1.2150652E+04   0.0000000E+00   0.0000000E+00   0.0000000E+00   0.0000000E+00   0.0000000E+00
   3.1333287E+00   1.0737552E+04   1.0737552E+04   1.1734812E-04   1.5593549E-06   4.2033049E+01   1.0694650E+04   1.0737552E+04   0.0000000E+00   0.0000000E+00   0.0000000E+00   0.0000000E+00   0.0000000E+00
   3.3670995E+00   9.4854048E+03   9.4854048E+03   8.9713807E-05   1.1930974E-06   3.7120687E+01   9.4475058E+03   9.4854048E+03   0.0000000E+00   0.0000000E+00   0.0000000E+00   0.0000000E+00   0.0000000E+00
   3.6183115E+00   8.3763727E+03   8.3763727E+03   6.8643751E-05   9.1257179E-07   3.2772642E+01   8.3429048E+03   8.3763727E+03   0.0000000E+00   0.0000000E+00   0.0000000E+00   0.0000000E+00   0.0000000E+00
   3.8882658E+00   7.3945218E+03   7.3945218E+03   5.2472683E-05   6.9779261E-07   2.8924836E+01   7.3649768E+03   7.3945218E+03   0.0000000E+00   0.0000000E+00   0.0000000E+00   0.0000000E+00   0.0000000E+00
   4.1783609E+00   6.5256299E+03   6.5256299E+03   4.0102570E-05   5.3340772E-07   2.5521295E+01   6.4995565E+03   6.5256299E+03   0.0000000E+00   0.0000000E+00   0.0000000E+00   0.0000000E+00   0.0000000E+00
   4.4900993E+00   5.7570118E+03   5.7570118E+03   3.0635227E-05   4.0763657E-07   2.2511604E+01   5.7340095E+03   5.7570118E+03   0.0000000E+00   0.0000000E+00   0.0000000E+00   0.0000000E+00   0.0000000E+00
   4.8250959E+00   5.0773614E+03   5.0773614E+03   2.3391589E-05   3.1143882E-07   1.9851344E+01   5.0570746E+03   5.0773614E+03   0.0000000E+00   0.0000000E+00   0.0000000E+00   0.0000000E+00   0.0000000E+00
   5.1850858E+00   4.4766082E+03   4.4766082E+03   1.7862864E-05   2.3788607E-07   1.7500279E+01   4.4587217E+03   4.4766082E+03   0.0000000E+00   0.0000000E+00   0.0000000E+00   0.0000000E+00   0.0000000E+00
   5.5719338E+00   3.9457885E+03   3.9457885E+03   1.3635436E-05   1.8166301E-07   1.5423500E+01   3.9300229E+03   3.9457885E+03   0.0000000E+00   0.0000000E+00   0.0000000E+00   0.0000000E+00   0.0000000E+00
   5.9876437E+00   3.4769281E+03   3.4769281E+03   1.0405042E-05   1.3869927E-07   1.3589502E+01   3.4630359E+03   3.4769281E+03   0.0000000E+00   0.0000000E+00   0.0000000E+00   0.0000000E+00   0.0000000E+00
   6.4343688E+00   3.0629379E+03   3.0629379E+03   7.9363754E-06   1.0587648E-07   1.1970464E+01   3.0506998E+03   3.0629379E+03   0.0000000E+00   0.0000000E+00   0.0000000E+00   0.0000000E+00   0.0000000E+00
   6.9144231E+00   2.6975188E+03   2.6975188E+03   6.0548135E-06   8.0807324E-08   1.0541621E+01   2.6867407E+03   2.6975188E+03   0.0000000E+00   0.0000000E+00   0.0000000E+00   0.0000000E+00   0.0000000E+00
   7.4302932E+00   2.3750769E+03   2.3750769E+03   4.6156192E-06   6.1665264E-08   9.2809404E+00   2.3655871E+03   2.3750769E+03   0.0000000E+00   0.0000000E+00   0.0000000E+00   0.0000000E+00   0.0000000E+00
   7.9846512E+00   2.0906472E+03   2.0906472E+03   3.5181023E-06   4.7051862E-08   8.1690375E+00   2.0822939E+03   2.0906472E+03   0.0000000E+00   0.0000000E+00   0.0000000E+00   0.0000000E+00   0.0000000E+00
   8.5803687E+00   1.8398253E+03   1.8398253E+03   2.6810140E-06   3.5898311E-08   7.1885978E+00   1.8324742E+03   1.8398253E+03   0.0000000E+00   0.0000000E+00   0.0000000E+00   0.0000000E+00   0.0000000E+00
