#           k/h    CDM            baryon         photon         nu             mass_nu        total          no_nu          total_de       Weyl           v_CDM          v_b            v_b-v_c     
   1.1508136E-05   6.4000556E+06   6.4000556E+06   8.5319590E+06   8.0523487E+03   7.4985769E+05   6.4001343E+06   6.4000556E+06   0.0000000E+00   0.0000000E+00   0.0000000E+00   0.0000000E+00   0.0000000E+00
   1.2366733E-05   6.4000547E+06   6.4000547E+06   8.5317336E+06   8.0522159E+03   7.4985149E+05   6.4001333E+06   6.4000547E+06   0.0000000E+00   0.0000000E+00   0.0000000E+00   0.0000000E+00   0.0000000E+00
   1.3289389E-05   6.4000536E+06   6.4000536E+06   8.5314733E+06   8.0520626E+03   7.4984434E+05   6.4001321E+06   6.4000536E+06   0.0000000E+00   0.0000000E+00   0.0000000E+00   0.0000000E+00   0.0000000E+00
   1.4280881E-05   6.4000523E+06   6.4000523E+06   8.5311727E+06   8.0518855E+03   7.4983607E+05   6.4001308E+06   6.4000523E+06   0.0000000E+00   0.0000000E+00   0.0000000E+00   0.0000000E+00   0.0000000E+00
   1.5346347E-05   6.4000509E+06   6.4000509E+06   8.5308255E+06   8.0516811E+03   7.4982653E+05   6.4001292E+06   6.4000509E+06   0.0000000E+00   0.0000000E+00   0.0000000E+00   0.0000000E+00   0.0000000E+00
   1.6491304E-05   6.4000492E+06   6.4000492E+06   8.5304247E+06   8.0514450E+03   7.4981551E+05   6.4001274E+06   6.4000492E+06   0.0000000E+00   0.0000000E+00   0.0000000E+00   0.0000000E+00   0.0000000E+00
   1.7721685E-05   6.4000473E+06   6.4000473E+06   8.5299618E+06   8.0511723E+03   7.4980279E+05   6.4001254E+06   6.4000473E+06   0.0000000E+00   0.0000000E+00   0.0000000E+00   0.0000000E+00   0.0000000E+00
   1.9043861E-05   6.4000450E+06   6.4000450E+06   8.5294274E+06   8.0508575E+03   7.4978809E+05   6.4001230E+06   6.4000450E+06   0.0000000E+00   0.0000000E+00   0.0000000E+00   0.0000000E+00   0.0000000E+00
   2.0464682E-05   6.4000424E+06   6.4000424E+06   8.5288102E+06   8.0504940E+03   7.4977113E+05   6.4001202E+06   6.4000424E+06   0.0000000E+00   0.0000000E+00   0.0000000E+00   0.0000000E+00   0.0000000E+00
   2.1991507E-05   6.4000394E+06   6.4000394E+06   8.5280976E+06   8.0500742E+03   7.4975154E+05   6.4001170E+06   6.4000394E+06   0.0000000E+00   0.0000000E+00   0.0000000E+00   0.0000000E+00   0.0000000E+00
   2.3632246E-05   6.4000360E+06   6.4000360E+06   8.5272747E+06   8.0495895E+03   7.4972893E+05   6.4001133E+06   6.4000360E+06   0.0000000E+00   0.0000000E+00   0.0000000E+00   0.0000000E+00   0.0000000E+00
   2.5395397E-05   6.4000320E+06   6.4000320E+06   8.5263246E+06   8.0490298E+03   7.4970282E+05   6.4001090E+06   6.4000320E+06   0.0000000E+00   0.0000000E+00   0.0000000E+00   0.0000000E+00   0.0000000E+00
   2.7290092E-05   6.4000274E+06   6.4000274E+06   8.5252275E+06   8.0483835E+03   7.4967267E+05   6.4001041E+06   6.4000274E+06   0.0000000E+00   0.0000000E+00   0.0000000E+00   0.0000000E+00   0.0000000E+00
   2.9326147E-05   6.4000221E+06   6.4000221E+06   8.5239608E+06   8.0476373E+03   7.4963787E+05   6.4000984E+06   6.4000221E+06   0.0000000E+00   0.0000000E+00   0.0000000E+00   0.0000000E+00   0.0000000E+00
   3.1514107E-05   6.4000160E+06   6.4000160E+06   8.5224983E+06   8.0467757E+03   7.4959768E+05   6.4000919E+06   6.4000160E+06   0.0000000E+00   0.0000000E+00   0.0000000E+00   0.0000000E+00   0.0000000E+00
   3.3865306E-05   6.4000089E+06   6.4000089E+06   8.5208097E+06   8.0457808E+03   7.4955129E+05   6.4000843E+06   6.4000089E+06   0.0000000E+00   0.0000000E+00   0.0000000E+00   0.0000000E+00   0.0000000E+00
   3.6391923E-05   6.4000007E+06   6.4000007E+06   8.5188601E+06   8.0446321E+03   7.4949774E+05   6.4000755E+06   6.4000007E+06   0.0000000E+00   0.0000000E+00   0.0000000E+00   0.0000000E+00   0.0000000E+00
   3.9107045E-05   6.3999913E+06   6.3999913E+06   8.5166093E+06   8.0433059E+03   7.4943593E+05   6.4000654E+06   6.3999913E+06   0.0000000E+00   0.0000000E+00   0.0000000E+00   0.0000000E+00   0.0000000E+00
   4.2024737E-05   6.3999803E+06   6.3999803E+06   8.5140108E+06   8.0417747E+03   7.4936458E+05   6.4000537E+06   6.3999803E+06   0.0000000E+00   0.0000000E+00   0.0000000E+00   0.0000000E+00   0.0000000E+00
   4.5160111E-05   6.3999678E+06   6.3999678E+06   8.5110110E+06   8.0400069E+03   7.4928223E+05   6.4000403E+06   6.3999678E+06   0.0000000E+00   0.0000000E+00   0.0000000E+00   0.0000000E+00   0.0000000E+00
   4.8529409E-05   6.3999532E+06   6.3999532E+06   8.5075482E+06   8.0379661E+03   7.4918719E+05   6.4000247E+06   6.3999532E+06   0.0000000E+00   0.0000000E+00   0.0000000E+00   0.0000000E+00   0.0000000E+00
   5.2150083E-05   6.3999364E+06   6.3999364E+06   8.5035511E+06   8.0356101E+03   7.4907752E+05   6.4000067E+06   6.3999364E+06   0.0000000E+00   0.0000000E+00   0.0000000E+00   0.0000000E+00   0.0000000E+00
   5.6040887E-05   6.3999170E+06   6.3999170E+06   8.4989375E+06   8.0328904E+03   7.4895098E+05   6.3999860E+06   6.3999170E+06   0.0000000E+00   0.0000000E+00   0.0000000E+00   0.0000000E+00   0.0000000E+00
   6.0221976E-05   6.3998946E+06   6.3998946E+06   8.4936129E+06   8.0297511E+03   7.4880499E+05   6.3999620E+06   6.3998946E+06   0.0000000E+00   0.0000000E+00   0.0000000E+00   0.0000000E+00   0.0000000E+00
   6.4715007E-05   6.3998688E+06   6.3998688E+06   8.4874680E+06   8.0261277E+03   7.4863658E+05   6.3999343E+06   6.3998688E+06   0.0000000E+00   0.0000000E+00   0.0000000E+00   0.0000000E+00   0.0000000E+00
   6.9543253E-05   6.3998389E+06   6.3998389E+06   8.4803773E+06   8.0219458E+03   7.4844235E+05   6.3999024E+06   6.3998389E+06   0.0000000E+00   0.0000000E+00   0.0000000E+00   0.0000000E+00   0.0000000E+00
   7.4731724E-05   6.3998045E+06   6.3998045E+06   8.4721961E+06   8.0171196E+03   7.4821838E+05   6.3998655E+06   6.3998045E+06   0.0000000E+00   0.0000000E+00   0.0000000E+00   0.0000000E+00   0.0000000E+00
   8.0307296E-05   6.3997647E+06   6.3997647E+06   8.4627580E+06   8.0115507E+03   7.4796017E+05   6.3998229E+06   6.3997647E+06   0.0000000E+00   0.0000000E+00   0.0000000E+00   0.0000000E+00   0.0000000E+00
   8.6298848E-05   6.3997187E+06   6.3997187E+06   8.4518716E+06   8.0051254E+03   7.4766258E+05   6.3997737E+06   6.3997187E+06   0.0000000E+00   0.0000000E+00   0.0000000E+00   0.0000000E+00   0.0000000E+00
   9.2737418E-05   6.3996657E+06   6.3996657E+06   8.4393169E+06   7.9977129E+03   7.4731968E+05   6.3997170E+06   6.3996657E+06   0.0000000E+00   0.0000000E+00   0.0000000E+00   0.0000000E+00   0.0000000E+00
   9.9656355E-05   6.3996045E+06   6.3996045E+06   8.4248411E+06   7.9891629E+03   7.4692473E+05   6.3996515E+06   6.3996045E+06   0.0000000E+00   0.0000000E+00   0.0000000E+00   0.0000000E+00   0.0000000E+00
   1.0709150E-04   6.3995338E+06   6.3995338E+06   8.4081542E+06   7.9793027E+03   7.4647000E+05   6.3995758E+06   6.3995338E+06   0.0000000E+00   0.0000000E+00   0.0000000E+00   0.0000000E+00   0.0000000E+00
   1.1508136E-04   6.3994522E+06   6.3994522E+06   8.3889238E+06   7.9679338E+03   7.4594669E+05   6.3994885E+06   6.3994522E+06   0.0000000E+00   0.0000000E+00   0.0000000E+00   0.0000000E+00   0.0000000E+00
   1.2366733E-04   6.3993580E+06   6.3993580E+06   8.3667693E+06   7.9548284E+03   7.4534476E+05   6.3993877E+06   6.3993580E+06   0.0000000E+00   0.0000000E+00   0.0000000E+00   0.0000000E+00   0.0000000E+00
   1.3289389E-04   6.3992493E+06   6.3992493E+06   8.3412554E+06   7.9397256E+03   7.4465286E+05   6.3992714E+06   6.3992493E+06   0.0000000E+00   0.0000000E+00   0.0000000E+00   0.0000000E+00   0.0000000E+00
   1.4280881E-04   6.3991239E+06   6.3991239E+06   8.3118850E+06   7.9223263E+03   7.4385808E+05   6.3991372E+06   6.3991239E+06   0.0000000E+00   0.0000000E+00   0.0000000E+00   0.0000000E+00   0.0000000E+00
   1.5346347E-04   6.3989792E+06   6.3989792E+06   8.2780919E+06   7.9022888E+03   7.4294589E+05   6.3989823E+06   6.3989792E+06   0.0000000E+00   0.0000000E+00   0.0000000E+00   0.0000000E+00   0.0000000E+00
   1.6491304E-04   6.3988122E+06   6.3988122E+06   8.2392319E+06   7.8792227E+03   7.4189995E+05   6.3988036E+06   6.3988122E+06   0.0000000E+00   0.0000000E+00   0.0000000E+00   0.0000000E+00   0.0000000E+00
   1.7721685E-04   6.3986195E+06   6.3986195E+06   8.1945746E+06   7.8526834E+03   7.4070196E+05   6.3985974E+06   6.3986195E+06   0.0000000E+00   0.0000000E+00   0.0000000E+00   0.0000000E+00   0.0000000E+00
   1.9043861E-04   6.3983972E+06   6.3983972E+06   8.1432939E+06   7.8221650E+03   7.3933159E+05   6.3983595E+06   6.3983972E+06   0.0000000E+00   0.0000000E+00   0.0000000E+00   0.0000000E+00   0.0000000E+00
   2.0464682E-04   6.3981409E+06   6.3981409E+06   8.0844588E+06   7.7870940E+03   7.3776636E+05   6.3980853E+06   6.3981409E+06   0.0000000E+00   0.0000000E+00   0.0000000E+00   0.0000000E+00   0.0000000E+00
   2.1991507E-04   6.3978453E+06   6.3978453E+06   8.0170246E+06   7.7468215E+03   7.3598163E+05   6.3977690E+06   6.3978453E+06   0.0000000E+00   0.0000000E+00   0.0000000E+00   0.0000000E+00   0.0000000E+00
   2.3632246E-04   6.3975045E+06   6.3975045E+06   7.9398250E+06   7.7006164E+03   7.3395070E+05   6.3974044E+06   6.3975045E+06   0.0000000E+00   0.0000000E+00   0.0000000E+00   0.0000000E+00   0.0000000E+00
   2.5395397E-04   6.3971118E+06   6.3971118E+06   7.8515652E+06   7.6476582E+03   7.3164494E+05   6.3969842E+06   6.3971118E+06   0.0000000E+00   0.0000000E+00   0.0000000E+00   0.0000000E+00   0.0000000E+00
   2.7290092E-04   6.3966592E+06   6.3966592E+06   7.7508187E+06   7.5870305E+03   7.2903422E+05   6.3965001E+06   6.3966592E+06   0.0000000E+00   0.0000000E+00   0.0000000E+00   0.0000000E+00   0.0000000E+00
   2.9326147E-04   6.3961380E+06   6.3961380E+06   7.6360275E+06   7.5177161E+03   7.2608744E+05   6.3959425E+06   6.3961380E+06   0.0000000E+00   0.0000000E+00   0.0000000E+00   0.0000000E+00   0.0000000E+00
   3.1514107E-04   6.3955378E+06   6.3955378E+06   7.5055083E+06   7.4385936E+03   7.2277346E+05   6.3953006E+06   6.3955378E+06   0.0000000E+00   0.0000000E+00   0.0000000E+00   0.0000000E+00   0.0000000E+00
   3.3865306E-04   6.3948471E+06   6.3948471E+06   7.3574674E+06   7.3484374E+03   7.1906231E+05   6.3945618E+06   6.3948471E+06   0.0000000E+00   0.0000000E+00   0.0000000E+00   0.0000000E+00   0.0000000E+00
   3.6391923E-04   6.3940525E+06   6.3940525E+06   7.1900271E+06   7.2459226E+03   7.1492698E+05   6.3937121E+06   6.3940525E+06   0.0000000E+00   0.0000000E+00   0.0000000E+00   0.0000000E+00   0.0000000E+00
   3.9107045E-04   6.3931390E+06   6.3931390E+06   7.0012657E+06   7.1296354E+03   7.1034561E+05   6.3927354E+06   6.3931390E+06   0.0000000E+00   0.0000000E+00   0.0000000E+00   0.0000000E+00   0.0000000E+00
   4.2024737E-04   6.3920895E+06   6.3920895E+06   6.7892788E+06   6.9980926E+03   7.0530446E+05   6.3916135E+06   6.3920895E+06   0.0000000E+00   0.0000000E+00   0.0000000E+00   0.0000000E+00   0.0000000E+00
   4.5160111E-04   6.3908847E+06   6.3908847E+06   6.5522624E+06   6.8497719E+03   6.9980143E+05   6.3903257E+06   6.3908847E+06   0.0000000E+00   0.0000000E+00   0.0000000E+00   0.0000000E+00   0.0000000E+00
   4.8529409E-04   6.3895026E+06   6.3895026E+06   6.2886270E+06   6.6831565E+03   6.9385029E+05   6.3888487E+06   6.3895026E+06   0.0000000E+00   0.0000000E+00   0.0000000E+00   0.0000000E+00   0.0000000E+00
   5.2150083E-04   6.3879187E+06   6.3879187E+06   5.9971442E+06   6.4967973E+03   6.8748535E+05   6.3871566E+06   6.3879187E+06   0.0000000E+00   0.0000000E+00   0.0000000E+00   0.0000000E+00   0.0000000E+00
   5.6040887E-04   6.3861055E+06   6.3861055E+06   5.6771321E+06   6.2893961E+03   6.8076636E+05   6.3852201E+06   6.3861055E+06   0.0000000E+00   0.0000000E+00   0.0000000E+00   0.0000000E+00   0.0000000E+00
   6.0221976E-04   6.3840323E+06   6.3840323E+06   5.3286788E+06   6.0599130E+03   6.7378289E+05   6.3830067E+06   6.3840323E+06   0.0000000E+00   0.0000000E+00   0.0000000E+00   0.0000000E+00   0.0000000E+00
   6.4715007E-04   6.3816651E+06   6.3816651E+06   4.9529020E+06   5.8077001E+03   6.6665725E+05   6.3804804E+06   6.3816651E+06   0.0000000E+00   0.0000000E+00   0.0000000E+00   0.0000000E+00   0.0000000E+00
   6.9543253E-04   6.3789660E+06   6.3789660E+06   4.5522332E+06   5.5326611E+03   6.5954453E+05   6.3776014E+06   6.3789660E+06   0.0000000E+00   0.0000000E+00   0.0000000E+00   0.0000000E+00   0.0000000E+00
   7.4731724E-04   6.3758936E+06   6.3758936E+06   4.1307053E+06   5.2354332E+03   6.5262749E+05   6.3743261E+06   6.3758936E+06   0.0000000E+00   0.0000000E+00   0.0000000E+00   0.0000000E+00   0.0000000E+00
   8.0307296E-04   6.3724026E+06   6.3724026E+06   3.6942054E+06   4.9175826E+03   6.4610390E+05   6.3706072E+06   6.3724026E+06   0.0000000E+00   0.0000000E+00   0.0000000E+00   0.0000000E+00   0.0000000E+00
   8.6298848E-04   6.3684438E+06   6.3684438E+06   3.2506396E+06   4.5817942E+03   6.4016331E+05   6.3663932E+06   6.3684438E+06   0.0000000E+00   0.0000000E+00   0.0000000E+00   0.0000000E+00   0.0000000E+00
   9.2737418E-04   6.3639636E+06   6.3639636E+06   2.8099300E+06   4.2320303E+03   6.3495077E+05   6.3616290E+06   6.3639636E+06   0.0000000E+00   0.0000000E+00   0.0000000E+00   0.0000000E+00   0.0000000E+00
   9.9656355E-04   6.3589047E+06   6.3589047E+06   2.3837529E+06   3.8736161E+03   6.3051633E+05   6.3562556E+06   6.3589047E+06   0.0000000E+00   0.0000000E+00   0.0000000E+00   0.0000000E+00   0.0000000E+00
   1.0709150E-03   6.3532055E+06   6.3532055E+06   1.9849123E+06   3.5132010E+03   6.2675293E+05   6.3502101E+06   6.3532055E+06   0.0000000E+00   0.0000000E+00   0.0000000E+00   0.0000000E+00   0.0000000E+00
   1.1508136E-03   6.3468001E+06   6.3468001E+06   1.6262669E+06   3.1585377E+03   6.2333093E+05   6.3434261E+06   6.3468001E+06   0.0000000E+00   0.0000000E+00   0.0000000E+00   0.0000000E+00   0.0000000E+00
   1.2366733E-03   6.3396178E+06   6.3396178E+06   1.3191815E+06   2.8180209E+03   6.1964704E+05   6.3358336E+06   6.3396178E+06   0.0000000E+00   0.0000000E+00   0.0000000E+00   0.0000000E+00   0.0000000E+00
   1.3289389E-03   6.3315834E+06   6.3315834E+06   1.0715970E+06   2.4999550E+03   6.1481580E+05   6.3273583E+06   6.3315834E+06   0.0000000E+00   0.0000000E+00   0.0000000E+00   0.0000000E+00   0.0000000E+00
   1.4280881E-03   6.3226156E+06   6.3226156E+06   8.8599797E+05   2.2115682E+03   6.0774104E+05   6.3179217E+06   6.3226156E+06   0.0000000E+00   0.0000000E+00   0.0000000E+00   0.0000000E+00   0.0000000E+00
   1.5346347E-03   6.3126270E+06   6.3126270E+06   7.5779870E+05   1.9578809E+03   5.9730393E+05   6.3074401E+06   6.3126270E+06   0.0000000E+00   0.0000000E+00   0.0000000E+00   0.0000000E+00   0.0000000E+00
   1.6491304E-03   6.3015230E+06   6.3015230E+06   6.7488565E+05   1.7406521E+03   5.8268207E+05   6.2958240E+06   6.3015230E+06   0.0000000E+00   0.0000000E+00   0.0000000E+00   0.0000000E+00   0.0000000E+00
   1.7721685E-03   6.2892013E+06   6.2892013E+06   6.1911268E+05   1.5577465E+03   5.6375813E+05   6.2829776E+06   6.2892013E+06   0.0000000E+00   0.0000000E+00   0.0000000E+00   0.0000000E+00   0.0000000E+00
   1.9043861E-03   6.2755521E+06   6.2755521E+06   5.7022485E+05   1.4033175E+03   5.4148371E+05   6.2687979E+06   6.2755521E+06   0.0000000E+00   0.0000000E+00   0.0000000E+00   0.0000000E+00   0.0000000E+00
   2.0464682E-03   6.2604584E+06   6.2604584E+06   5.1180458E+05   1.2691003E+03   5.1796245E+05   6.2531755E+06   6.2604584E+06   0.0000000E+00   0.0000000E+00   0.0000000E+00   0.0000000E+00   0.0000000E+00
   2.1991507E-03   6.2437984E+06   6.2437984E+06   4.3741969E+05   1.1467613E+03   4.9598340E+05   6.2359956E+06   6.2437984E+06   0.0000000E+00   0.0000000E+00   0.0000000E+00   0.0000000E+00   0.0000000E+00
   2.3632246E-03   6.2254472E+06   6.2254472E+06   3.5376474E+05   1.0306608E+03   4.7789592E+05   6.2171386E+06   6.2254472E+06   0.0000000E+00   0.0000000E+00   0.0000000E+00   0.0000000E+00   0.0000000E+00
   2.5395397E-03   6.2052789E+06   6.2052789E+06   2.7746806E+05   9.1977572E+02   4.6416419E+05   6.1964819E+06   6.2052789E+06   0.0000000E+00   0.0000000E+00   0.0000000E+00   0.0000000E+00   0.0000000E+00
   2.7290092E-03   6.1831664E+06   6.1831664E+06   2.2487470E+05   8.1739157E+02   4.5254910E+05   6.1738991E+06   6.1831664E+06   0.0000000E+00   0.0000000E+00   0.0000000E+00   0.0000000E+00   0.0000000E+00
   2.9326147E-03   6.1589796E+06   6.1589796E+06   1.9967050E+05   7.2808122E+02   4.3909462E+05   6.1492577E+06   6.1589796E+06   0.0000000E+00   0.0000000E+00   0.0000000E+00   0.0000000E+00   0.0000000E+00
   3.1514107E-03   6.1325815E+06   6.1325815E+06   1.8831852E+05   6.5347976E+02   4.2112327E+05   6.1224168E+06   6.1325815E+06   0.0000000E+00   0.0000000E+00   0.0000000E+00   0.0000000E+00   0.0000000E+00
   3.3865306E-03   6.1038261E+06   6.1038261E+06   1.7093229E+05   5.9018311E+02   4.0013194E+05   6.0932258E+06   6.1038261E+06   0.0000000E+00   0.0000000E+00   0.0000000E+00   0.0000000E+00   0.0000000E+00
   3.6391923E-03   6.0725596E+06   6.0725596E+06   1.4113107E+05   5.3233725E+02   3.8085548E+05   6.0615274E+06   6.0725596E+06   0.0000000E+00   0.0000000E+00   0.0000000E+00   0.0000000E+00   0.0000000E+00
   3.9107045E-03   6.0386239E+06   6.0386239E+06   1.1282933E+05   4.7703927E+02   3.6562095E+05   6.0271625E+06   6.0386239E+06   0.0000000E+00   0.0000000E+00   0.0000000E+00   0.0000000E+00   0.0000000E+00
   4.2024737E-03   6.0018589E+06   6.0018589E+06   1.0000276E+05   4.2630701E+02   3.5043570E+05   5.9899725E+06   6.0018589E+06   0.0000000E+00   0.0000000E+00   0.0000000E+00   0.0000000E+00   0.0000000E+00
   4.5160111E-03   5.9620996E+06   5.9620996E+06   9.3855075E+04   3.8238106E+02   3.3075259E+05   5.9497961E+06   5.9620996E+06   0.0000000E+00   0.0000000E+00   0.0000000E+00   0.0000000E+00   0.0000000E+00
   4.8529409E-03   5.9191738E+06   5.9191738E+06   7.7859399E+04   3.4312648E+02   3.1026833E+05   5.9064652E+06   5.9191738E+06   0.0000000E+00   0.0000000E+00   0.0000000E+00   0.0000000E+00   0.0000000E+00
   5.2150083E-03   5.8729049E+06   5.8729049E+06   6.0106334E+04   3.0572333E+02   2.9473194E+05   5.8598089E+06   5.8729049E+06   0.0000000E+00   0.0000000E+00   0.0000000E+00   0.0000000E+00   0.0000000E+00
   5.6040887E-03   5.8231188E+06   5.8231188E+06   5.5111187E+04   2.7164471E+02   2.7926956E+05   5.8096596E+06   5.8231188E+06   0.0000000E+00   0.0000000E+00   0.0000000E+00   0.0000000E+00   0.0000000E+00
   6.0221976E-03   5.7696414E+06   5.7696414E+06   4.9546544E+04   2.4199065E+02   2.6002429E+05   5.7558494E+06   5.7696414E+06   0.0000000E+00   0.0000000E+00   0.0000000E+00   0.0000000E+00   0.0000000E+00
   6.4715007E-03   5.7122965E+06   5.7122965E+06   3.8710949E+04   2.1458635E+02   2.4449396E+05   5.6982039E+06   5.7122965E+06   0.0000000E+00   0.0000000E+00   0.0000000E+00   0.0000000E+00   0.0000000E+00
   6.9543253E-03   5.6509101E+06   5.6509101E+06   3.6247721E+04   1.9002399E+02   2.2916209E+05   5.6365431E+06   5.6509101E+06   0.0000000E+00   0.0000000E+00   0.0000000E+00   0.0000000E+00   0.0000000E+00
   7.4731724E-03   5.5853026E+06   5.5853026E+06   2.9763924E+04   1.6851067E+02   2.1133967E+05   5.5706830E+06   5.5853026E+06   0.0000000E+00   0.0000000E+00   0.0000000E+00   0.0000000E+00   0.0000000E+00
   8.0307296E-03   5.5152895E+06   5.5152895E+06   2.4693788E+04   1.4828805E+02   1.9804082E+05   5.5004476E+06   5.5152895E+06   0.0000000E+00   0.0000000E+00   0.0000000E+00   0.0000000E+00   0.0000000E+00
   8.6298848E-03   5.4406906E+06   5.4406906E+06   2.2271352E+04   1.3051797E+02   1.8189451E+05   5.4256708E+06   5.4406906E+06   0.0000000E+00   0.0000000E+00   0.0000000E+00   0.0000000E+00   0.0000000E+00
   9.2737418E-03   5.3613303E+06   5.3613303E+06   1.8187303E+04   1.1446363E+02   1.6936740E+05   5.3461752E+06   5.3613303E+06   0.0000000E+00   0.0000000E+00   0.0000000E+00   0.0000000E+00   0.0000000E+00
   9.9656355E-03   5.2770354E+06   5.2770354E+06   1.5937981E+04   1.0044063E+02   1.5443347E+05   5.2617769E+06   5.2770354E+06   0.0000000E+00   0.0000000E+00   0.0000000E+00   0.0000000E+00   0.0000000E+00
   1.0709150E-02   5.1876294E+06   5.1876294E+06   1.3544956E+04   8.7565194E+01   1.4296738E+05   5.1723064E+06   5.1876294E+06   0.0000000E+00   0.0000000E+00   0.0000000E+00   0.0000000E+00   0.0000000E+00
   1.1508136E-02   5.0929408E+06   5.0929408E+06   1.0920973E+04   7.6324068E+01   1.3018686E+05   5.0775990E+06   5.0929408E+06   0.0000000E+00   0.0000000E+00   0.0000000E+00   0.0000000E+00   0.0000000E+00
   1.2366733E-02   4.9928080E+06   4.9928080E+06   1.0054092E+04   6.6326583E+01   1.1850629E+05   4.9774880E+06   4.9928080E+06   0.0000000E+00   0.0000000E+00   0.0000000E+00   0.0000000E+00   0.0000000E+00
   1.3289389E-02   4.8870781E+06   4.8870781E+06   8.3429570E+03   5.7409523E+01   1.0849286E+05   4.8718219E+06   4.8870781E+06   0.0000000E+00   0.0000000E+00   0.0000000E+00   0.0000000E+00   0.0000000E+00
   1.4280881E-02   4.7756127E+06   4.7756127E+06   6.7100980E+03   4.9579694E+01   9.8357774E+04   4.7604660E+06   4.7756127E+06   0.0000000E+00   0.0000000E+00   0.0000000E+00   0.0000000E+00   0.0000000E+00
   1.5346347E-02   4.6582991E+06   4.6582991E+06   5.5873334E+03   4.2722099E+01   8.8587233E+04   4.6433043E+06   4.6582991E+06   0.0000000E+00   0.0000000E+00   0.0000000E+00   0.0000000E+00   0.0000000E+00
   1.6491304E-02   4.5350544E+06   4.5350544E+06   4.8221538E+03   3.6662223E+01   7.9728379E+04   4.5202543E+06   4.5350544E+06   0.0000000E+00   0.0000000E+00   0.0000000E+00   0.0000000E+00   0.0000000E+00
   1.7721684E-02   4.4058434E+06   4.4058434E+06   4.0820637E+03   3.1380743E+01   7.1630377E+04   4.3912828E+06   4.4058434E+06   0.0000000E+00   0.0000000E+00   0.0000000E+00   0.0000000E+00   0.0000000E+00
   1.9043861E-02   4.2706936E+06   4.2706936E+06   3.4158985E+03   2.6750993E+01   6.4246013E+04   4.2564139E+06   4.2706936E+06   0.0000000E+00   0.0000000E+00   0.0000000E+00   0.0000000E+00   0.0000000E+00
   2.0464682E-02   4.1297167E+06   4.1297167E+06   2.8184122E+03   2.2736342E+01   5.7480208E+04   4.1157594E+06   4.1297167E+06   0.0000000E+00   0.0000000E+00   0.0000000E+00   0.0000000E+00   0.0000000E+00
   2.1991507E-02   3.9831344E+06   3.9831344E+06   2.3849795E+03   1.9248221E+01   5.1333259E+04   3.9695393E+06   3.9831344E+06   0.0000000E+00   0.0000000E+00   0.0000000E+00   0.0000000E+00   0.0000000E+00
   2.3632240E-02   3.8313088E+06   3.8313088E+06   2.0581983E+03   1.6242348E+01   4.5566598E+04   3.8181131E+06   3.8313088E+06   0.0000000E+00   0.0000000E+00   0.0000000E+00   0.0000000E+00   0.0000000E+00
   2.5395360E-02   3.6747762E+06   3.6747762E+06   1.6860677E+03   1.3654598E+01   4.0235439E+04   3.6620149E+06   3.6747762E+06   0.0000000E+00   0.0000000E+00   0.0000000E+00   0.0000000E+00   0.0000000E+00
   2.7289907E-02   3.5142852E+06   3.5142852E+06   1.3783885E+03   1.1430541E+01   3.5676653E+04   3.5019888E+06   3.5142852E+06   0.0000000E+00   0.0000000E+00   0.0000000E+00   0.0000000E+00   0.0000000E+00
   2.9325341E-02   3.3508404E+06   3.3508404E+06   1.1458453E+03   9.5369134E+00   3.1306024E+04   3.3390349E+06   3.3508404E+06   0.0000000E+00   0.0000000E+00   0.0000000E+00   0.0000000E+00   0.0000000E+00
   3.1511041E-02   3.1857568E+06   3.1857568E+06   9.7052375E+02   7.9268084E+00   2.7592892E+04   3.1744624E+06   3.1857568E+06   0.0000000E+00   0.0000000E+00   0.0000000E+00   0.0000000E+00   0.0000000E+00
   3.3855005E-02   3.0207321E+06   3.0207321E+06   7.8611948E+02   6.5671871E+00   2.4271655E+04   3.0099620E+06   3.0207321E+06   0.0000000E+00   0.0000000E+00   0.0000000E+00   0.0000000E+00   0.0000000E+00
   3.6361147E-02   2.8579290E+06   2.8579290E+06   6.4303188E+02   5.4279277E+00   2.1300481E+04   2.8476872E+06   2.8579290E+06   0.0000000E+00   0.0000000E+00   0.0000000E+00   0.0000000E+00   0.0000000E+00
   3.9024858E-02   2.7000132E+06   2.7000132E+06   5.3578008E+02   4.4826846E+00   1.8683462E+04   2.6902928E+06   2.7000132E+06   0.0000000E+00   0.0000000E+00   0.0000000E+00   0.0000000E+00   0.0000000E+00
   4.1827927E-02   2.5500177E+06   2.5500177E+06   4.3867129E+02   3.7075694E+00   1.6390381E+04   2.5407999E+06   2.5500177E+06   0.0000000E+00   0.0000000E+00   0.0000000E+00   0.0000000E+00   0.0000000E+00
   4.4736377E-02   2.4108900E+06   2.4108900E+06   3.4441353E+02   3.0794972E+00   1.4515781E+04   2.4021439E+06   2.4108900E+06   0.0000000E+00   0.0000000E+00   0.0000000E+00   0.0000000E+00   0.0000000E+00
   4.7705605E-02   2.2847711E+06   2.2847711E+06   2.9632169E+02   2.5768531E+00   1.2990181E+04   2.2764568E+06   2.2847711E+06   0.0000000E+00   0.0000000E+00   0.0000000E+00   0.0000000E+00   0.0000000E+00
   5.0692298E-02   2.1723987E+06   2.1723987E+06   2.5449829E+02   2.1772419E+00   1.1619220E+04   2.1644722E+06   2.1723987E+06   0.0000000E+00   0.0000000E+00   0.0000000E+00   0.0000000E+00   0.0000000E+00
   5.3665643E-02   2.0730567E+06   2.0730567E+06   2.0572012E+02   1.8587256E+00   1.0549281E+04   2.0654753E+06   2.0730567E+06   0.0000000E+00   0.0000000E+00   0.0000000E+00   0.0000000E+00   0.0000000E+00
   5.6611050E-02   1.9850391E+06   1.9850391E+06   1.8368357E+02   1.6026578E+00   9.6701394E+03   1.9777653E+06   1.9850391E+06   0.0000000E+00   0.0000000E+00   0.0000000E+00   0.0000000E+00   0.0000000E+00
   5.9527107E-02   1.9062373E+06   1.9062373E+06   1.6125864E+02   1.3944664E+00   8.8680368E+03   1.8992402E+06   1.9062373E+06   0.0000000E+00   0.0000000E+00   0.0000000E+00   0.0000000E+00   0.0000000E+00
   6.2420386E-02   1.8345623E+06   1.8345623E+06   1.3567846E+02   1.2222486E+00   8.2164947E+03   1.8278181E+06   1.8345623E+06   0.0000000E+00   0.0000000E+00   0.0000000E+00   0.0000000E+00   0.0000000E+00
   6.5301192E-02   1.7681579E+06   1.7681579E+06   1.2120338E+02   1.0777620E+00   7.6660525E+03   1.7616492E+06   1.7681579E+06   0.0000000E+00   0.0000000E+00   0.0000000E+00   0.0000000E+00   0.0000000E+00
   6.8180979E-02   1.7054771E+06   1.7054771E+06   1.1026113E+02   9.5482569E-01   7.1436137E+03   1.6991917E+06   1.7054771E+06   0.0000000E+00   0.0000000E+00   0.0000000E+00   0.0000000E+00   0.0000000E+00
   7.1071044E-02   1.6452925E+06   1.6452925E+06   9.5978605E+01   8.4889284E-01   6.6741259E+03   1.6392225E+06   1.6452925E+06   0.0000000E+00   0.0000000E+00   0.0000000E+00   0.0000000E+00   0.0000000E+00
   7.3981981E-02   1.5866835E+06   1.5866835E+06   8.3538147E+01   7.5652287E-01   6.2646469E+03   1.5808241E+06   1.5866835E+06   0.0000000E+00   0.0000000E+00   0.0000000E+00   0.0000000E+00   0.0000000E+00
   7.6923526E-02   1.5290171E+06   1.5290171E+06   7.5634904E+01   6.7531008E-01   5.8916848E+03   1.5233656E+06   1.5290171E+06   0.0000000E+00   0.0000000E+00   0.0000000E+00   0.0000000E+00   0.0000000E+00
   7.9904583E-02   1.4719276E+06   1.4719276E+06   6.9811679E+01   6.0345827E-01   5.5191136E+03   1.4664828E+06   1.4719276E+06   0.0000000E+00   0.0000000E+00   0.0000000E+00   0.0000000E+00   0.0000000E+00
   8.2933325E-02   1.4152954E+06   1.4152954E+06   5.9015570E+01   5.3952595E-01   5.1760540E+03   1.4100562E+06   1.4152954E+06   0.0000000E+00   0.0000000E+00   0.0000000E+00   0.0000000E+00   0.0000000E+00
   8.6017314E-02   1.3592202E+06   1.3592202E+06   5.4578606E+01   4.8244075E-01   4.8815985E+03   1.3541852E+06   1.3592202E+06   0.0000000E+00   0.0000000E+00   0.0000000E+00   0.0000000E+00   0.0000000E+00
   8.9163610E-02   1.3039876E+06   1.3039876E+06   4.7960093E+01   4.3151452E-01   4.5636244E+03   1.2991541E+06   1.3039876E+06   0.0000000E+00   0.0000000E+00   0.0000000E+00   0.0000000E+00   0.0000000E+00
   9.2378883E-02   1.2500252E+06   1.2500252E+06   4.3567578E+01   3.8598984E-01   4.3070237E+03   1.2453890E+06   1.2500252E+06   0.0000000E+00   0.0000000E+00   0.0000000E+00   0.0000000E+00   0.0000000E+00
   9.5669491E-02   1.1978487E+06   1.1978487E+06   3.7571186E+01   3.4543532E-01   4.0370703E+03   1.1934036E+06   1.1978487E+06   0.0000000E+00   0.0000000E+00   0.0000000E+00   0.0000000E+00   0.0000000E+00
   9.9041560E-02   1.1479980E+06   1.1479980E+06   3.5133477E+01   3.0932614E-01   3.7991733E+03   1.1437357E+06   1.1479980E+06   0.0000000E+00   0.0000000E+00   0.0000000E+00   0.0000000E+00   0.0000000E+00
   1.0250104E-01   1.1009666E+06   1.1009666E+06   3.1214424E+01   2.7727759E-01   3.5910032E+03   1.0968770E+06   1.1009666E+06   0.0000000E+00   0.0000000E+00   0.0000000E+00   0.0000000E+00   0.0000000E+00
   1.0605377E-01   1.0571297E+06   1.0571297E+06   2.7233338E+01   2.4891742E-01   3.3916560E+03   1.0532012E+06   1.0571297E+06   0.0000000E+00   0.0000000E+00   0.0000000E+00   0.0000000E+00   0.0000000E+00
   1.0970550E-01   1.0166794E+06   1.0166794E+06   2.4212970E+01   2.2383845E-01   3.2081509E+03   1.0128996E+06   1.0166794E+06   0.0000000E+00   0.0000000E+00   0.0000000E+00   0.0000000E+00   0.0000000E+00
   1.1346191E-01   9.7957480E+05   9.7957480E+05   2.1806405E+01   2.0167547E-01   3.0442981E+03   9.7593151E+05   9.7957480E+05   0.0000000E+00   0.0000000E+00   0.0000000E+00   0.0000000E+00   0.0000000E+00
   1.1732870E-01   9.4551875E+05   9.4551875E+05   1.9792701E+01   1.8202888E-01   2.8980614E+03   9.4200083E+05   9.4551875E+05   0.0000000E+00   0.0000000E+00   0.0000000E+00   0.0000000E+00   0.0000000E+00
   1.2131153E-01   9.1396875E+05   9.1396875E+05   1.8078579E+01   1.6455358E-01   2.7643042E+03   9.1056703E+05   9.1396875E+05   0.0000000E+00   0.0000000E+00   0.0000000E+00   0.0000000E+00   0.0000000E+00
   1.2541609E-01   8.8418789E+05   8.8418789E+05   1.6620051E+01   1.4889108E-01   2.6403859E+03   8.8089594E+05   8.8418789E+05   0.0000000E+00   0.0000000E+00   0.0000000E+00   0.0000000E+00   0.0000000E+00
   1.2964812E-01   8.5533571E+05   8.5533571E+05   1.5215215E+01   1.3475188E-01   2.5186150E+03   8.5215020E+05   8.5533571E+05   0.0000000E+00   0.0000000E+00   0.0000000E+00   0.0000000E+00   0.0000000E+00
   1.3401337E-01   8.2659083E+05   8.2659083E+05   1.3224383E+01   1.2186660E-01   2.4077254E+03   8.2351149E+05   8.2659083E+05   0.0000000E+00   0.0000000E+00   0.0000000E+00   0.0000000E+00   0.0000000E+00
   1.3851766E-01   7.9728859E+05   7.9728859E+05   1.2452635E+01   1.1004597E-01   2.2948452E+03   7.9431760E+05   7.9728859E+05   0.0000000E+00   0.0000000E+00   0.0000000E+00   0.0000000E+00   0.0000000E+00
   1.4316687E-01   7.6704895E+05   7.6704895E+05   1.0998372E+01   9.9157321E-02   2.1884742E+03   7.6418991E+05   7.6704895E+05   0.0000000E+00   0.0000000E+00   0.0000000E+00   0.0000000E+00   0.0000000E+00
   1.4796693E-01   7.3586510E+05   7.3586510E+05   9.6717694E+00   8.9129034E-02   2.0763794E+03   7.3312163E+05   7.3586510E+05   0.0000000E+00   0.0000000E+00   0.0000000E+00   0.0000000E+00   0.0000000E+00
   1.5292386E-01   7.0412454E+05   7.0412454E+05   8.6650008E+00   7.9931150E-02   1.9663943E+03   7.0149880E+05   7.0412454E+05   0.0000000E+00   0.0000000E+00   0.0000000E+00   0.0000000E+00   0.0000000E+00
   1.5804373E-01   6.7254387E+05   6.7254387E+05   7.7506301E+00   7.1561047E-02   1.8617060E+03   6.7003536E+05   6.7254387E+05   0.0000000E+00   0.0000000E+00   0.0000000E+00   0.0000000E+00   0.0000000E+00
   1.6333271E-01   6.4201677E+05   6.4201677E+05   7.0348082E+00   6.4027683E-02   1.7631646E+03   6.3962164E+05   6.4201677E+05   0.0000000E+00   0.0000000E+00   0.0000000E+00   0.0000000E+00   0.0000000E+00
   1.6879705E-01   6.1339852E+05   6.1339852E+05   6.4050841E+00   5.7321771E-02   1.6690653E+03   6.1110972E+05   6.1339852E+05   0.0000000E+00   0.0000000E+00   0.0000000E+00   0.0000000E+00   0.0000000E+00
   1.7444310E-01   5.8727580E+05   5.8727580E+05   5.6284070E+00   5.1404568E-02   1.5847390E+03   5.8508408E+05   5.8727580E+05   0.0000000E+00   0.0000000E+00   0.0000000E+00   0.0000000E+00   0.0000000E+00
   1.8027731E-01   5.6378688E+05   5.6378688E+05   5.1647535E+00   4.6203853E-02   1.5114688E+03   5.6168247E+05   5.6378688E+05   0.0000000E+00   0.0000000E+00   0.0000000E+00   0.0000000E+00   0.0000000E+00
   1.8630625E-01   5.4255715E+05   5.4255715E+05   4.5352368E+00   4.1617095E-02   1.4443739E+03   5.4053165E+05   5.4255715E+05   0.0000000E+00   0.0000000E+00   0.0000000E+00   0.0000000E+00   0.0000000E+00
   1.9253662E-01   5.2279031E+05   5.2279031E+05   4.0801969E+00   3.7528587E-02   1.3818514E+03   5.2083831E+05   5.2279031E+05   0.0000000E+00   0.0000000E+00   0.0000000E+00   0.0000000E+00   0.0000000E+00
   1.9897527E-01   5.0350880E+05   5.0350880E+05   3.7012057E+00   3.3830899E-02   1.3227782E+03   5.0162853E+05   5.0350880E+05   0.0000000E+00   0.0000000E+00   0.0000000E+00   0.0000000E+00   0.0000000E+00
   2.0562921E-01   4.8387852E+05   4.8387852E+05   3.4024525E+00   3.0439632E-02   1.2633357E+03   4.8207132E+05   4.8387852E+05   0.0000000E+00   0.0000000E+00   0.0000000E+00   0.0000000E+00   0.0000000E+00
   2.1250567E-01   4.6350558E+05   4.6350558E+05   2.9912367E+00   2.7311667E-02   1.2022681E+03   4.6177426E+05   4.6350558E+05   0.0000000E+00   0.0000000E+00   0.0000000E+00   0.0000000E+00   0.0000000E+00
   2.1961209E-01   4.4258133E+05   4.4258133E+05   2.7155283E+00   2.4434725E-02   1.1423689E+03   4.4092797E+05   4.4258133E+05   0.0000000E+00   0.0000000E+00   0.0000000E+00   0.0000000E+00   0.0000000E+00
   2.2695617E-01   4.2179491E+05   4.2179491E+05   2.3878772E+00   2.1821682E-02   1.0832276E+03   4.2021902E+05   4.2179491E+05   0.0000000E+00   0.0000000E+00   0.0000000E+00   0.0000000E+00   0.0000000E+00
   2.3454593E-01   4.0202504E+05   4.0202504E+05   2.1222728E+00   1.9486841E-02   1.0273502E+03   4.0052285E+05   4.0202504E+05   0.0000000E+00   0.0000000E+00   0.0000000E+00   0.0000000E+00   0.0000000E+00
   2.4238974E-01   3.8393221E+05   3.8393221E+05   1.9185631E+00   1.7429475E-02   9.7686028E+02   3.8249749E+05   3.8393221E+05   0.0000000E+00   0.0000000E+00   0.0000000E+00   0.0000000E+00   0.0000000E+00
   2.5049638E-01   3.6764319E+05   3.6764319E+05   1.7301548E+00   1.5625428E-02   9.3064121E+02   3.6626922E+05   3.6764319E+05   0.0000000E+00   0.0000000E+00   0.0000000E+00   0.0000000E+00   0.0000000E+00
   2.5887513E-01   3.5270003E+05   3.5270003E+05   1.5513077E+00   1.4030801E-02   8.8972127E+02   3.5138179E+05   3.5270003E+05   0.0000000E+00   0.0000000E+00   0.0000000E+00   0.0000000E+00   0.0000000E+00
   2.6753578E-01   3.3832165E+05   3.3832165E+05   1.3835301E+00   1.2597914E-02   8.5001919E+02   3.3705705E+05   3.3832165E+05   0.0000000E+00   0.0000000E+00   0.0000000E+00   0.0000000E+00   0.0000000E+00
   2.7648882E-01   3.2384822E+05   3.2384822E+05   1.2375182E+00   1.1291016E-02   8.1059723E+02   3.2263762E+05   3.2384822E+05   0.0000000E+00   0.0000000E+00   0.0000000E+00   0.0000000E+00   0.0000000E+00
   2.8574544E-01   3.0910920E+05   3.0910920E+05   1.1162755E+00   1.0093503E-02   7.7115771E+02   3.0795361E+05   3.0910920E+05   0.0000000E+00   0.0000000E+00   0.0000000E+00   0.0000000E+00   0.0000000E+00
   2.9531771E-01   2.9447723E+05   2.9447723E+05   9.8707279E-01   9.0068512E-03   7.3197716E+02   2.9337626E+05   2.9447723E+05   0.0000000E+00   0.0000000E+00   0.0000000E+00   0.0000000E+00   0.0000000E+00
   3.0521867E-01   2.8056144E+05   2.8056144E+05   8.8513119E-01   8.0363375E-03   6.9519386E+02   2.7951244E+05   2.8056144E+05   0.0000000E+00   0.0000000E+00   0.0000000E+00   0.0000000E+00   0.0000000E+00
   3.1546251E-01   2.6774888E+05   2.6774888E+05   7.8876176E-01   7.1798033E-03   6.6157229E+02   2.6674772E+05   2.6774888E+05   0.0000000E+00   0.0000000E+00   0.0000000E+00   0.0000000E+00   0.0000000E+00
   3.2606474E-01   2.5593330E+05   2.5593330E+05   7.0471602E-01   6.4229154E-03   6.3073168E+02   2.5497627E+05   2.5593330E+05   0.0000000E+00   0.0000000E+00   0.0000000E+00   0.0000000E+00   0.0000000E+00
   3.3704238E-01   2.4464353E+05   2.4464353E+05   6.3381520E-01   5.7453115E-03   6.0123807E+02   2.4372867E+05   2.4464353E+05   0.0000000E+00   0.0000000E+00   0.0000000E+00   0.0000000E+00   0.0000000E+00
   3.4841421E-01   2.3346020E+05   2.3346020E+05   5.6592693E-01   5.1309494E-03   5.7236097E+02   2.3258711E+05   2.3346020E+05   0.0000000E+00   0.0000000E+00   0.0000000E+00   0.0000000E+00   0.0000000E+00
   3.6020106E-01   2.2235151E+05   2.2235151E+05   5.0195529E-01   4.5734165E-03   5.4392785E+02   2.2151993E+05   2.2235151E+05   0.0000000E+00   0.0000000E+00   0.0000000E+00   0.0000000E+00   0.0000000E+00
   3.7242611E-01   2.1162339E+05   2.1162339E+05   4.4893400E-01   4.0726554E-03   5.1652509E+02   2.1083189E+05   2.1162339E+05   0.0000000E+00   0.0000000E+00   0.0000000E+00   0.0000000E+00   0.0000000E+00
   3.8511532E-01   2.0155108E+05   2.0155108E+05   4.0032560E-01   3.6274984E-03   4.9095855E+02   2.0079723E+05   2.0155108E+05   0.0000000E+00   0.0000000E+00   0.0000000E+00   0.0000000E+00   0.0000000E+00
   3.9829791E-01   1.9208788E+05   1.9208788E+05   3.5494123E-01   3.2319629E-03   4.6697062E+02   1.9136939E+05   1.9208788E+05   0.0000000E+00   0.0000000E+00   0.0000000E+00   0.0000000E+00   0.0000000E+00
   4.1200691E-01   1.8295918E+05   1.8295918E+05   3.1641851E-01   2.8768808E-03   4.4395076E+02   1.8227481E+05   1.8295918E+05   0.0000000E+00   0.0000000E+00   0.0000000E+00   0.0000000E+00   0.0000000E+00
   4.2627987E-01   1.7400104E+05   1.7400104E+05   2.8091284E-01   2.5562183E-03   4.2151756E+02   1.7335016E+05   1.7400104E+05   0.0000000E+00   0.0000000E+00   0.0000000E+00   0.0000000E+00   0.0000000E+00
   4.4115974E-01   1.6531048E+05   1.6531048E+05   2.4975192E-01   2.2676342E-03   3.9981939E+02   1.6469209E+05   1.6531048E+05   0.0000000E+00   0.0000000E+00   0.0000000E+00   0.0000000E+00   0.0000000E+00
   4.5669592E-01   1.5703758E+05   1.5703758E+05   2.2091367E-01   2.0103478E-03   3.7918824E+02   1.5645011E+05   1.5703758E+05   0.0000000E+00   0.0000000E+00   0.0000000E+00   0.0000000E+00   0.0000000E+00
   4.7294561E-01   1.4914715E+05   1.4914715E+05   1.9590197E-01   1.7803286E-03   3.5960589E+02   1.4858918E+05   1.4914715E+05   0.0000000E+00   0.0000000E+00   0.0000000E+00   0.0000000E+00   0.0000000E+00
   4.8997547E-01   1.4149555E+05   1.4149555E+05   1.7296741E-01   1.5736916E-03   3.4069025E+02   1.4096620E+05   1.4149555E+05   0.0000000E+00   0.0000000E+00   0.0000000E+00   0.0000000E+00   0.0000000E+00
   5.0786373E-01   1.3405396E+05   1.3405396E+05   1.5265812E-01   1.3878738E-03   3.2234536E+02   1.3355243E+05   1.3405396E+05   0.0000000E+00   0.0000000E+00   0.0000000E+00   0.0000000E+00   0.0000000E+00
   5.2670292E-01   1.2689110E+05   1.2689110E+05   1.3428924E-01   1.2214174E-03   3.0473568E+02   1.2641636E+05   1.2689110E+05   0.0000000E+00   0.0000000E+00   0.0000000E+00   0.0000000E+00   0.0000000E+00
   5.4660327E-01   1.1999444E+05   1.1999444E+05   1.1798685E-01   1.0724991E-03   2.8782072E+02   1.1954549E+05   1.1999444E+05   0.0000000E+00   0.0000000E+00   0.0000000E+00   0.0000000E+00   0.0000000E+00
   5.6769720E-01   1.1329162E+05   1.1329162E+05   1.0325327E-01   9.3875939E-04   2.7146533E+02   1.1286774E+05   1.1329162E+05   0.0000000E+00   0.0000000E+00   0.0000000E+00   0.0000000E+00   0.0000000E+00
   5.9014502E-01   1.0677925E+05   1.0677925E+05   9.0028505E-02   8.1884169E-04   2.5555568E+02   1.0637973E+05   1.0677925E+05   0.0000000E+00   0.0000000E+00   0.0000000E+00   0.0000000E+00   0.0000000E+00
   6.1414235E-01   1.0046550E+05   1.0046550E+05   7.8225521E-02   7.1137548E-04   2.4021381E+02   1.0008959E+05   1.0046550E+05   0.0000000E+00   0.0000000E+00   0.0000000E+00   0.0000000E+00   0.0000000E+00
   6.3992952E-01   9.4310939E+04   9.4310939E+04   6.7633477E-02   6.1509665E-04   2.2527330E+02   9.3958051E+04   9.4310939E+04   0.0000000E+00   0.0000000E+00   0.0000000E+00   0.0000000E+00   0.0000000E+00
   6.6780344E-01   8.8301810E+04   8.8301810E+04   5.8151220E-02   5.2883661E-04   2.1072212E+02   8.7971400E+04   8.8301810E+04   0.0000000E+00   0.0000000E+00   0.0000000E+00   0.0000000E+00   0.0000000E+00
   6.9813192E-01   8.2428861E+04   8.2428861E+04   4.9667944E-02   4.5174005E-04   1.9651833E+02   8.2120421E+04   8.2428861E+04   0.0000000E+00   0.0000000E+00   0.0000000E+00   0.0000000E+00   0.0000000E+00
   7.3136968E-01   7.6670499E+04   7.6670499E+04   4.2095959E-02   3.8285663E-04   1.8263789E+02   7.6383601E+04   7.6670499E+04   0.0000000E+00   0.0000000E+00   0.0000000E+00   0.0000000E+00   0.0000000E+00
   7.6807328E-01   7.1020139E+04   7.1020139E+04   3.5355854E-02   3.2157393E-04   1.6903413E+02   7.0754381E+04   7.1020139E+04   0.0000000E+00   0.0000000E+00   0.0000000E+00   0.0000000E+00   0.0000000E+00
   8.0890853E-01   6.5470785E+04   6.5470785E+04   2.9385646E-02   2.6727947E-04   1.5570756E+02   6.5225789E+04   6.5470785E+04   0.0000000E+00   0.0000000E+00   0.0000000E+00   0.0000000E+00   0.0000000E+00
   8.5463780E-01   6.0029063E+04   6.0029063E+04   2.4136825E-02   2.1955076E-04   1.4264910E+02   5.9804426E+04   6.0029063E+04   0.0000000E+00   0.0000000E+00   0.0000000E+00   0.0000000E+00   0.0000000E+00
   9.0606927E-01   5.4716376E+04   5.4716376E+04   1.9573677E-02   1.7804700E-04   1.2993513E+02   5.4511617E+04   5.4716376E+04   0.0000000E+00   0.0000000E+00   0.0000000E+00   0.0000000E+00   0.0000000E+00
   9.6395494E-01   4.9574447E+04   4.9574447E+04   1.5668216E-02   1.4252678E-04   1.1764733E+02   4.9388928E+04   4.9574447E+04   0.0000000E+00   0.0000000E+00   0.0000000E+00   0.0000000E+00   0.0000000E+00
   1.0288554E+00   4.4662378E+04   4.4662378E+04   1.2390959E-02   1.1271937E-04   1.0592252E+02   4.4495238E+04   4.4662378E+04   0.0000000E+00   0.0000000E+00   0.0000000E+00   0.0000000E+00   0.0000000E+00
   1.1010435E+00   4.0044389E+04   4.0044389E+04   9.7006603E-03   8.8251356E-05   9.4909969E+01   3.9894530E+04   4.0044389E+04   0.0000000E+00   0.0000000E+00   0.0000000E+00   0.0000000E+00   0.0000000E+00
   1.1805344E+00   3.5773687E+04   3.5773687E+04   7.5382725E-03   6.8582456E-05   8.4745304E+01   3.5639809E+04   3.5773687E+04   0.0000000E+00   0.0000000E+00   0.0000000E+00   0.0000000E+00   0.0000000E+00
   1.2672445E+00   3.1880102E+04   3.1880102E+04   5.8299034E-03   5.3041304E-05   7.5487615E+01   3.1760794E+04   3.1880102E+04   0.0000000E+00   0.0000000E+00   0.0000000E+00   0.0000000E+00   0.0000000E+00
   1.3611681E+00   2.8365792E+04   2.8365792E+04   4.4960893E-03   4.0907992E-05   6.7138186E+01   2.8259635E+04   2.8365792E+04   0.0000000E+00   0.0000000E+00   0.0000000E+00   0.0000000E+00   0.0000000E+00
   1.4624711E+00   2.5212997E+04   2.5212997E+04   3.4642049E-03   3.1499134E-05   5.9654035E+01   2.5118638E+04   2.5212997E+04   0.0000000E+00   0.0000000E+00   0.0000000E+00   0.0000000E+00   0.0000000E+00
   1.5714938E+00   2.2394645E+04   2.2394645E+04   2.6632669E-03   2.4232269E-05   5.2969295E+01   2.2310834E+04   2.2394645E+04   0.0000000E+00   0.0000000E+00   0.0000000E+00   0.0000000E+00   0.0000000E+00
   1.6887119E+00   1.9879611E+04   1.9879611E+04   2.0472618E-03   1.8629052E-05   4.7007506E+01   1.9805212E+04   1.9879611E+04   0.0000000E+00   0.0000000E+00   0.0000000E+00   0.0000000E+00   0.0000000E+00
   1.8146956E+00   1.7637927E+04   1.7637927E+04   1.5729149E-03   1.4313761E-05   4.1697677E+01   1.7571917E+04   1.7637927E+04   0.0000000E+00   0.0000000E+00   0.0000000E+00   0.0000000E+00   0.0000000E+00
   1.9500843E+00   1.5641315E+04   1.5641315E+04   1.2078847E-03   1.0992755E-05   3.6969944E+01   1.5582776E+04   1.5641315E+04   0.0000000E+00   0.0000000E+00   0.0000000E+00   0.0000000E+00   0.0000000E+00
   2.0955755E+00   1.3864256E+04   1.3864256E+04   9.2713904E-04   8.4383088E-06   3.2763792E+01   1.3812369E+04   1.3864256E+04   0.0000000E+00   0.0000000E+00   0.0000000E+00   0.0000000E+00   0.0000000E+00
   2.2519218E+00   1.2283497E+04   1.2283497E+04   7.1132317E-04   6.4745713E-06   2.9023822E+01   1.2237525E+04   1.2283497E+04   0.0000000E+00   0.0000000E+00   0.0000000E+00   0.0000000E+00   0.0000000E+00
   2.4199328E+00   1.0878214E+04   1.0878214E+04   5.4549787E-04   4.9656854E-06   2.5700488E+01   1.0837501E+04   1.0878214E+04   0.0000000E+00   0.0000000E+00   0.0000000E+00   0.0000000E+00   0.0000000E+00
   2.6004787E+00   9.6296144E+03   9.6296144E+03   4.1816555E-04   3.8068996E-06   2.2748061E+01   9.5935749E+03   9.6296144E+03   0.0000000E+00   0.0000000E+00   0.0000000E+00   0.0000000E+00   0.0000000E+00
   2.7944948E+00   8.5208213E+03   8.5208213E+03   3.2018273E-04   2.9173750E-06   2.0126479E+01   8.4889315E+03   8.5208213E+03   0.0000000E+00   0.0000000E+00   0.0000000E+00   0.0000000E+00   0.0000000E+00
   3.0029860E+00   7.5366974E+03   7.5366974E+03   2.4549542E-04   2.2348418E-06   1.7800370E+01   7.5084907E+03   7.5366974E+03   0.0000000E+00   0.0000000E+00   0.0000000E+00   0.0000000E+00   0.0000000E+00
   3.2270322E+00   6.6636649E+03   6.6636649E+03   1.8793262E-04   1.7113558E-06   1.5737356E+01   6.6387255E+03   6.6636649E+03   0.0000000E+00   0.0000000E+00   0.0000000E+00   0.0000000E+00   0.0000000E+00
   3.4677941E+00   5.8895589E+03   5.8895589E+03   1.4383236E-04   1.3100275E-06   1.3908089E+01   5.8675167E+03   5.8895589E+03   0.0000000E+00   0.0000000E+00   0.0000000E+00   0.0000000E+00   0.0000000E+00
   3.7265187E+00   5.2034918E+03   5.2034918E+03   1.1004243E-04   1.0024776E-06   1.2287322E+01   5.1840172E+03   5.2034918E+03   0.0000000E+00   0.0000000E+00   0.0000000E+00   0.0000000E+00   0.0000000E+00
   4.0045462E+00   4.5957267E+03   4.5957267E+03   8.4161486E-05   7.6688314E-07   1.0851428E+01   4.5785267E+03   4.5957267E+03   0.0000000E+00   0.0000000E+00   0.0000000E+00   0.0000000E+00   0.0000000E+00
   4.3033166E+00   4.0575632E+03   4.0575632E+03   6.4348561E-05   5.8647024E-07   9.5804051E+00   4.0423773E+03   4.0575632E+03   0.0000000E+00   0.0000000E+00   0.0000000E+00   0.0000000E+00   0.0000000E+00
   4.6243778E+00   3.5812327E+03   3.5812327E+03   4.9182328E-05   4.4837075E-07   8.4553674E+00   3.5678296E+03   3.5812327E+03   0.0000000E+00   0.0000000E+00   0.0000000E+00   0.0000000E+00   0.0000000E+00
   4.9693925E+00   3.1598041E+03   3.1598041E+03   3.7576740E-05   3.4269376E-07   7.4601861E+00   3.1479782E+03   3.1598041E+03   0.0000000E+00   0.0000000E+00   0.0000000E+00   0.0000000E+00   0.0000000E+00
   5.3401481E+00   2.7870977E+03   2.7870977E+03   2.8697349E-05   2.6185751E-07   6.5799860E+00   2.7766667E+03   2.7870977E+03   0.0000000E+00   0.0000000E+00   0.0000000E+00   0.0000000E+00   0.0000000E+00
   5.7385650E+00   2.4576076E+03   2.4576076E+03   2.1911890E-05   2.0003960E-07   5.8019151E+00   2.4484097E+03   2.4576076E+03   0.0000000E+00   0.0000000E+00   0.0000000E+00   0.0000000E+00   0.0000000E+00
   6.1667068E+00   2.1664313E+03   2.1664313E+03   1.6731300E-05   1.5278049E-07   5.1144397E+00   2.1583231E+03   2.1664313E+03   0.0000000E+00   0.0000000E+00   0.0000000E+00   0.0000000E+00   0.0000000E+00
   6.6267915E+00   1.9092066E+03   1.9092066E+03   1.2768031E-05   1.1666177E-07   4.5071165E+00   1.9020611E+03   1.9092066E+03   0.0000000E+00   0.0000000E+00   0.0000000E+00   0.0000000E+00   0.0000000E+00
   7.1212020E+00   1.6820543E+03   1.6820543E+03   9.7413974E-06   8.9065261E-08   3.9707933E+00   1.6757590E+03   1.6820543E+03   0.0000000E+00   0.0000000E+00   0.0000000E+00   0.0000000E+00   0.0000000E+00
   7.6524994E+00   1.4815268E+03   1.4815268E+03   7.4302076E-06   6.7985057E-08   3.4973682E+00   1.4759820E+03   1.4815268E+03   0.0000000E+00   0.0000000E+00   0.0000000E+00   0.0000000E+00   0.0000000E+00
   8.2234357E+00   1.3045616E+03   1.3045616E+03   5.6647950E-06   5.1886954E-08   3.0795805E+00   1.2996791E+03   1.3045616E+03   0.0000000E+00   0.0000000E+00   0.0000000E+00   0.0000000E+00   0.0000000E+00
