#           k/h    CDM            baryon         photon         nu             mass_nu        total          no_nu          total_de       Weyl           v_CDM          v_b            v_b-v_c     
   1.0016738E-05   1.8989957E+07   1.8989957E+07   2.5308823E+07   1.5679980E+04   1.8680172E+07   1.8989981E+07   1.8989957E+07   0.0000000E+00   0.0000000E+00   0.0000000E+00   0.0000000E+00   0.0000000E+00
   1.0764065E-05   1.8989953E+07   1.8989953E+07   2.5307096E+07   1.5679293E+04   1.8679791E+07   1.8989976E+07   1.8989953E+07   0.0000000E+00   0.0000000E+00   0.0000000E+00   0.0000000E+00   0.0000000E+00
   1.1567148E-05   1.8989947E+07   1.8989947E+07   2.5305103E+07   1.5678501E+04   1.8679351E+07   1.8989971E+07   1.8989947E+07   0.0000000E+00   0.0000000E+00   0.0000000E+00   0.0000000E+00   0.0000000E+00
   1.2430148E-05   1.8989942E+07   1.8989942E+07   2.5302800E+07   1.5677585E+04   1.8678843E+07   1.8989965E+07   1.8989942E+07   0.0000000E+00   0.0000000E+00   0.0000000E+00   0.0000000E+00   0.0000000E+00
   1.3357534E-05   1.8989935E+07   1.8989935E+07   2.5300142E+07   1.5676528E+04   1.8678256E+07   1.8989957E+07   1.8989935E+07   0.0000000E+00   0.0000000E+00   0.0000000E+00   0.0000000E+00   0.0000000E+00
   1.4354111E-05   1.8989927E+07   1.8989927E+07   2.5297073E+07   1.5675307E+04   1.8677578E+07   1.8989949E+07   1.8989927E+07   0.0000000E+00   0.0000000E+00   0.0000000E+00   0.0000000E+00   0.0000000E+00
   1.5425040E-05   1.8989918E+07   1.8989918E+07   2.5293528E+07   1.5673898E+04   1.8676796E+07   1.8989940E+07   1.8989918E+07   0.0000000E+00   0.0000000E+00   0.0000000E+00   0.0000000E+00   0.0000000E+00
   1.6575869E-05   1.8989907E+07   1.8989907E+07   2.5289436E+07   1.5672271E+04   1.8675893E+07   1.8989929E+07   1.8989907E+07   0.0000000E+00   0.0000000E+00   0.0000000E+00   0.0000000E+00   0.0000000E+00
   1.7812558E-05   1.8989895E+07   1.8989895E+07   2.5284712E+07   1.5670391E+04   1.8674850E+07   1.8989916E+07   1.8989895E+07   0.0000000E+00   0.0000000E+00   0.0000000E+00   0.0000000E+00   0.0000000E+00
   1.9141514E-05   1.8989881E+07   1.8989881E+07   2.5279257E+07   1.5668222E+04   1.8673647E+07   1.8989901E+07   1.8989881E+07   0.0000000E+00   0.0000000E+00   0.0000000E+00   0.0000000E+00   0.0000000E+00
   2.0569621E-05   1.8989865E+07   1.8989865E+07   2.5272959E+07   1.5665717E+04   1.8672257E+07   1.8989884E+07   1.8989865E+07   0.0000000E+00   0.0000000E+00   0.0000000E+00   0.0000000E+00   0.0000000E+00
   2.2104276E-05   1.8989846E+07   1.8989846E+07   2.5265688E+07   1.5662825E+04   1.8670653E+07   1.8989865E+07   1.8989846E+07   0.0000000E+00   0.0000000E+00   0.0000000E+00   0.0000000E+00   0.0000000E+00
   2.3753428E-05   1.8989824E+07   1.8989824E+07   2.5257294E+07   1.5659486E+04   1.8668802E+07   1.8989842E+07   1.8989824E+07   0.0000000E+00   0.0000000E+00   0.0000000E+00   0.0000000E+00   0.0000000E+00
   2.5525620E-05   1.8989799E+07   1.8989799E+07   2.5247604E+07   1.5655631E+04   1.8666664E+07   1.8989816E+07   1.8989799E+07   0.0000000E+00   0.0000000E+00   0.0000000E+00   0.0000000E+00   0.0000000E+00
   2.7430031E-05   1.8989771E+07   1.8989771E+07   2.5236419E+07   1.5651180E+04   1.8664198E+07   1.8989786E+07   1.8989771E+07   0.0000000E+00   0.0000000E+00   0.0000000E+00   0.0000000E+00   0.0000000E+00
   2.9476526E-05   1.8989737E+07   1.8989737E+07   2.5223508E+07   1.5646043E+04   1.8661352E+07   1.8989751E+07   1.8989737E+07   0.0000000E+00   0.0000000E+00   0.0000000E+00   0.0000000E+00   0.0000000E+00
   3.1675705E-05   1.8989699E+07   1.8989699E+07   2.5208606E+07   1.5640113E+04   1.8658067E+07   1.8989711E+07   1.8989699E+07   0.0000000E+00   0.0000000E+00   0.0000000E+00   0.0000000E+00   0.0000000E+00
   3.4038961E-05   1.8989654E+07   1.8989654E+07   2.5191408E+07   1.5633268E+04   1.8654278E+07   1.8989665E+07   1.8989654E+07   0.0000000E+00   0.0000000E+00   0.0000000E+00   0.0000000E+00   0.0000000E+00
   3.6578534E-05   1.8989603E+07   1.8989603E+07   2.5171562E+07   1.5625368E+04   1.8649906E+07   1.8989611E+07   1.8989603E+07   0.0000000E+00   0.0000000E+00   0.0000000E+00   0.0000000E+00   0.0000000E+00
   3.9307579E-05   1.8989544E+07   1.8989544E+07   2.5148661E+07   1.5616250E+04   1.8644864E+07   1.8989549E+07   1.8989544E+07   0.0000000E+00   0.0000000E+00   0.0000000E+00   0.0000000E+00   0.0000000E+00
   4.2240232E-05   1.8989476E+07   1.8989476E+07   2.5122241E+07   1.5605729E+04   1.8639049E+07   1.8989478E+07   1.8989476E+07   0.0000000E+00   0.0000000E+00   0.0000000E+00   0.0000000E+00   0.0000000E+00
   4.5391684E-05   1.8989397E+07   1.8989397E+07   2.5091763E+07   1.5593589E+04   1.8632345E+07   1.8989396E+07   1.8989397E+07   0.0000000E+00   0.0000000E+00   0.0000000E+00   0.0000000E+00   0.0000000E+00
   4.8778259E-05   1.8989306E+07   1.8989306E+07   2.5056611E+07   1.5579583E+04   1.8624617E+07   1.8989301E+07   1.8989306E+07   0.0000000E+00   0.0000000E+00   0.0000000E+00   0.0000000E+00   0.0000000E+00
   5.2417499E-05   1.8989201E+07   1.8989201E+07   2.5016074E+07   1.5563427E+04   1.8615711E+07   1.8989191E+07   1.8989201E+07   0.0000000E+00   0.0000000E+00   0.0000000E+00   0.0000000E+00   0.0000000E+00
   5.6328255E-05   1.8989079E+07   1.8989079E+07   2.4969340E+07   1.5544793E+04   1.8605452E+07   1.8989064E+07   1.8989079E+07   0.0000000E+00   0.0000000E+00   0.0000000E+00   0.0000000E+00   0.0000000E+00
   6.0530783E-05   1.8988939E+07   1.8988939E+07   2.4915473E+07   1.5523306E+04   1.8593637E+07   1.8988918E+07   1.8988939E+07   0.0000000E+00   0.0000000E+00   0.0000000E+00   0.0000000E+00   0.0000000E+00
   6.5046854E-05   1.8988777E+07   1.8988777E+07   2.4853403E+07   1.5498535E+04   1.8580038E+07   1.8988749E+07   1.8988777E+07   0.0000000E+00   0.0000000E+00   0.0000000E+00   0.0000000E+00   0.0000000E+00
   6.9899858E-05   1.8988591E+07   1.8988591E+07   2.4781904E+07   1.5469985E+04   1.8564393E+07   1.8988554E+07   1.8988591E+07   0.0000000E+00   0.0000000E+00   0.0000000E+00   0.0000000E+00   0.0000000E+00
   7.5114935E-05   1.8988375E+07   1.8988375E+07   2.4699578E+07   1.5437089E+04   1.8546403E+07   1.8988329E+07   1.8988375E+07   0.0000000E+00   0.0000000E+00   0.0000000E+00   0.0000000E+00   0.0000000E+00
   8.0719097E-05   1.8988127E+07   1.8988127E+07   2.4604826E+07   1.5399198E+04   1.8525732E+07   1.8988069E+07   1.8988127E+07   0.0000000E+00   0.0000000E+00   0.0000000E+00   0.0000000E+00   0.0000000E+00
   8.6741373E-05   1.8987840E+07   1.8987840E+07   2.4495830E+07   1.5355573E+04   1.8501998E+07   1.8987769E+07   1.8987840E+07   0.0000000E+00   0.0000000E+00   0.0000000E+00   0.0000000E+00   0.0000000E+00
   9.3212959E-05   1.8987509E+07   1.8987509E+07   2.4370523E+07   1.5305367E+04   1.8474772E+07   1.8987423E+07   1.8987509E+07   0.0000000E+00   0.0000000E+00   0.0000000E+00   0.0000000E+00   0.0000000E+00
   1.0016738E-04   1.8987127E+07   1.8987127E+07   2.4226564E+07   1.5247620E+04   1.8443572E+07   1.8987024E+07   1.8987127E+07   0.0000000E+00   0.0000000E+00   0.0000000E+00   0.0000000E+00   0.0000000E+00
   1.0764065E-04   1.8986686E+07   1.8986686E+07   2.4061311E+07   1.5181238E+04   1.8407862E+07   1.8986564E+07   1.8986686E+07   0.0000000E+00   0.0000000E+00   0.0000000E+00   0.0000000E+00   0.0000000E+00
   1.1567148E-04   1.8986178E+07   1.8986178E+07   2.3871787E+07   1.5104986E+04   1.8367046E+07   1.8986033E+07   1.8986178E+07   0.0000000E+00   0.0000000E+00   0.0000000E+00   0.0000000E+00   0.0000000E+00
   1.2430148E-04   1.8985592E+07   1.8985592E+07   2.3654663E+07   1.5017467E+04   1.8320470E+07   1.8985421E+07   1.8985592E+07   0.0000000E+00   0.0000000E+00   0.0000000E+00   0.0000000E+00   0.0000000E+00
   1.3357534E-04   1.8984916E+07   1.8984916E+07   2.3406227E+07   1.4917111E+04   1.8267419E+07   1.8984716E+07   1.8984916E+07   0.0000000E+00   0.0000000E+00   0.0000000E+00   0.0000000E+00   0.0000000E+00
   1.4354111E-04   1.8984138E+07   1.8984138E+07   2.3122372E+07   1.4802163E+04   1.8207125E+07   1.8983902E+07   1.8984138E+07   0.0000000E+00   0.0000000E+00   0.0000000E+00   0.0000000E+00   0.0000000E+00
   1.5425040E-04   1.8983240E+07   1.8983240E+07   2.2798586E+07   1.4670666E+04   1.8138771E+07   1.8982965E+07   1.8983240E+07   0.0000000E+00   0.0000000E+00   0.0000000E+00   0.0000000E+00   0.0000000E+00
   1.6575869E-04   1.8982207E+07   1.8982207E+07   2.2429964E+07   1.4520459E+04   1.8061508E+07   1.8981885E+07   1.8982207E+07   0.0000000E+00   0.0000000E+00   0.0000000E+00   0.0000000E+00   0.0000000E+00
   1.7812558E-04   1.8981017E+07   1.8981017E+07   2.2011233E+07   1.4349169E+04   1.7974471E+07   1.8980642E+07   1.8981017E+07   0.0000000E+00   0.0000000E+00   0.0000000E+00   0.0000000E+00   0.0000000E+00
   1.9141514E-04   1.8979647E+07   1.8979647E+07   2.1536811E+07   1.4154220E+04   1.7876813E+07   1.8979212E+07   1.8979647E+07   0.0000000E+00   0.0000000E+00   0.0000000E+00   0.0000000E+00   0.0000000E+00
   2.0569621E-04   1.8978072E+07   1.8978072E+07   2.1000904E+07   1.3932846E+04   1.7767744E+07   1.8977566E+07   1.8978072E+07   0.0000000E+00   0.0000000E+00   0.0000000E+00   0.0000000E+00   0.0000000E+00
   2.2104276E-04   1.8976260E+07   1.8976260E+07   2.0397652E+07   1.3682125E+04   1.7646591E+07   1.8975673E+07   1.8976260E+07   0.0000000E+00   0.0000000E+00   0.0000000E+00   0.0000000E+00   0.0000000E+00
   2.3753428E-04   1.8974179E+07   1.8974179E+07   1.9721341E+07   1.3399026E+04   1.7512865E+07   1.8973498E+07   1.8974179E+07   0.0000000E+00   0.0000000E+00   0.0000000E+00   0.0000000E+00   0.0000000E+00
   2.5525620E-04   1.8971789E+07   1.8971789E+07   1.8966693E+07   1.3080493E+04   1.7366361E+07   1.8971001E+07   1.8971789E+07   0.0000000E+00   0.0000000E+00   0.0000000E+00   0.0000000E+00   0.0000000E+00
   2.7430031E-04   1.8969048E+07   1.8969048E+07   1.8129249E+07   1.2723549E+04   1.7207258E+07   1.8968136E+07   1.8969048E+07   0.0000000E+00   0.0000000E+00   0.0000000E+00   0.0000000E+00   0.0000000E+00
   2.9476526E-04   1.8965905E+07   1.8965905E+07   1.7205871E+07   1.2325447E+04   1.7036256E+07   1.8964852E+07   1.8965905E+07   0.0000000E+00   0.0000000E+00   0.0000000E+00   0.0000000E+00   0.0000000E+00
   3.1675705E-04   1.8962307E+07   1.8962307E+07   1.6195343E+07   1.1883871E+04   1.6854713E+07   1.8961092E+07   1.8962307E+07   0.0000000E+00   0.0000000E+00   0.0000000E+00   0.0000000E+00   0.0000000E+00
   3.4038961E-04   1.8958191E+07   1.8958191E+07   1.5099111E+07   1.1397180E+04   1.6664782E+07   1.8956790E+07   1.8958191E+07   0.0000000E+00   0.0000000E+00   0.0000000E+00   0.0000000E+00   0.0000000E+00
   3.6578534E-04   1.8953490E+07   1.8953490E+07   1.3922101E+07   1.0864715E+04   1.6469535E+07   1.8951876E+07   1.8953490E+07   0.0000000E+00   0.0000000E+00   0.0000000E+00   0.0000000E+00   0.0000000E+00
   3.9307579E-04   1.8948128E+07   1.8948128E+07   1.2673608E+07   1.0287154E+04   1.6273028E+07   1.8946270E+07   1.8948128E+07   0.0000000E+00   0.0000000E+00   0.0000000E+00   0.0000000E+00   0.0000000E+00
   4.2240232E-04   1.8942020E+07   1.8942020E+07   1.1368146E+07   9.6669023E+03   1.6080274E+07   1.8939885E+07   1.8942020E+07   0.0000000E+00   0.0000000E+00   0.0000000E+00   0.0000000E+00   0.0000000E+00
   4.5391684E-04   1.8935074E+07   1.8935074E+07   1.0026140E+07   9.0085018E+03   1.5897065E+07   1.8932623E+07   1.8935074E+07   0.0000000E+00   0.0000000E+00   0.0000000E+00   0.0000000E+00   0.0000000E+00
   4.8778259E-04   1.8927189E+07   1.8927189E+07   8.6742594E+06   8.3189961E+03   1.5729564E+07   1.8924380E+07   1.8927189E+07   0.0000000E+00   0.0000000E+00   0.0000000E+00   0.0000000E+00   0.0000000E+00
   5.2417499E-04   1.8918255E+07   1.8918255E+07   7.3451443E+06   7.6081966E+03   1.5583629E+07   1.8915038E+07   1.8918255E+07   0.0000000E+00   0.0000000E+00   0.0000000E+00   0.0000000E+00   0.0000000E+00
   5.6328255E-04   1.8908150E+07   1.8908150E+07   6.0762149E+06   6.8887450E+03   1.5463795E+07   1.8904473E+07   1.8908150E+07   0.0000000E+00   0.0000000E+00   0.0000000E+00   0.0000000E+00   0.0000000E+00
   6.0530783E-04   1.8896744E+07   1.8896744E+07   4.9072726E+06   6.1758587E+03   1.5371975E+07   1.8892548E+07   1.8896744E+07   0.0000000E+00   0.0000000E+00   0.0000000E+00   0.0000000E+00   0.0000000E+00
   6.5046854E-04   1.8883891E+07   1.8883891E+07   3.8766857E+06   5.4866325E+03   1.5305986E+07   1.8879113E+07   1.8883891E+07   0.0000000E+00   0.0000000E+00   0.0000000E+00   0.0000000E+00   0.0000000E+00
   6.9899858E-04   1.8869436E+07   1.8869436E+07   3.0162035E+06   4.8387958E+03   1.5258248E+07   1.8864006E+07   1.8869436E+07   0.0000000E+00   0.0000000E+00   0.0000000E+00   0.0000000E+00   0.0000000E+00
   7.5114935E-04   1.8853205E+07   1.8853205E+07   2.3448793E+06   4.2488973E+03   1.5215149E+07   1.8847050E+07   1.8853205E+07   0.0000000E+00   0.0000000E+00   0.0000000E+00   0.0000000E+00   0.0000000E+00
   8.0719097E-04   1.8835008E+07   1.8835008E+07   1.8632232E+06   3.7300313E+03   1.5157795E+07   1.8828050E+07   1.8835008E+07   0.0000000E+00   0.0000000E+00   0.0000000E+00   0.0000000E+00   0.0000000E+00
   8.6741373E-04   1.8814635E+07   1.8814635E+07   1.5494258E+06   3.2894374E+03   1.5064844E+07   1.8806793E+07   1.8814635E+07   0.0000000E+00   0.0000000E+00   0.0000000E+00   0.0000000E+00   0.0000000E+00
   9.3212959E-04   1.8791852E+07   1.8791852E+07   1.3600042E+06   2.9265606E+03   1.4917703E+07   1.8783043E+07   1.8791852E+07   0.0000000E+00   0.0000000E+00   0.0000000E+00   0.0000000E+00   0.0000000E+00
   1.0016738E-03   1.8766403E+07   1.8766403E+07   1.2369916E+06   2.6323713E+03   1.4707394E+07   1.8756545E+07   1.8766403E+07   0.0000000E+00   0.0000000E+00   0.0000000E+00   0.0000000E+00   0.0000000E+00
   1.0764065E-03   1.8738007E+07   1.8738007E+07   1.1221903E+06   2.3907356E+03   1.4440759E+07   1.8727021E+07   1.8738007E+07   0.0000000E+00   0.0000000E+00   0.0000000E+00   0.0000000E+00   0.0000000E+00
   1.1567148E-03   1.8706365E+07   1.8706365E+07   9.7566085E+05   2.1822056E+03   1.4142064E+07   1.8694173E+07   1.8706365E+07   0.0000000E+00   0.0000000E+00   0.0000000E+00   0.0000000E+00   0.0000000E+00
   1.2430148E-03   1.8671158E+07   1.8671158E+07   7.9122250E+05   1.9896284E+03   1.3845849E+07   1.8657694E+07   1.8671158E+07   0.0000000E+00   0.0000000E+00   0.0000000E+00   0.0000000E+00   0.0000000E+00
   1.3357534E-03   1.8632060E+07   1.8632060E+07   5.9879561E+05   1.8036386E+03   1.3580084E+07   1.8617264E+07   1.8632060E+07   0.0000000E+00   0.0000000E+00   0.0000000E+00   0.0000000E+00   0.0000000E+00
   1.4354111E-03   1.8588734E+07   1.8588734E+07   4.4620174E+05   1.6251132E+03   1.3346369E+07   1.8572558E+07   1.8588734E+07   0.0000000E+00   0.0000000E+00   0.0000000E+00   0.0000000E+00   0.0000000E+00
   1.5425040E-03   1.8540839E+07   1.8540839E+07   3.6484800E+05   1.4622137E+03   1.3112563E+07   1.8523247E+07   1.8540839E+07   0.0000000E+00   0.0000000E+00   0.0000000E+00   0.0000000E+00   0.0000000E+00
   1.6575869E-03   1.8488020E+07   1.8488020E+07   3.4105877E+05   1.3226062E+03   1.2833134E+07   1.8468988E+07   1.8488020E+07   0.0000000E+00   0.0000000E+00   0.0000000E+00   0.0000000E+00   0.0000000E+00
   1.7812558E-03   1.8429906E+07   1.8429906E+07   3.2236397E+05   1.2058599E+03   1.2492350E+07   1.8409420E+07   1.8429906E+07   0.0000000E+00   0.0000000E+00   0.0000000E+00   0.0000000E+00   0.0000000E+00
   1.9141514E-03   1.8366109E+07   1.8366109E+07   2.6567795E+05   1.1029743E+03   1.2131171E+07   1.8344162E+07   1.8366109E+07   0.0000000E+00   0.0000000E+00   0.0000000E+00   0.0000000E+00   0.0000000E+00
   2.0569621E-03   1.8296231E+07   1.8296231E+07   1.8504975E+05   1.0049320E+03   1.1810884E+07   1.8272818E+07   1.8296231E+07   0.0000000E+00   0.0000000E+00   0.0000000E+00   0.0000000E+00   0.0000000E+00
   2.2104276E-03   1.8219869E+07   1.8219869E+07   1.3430034E+05   9.1170609E+02   1.1532285E+07   1.8194982E+07   1.8219869E+07   0.0000000E+00   0.0000000E+00   0.0000000E+00   0.0000000E+00   0.0000000E+00
   2.3753428E-03   1.8136612E+07   1.8136612E+07   1.2933960E+05   8.2964553E+02   1.1222567E+07   1.8110239E+07   1.8136612E+07   0.0000000E+00   0.0000000E+00   0.0000000E+00   0.0000000E+00   0.0000000E+00
   2.5525620E-03   1.8046033E+07   1.8046033E+07   1.2235362E+05   7.5958977E+02   1.0847973E+07   1.8018159E+07   1.8046033E+07   0.0000000E+00   0.0000000E+00   0.0000000E+00   0.0000000E+00   0.0000000E+00
   2.7430031E-03   1.7947687E+07   1.7947687E+07   8.7948595E+04   6.9471498E+02   1.0478241E+07   1.7918292E+07   1.7947687E+07   0.0000000E+00   0.0000000E+00   0.0000000E+00   0.0000000E+00   0.0000000E+00
   2.9476526E-03   1.7841120E+07   1.7841120E+07   6.7402444E+04   6.3262921E+02   1.0141474E+07   1.7810185E+07   1.7841120E+07   0.0000000E+00   0.0000000E+00   0.0000000E+00   0.0000000E+00   0.0000000E+00
   3.1675705E-03   1.7725872E+07   1.7725872E+07   6.6962451E+04   5.7715440E+02   9.7599900E+06   1.7693382E+07   1.7725872E+07   0.0000000E+00   0.0000000E+00   0.0000000E+00   0.0000000E+00   0.0000000E+00
   3.4038961E-03   1.7601468E+07   1.7601468E+07   4.7911983E+04   5.2651211E+02   9.3587076E+06   1.7567415E+07   1.7601468E+07   0.0000000E+00   0.0000000E+00   0.0000000E+00   0.0000000E+00   0.0000000E+00
   3.6578534E-03   1.7467426E+07   1.7467426E+07   3.7875210E+04   4.7820635E+02   8.9917572E+06   1.7431808E+07   1.7467426E+07   0.0000000E+00   0.0000000E+00   0.0000000E+00   0.0000000E+00   0.0000000E+00
   3.9307579E-03   1.7323260E+07   1.7323260E+07   3.9208575E+04   4.3505667E+02   8.5725000E+06   1.7286090E+07   1.7323260E+07   0.0000000E+00   0.0000000E+00   0.0000000E+00   0.0000000E+00   0.0000000E+00
   4.2240232E-03   1.7168486E+07   1.7168486E+07   2.3957776E+04   3.9456540E+02   8.1688165E+06   1.7129792E+07   1.7168486E+07   0.0000000E+00   0.0000000E+00   0.0000000E+00   0.0000000E+00   0.0000000E+00
   4.5391684E-03   1.7002630E+07   1.7002630E+07   2.5467792E+04   3.5679832E+02   7.7712479E+06   1.6962467E+07   1.7002630E+07   0.0000000E+00   0.0000000E+00   0.0000000E+00   0.0000000E+00   0.0000000E+00
   4.8778259E-03   1.6825234E+07   1.6825234E+07   1.7104163E+04   3.2231909E+02   7.3600948E+06   1.6783676E+07   1.6825234E+07   0.0000000E+00   0.0000000E+00   0.0000000E+00   0.0000000E+00   0.0000000E+00
   5.2417499E-03   1.6635854E+07   1.6635854E+07   1.7643977E+04   2.9050532E+02   6.9638621E+06   1.6592974E+07   1.6635854E+07   0.0000000E+00   0.0000000E+00   0.0000000E+00   0.0000000E+00   0.0000000E+00
   5.6328255E-03   1.6434042E+07   1.6434042E+07   1.0937287E+04   2.6148647E+02   6.5636381E+06   1.6389898E+07   1.6434042E+07   0.0000000E+00   0.0000000E+00   0.0000000E+00   0.0000000E+00   0.0000000E+00
   6.0530783E-03   1.6219344E+07   1.6219344E+07   1.1932286E+04   2.3476972E+02   6.1561308E+06   1.6174006E+07   1.6219344E+07   0.0000000E+00   0.0000000E+00   0.0000000E+00   0.0000000E+00   0.0000000E+00
   6.5046854E-03   1.5991309E+07   1.5991309E+07   8.8495885E+03   2.0989269E+02   5.7735772E+06   1.5944884E+07   1.5991309E+07   0.0000000E+00   0.0000000E+00   0.0000000E+00   0.0000000E+00   0.0000000E+00
   6.9899858E-03   1.5749513E+07   1.5749513E+07   6.2849550E+03   1.8737398E+02   5.3853685E+06   1.5702129E+07   1.5749513E+07   0.0000000E+00   0.0000000E+00   0.0000000E+00   0.0000000E+00   0.0000000E+00
   7.5114935E-03   1.5493557E+07   1.5493557E+07   5.9254721E+03   1.6687839E+02   5.0064995E+06   1.5445330E+07   1.5493557E+07   0.0000000E+00   0.0000000E+00   0.0000000E+00   0.0000000E+00   0.0000000E+00
   8.0719097E-03   1.5223041E+07   1.5223041E+07   5.7109595E+03   1.4809149E+02   4.6439284E+06   1.5174092E+07   1.5223041E+07   0.0000000E+00   0.0000000E+00   0.0000000E+00   0.0000000E+00   0.0000000E+00
   8.6741373E-03   1.4937566E+07   1.4937566E+07   4.5607481E+03   1.3101441E+02   4.2934638E+06   1.4888038E+07   1.4937566E+07   0.0000000E+00   0.0000000E+00   0.0000000E+00   0.0000000E+00   0.0000000E+00
   9.3212959E-03   1.4636754E+07   1.4636754E+07   3.6945919E+03   1.1557028E+02   3.9534211E+06   1.4586796E+07   1.4636754E+07   0.0000000E+00   0.0000000E+00   0.0000000E+00   0.0000000E+00   0.0000000E+00
   1.0016738E-02   1.4320250E+07   1.4320250E+07   3.0657461E+03   1.0163534E+02   3.6260084E+06   1.4270013E+07   1.4320250E+07   0.0000000E+00   0.0000000E+00   0.0000000E+00   0.0000000E+00   0.0000000E+00
   1.0764065E-02   1.3987713E+07   1.3987713E+07   2.5784944E+03   8.9068031E+01   3.3111264E+06   1.3937356E+07   1.3987713E+07   0.0000000E+00   0.0000000E+00   0.0000000E+00   0.0000000E+00   0.0000000E+00
   1.1567148E-02   1.3638839E+07   1.3638839E+07   2.0714709E+03   7.7796914E+01   3.0116929E+06   1.3588534E+07   1.3638839E+07   0.0000000E+00   0.0000000E+00   0.0000000E+00   0.0000000E+00   0.0000000E+00
   1.2430148E-02   1.3273375E+07   1.3273375E+07   1.3942579E+03   6.7708123E+01   2.7290272E+06   1.3223284E+07   1.3273375E+07   0.0000000E+00   0.0000000E+00   0.0000000E+00   0.0000000E+00   0.0000000E+00
   1.3357534E-02   1.2891126E+07   1.2891126E+07   1.2189638E+03   5.8694115E+01   2.4659905E+06   1.2841426E+07   1.2891126E+07   0.0000000E+00   0.0000000E+00   0.0000000E+00   0.0000000E+00   0.0000000E+00
   1.4354111E-02   1.2492004E+07   1.2492004E+07   1.1154366E+03   5.0701777E+01   2.2131964E+06   1.2442867E+07   1.2492004E+07   0.0000000E+00   0.0000000E+00   0.0000000E+00   0.0000000E+00   0.0000000E+00
   1.5425040E-02   1.2076055E+07   1.2076055E+07   8.2568614E+02   4.3612310E+01   1.9816051E+06   1.2027657E+07   1.2076055E+07   0.0000000E+00   0.0000000E+00   0.0000000E+00   0.0000000E+00   0.0000000E+00
   1.6575869E-02   1.1643517E+07   1.1643517E+07   6.5695320E+02   3.7368026E+01   1.7627583E+06   1.1596030E+07   1.1643517E+07   0.0000000E+00   0.0000000E+00   0.0000000E+00   0.0000000E+00   0.0000000E+00
   1.7812558E-02   1.1194889E+07   1.1194889E+07   5.6708343E+02   3.1874861E+01   1.5616535E+06   1.1148485E+07   1.1194889E+07   0.0000000E+00   0.0000000E+00   0.0000000E+00   0.0000000E+00   0.0000000E+00
   1.9141514E-02   1.0731013E+07   1.0731013E+07   4.5021167E+02   2.7067701E+01   1.3763076E+06   1.0685855E+07   1.0731013E+07   0.0000000E+00   0.0000000E+00   0.0000000E+00   0.0000000E+00   0.0000000E+00
   2.0569619E-02   1.0253173E+07   1.0253173E+07   3.5063267E+02   2.2881160E+01   1.2068120E+06   1.0209417E+07   1.0253173E+07   0.0000000E+00   0.0000000E+00   0.0000000E+00   0.0000000E+00   0.0000000E+00
   2.2104262E-02   9.7632070E+06   9.7632070E+06   3.1482301E+02   1.9249663E+01   1.0527607E+06   9.7209995E+06   9.7632070E+06   0.0000000E+00   0.0000000E+00   0.0000000E+00   0.0000000E+00   0.0000000E+00
   2.3753352E-02   9.2636320E+06   9.2636320E+06   2.5318903E+02   1.6116592E+01   9.1193019E+05   9.2231020E+06   9.2636320E+06   0.0000000E+00   0.0000000E+00   0.0000000E+00   0.0000000E+00   0.0000000E+00
   2.5525265E-02   8.7577752E+06   8.7577752E+06   2.0519302E+02   1.3427258E+01   7.8715015E+05   8.7190331E+06   8.7577752E+06   0.0000000E+00   0.0000000E+00   0.0000000E+00   0.0000000E+00   0.0000000E+00
   2.7428588E-02   8.2499226E+06   8.2499226E+06   1.3880840E+02   1.1134377E+01   6.7475777E+05   8.2130544E+06   8.2499226E+06   0.0000000E+00   0.0000000E+00   0.0000000E+00   0.0000000E+00   0.0000000E+00
   2.9471374E-02   7.7454932E+06   7.7454932E+06   1.0978036E+02   9.1927485E+00   5.7559206E+05   7.7105551E+06   7.7454932E+06   0.0000000E+00   0.0000000E+00   0.0000000E+00   0.0000000E+00   0.0000000E+00
   3.1659396E-02   7.2512269E+06   7.2512269E+06   9.8918916E+01   7.5627955E+00   4.8916339E+05   7.2182384E+06   7.2512269E+06   0.0000000E+00   0.0000000E+00   0.0000000E+00   0.0000000E+00   0.0000000E+00
   3.3992920E-02   6.7752775E+06   6.7752775E+06   9.3007287E+01   6.2087666E+00   4.1375467E+05   6.7442143E+06   6.7752775E+06   0.0000000E+00   0.0000000E+00   0.0000000E+00   0.0000000E+00   0.0000000E+00
   3.6462152E-02   6.3269082E+06   6.3269082E+06   6.1220108E+01   5.0981666E+00   3.5041978E+05   6.2976968E+06   6.3269082E+06   0.0000000E+00   0.0000000E+00   0.0000000E+00   0.0000000E+00   0.0000000E+00
   3.9043441E-02   5.9153546E+06   5.9153546E+06   4.4844062E+01   4.2006433E+00   2.9670652E+05   5.8878721E+06   5.9153546E+06   0.0000000E+00   0.0000000E+00   0.0000000E+00   0.0000000E+00   0.0000000E+00
   4.1700270E-02   5.5477572E+06   5.5477572E+06   4.2513223E+01   3.4852563E+00   2.5274327E+05   5.5218402E+06   5.5477572E+06   0.0000000E+00   0.0000000E+00   0.0000000E+00   0.0000000E+00   0.0000000E+00
   4.4391472E-02   5.2270419E+06   5.2270419E+06   3.9198462E+01   2.9207980E+00   2.1717031E+05   5.2025055E+06   5.2270419E+06   0.0000000E+00   0.0000000E+00   0.0000000E+00   0.0000000E+00   0.0000000E+00
   4.7082708E-02   4.9512124E+06   4.9512124E+06   3.4681133E+01   2.4762718E+00   1.8845867E+05   4.9278735E+06   4.9512124E+06   0.0000000E+00   0.0000000E+00   0.0000000E+00   0.0000000E+00   0.0000000E+00
   4.9753556E-02   4.7145146E+06   4.7145146E+06   2.8634103E+01   2.1239263E+00   1.6518147E+05   4.6922110E+06   4.7145146E+06   0.0000000E+00   0.0000000E+00   0.0000000E+00   0.0000000E+00   0.0000000E+00
   5.2397366E-02   4.5094343E+06   4.5094343E+06   2.2022177E+01   1.8410584E+00   1.4600955E+05   4.4880335E+06   4.5094343E+06   0.0000000E+00   0.0000000E+00   0.0000000E+00   0.0000000E+00   0.0000000E+00
   5.5017039E-02   4.3283342E+06   4.3283342E+06   1.8534448E+01   1.6100644E+00   1.2994256E+05   4.3077359E+06   4.3283342E+06   0.0000000E+00   0.0000000E+00   0.0000000E+00   0.0000000E+00   0.0000000E+00
   5.7620574E-02   4.1643479E+06   4.1643479E+06   1.6559134E+01   1.4178964E+00   1.1634600E+05   4.1444814E+06   4.1643479E+06   0.0000000E+00   0.0000000E+00   0.0000000E+00   0.0000000E+00   0.0000000E+00
   6.0217996E-02   4.0117164E+06   4.0117164E+06   1.3096215E+01   1.2551754E+00   1.0458494E+05   3.9925361E+06   4.0117164E+06   0.0000000E+00   0.0000000E+00   0.0000000E+00   0.0000000E+00   0.0000000E+00
   6.2819662E-02   3.8658451E+06   3.8658451E+06   1.1291918E+01   1.1151646E+00   9.4179598E+04   3.8473257E+06   3.8658451E+06   0.0000000E+00   0.0000000E+00   0.0000000E+00   0.0000000E+00   0.0000000E+00
   6.5435482E-02   3.7232572E+06   3.7232572E+06   1.1894775E+01   9.9298806E-01   8.4962557E+04   3.7053888E+06   3.7232572E+06   0.0000000E+00   0.0000000E+00   0.0000000E+00   0.0000000E+00   0.0000000E+00
   6.8074629E-02   3.5815243E+06   3.5815243E+06   1.1748938E+01   8.8516808E-01   7.6763736E+04   3.5643079E+06   3.5815243E+06   0.0000000E+00   0.0000000E+00   0.0000000E+00   0.0000000E+00   0.0000000E+00
   7.0745504E-02   3.4391980E+06   3.4391980E+06   1.0120525E+01   7.8925013E-01   6.9335397E+04   3.4226410E+06   3.4391980E+06   0.0000000E+00   0.0000000E+00   0.0000000E+00   0.0000000E+00   0.0000000E+00
   7.3455797E-02   3.2957408E+06   3.2957408E+06   8.3996485E+00   7.0345483E-01   6.2529639E+04   3.2798523E+06   3.2957408E+06   0.0000000E+00   0.0000000E+00   0.0000000E+00   0.0000000E+00   0.0000000E+00
   7.6212592E-02   3.1514442E+06   3.1514442E+06   7.3544657E+00   6.2650304E-01   5.6303243E+04   3.1362319E+06   3.1514442E+06   0.0000000E+00   0.0000000E+00   0.0000000E+00   0.0000000E+00   0.0000000E+00
   7.9022473E-02   3.0073252E+06   3.0073252E+06   6.9143317E+00   5.5750067E-01   5.0614168E+04   2.9927912E+06   3.0073252E+06   0.0000000E+00   0.0000000E+00   0.0000000E+00   0.0000000E+00   0.0000000E+00
   8.1891623E-02   2.8649865E+06   2.8649865E+06   6.3647739E+00   4.9575014E-01   4.5412664E+04   2.8511249E+06   2.8649865E+06   0.0000000E+00   0.0000000E+00   0.0000000E+00   0.0000000E+00   0.0000000E+00
   8.4825909E-02   2.7264377E+06   2.7264377E+06   4.6786207E+00   4.4071140E-01   4.0731479E+04   2.7132328E+06   2.7264377E+06   0.0000000E+00   0.0000000E+00   0.0000000E+00   0.0000000E+00   0.0000000E+00
   8.7830956E-02   2.5938765E+06   2.5938765E+06   3.9105139E+00   3.9192583E-01   3.6627077E+04   2.5813013E+06   2.5938765E+06   0.0000000E+00   0.0000000E+00   0.0000000E+00   0.0000000E+00   0.0000000E+00
   9.0912208E-02   2.4694368E+06   2.4694368E+06   3.9328472E+00   3.4894927E-01   3.2878606E+04   2.4574540E+06   2.4694368E+06   0.0000000E+00   0.0000000E+00   0.0000000E+00   0.0000000E+00   0.0000000E+00
   9.4074974E-02   2.3549208E+06   2.3549208E+06   3.4714653E+00   3.1132587E-01   2.9610162E+04   2.3434838E+06   2.3549208E+06   0.0000000E+00   0.0000000E+00   0.0000000E+00   0.0000000E+00   0.0000000E+00
   9.7324474E-02   2.2515394E+06   2.2515394E+06   3.2209149E+00   2.7855011E-01   2.6753771E+04   2.2405957E+06   2.2515394E+06   0.0000000E+00   0.0000000E+00   0.0000000E+00   0.0000000E+00   0.0000000E+00
   1.0066587E-01   2.1596935E+06   2.1596935E+06   2.6487954E+00   2.5008211E-01   2.4244516E+04   2.1491882E+06   2.1596935E+06   0.0000000E+00   0.0000000E+00   0.0000000E+00   0.0000000E+00   0.0000000E+00
   1.0410429E-01   2.0788324E+06   2.0788324E+06   2.3711555E+00   2.2534300E-01   2.2039378E+04   2.0687131E+06   2.0788324E+06   0.0000000E+00   0.0000000E+00   0.0000000E+00   0.0000000E+00   0.0000000E+00
   1.0764485E-01   2.0074250E+06   2.0074250E+06   2.4072710E+00   2.0372351E-01   2.0092234E+04   1.9976468E+06   2.0074250E+06   0.0000000E+00   0.0000000E+00   0.0000000E+00   0.0000000E+00   0.0000000E+00
   1.1129268E-01   1.9430731E+06   1.9430731E+06   2.1179872E+00   1.8463731E-01   1.8330748E+04   1.9336022E+06   1.9430731E+06   0.0000000E+00   0.0000000E+00   0.0000000E+00   0.0000000E+00   0.0000000E+00
   1.1505293E-01   1.8827757E+06   1.8827757E+06   1.5786876E+00   1.6753844E-01   1.6803191E+04   1.8735932E+06   1.8827757E+06   0.0000000E+00   0.0000000E+00   0.0000000E+00   0.0000000E+00   0.0000000E+00
   1.1893078E-01   1.8233337E+06   1.8233337E+06   1.6094935E+00   1.5196425E-01   1.5336268E+04   1.8144360E+06   1.8233337E+06   0.0000000E+00   0.0000000E+00   0.0000000E+00   0.0000000E+00   0.0000000E+00
   1.2293145E-01   1.7618472E+06   1.7618472E+06   1.6154084E+00   1.3755600E-01   1.4003028E+04   1.7532450E+06   1.7618472E+06   0.0000000E+00   0.0000000E+00   0.0000000E+00   0.0000000E+00   0.0000000E+00
   1.2706021E-01   1.6962310E+06   1.6962310E+06   1.3896161E+00   1.2408507E-01   1.2728838E+04   1.6879448E+06   1.6962310E+06   0.0000000E+00   0.0000000E+00   0.0000000E+00   0.0000000E+00   0.0000000E+00
   1.3132241E-01   1.6256430E+06   1.6256430E+06   1.1317976E+00   1.1144532E-01   1.1519264E+04   1.6176978E+06   1.6256430E+06   0.0000000E+00   0.0000000E+00   0.0000000E+00   0.0000000E+00   0.0000000E+00
   1.3572341E-01   1.5507178E+06   1.5507178E+06   1.1518329E+00   9.9641302E-02   1.0368085E+04   1.5431354E+06   1.5507178E+06   0.0000000E+00   0.0000000E+00   0.0000000E+00   0.0000000E+00   0.0000000E+00
   1.4026868E-01   1.4735098E+06   1.4735098E+06   8.6704972E-01   8.8750805E-02   9.3102656E+03   1.4663018E+06   1.4735098E+06   0.0000000E+00   0.0000000E+00   0.0000000E+00   0.0000000E+00   0.0000000E+00
   1.4496374E-01   1.3971029E+06   1.3971029E+06   7.1615561E-01   7.8879994E-02   8.3189304E+03   1.3902659E+06   1.3971029E+06   0.0000000E+00   0.0000000E+00   0.0000000E+00   0.0000000E+00   0.0000000E+00
   1.4981420E-01   1.3249233E+06   1.3249233E+06   6.4023460E-01   7.0114684E-02   7.4453243E+03   1.3184370E+06   1.3249233E+06   0.0000000E+00   0.0000000E+00   0.0000000E+00   0.0000000E+00   0.0000000E+00
   1.5482573E-01   1.2598826E+06   1.2598826E+06   6.7129576E-01   6.2482549E-02   6.6838868E+03   1.2537125E+06   1.2598826E+06   0.0000000E+00   0.0000000E+00   0.0000000E+00   0.0000000E+00   0.0000000E+00
   1.6000410E-01   1.2035657E+06   1.2035657E+06   5.5431355E-01   5.5925898E-02   6.0099658E+03   1.1976694E+06   1.2035657E+06   0.0000000E+00   0.0000000E+00   0.0000000E+00   0.0000000E+00   0.0000000E+00
   1.6535520E-01   1.1557131E+06   1.1557131E+06   5.3419876E-01   5.0305473E-02   5.4454561E+03   1.1500494E+06   1.1557131E+06   0.0000000E+00   0.0000000E+00   0.0000000E+00   0.0000000E+00   0.0000000E+00
   1.7088500E-01   1.1142126E+06   1.1142126E+06   4.3789364E-01   4.5424724E-02   4.9513536E+03   1.1087505E+06   1.1142126E+06   0.0000000E+00   0.0000000E+00   0.0000000E+00   0.0000000E+00   0.0000000E+00
   1.7659962E-01   1.0756844E+06   1.0756844E+06   4.4983297E-01   4.1072320E-02   4.5107084E+03   1.0704096E+06   1.0756844E+06   0.0000000E+00   0.0000000E+00   0.0000000E+00   0.0000000E+00   0.0000000E+00
   1.8250530E-01   1.0365485E+06   1.0365485E+06   3.4625968E-01   3.7070531E-02   4.0921027E+03   1.0314643E+06   1.0365485E+06   0.0000000E+00   0.0000000E+00   0.0000000E+00   0.0000000E+00   0.0000000E+00
   1.8860848E-01   9.9424956E+05   9.9424956E+05   3.2913843E-01   3.3309956E-02   3.6969613E+03   9.8937155E+05   9.9424956E+05   0.0000000E+00   0.0000000E+00   0.0000000E+00   0.0000000E+00   0.0000000E+00
   1.9491574E-01   9.4818415E+05   9.4818415E+05   2.7927614E-01   2.9763197E-02   3.3247487E+03   9.4353102E+05   9.4818415E+05   0.0000000E+00   0.0000000E+00   0.0000000E+00   0.0000000E+00   0.0000000E+00
   2.0143394E-01   8.9991337E+05   8.9991337E+05   2.7779865E-01   2.6469131E-02   2.9745517E+03   8.9549610E+05   8.9991337E+05   0.0000000E+00   0.0000000E+00   0.0000000E+00   0.0000000E+00   0.0000000E+00
   2.0817015E-01   8.5247975E+05   8.5247975E+05   2.4766764E-01   2.3494655E-02   2.6532569E+03   8.4829439E+05   8.5247975E+05   0.0000000E+00   0.0000000E+00   0.0000000E+00   0.0000000E+00   0.0000000E+00
   2.1513176E-01   8.0903870E+05   8.0903870E+05   2.1009560E-01   2.0890010E-02   2.3702710E+03   8.0506580E+05   8.0903870E+05   0.0000000E+00   0.0000000E+00   0.0000000E+00   0.0000000E+00   0.0000000E+00
   2.2232650E-01   7.7138673E+05   7.7138673E+05   1.8743956E-01   1.8656817E-02   2.1326270E+03   7.6759799E+05   7.7138673E+05   0.0000000E+00   0.0000000E+00   0.0000000E+00   0.0000000E+00   0.0000000E+00
   2.2976251E-01   7.3911610E+05   7.3911610E+05   1.5890817E-01   1.6741337E-02   1.9230985E+03   7.3548520E+05   7.3911610E+05   0.0000000E+00   0.0000000E+00   0.0000000E+00   0.0000000E+00   0.0000000E+00
   2.3744839E-01   7.0989468E+05   7.0989468E+05   1.4893696E-01   1.5057335E-02   1.7398445E+03   7.0640672E+05   7.0989468E+05   0.0000000E+00   0.0000000E+00   0.0000000E+00   0.0000000E+00   0.0000000E+00
   2.4539327E-01   6.8079746E+05   6.8079746E+05   1.3334489E-01   1.3522879E-02   1.5705148E+03   6.7745193E+05   6.8079746E+05   0.0000000E+00   0.0000000E+00   0.0000000E+00   0.0000000E+00   0.0000000E+00
   2.5360692E-01   6.4997648E+05   6.4997648E+05   1.1683278E-01   1.2092029E-02   1.4124776E+03   6.4678191E+05   6.4997648E+05   0.0000000E+00   0.0000000E+00   0.0000000E+00   0.0000000E+00   0.0000000E+00
   2.6209982E-01   6.1765827E+05   6.1765827E+05   1.1308594E-01   1.0763026E-02   1.2632530E+03   6.1462210E+05   6.1765827E+05   0.0000000E+00   0.0000000E+00   0.0000000E+00   0.0000000E+00   0.0000000E+00
   2.7088329E-01   5.8579464E+05   5.8579464E+05   9.4372145E-02   9.5611639E-03   1.1278150E+03   5.8291471E+05   5.8579464E+05   0.0000000E+00   0.0000000E+00   0.0000000E+00   0.0000000E+00   0.0000000E+00
   2.7996959E-01   5.5656422E+05   5.5656422E+05   8.5749162E-02   8.5069268E-03   1.0078701E+03   5.5382764E+05   5.5656422E+05   0.0000000E+00   0.0000000E+00   0.0000000E+00   0.0000000E+00   0.0000000E+00
   2.8937210E-01   5.3077922E+05   5.3077922E+05   7.9173966E-02   7.5956091E-03   9.0457018E+02   5.2816910E+05   5.3077922E+05   0.0000000E+00   0.0000000E+00   0.0000000E+00   0.0000000E+00   0.0000000E+00
   2.9910547E-01   5.0740261E+05   5.0740261E+05   6.9533368E-02   6.7970016E-03   8.1333091E+02   5.0490717E+05   5.0740261E+05   0.0000000E+00   0.0000000E+00   0.0000000E+00   0.0000000E+00   0.0000000E+00
   3.0918582E-01   4.8455757E+05   4.8455757E+05   6.0843656E-02   6.0755725E-03   7.3120119E+02   4.8217422E+05   4.8455757E+05   0.0000000E+00   0.0000000E+00   0.0000000E+00   0.0000000E+00   0.0000000E+00
   3.1963099E-01   4.6115959E+05   4.6115959E+05   5.3948527E-02   5.4118021E-03   6.5410102E+02   4.5889109E+05   4.6115959E+05   0.0000000E+00   0.0000000E+00   0.0000000E+00   0.0000000E+00   0.0000000E+00
   3.3046078E-01   4.3770874E+05   4.3770874E+05   4.8835800E-02   4.8068693E-03   5.8312532E+02   4.3555538E+05   4.3770874E+05   0.0000000E+00   0.0000000E+00   0.0000000E+00   0.0000000E+00   0.0000000E+00
   3.4169734E-01   4.1553239E+05   4.1553239E+05   4.1881945E-02   4.2691574E-03   5.2141647E+02   4.1348796E+05   4.1553239E+05   0.0000000E+00   0.0000000E+00   0.0000000E+00   0.0000000E+00   0.0000000E+00
   3.5336549E-01   3.9530208E+05   3.9530208E+05   3.7918374E-02   3.7980941E-03   4.6614181E+02   3.9335701E+05   3.9530208E+05   0.0000000E+00   0.0000000E+00   0.0000000E+00   0.0000000E+00   0.0000000E+00
   3.6549323E-01   3.7641526E+05   3.7641526E+05   3.3234877E-02   3.3811205E-03   4.1659840E+02   3.7456297E+05   3.7641526E+05   0.0000000E+00   0.0000000E+00   0.0000000E+00   0.0000000E+00   0.0000000E+00
   3.7811234E-01   3.5785959E+05   3.5785959E+05   3.0118494E-02   3.0039368E-03   3.7216160E+02   3.5609847E+05   3.5785959E+05   0.0000000E+00   0.0000000E+00   0.0000000E+00   0.0000000E+00   0.0000000E+00
   3.9125901E-01   3.3942407E+05   3.3942407E+05   2.6557497E-02   2.6613379E-03   3.3138457E+02   3.3775356E+05   3.3942407E+05   0.0000000E+00   0.0000000E+00   0.0000000E+00   0.0000000E+00   0.0000000E+00
   4.0497479E-01   3.2172801E+05   3.2172801E+05   2.3398550E-02   2.3550618E-03   2.9458684E+02   3.2014449E+05   3.2172801E+05   0.0000000E+00   0.0000000E+00   0.0000000E+00   0.0000000E+00   0.0000000E+00
   4.1930759E-01   3.0516487E+05   3.0516487E+05   2.0877840E-02   2.0839895E-03   2.6219863E+02   3.0366277E+05   3.0516487E+05   0.0000000E+00   0.0000000E+00   0.0000000E+00   0.0000000E+00   0.0000000E+00
   4.3431310E-01   2.8936456E+05   2.8936456E+05   1.8301736E-02   1.8420913E-03   2.3289668E+02   2.8794015E+05   2.8936456E+05   0.0000000E+00   0.0000000E+00   0.0000000E+00   0.0000000E+00   0.0000000E+00
   4.5005641E-01   2.7388907E+05   2.7388907E+05   1.6146039E-02   1.6239704E-03   2.0645801E+02   2.7254075E+05   2.7388907E+05   0.0000000E+00   0.0000000E+00   0.0000000E+00   0.0000000E+00   0.0000000E+00
   4.6661421E-01   2.5887407E+05   2.5887407E+05   1.4185839E-02   1.4281331E-03   1.8251952E+02   2.5759960E+05   2.5887407E+05   0.0000000E+00   0.0000000E+00   0.0000000E+00   0.0000000E+00   0.0000000E+00
   4.8407756E-01   2.4456248E+05   2.4456248E+05   1.2474218E-02   1.2537363E-03   1.6117401E+02   2.4335841E+05   2.4456248E+05   0.0000000E+00   0.0000000E+00   0.0000000E+00   0.0000000E+00   0.0000000E+00
   5.0255537E-01   2.3077786E+05   2.3077786E+05   1.0897464E-02   1.0977868E-03   1.4191464E+02   2.2964159E+05   2.3077786E+05   0.0000000E+00   0.0000000E+00   0.0000000E+00   0.0000000E+00   0.0000000E+00
   5.2217898E-01   2.1733648E+05   2.1733648E+05   9.5206941E-03   9.5772555E-04   1.2458195E+02   2.1626635E+05   2.1733648E+05   0.0000000E+00   0.0000000E+00   0.0000000E+00   0.0000000E+00   0.0000000E+00
   5.4310804E-01   2.0433803E+05   2.0433803E+05   8.2536805E-03   8.3247170E-04   1.0891407E+02   2.0333185E+05   2.0433803E+05   0.0000000E+00   0.0000000E+00   0.0000000E+00   0.0000000E+00   0.0000000E+00
   5.6553806E-01   1.9176043E+05   1.9176043E+05   7.1351811E-03   7.2055621E-04   9.4936366E+01   1.9081615E+05   1.9176043E+05   0.0000000E+00   0.0000000E+00   0.0000000E+00   0.0000000E+00   0.0000000E+00
   5.8970995E-01   1.7948626E+05   1.7948626E+05   6.1481825E-03   6.2034115E-04   8.2338045E+01   1.7860238E+05   1.7948626E+05   0.0000000E+00   0.0000000E+00   0.0000000E+00   0.0000000E+00   0.0000000E+00
   6.1592189E-01   1.6753528E+05   1.6753528E+05   5.2535582E-03   5.3085456E-04   7.0994286E+01   1.6671022E+05   1.6753528E+05   0.0000000E+00   0.0000000E+00   0.0000000E+00   0.0000000E+00   0.0000000E+00
   6.4454316E-01   1.5586197E+05   1.5586197E+05   4.4621862E-03   4.5101619E-04   6.0812064E+01   1.5509437E+05   1.5586197E+05   0.0000000E+00   0.0000000E+00   0.0000000E+00   0.0000000E+00   0.0000000E+00
   6.7602859E-01   1.4443442E+05   1.4443442E+05   3.7560073E-03   3.7995275E-04   5.1715039E+01   1.4372307E+05   1.4443442E+05   0.0000000E+00   0.0000000E+00   0.0000000E+00   0.0000000E+00   0.0000000E+00
   7.1092965E-01   1.3324351E+05   1.3324351E+05   3.1316476E-03   3.1697251E-04   4.3592372E+01   1.3258726E+05   1.3324351E+05   0.0000000E+00   0.0000000E+00   0.0000000E+00   0.0000000E+00   0.0000000E+00
   7.4989386E-01   1.2228508E+05   1.2228508E+05   2.5819864E-03   2.6148162E-04   3.6364118E+01   1.2168277E+05   1.2228508E+05   0.0000000E+00   0.0000000E+00   0.0000000E+00   0.0000000E+00   0.0000000E+00
   7.9363828E-01   1.1158519E+05   1.1158519E+05   2.1140340E-03   2.1304079E-04   3.0001371E+01   1.1103557E+05   1.1158519E+05   0.0000000E+00   0.0000000E+00   0.0000000E+00   0.0000000E+00   0.0000000E+00
   8.4288099E-01   1.0120553E+05   1.0120553E+05   1.6904899E-03   1.7131937E-04   2.4481353E+01   1.0070702E+05   1.0120553E+05   0.0000000E+00   0.0000000E+00   0.0000000E+00   0.0000000E+00   0.0000000E+00
   8.9822914E-01   9.1245586E+04   9.1245586E+04   1.3415972E-03   1.3602171E-04   1.9758985E+01   9.0796124E+04   9.1245586E+04   0.0000000E+00   0.0000000E+00   0.0000000E+00   0.0000000E+00   0.0000000E+00
   9.6006361E-01   8.1830517E+04   8.1830517E+04   1.0524317E-03   1.0678719E-04   1.5804891E+01   8.1427421E+04   8.1830517E+04   0.0000000E+00   0.0000000E+00   0.0000000E+00   0.0000000E+00   0.0000000E+00
   1.0285021E+00   7.3077551E+04   7.3077551E+04   8.1847607E-04   8.3101313E-05   1.2570582E+01   7.2717564E+04   7.3077551E+04   0.0000000E+00   0.0000000E+00   0.0000000E+00   0.0000000E+00   0.0000000E+00
   1.1034920E+00   6.5064922E+04   6.5064922E+04   6.3298996E-04   6.4280047E-05   9.9525055E+00   6.4744398E+04   6.5064922E+04   0.0000000E+00   0.0000000E+00   0.0000000E+00   0.0000000E+00   0.0000000E+00
   1.1849763E+00   5.7819495E+04   5.7819495E+04   4.8543792E-04   4.9539237E-05   7.8778489E+00   5.7534658E+04   5.7819495E+04   0.0000000E+00   0.0000000E+00   0.0000000E+00   0.0000000E+00   0.0000000E+00
   1.2730228E+00   5.1319635E+04   5.1319635E+04   3.7498310E-04   3.8100871E-05   6.2409755E+00   5.1066814E+04   5.1319635E+04   0.0000000E+00   0.0000000E+00   0.0000000E+00   0.0000000E+00   0.0000000E+00
   1.3678634E+00   4.5514254E+04   4.5514254E+04   2.8789899E-04   2.9269367E-05   4.9540116E+00   4.5290030E+04   4.5514254E+04   0.0000000E+00   0.0000000E+00   0.0000000E+00   0.0000000E+00   0.0000000E+00
   1.4698712E+00   4.0342637E+04   4.0342637E+04   2.2088670E-04   2.2469064E-05   3.9437454E+00   4.0143889E+04   4.0342637E+04   0.0000000E+00   0.0000000E+00   0.0000000E+00   0.0000000E+00   0.0000000E+00
   1.5795219E+00   3.5741016E+04   3.5741016E+04   1.6983412E-04   1.7239480E-05   3.1484338E+00   3.5564936E+04   3.5741016E+04   0.0000000E+00   0.0000000E+00   0.0000000E+00   0.0000000E+00   0.0000000E+00
   1.6973633E+00   3.1650308E+04   3.1650308E+04   1.2990950E-04   1.3221046E-05   2.5229133E+00   3.1494379E+04   3.1650308E+04   0.0000000E+00   0.0000000E+00   0.0000000E+00   0.0000000E+00   0.0000000E+00
   1.8239991E+00   2.8015828E+04   2.8015828E+04   9.9538196E-05   1.0135012E-05   2.0298597E+00   2.7877804E+04   2.8015828E+04   0.0000000E+00   0.0000000E+00   0.0000000E+00   0.0000000E+00   0.0000000E+00
   1.9600836E+00   2.4788660E+04   2.4788660E+04   7.6247628E-05   7.7662611E-06   1.6375207E+00   2.4666534E+04   2.4788660E+04   0.0000000E+00   0.0000000E+00   0.0000000E+00   0.0000000E+00   0.0000000E+00
   2.1063212E+00   2.1924498E+04   2.1924498E+04   5.8387837E-05   5.9487879E-06   1.3279929E+00   2.1816482E+04   2.1924498E+04   0.0000000E+00   0.0000000E+00   0.0000000E+00   0.0000000E+00   0.0000000E+00
   2.2634692E+00   1.9383874E+04   1.9383874E+04   4.4658880E-05   4.5549271E-06   1.0820182E+00   1.9288375E+04   1.9383874E+04   0.0000000E+00   0.0000000E+00   0.0000000E+00   0.0000000E+00   0.0000000E+00
   2.4323418E+00   1.7131294E+04   1.7131294E+04   3.4249342E-05   3.4864272E-06   8.8530319E-01   1.7046892E+04   1.7131294E+04   0.0000000E+00   0.0000000E+00   0.0000000E+00   0.0000000E+00   0.0000000E+00
   2.6138135E+00   1.5135020E+04   1.5135020E+04   2.6176314E-05   2.6676481E-06   7.2771418E-01   1.5060453E+04   1.5135020E+04   0.0000000E+00   0.0000000E+00   0.0000000E+00   0.0000000E+00   0.0000000E+00
   2.8088244E+00   1.3366697E+04   1.3366697E+04   2.0013365E-05   2.0404697E-06   6.0134432E-01   1.3300842E+04   1.3366697E+04   0.0000000E+00   0.0000000E+00   0.0000000E+00   0.0000000E+00   0.0000000E+00
   3.0183847E+00   1.1800978E+04   1.1800978E+04   1.5298126E-05   1.5602525E-06   4.9889388E-01   1.1742836E+04   1.1800978E+04   0.0000000E+00   0.0000000E+00   0.0000000E+00   0.0000000E+00   0.0000000E+00
   3.2435799E+00   1.0415230E+04   1.0415230E+04   1.1693357E-05   1.1926865E-06   4.1600742E-01   1.0363916E+04   1.0415230E+04   0.0000000E+00   0.0000000E+00   0.0000000E+00   0.0000000E+00   0.0000000E+00
   3.4855763E+00   9.1892681E+03   9.1892681E+03   8.9207913E-06   9.1144774E-07   3.4821252E-01   9.1439939E+03   9.1892681E+03   0.0000000E+00   0.0000000E+00   0.0000000E+00   0.0000000E+00   0.0000000E+00
   3.7456276E+00   8.1050953E+03   8.1050953E+03   6.8232647E-06   6.9633006E-07   2.9283829E-01   8.0651626E+03   8.1050953E+03   0.0000000E+00   0.0000000E+00   0.0000000E+00   0.0000000E+00   0.0000000E+00
   4.0250807E+00   7.1466797E+03   7.1466797E+03   5.2106509E-06   5.3184089E-07   2.4732245E-01   7.1114689E+03   7.1466797E+03   0.0000000E+00   0.0000000E+00   0.0000000E+00   0.0000000E+00   0.0000000E+00
   4.3253833E+00   6.2997481E+03   6.2997481E+03   3.9762207E-06   4.0610813E-07   2.0956207E-01   6.2687100E+03   6.2997481E+03   0.0000000E+00   0.0000000E+00   0.0000000E+00   0.0000000E+00   0.0000000E+00
   4.6480907E+00   5.5516014E+03   5.5516014E+03   3.0341747E-06   3.1002675E-07   1.7831607E-01   5.5242493E+03   5.5516014E+03   0.0000000E+00   0.0000000E+00   0.0000000E+00   0.0000000E+00   0.0000000E+00
   4.9948747E+00   4.8909475E+03   4.8909475E+03   2.3153189E-06   2.3662380E-07   1.5224404E-01   4.8668504E+03   4.8909475E+03   0.0000000E+00   0.0000000E+00   0.0000000E+00   0.0000000E+00   0.0000000E+00
   5.3675314E+00   4.3077515E+03   4.3077515E+03   1.7654821E-06   1.8056325E-07   1.3045050E-01   4.2865277E+03   4.3077515E+03   0.0000000E+00   0.0000000E+00   0.0000000E+00   0.0000000E+00   0.0000000E+00
   5.7679913E+00   3.7931004E+03   3.7931004E+03   1.3449406E-06   1.3775924E-07   1.1198715E-01   3.7744122E+03   3.7931004E+03   0.0000000E+00   0.0000000E+00   0.0000000E+00   0.0000000E+00   0.0000000E+00
   6.1983286E+00   3.3390823E+03   3.3390823E+03   1.0271504E-06   1.0508442E-07   9.6400446E-02   3.3226309E+03   3.3390823E+03   0.0000000E+00   0.0000000E+00   0.0000000E+00   0.0000000E+00   0.0000000E+00
   6.6607724E+00   2.9386772E+03   2.9386772E+03   7.8238729E-07   8.0147602E-08   8.3226932E-02   2.9241986E+03   2.9386772E+03   0.0000000E+00   0.0000000E+00   0.0000000E+00   0.0000000E+00   0.0000000E+00
   7.1577182E+00   2.5856601E+03   2.5856601E+03   5.9605210E-07   6.1120887E-08   7.1934881E-02   2.5729207E+03   2.5856601E+03   0.0000000E+00   0.0000000E+00   0.0000000E+00   0.0000000E+00   0.0000000E+00
   7.6917400E+00   2.2745130E+03   2.2745130E+03   4.5412678E-07   4.6606078E-08   6.2364974E-02   2.2633067E+03   2.2745130E+03   0.0000000E+00   0.0000000E+00   0.0000000E+00   0.0000000E+00   0.0000000E+00
   8.2656040E+00   2.0003474E+03   2.0003474E+03   3.4559659E-07   3.5535636E-08   5.4079291E-02   1.9904919E+03   2.0003474E+03   0.0000000E+00   0.0000000E+00   0.0000000E+00   0.0000000E+00   0.0000000E+00
