#           k/h    CDM            baryon         photon         nu             mass_nu        total          no_nu          total_de       Weyl           v_CDM          v_b            v_b-v_c     
   9.8170921E-06   1.1568172E+07   1.1568172E+07   1.5420166E+07   1.3216891E+04   3.1248117E+06   1.1568250E+07   1.1568172E+07   0.0000000E+00   0.0000000E+00   0.0000000E+00   0.0000000E+00   0.0000000E+00
   1.0549524E-05   1.1568170E+07   1.1568170E+07   1.5419534E+07   1.3216547E+04   3.1247776E+06   1.1568248E+07   1.1568170E+07   0.0000000E+00   0.0000000E+00   0.0000000E+00   0.0000000E+00   0.0000000E+00
   1.1336601E-05   1.1568167E+07   1.1568167E+07   1.5418805E+07   1.3216150E+04   3.1247383E+06   1.1568245E+07   1.1568167E+07   0.0000000E+00   0.0000000E+00   0.0000000E+00   0.0000000E+00   0.0000000E+00
   1.2182400E-05   1.1568164E+07   1.1568164E+07   1.5417962E+07   1.3215692E+04   3.1246928E+06   1.1568241E+07   1.1568164E+07   0.0000000E+00   0.0000000E+00   0.0000000E+00   0.0000000E+00   0.0000000E+00
   1.3091303E-05   1.1568160E+07   1.1568160E+07   1.5416989E+07   1.3215163E+04   3.1246404E+06   1.1568238E+07   1.1568160E+07   0.0000000E+00   0.0000000E+00   0.0000000E+00   0.0000000E+00   0.0000000E+00
   1.4068016E-05   1.1568156E+07   1.1568156E+07   1.5415865E+07   1.3214552E+04   3.1245798E+06   1.1568233E+07   1.1568156E+07   0.0000000E+00   0.0000000E+00   0.0000000E+00   0.0000000E+00   0.0000000E+00
   1.5117600E-05   1.1568151E+07   1.1568151E+07   1.5414567E+07   1.3213846E+04   3.1245098E+06   1.1568228E+07   1.1568151E+07   0.0000000E+00   0.0000000E+00   0.0000000E+00   0.0000000E+00   0.0000000E+00
   1.6245492E-05   1.1568145E+07   1.1568145E+07   1.5413069E+07   1.3213031E+04   3.1244290E+06   1.1568222E+07   1.1568145E+07   0.0000000E+00   0.0000000E+00   0.0000000E+00   0.0000000E+00   0.0000000E+00
   1.7457533E-05   1.1568139E+07   1.1568139E+07   1.5411339E+07   1.3212090E+04   3.1243358E+06   1.1568215E+07   1.1568139E+07   0.0000000E+00   0.0000000E+00   0.0000000E+00   0.0000000E+00   0.0000000E+00
   1.8760001E-05   1.1568131E+07   1.1568131E+07   1.5409341E+07   1.3211004E+04   3.1242281E+06   1.1568207E+07   1.1568131E+07   0.0000000E+00   0.0000000E+00   0.0000000E+00   0.0000000E+00   0.0000000E+00
   2.0159644E-05   1.1568122E+07   1.1568122E+07   1.5407035E+07   1.3209750E+04   3.1241037E+06   1.1568197E+07   1.1568122E+07   0.0000000E+00   0.0000000E+00   0.0000000E+00   0.0000000E+00   0.0000000E+00
   2.1663712E-05   1.1568112E+07   1.1568112E+07   1.5404372E+07   1.3208301E+04   3.1239602E+06   1.1568187E+07   1.1568112E+07   0.0000000E+00   0.0000000E+00   0.0000000E+00   0.0000000E+00   0.0000000E+00
   2.3279994E-05   1.1568100E+07   1.1568100E+07   1.5401297E+07   1.3206629E+04   3.1237945E+06   1.1568174E+07   1.1568100E+07   0.0000000E+00   0.0000000E+00   0.0000000E+00   0.0000000E+00   0.0000000E+00
   2.5016864E-05   1.1568087E+07   1.1568087E+07   1.5397747E+07   1.3204698E+04   3.1236032E+06   1.1568160E+07   1.1568087E+07   0.0000000E+00   0.0000000E+00   0.0000000E+00   0.0000000E+00   0.0000000E+00
   2.6883318E-05   1.1568071E+07   1.1568071E+07   1.5393649E+07   1.3202469E+04   3.1233824E+06   1.1568143E+07   1.1568071E+07   0.0000000E+00   0.0000000E+00   0.0000000E+00   0.0000000E+00   0.0000000E+00
   2.8889024E-05   1.1568053E+07   1.1568053E+07   1.5388917E+07   1.3199895E+04   3.1231275E+06   1.1568124E+07   1.1568053E+07   0.0000000E+00   0.0000000E+00   0.0000000E+00   0.0000000E+00   0.0000000E+00
   3.1044371E-05   1.1568032E+07   1.1568032E+07   1.5383455E+07   1.3196924E+04   3.1228333E+06   1.1568102E+07   1.1568032E+07   0.0000000E+00   0.0000000E+00   0.0000000E+00   0.0000000E+00   0.0000000E+00
   3.3360524E-05   1.1568008E+07   1.1568008E+07   1.5377150E+07   1.3193493E+04   3.1224938E+06   1.1568076E+07   1.1568008E+07   0.0000000E+00   0.0000000E+00   0.0000000E+00   0.0000000E+00   0.0000000E+00
   3.5849480E-05   1.1567980E+07   1.1567980E+07   1.5369872E+07   1.3189533E+04   3.1221020E+06   1.1568047E+07   1.1567980E+07   0.0000000E+00   0.0000000E+00   0.0000000E+00   0.0000000E+00   0.0000000E+00
   3.8524132E-05   1.1567948E+07   1.1567948E+07   1.5361472E+07   1.3184962E+04   3.1216499E+06   1.1568013E+07   1.1567948E+07   0.0000000E+00   0.0000000E+00   0.0000000E+00   0.0000000E+00   0.0000000E+00
   4.1398334E-05   1.1567911E+07   1.1567911E+07   1.5351776E+07   1.3179685E+04   3.1211283E+06   1.1567973E+07   1.1567911E+07   0.0000000E+00   0.0000000E+00   0.0000000E+00   0.0000000E+00   0.0000000E+00
   4.4486974E-05   1.1567868E+07   1.1567868E+07   1.5340588E+07   1.3173594E+04   3.1205266E+06   1.1567928E+07   1.1567868E+07   0.0000000E+00   0.0000000E+00   0.0000000E+00   0.0000000E+00   0.0000000E+00
   4.7806050E-05   1.1567819E+07   1.1567819E+07   1.5327677E+07   1.3166565E+04   3.1198326E+06   1.1567876E+07   1.1567819E+07   0.0000000E+00   0.0000000E+00   0.0000000E+00   0.0000000E+00   0.0000000E+00
   5.1372756E-05   1.1567762E+07   1.1567762E+07   1.5312781E+07   1.3158453E+04   3.1190323E+06   1.1567815E+07   1.1567762E+07   0.0000000E+00   0.0000000E+00   0.0000000E+00   0.0000000E+00   0.0000000E+00
   5.5205566E-05   1.1567696E+07   1.1567696E+07   1.5295596E+07   1.3149093E+04   3.1181097E+06   1.1567745E+07   1.1567696E+07   0.0000000E+00   0.0000000E+00   0.0000000E+00   0.0000000E+00   0.0000000E+00
   5.9324333E-05   1.1567620E+07   1.1567620E+07   1.5275774E+07   1.3138294E+04   3.1170462E+06   1.1567665E+07   1.1567620E+07   0.0000000E+00   0.0000000E+00   0.0000000E+00   0.0000000E+00   0.0000000E+00
   6.3750393E-05   1.1567532E+07   1.1567532E+07   1.5252915E+07   1.3125835E+04   3.1158207E+06   1.1567571E+07   1.1567532E+07   0.0000000E+00   0.0000000E+00   0.0000000E+00   0.0000000E+00   0.0000000E+00
   6.8506671E-05   1.1567430E+07   1.1567430E+07   1.5226558E+07   1.3111465E+04   3.1144090E+06   1.1567464E+07   1.1567430E+07   0.0000000E+00   0.0000000E+00   0.0000000E+00   0.0000000E+00   0.0000000E+00
   7.3617805E-05   1.1567313E+07   1.1567313E+07   1.5196176E+07   1.3094894E+04   3.1127835E+06   1.1567340E+07   1.1567313E+07   0.0000000E+00   0.0000000E+00   0.0000000E+00   0.0000000E+00   0.0000000E+00
   7.9110270E-05   1.1567178E+07   1.1567178E+07   1.5161162E+07   1.3075787E+04   3.1109127E+06   1.1567196E+07   1.1567178E+07   0.0000000E+00   0.0000000E+00   0.0000000E+00   0.0000000E+00   0.0000000E+00
   8.5012515E-05   1.1567022E+07   1.1567022E+07   1.5120826E+07   1.3053762E+04   3.1087605E+06   1.1567031E+07   1.1567022E+07   0.0000000E+00   0.0000000E+00   0.0000000E+00   0.0000000E+00   0.0000000E+00
   9.1355114E-05   1.1566842E+07   1.1566842E+07   1.5074373E+07   1.3028382E+04   3.1062861E+06   1.1566840E+07   1.1566842E+07   0.0000000E+00   0.0000000E+00   0.0000000E+00   0.0000000E+00   0.0000000E+00
   9.8170921E-05   1.1566634E+07   1.1566634E+07   1.5020900E+07   1.2999143E+04   3.1034434E+06   1.1566620E+07   1.1566634E+07   0.0000000E+00   0.0000000E+00   0.0000000E+00   0.0000000E+00   0.0000000E+00
   1.0549524E-04   1.1566395E+07   1.1566395E+07   1.4959375E+07   1.2965473E+04   3.1001800E+06   1.1566366E+07   1.1566395E+07   0.0000000E+00   0.0000000E+00   0.0000000E+00   0.0000000E+00   0.0000000E+00
   1.1336601E-04   1.1566118E+07   1.1566118E+07   1.4888627E+07   1.2926715E+04   3.0964372E+06   1.1566072E+07   1.1566118E+07   0.0000000E+00   0.0000000E+00   0.0000000E+00   0.0000000E+00   0.0000000E+00
   1.2182400E-04   1.1565799E+07   1.1565799E+07   1.4807326E+07   1.2882125E+04   3.0921491E+06   1.1565734E+07   1.1565799E+07   0.0000000E+00   0.0000000E+00   0.0000000E+00   0.0000000E+00   0.0000000E+00
   1.3091303E-04   1.1565431E+07   1.1565431E+07   1.4713969E+07   1.2830853E+04   3.0872422E+06   1.1565344E+07   1.1565431E+07   0.0000000E+00   0.0000000E+00   0.0000000E+00   0.0000000E+00   0.0000000E+00
   1.4068016E-04   1.1565006E+07   1.1565006E+07   1.4606863E+07   1.2771937E+04   3.0816355E+06   1.1564893E+07   1.1565006E+07   0.0000000E+00   0.0000000E+00   0.0000000E+00   0.0000000E+00   0.0000000E+00
   1.5117600E-04   1.1564516E+07   1.1564516E+07   1.4484107E+07   1.2704289E+04   3.0752397E+06   1.1564374E+07   1.1564516E+07   0.0000000E+00   0.0000000E+00   0.0000000E+00   0.0000000E+00   0.0000000E+00
   1.6245492E-04   1.1563952E+07   1.1563952E+07   1.4343579E+07   1.2626686E+04   3.0679577E+06   1.1563776E+07   1.1563952E+07   0.0000000E+00   0.0000000E+00   0.0000000E+00   0.0000000E+00   0.0000000E+00
   1.7457533E-04   1.1563301E+07   1.1563301E+07   1.4182926E+07   1.2537751E+04   3.0596853E+06   1.1563086E+07   1.1563301E+07   0.0000000E+00   0.0000000E+00   0.0000000E+00   0.0000000E+00   0.0000000E+00
   1.8760001E-04   1.1562551E+07   1.1562551E+07   1.3999554E+07   1.2435953E+04   3.0503121E+06   1.1562291E+07   1.1562551E+07   0.0000000E+00   0.0000000E+00   0.0000000E+00   0.0000000E+00   0.0000000E+00
   2.0159644E-04   1.1561687E+07   1.1561687E+07   1.3790631E+07   1.2319590E+04   3.0397236E+06   1.1561375E+07   1.1561687E+07   0.0000000E+00   0.0000000E+00   0.0000000E+00   0.0000000E+00   0.0000000E+00
   2.1663712E-04   1.1560693E+07   1.1560693E+07   1.3553100E+07   1.2186788E+04   3.0278040E+06   1.1560321E+07   1.1560693E+07   0.0000000E+00   0.0000000E+00   0.0000000E+00   0.0000000E+00   0.0000000E+00
   2.3279994E-04   1.1559548E+07   1.1559548E+07   1.3283703E+07   1.2035503E+04   3.0144408E+06   1.1559108E+07   1.1559548E+07   0.0000000E+00   0.0000000E+00   0.0000000E+00   0.0000000E+00   0.0000000E+00
   2.5016864E-04   1.1558231E+07   1.1558231E+07   1.2979033E+07   1.1863527E+04   2.9995302E+06   1.1557712E+07   1.1558231E+07   0.0000000E+00   0.0000000E+00   0.0000000E+00   0.0000000E+00   0.0000000E+00
   2.6883318E-04   1.1556717E+07   1.1556717E+07   1.2635606E+07   1.1668510E+04   2.9829854E+06   1.1556107E+07   1.1556717E+07   0.0000000E+00   0.0000000E+00   0.0000000E+00   0.0000000E+00   0.0000000E+00
   2.8889024E-04   1.1554977E+07   1.1554977E+07   1.2249971E+07   1.1447991E+04   2.9647463E+06   1.1554263E+07   1.1554977E+07   0.0000000E+00   0.0000000E+00   0.0000000E+00   0.0000000E+00   0.0000000E+00
   3.1044371E-04   1.1552980E+07   1.1552980E+07   1.1818868E+07   1.1199454E+04   2.9447922E+06   1.1552146E+07   1.1552980E+07   0.0000000E+00   0.0000000E+00   0.0000000E+00   0.0000000E+00   0.0000000E+00
   3.3360524E-04   1.1550688E+07   1.1550688E+07   1.1339430E+07   1.0920404E+04   2.9231567E+06   1.1549717E+07   1.1550688E+07   0.0000000E+00   0.0000000E+00   0.0000000E+00   0.0000000E+00   0.0000000E+00
   3.5849480E-04   1.1548061E+07   1.1548061E+07   1.0809454E+07   1.0608472E+04   2.8999444E+06   1.1546934E+07   1.1548061E+07   0.0000000E+00   0.0000000E+00   0.0000000E+00   0.0000000E+00   0.0000000E+00
   3.8524132E-04   1.1545054E+07   1.1545054E+07   1.0227739E+07   1.0261563E+04   2.8753489E+06   1.1543747E+07   1.1545054E+07   0.0000000E+00   0.0000000E+00   0.0000000E+00   0.0000000E+00   0.0000000E+00
   4.1398334E-04   1.1541614E+07   1.1541614E+07   9.5944926E+06   9.8780351E+03   2.8496695E+06   1.1540102E+07   1.1541614E+07   0.0000000E+00   0.0000000E+00   0.0000000E+00   0.0000000E+00   0.0000000E+00
   4.4486974E-04   1.1537685E+07   1.1537685E+07   8.9118022E+06   9.4569278E+03   2.8233241E+06   1.1535940E+07   1.1537685E+07   0.0000000E+00   0.0000000E+00   0.0000000E+00   0.0000000E+00   0.0000000E+00
   4.7806050E-04   1.1533204E+07   1.1533204E+07   8.1841512E+06   8.9982354E+03   2.7968518E+06   1.1531194E+07   1.1533204E+07   0.0000000E+00   0.0000000E+00   0.0000000E+00   0.0000000E+00   0.0000000E+00
   5.1372756E-04   1.1528102E+07   1.1528102E+07   7.4189387E+06   8.5032128E+03   2.7709008E+06   1.1525791E+07   1.1528102E+07   0.0000000E+00   0.0000000E+00   0.0000000E+00   0.0000000E+00   0.0000000E+00
   5.5205566E-04   1.1522302E+07   1.1522302E+07   6.6269342E+06   7.9747029E+03   2.7461904E+06   1.1519650E+07   1.1522302E+07   0.0000000E+00   0.0000000E+00   0.0000000E+00   0.0000000E+00   0.0000000E+00
   5.9324333E-04   1.1515720E+07   1.1515720E+07   5.8225677E+06   7.4174529E+03   2.7234380E+06   1.1512684E+07   1.1515720E+07   0.0000000E+00   0.0000000E+00   0.0000000E+00   0.0000000E+00   0.0000000E+00
   6.3750393E-04   1.1508267E+07   1.1508267E+07   5.0239140E+06   6.8383704E+03   2.7032422E+06   1.1504799E+07   1.1508267E+07   0.0000000E+00   0.0000000E+00   0.0000000E+00   0.0000000E+00   0.0000000E+00
   6.8506671E-04   1.1499845E+07   1.1499845E+07   4.2521993E+06   6.2466520E+03   2.6859165E+06   1.1495894E+07   1.1499845E+07   0.0000000E+00   0.0000000E+00   0.0000000E+00   0.0000000E+00   0.0000000E+00
   7.3617805E-04   1.1490348E+07   1.1490348E+07   3.5306467E+06   5.6536934E+03   2.6712799E+06   1.1485858E+07   1.1490348E+07   0.0000000E+00   0.0000000E+00   0.0000000E+00   0.0000000E+00   0.0000000E+00
   7.9110270E-04   1.1479663E+07   1.1479663E+07   2.8825091E+06   5.0726833E+03   2.6584297E+06   1.1474576E+07   1.1479663E+07   0.0000000E+00   0.0000000E+00   0.0000000E+00   0.0000000E+00   0.0000000E+00
   8.5012515E-04   1.1467667E+07   1.1467667E+07   2.3282461E+06   4.5177850E+03   2.6455515E+06   1.1461922E+07   1.1467667E+07   0.0000000E+00   0.0000000E+00   0.0000000E+00   0.0000000E+00   0.0000000E+00
   9.1355114E-04   1.1454227E+07   1.1454227E+07   1.8820241E+06   4.0028561E+03   2.6298566E+06   1.1447763E+07   1.1454227E+07   0.0000000E+00   0.0000000E+00   0.0000000E+00   0.0000000E+00   0.0000000E+00
   9.8170921E-04   1.1439201E+07   1.1439201E+07   1.5480574E+06   3.5397455E+03   2.6077677E+06   1.1431955E+07   1.1439201E+07   0.0000000E+00   0.0000000E+00   0.0000000E+00   0.0000000E+00   0.0000000E+00
   1.0549524E-03   1.1422432E+07   1.1422432E+07   1.3177438E+06   3.1363599E+03   2.5754783E+06   1.1414345E+07   1.1422432E+07   0.0000000E+00   0.0000000E+00   0.0000000E+00   0.0000000E+00   0.0000000E+00
   1.1336601E-03   1.1403750E+07   1.1403750E+07   1.1689357E+06   2.7948966E+03   2.5299407E+06   1.1394765E+07   1.1403750E+07   0.0000000E+00   0.0000000E+00   0.0000000E+00   0.0000000E+00   0.0000000E+00
   1.2182400E-03   1.1382969E+07   1.1382969E+07   1.0687688E+06   2.5108321E+03   2.4701696E+06   1.1373037E+07   1.1382969E+07   0.0000000E+00   0.0000000E+00   0.0000000E+00   0.0000000E+00   0.0000000E+00
   1.3091303E-03   1.1359890E+07   1.1359890E+07   9.8086301E+05   2.2733446E+03   2.3984515E+06   1.1348969E+07   1.1359890E+07   0.0000000E+00   0.0000000E+00   0.0000000E+00   0.0000000E+00   0.0000000E+00
   1.4068016E-03   1.1334298E+07   1.1334298E+07   8.7608108E+05   2.0676539E+03   2.3207279E+06   1.1322358E+07   1.1334298E+07   0.0000000E+00   0.0000000E+00   0.0000000E+00   0.0000000E+00   0.0000000E+00
   1.5117600E-03   1.1305972E+07   1.1305972E+07   7.4346835E+05   1.8791473E+03   2.2452960E+06   1.1292993E+07   1.1305972E+07   0.0000000E+00   0.0000000E+00   0.0000000E+00   0.0000000E+00   0.0000000E+00
   1.6245492E-03   1.1274681E+07   1.1274681E+07   5.9555887E+05   1.6981447E+03   2.1794537E+06   1.1260657E+07   1.1274681E+07   0.0000000E+00   0.0000000E+00   0.0000000E+00   0.0000000E+00   0.0000000E+00
   1.7457533E-03   1.1240197E+07   1.1240197E+07   4.6218067E+05   1.5231283E+03   2.1250833E+06   1.1225131E+07   1.1240197E+07   0.0000000E+00   0.0000000E+00   0.0000000E+00   0.0000000E+00   0.0000000E+00
   1.8760001E-03   1.1202288E+07   1.1202288E+07   3.7185651E+05   1.3600809E+03   2.0760537E+06   1.1186193E+07   1.1202288E+07   0.0000000E+00   0.0000000E+00   0.0000000E+00   0.0000000E+00   0.0000000E+00
   2.0159644E-03   1.1160721E+07   1.1160721E+07   3.2995042E+05   1.2172022E+03   2.0210436E+06   1.1143616E+07   1.1160721E+07   0.0000000E+00   0.0000000E+00   0.0000000E+00   0.0000000E+00   0.0000000E+00
   2.1663712E-03   1.1115255E+07   1.1115255E+07   3.1149293E+05   1.0976955E+03   1.9524215E+06   1.1097157E+07   1.1115255E+07   0.0000000E+00   0.0000000E+00   0.0000000E+00   0.0000000E+00   0.0000000E+00
   2.3279994E-03   1.1065633E+07   1.1065633E+07   2.8154610E+05   9.9630060E+02   1.8747987E+06   1.1046559E+07   1.1065633E+07   0.0000000E+00   0.0000000E+00   0.0000000E+00   0.0000000E+00   0.0000000E+00
   2.5016864E-03   1.1011593E+07   1.1011593E+07   2.3021215E+05   9.0372627E+02   1.8020731E+06   1.0991552E+07   1.1011593E+07   0.0000000E+00   0.0000000E+00   0.0000000E+00   0.0000000E+00   0.0000000E+00
   2.6883318E-03   1.0952863E+07   1.0952863E+07   1.8271478E+05   8.1551859E+02   1.7406487E+06   1.0931860E+07   1.0952863E+07   0.0000000E+00   0.0000000E+00   0.0000000E+00   0.0000000E+00   0.0000000E+00
   2.8889024E-03   1.0889169E+07   1.0889169E+07   1.6223029E+05   7.3491995E+02   1.6784009E+06   1.0867205E+07   1.0889169E+07   0.0000000E+00   0.0000000E+00   0.0000000E+00   0.0000000E+00   0.0000000E+00
   3.1044371E-03   1.0820228E+07   1.0820228E+07   1.5177880E+05   6.6499295E+02   1.6023302E+06   1.0797303E+07   1.0820228E+07   0.0000000E+00   0.0000000E+00   0.0000000E+00   0.0000000E+00   0.0000000E+00
   3.3360524E-03   1.0745739E+07   1.0745739E+07   1.2395137E+05   6.0180060E+02   1.5235811E+06   1.0721859E+07   1.0745739E+07   0.0000000E+00   0.0000000E+00   0.0000000E+00   0.0000000E+00   0.0000000E+00
   3.5849480E-03   1.0665396E+07   1.0665396E+07   9.5012124E+04   5.4117187E+02   1.4576484E+06   1.0640570E+07   1.0665396E+07   0.0000000E+00   0.0000000E+00   0.0000000E+00   0.0000000E+00   0.0000000E+00
   3.8524132E-03   1.0578890E+07   1.0578890E+07   8.8036337E+04   4.8599395E+02   1.3892013E+06   1.0553139E+07   1.0578890E+07   0.0000000E+00   0.0000000E+00   0.0000000E+00   0.0000000E+00   0.0000000E+00
   4.1398334E-03   1.0485916E+07   1.0485916E+07   7.8322169E+04   4.3756550E+02   1.3088211E+06   1.0459268E+07   1.0485916E+07   0.0000000E+00   0.0000000E+00   0.0000000E+00   0.0000000E+00   0.0000000E+00
   4.4486974E-03   1.0386168E+07   1.0386168E+07   6.0923334E+04   3.9192260E+02   1.2387328E+06   1.0358666E+07   1.0386168E+07   0.0000000E+00   0.0000000E+00   0.0000000E+00   0.0000000E+00   0.0000000E+00
   4.7806050E-03   1.0279347E+07   1.0279347E+07   5.7581447E+04   3.5021242E+02   1.1683601E+06   1.0251052E+07   1.0279347E+07   0.0000000E+00   0.0000000E+00   0.0000000E+00   0.0000000E+00   0.0000000E+00
   5.1372756E-03   1.0165155E+07   1.0165155E+07   4.6109760E+04   3.1305905E+02   1.0935743E+06   1.0136132E+07   1.0165155E+07   0.0000000E+00   0.0000000E+00   0.0000000E+00   0.0000000E+00   0.0000000E+00
   5.5205566E-03   1.0043290E+07   1.0043290E+07   3.9005300E+04   2.7860555E+02   1.0304578E+06   1.0013594E+07   1.0043290E+07   0.0000000E+00   0.0000000E+00   0.0000000E+00   0.0000000E+00   0.0000000E+00
   5.9324333E-03   9.9134435E+06   9.9134435E+06   3.4492640E+04   2.4822101E+02   9.5719740E+05   9.8831216E+06   9.9134435E+06   0.0000000E+00   0.0000000E+00   0.0000000E+00   0.0000000E+00   0.0000000E+00
   6.3750393E-03   9.7753047E+06   9.7753047E+06   2.8688162E+04   2.1982961E+02   8.9392720E+05   9.7444220E+06   9.7753047E+06   0.0000000E+00   0.0000000E+00   0.0000000E+00   0.0000000E+00   0.0000000E+00
   6.8506671E-03   9.6285700E+06   9.6285700E+06   2.4372401E+04   1.9450075E+02   8.2539291E+05   9.5972201E+06   9.6285700E+06   0.0000000E+00   0.0000000E+00   0.0000000E+00   0.0000000E+00   0.0000000E+00
   7.3617805E-03   9.4729384E+06   9.4729384E+06   2.1374221E+04   1.7146680E+02   7.6707396E+05   9.4412121E+06   9.4729384E+06   0.0000000E+00   0.0000000E+00   0.0000000E+00   0.0000000E+00   0.0000000E+00
   7.9110270E-03   9.3081071E+06   9.3081071E+06   1.6791467E+04   1.5098297E+02   7.0564472E+05   9.2760807E+06   9.3081071E+06   0.0000000E+00   0.0000000E+00   0.0000000E+00   0.0000000E+00   0.0000000E+00
   8.5012515E-03   9.1337690E+06   9.1337690E+06   1.5373248E+04   1.3245972E+02   6.4645447E+05   9.1015321E+06   9.1337690E+06   0.0000000E+00   0.0000000E+00   0.0000000E+00   0.0000000E+00   0.0000000E+00
   9.1355114E-03   8.9496156E+06   8.9496156E+06   1.3162890E+04   1.1578863E+02   5.9383522E+05   8.9172691E+06   8.9496156E+06   0.0000000E+00   0.0000000E+00   0.0000000E+00   0.0000000E+00   0.0000000E+00
   9.8170921E-03   8.7553403E+06   8.7553403E+06   1.0516162E+04   1.0097199E+02   5.4196263E+05   8.7229812E+06   8.7553403E+06   0.0000000E+00   0.0000000E+00   0.0000000E+00   0.0000000E+00   0.0000000E+00
   1.0549524E-02   8.5506421E+06   8.5506421E+06   8.5262243E+03   8.7791949E+01   4.9160588E+05   8.5183685E+06   8.5506421E+06   0.0000000E+00   0.0000000E+00   0.0000000E+00   0.0000000E+00   0.0000000E+00
   1.1336601E-02   8.3352276E+06   8.3352276E+06   7.2646965E+03   7.6045293E+01   4.4463440E+05   8.3031475E+06   8.3352276E+06   0.0000000E+00   0.0000000E+00   0.0000000E+00   0.0000000E+00   0.0000000E+00
   1.2182400E-02   8.1088259E+06   8.1088259E+06   6.1000713E+03   6.5679201E+01   4.0081833E+05   8.0770430E+06   8.1088259E+06   0.0000000E+00   0.0000000E+00   0.0000000E+00   0.0000000E+00   0.0000000E+00
   1.3091303E-02   7.8711967E+06   7.8711967E+06   5.1156828E+03   5.6478892E+01   3.6016488E+05   7.8398149E+06   7.8711967E+06   0.0000000E+00   0.0000000E+00   0.0000000E+00   0.0000000E+00   0.0000000E+00
   1.4068016E-02   7.6221536E+06   7.6221536E+06   4.2949494E+03   4.8408889E+01   3.2271879E+05   7.5912825E+06   7.6221536E+06   0.0000000E+00   0.0000000E+00   0.0000000E+00   0.0000000E+00   0.0000000E+00
   1.5117600E-02   7.3615931E+06   7.3615931E+06   3.8146753E+03   4.1316792E+01   2.8758288E+05   7.3313372E+06   7.3615931E+06   0.0000000E+00   0.0000000E+00   0.0000000E+00   0.0000000E+00   0.0000000E+00
   1.6245492E-02   7.0895299E+06   7.0895299E+06   3.2320831E+03   3.5134920E+01   2.5424261E+05   7.0599947E+06   7.0895299E+06   0.0000000E+00   0.0000000E+00   0.0000000E+00   0.0000000E+00   0.0000000E+00
   1.7457533E-02   6.8061460E+06   6.8061460E+06   2.4768830E+03   2.9733930E+01   2.2480761E+05   6.7774340E+06   6.8061460E+06   0.0000000E+00   0.0000000E+00   0.0000000E+00   0.0000000E+00   0.0000000E+00
   1.8760001E-02   6.5118529E+06   6.5118529E+06   2.2313808E+03   2.5058855E+01   1.9726818E+05   6.4840631E+06   6.5118529E+06   0.0000000E+00   0.0000000E+00   0.0000000E+00   0.0000000E+00   0.0000000E+00
   2.0159643E-02   6.2073631E+06   6.2073631E+06   1.7374259E+03   2.1011106E+01   1.7287913E+05   6.1805903E+06   6.2073631E+06   0.0000000E+00   0.0000000E+00   0.0000000E+00   0.0000000E+00   0.0000000E+00
   2.1663702E-02   5.8937771E+06   5.8937771E+06   1.3973598E+03   1.7532466E+01   1.5001251E+05   5.8681074E+06   5.8937771E+06   0.0000000E+00   0.0000000E+00   0.0000000E+00   0.0000000E+00   0.0000000E+00
   2.3279942E-02   5.5726773E+06   5.5726773E+06   1.1709158E+03   1.4554351E+01   1.2967214E+05   5.5481876E+06   5.5726773E+06   0.0000000E+00   0.0000000E+00   0.0000000E+00   0.0000000E+00   0.0000000E+00
   2.5016611E-02   5.2462330E+06   5.2462330E+06   9.5126923E+02   1.2018267E+01   1.1164954E+05   5.2229884E+06   5.2462330E+06   0.0000000E+00   0.0000000E+00   0.0000000E+00   0.0000000E+00   0.0000000E+00
   2.6882259E-02   4.9173134E+06   4.9173134E+06   7.5302822E+02   9.8710397E+00   9.5783535E+04   4.8953628E+06   4.9173134E+06   0.0000000E+00   0.0000000E+00   0.0000000E+00   0.0000000E+00   0.0000000E+00
   2.8885133E-02   4.5896165E+06   4.5896165E+06   6.3995644E+02   8.0673015E+00   8.1845124E+04   4.5689887E+06   4.5896165E+06   0.0000000E+00   0.0000000E+00   0.0000000E+00   0.0000000E+00   0.0000000E+00
   3.1031722E-02   4.2678037E+06   4.2678037E+06   5.0697948E+02   6.5662495E+00   6.9286049E+04   4.2485033E+06   4.2678037E+06   0.0000000E+00   0.0000000E+00   0.0000000E+00   0.0000000E+00   0.0000000E+00
   3.3323894E-02   3.9575801E+06   3.9575801E+06   4.2444499E+02   5.3279006E+00   5.8880250E+04   3.9395824E+06   3.9575801E+06   0.0000000E+00   0.0000000E+00   0.0000000E+00   0.0000000E+00   0.0000000E+00
   3.5754572E-02   3.6655327E+06   3.6655327E+06   3.2827010E+02   4.3216007E+00   4.9967018E+04   3.6487794E+06   3.6655327E+06   0.0000000E+00   0.0000000E+00   0.0000000E+00   0.0000000E+00   0.0000000E+00
   3.8303468E-02   3.3984261E+06   3.3984261E+06   2.6125736E+02   3.5159695E+00   4.2498512E+04   3.3828245E+06   3.3984261E+06   0.0000000E+00   0.0000000E+00   0.0000000E+00   0.0000000E+00   0.0000000E+00
   4.0936635E-02   3.1618131E+06   3.1618131E+06   2.1469925E+02   2.8811474E+00   3.6407782E+04   3.1472409E+06   3.1618131E+06   0.0000000E+00   0.0000000E+00   0.0000000E+00   0.0000000E+00   0.0000000E+00
   4.3613106E-02   2.9584443E+06   2.9584443E+06   1.8096562E+02   2.3867296E+00   3.1502067E+04   2.9447632E+06   2.9584443E+06   0.0000000E+00   0.0000000E+00   0.0000000E+00   0.0000000E+00   0.0000000E+00
   4.6296263E-02   2.7875136E+06   2.7875136E+06   1.5405528E+02   2.0033943E+00   2.7577768E+04   2.7745852E+06   2.7875136E+06   0.0000000E+00   0.0000000E+00   0.0000000E+00   0.0000000E+00   0.0000000E+00
   4.8962405E-02   2.6452708E+06   2.6452708E+06   1.3123598E+02   1.7049436E+00   2.4439998E+04   2.6329713E+06   2.6452708E+06   0.0000000E+00   0.0000000E+00   0.0000000E+00   0.0000000E+00   0.0000000E+00
   5.1602104E-02   2.5264117E+06   2.5264117E+06   1.1217330E+02   1.4695450E+00   2.1911284E+04   2.5146393E+06   2.5264117E+06   0.0000000E+00   0.0000000E+00   0.0000000E+00   0.0000000E+00   0.0000000E+00
   5.4216522E-02   2.4253301E+06   2.4253301E+06   9.6592515E+01   1.2804023E+00   1.9843931E+04   2.4140073E+06   2.4253301E+06   0.0000000E+00   0.0000000E+00   0.0000000E+00   0.0000000E+00   0.0000000E+00
   5.6812801E-02   2.3368472E+06   2.3368472E+06   8.4021327E+01   1.1253076E+00   1.8115171E+04   2.3259193E+06   2.3368472E+06   0.0000000E+00   0.0000000E+00   0.0000000E+00   0.0000000E+00   0.0000000E+00
   5.9400662E-02   2.2565088E+06   2.2565088E+06   7.3866488E+01   9.9548892E-01   1.6628952E+04   2.2459410E+06   2.2565088E+06   0.0000000E+00   0.0000000E+00   0.0000000E+00   0.0000000E+00   0.0000000E+00
   6.1990441E-02   2.1806537E+06   2.1806537E+06   6.5434423E+01   8.8457358E-01   1.5321368E+04   2.1704277E+06   2.1806537E+06   0.0000000E+00   0.0000000E+00   0.0000000E+00   0.0000000E+00   0.0000000E+00
   6.4592147E-02   2.1063983E+06   2.1063983E+06   5.8095494E+01   7.8810526E-01   1.4147494E+04   2.0965086E+06   2.1063983E+06   0.0000000E+00   0.0000000E+00   0.0000000E+00   0.0000000E+00   0.0000000E+00
   6.7215093E-02   2.0316012E+06   2.0316012E+06   5.1406091E+01   7.0302156E-01   1.3073504E+04   2.0220525E+06   2.0316012E+06   0.0000000E+00   0.0000000E+00   0.0000000E+00   0.0000000E+00   0.0000000E+00
   6.9867817E-02   1.9548338E+06   1.9548338E+06   4.5108056E+01   6.2710146E-01   1.2078613E+04   1.9456367E+06   1.9548338E+06   0.0000000E+00   0.0000000E+00   0.0000000E+00   0.0000000E+00   0.0000000E+00
   7.2558133E-02   1.8753526E+06   1.8753526E+06   3.9290397E+01   5.5878490E-01   1.1154674E+04   1.8665215E+06   1.8753526E+06   0.0000000E+00   0.0000000E+00   0.0000000E+00   0.0000000E+00   0.0000000E+00
   7.5293224E-02   1.7930695E+06   1.7930695E+06   3.4722369E+01   4.9707983E-01   1.0296513E+04   1.7846188E+06   1.7930695E+06   0.0000000E+00   0.0000000E+00   0.0000000E+00   0.0000000E+00   0.0000000E+00
   7.8079751E-02   1.7085059E+06   1.7085059E+06   3.2171974E+01   4.4132894E-01   9.4788449E+03   1.7004475E+06   1.7085059E+06   0.0000000E+00   0.0000000E+00   0.0000000E+00   0.0000000E+00   0.0000000E+00
   8.0923957E-02   1.6227230E+06   1.6227230E+06   2.9415174E+01   3.9104874E-01   8.6729836E+03   1.6150637E+06   1.6227230E+06   0.0000000E+00   0.0000000E+00   0.0000000E+00   0.0000000E+00   0.0000000E+00
   8.3831750E-02   1.5372192E+06   1.5372192E+06   2.4210572E+01   3.4592658E-01   7.9440933E+03   1.5299586E+06   1.5372192E+06   0.0000000E+00   0.0000000E+00   0.0000000E+00   0.0000000E+00   0.0000000E+00
   8.6808782E-02   1.4537904E+06   1.4537904E+06   2.2531840E+01   3.0572856E-01   7.2953117E+03   1.4469196E+06   1.4537904E+06   0.0000000E+00   0.0000000E+00   0.0000000E+00   0.0000000E+00   0.0000000E+00
   8.9860512E-02   1.3743553E+06   1.3743553E+06   1.8896102E+01   2.7024710E-01   6.6718488E+03   1.3678561E+06   1.3743553E+06   0.0000000E+00   0.0000000E+00   0.0000000E+00   0.0000000E+00   0.0000000E+00
   9.2992256E-02   1.3007498E+06   1.3007498E+06   1.7613613E+01   2.3924062E-01   6.1281797E+03   1.2945954E+06   1.3007498E+06   0.0000000E+00   0.0000000E+00   0.0000000E+00   0.0000000E+00   0.0000000E+00
   9.6209230E-02   1.2345082E+06   1.2345082E+06   1.5521487E+01   2.1240151E-01   5.6644572E+03   1.2286641E+06   1.2345082E+06   0.0000000E+00   0.0000000E+00   0.0000000E+00   0.0000000E+00   0.0000000E+00
   9.9516585E-02   1.1766486E+06   1.1766486E+06   1.3372316E+01   1.8938008E-01   5.2522012E+03   1.1710757E+06   1.1766486E+06   0.0000000E+00   0.0000000E+00   0.0000000E+00   0.0000000E+00   0.0000000E+00
   1.0291944E-01   1.1274937E+06   1.1274937E+06   1.1814202E+01   1.6973860E-01   4.8974159E+03   1.1221513E+06   1.1274937E+06   0.0000000E+00   0.0000000E+00   0.0000000E+00   0.0000000E+00   0.0000000E+00
   1.0642288E-01   1.0865566E+06   1.0865566E+06   1.0728737E+01   1.5297461E-01   4.6004788E+03   1.0814060E+06   1.0865566E+06   0.0000000E+00   0.0000000E+00   0.0000000E+00   0.0000000E+00   0.0000000E+00
   1.1003203E-01   1.0525218E+06   1.0525218E+06   1.0073977E+01   1.3857032E-01   4.3461693E+03   1.0475305E+06   1.0525218E+06   0.0000000E+00   0.0000000E+00   0.0000000E+00   0.0000000E+00   0.0000000E+00
   1.1375200E-01   1.0233477E+06   1.0233477E+06   9.2476292E+00   1.2599507E-01   4.1134308E+03   1.0184929E+06   1.0233477E+06   0.0000000E+00   0.0000000E+00   0.0000000E+00   0.0000000E+00   0.0000000E+00
   1.1758794E-01   9.9649753E+05   9.9649753E+05   7.9868413E+00   1.1475150E-01   3.9195997E+03   9.9176845E+05   9.9649753E+05   0.0000000E+00   0.0000000E+00   0.0000000E+00   0.0000000E+00   0.0000000E+00
   1.2154505E-01   9.6928942E+05   9.6928942E+05   7.6279228E+00   1.0443228E-01   3.7216212E+03   9.6468793E+05   9.6928942E+05   0.0000000E+00   0.0000000E+00   0.0000000E+00   0.0000000E+00   0.0000000E+00
   1.2562857E-01   9.3932440E+05   9.3932440E+05   6.9373779E+00   9.4728686E-02   3.5360838E+03   9.3486376E+05   9.3932440E+05   0.0000000E+00   0.0000000E+00   0.0000000E+00   0.0000000E+00   0.0000000E+00
   1.2984380E-01   9.0492692E+05   9.0492692E+05   6.1935844E+00   8.5465642E-02   3.3371432E+03   9.0062834E+05   9.0492692E+05   0.0000000E+00   0.0000000E+00   0.0000000E+00   0.0000000E+00   0.0000000E+00
   1.3419608E-01   8.6550819E+05   8.6550819E+05   5.5989952E+00   7.6593598E-02   3.1272188E+03   8.6139571E+05   8.6550819E+05   0.0000000E+00   0.0000000E+00   0.0000000E+00   0.0000000E+00   0.0000000E+00
   1.3869084E-01   8.2175622E+05   8.2175622E+05   4.9928827E+00   6.8172297E-02   2.9078028E+03   8.1785061E+05   8.2175622E+05   0.0000000E+00   0.0000000E+00   0.0000000E+00   0.0000000E+00   0.0000000E+00
   1.4333357E-01   7.7557162E+05   7.7557162E+05   4.1930616E+00   6.0333813E-02   2.6945467E+03   7.7188459E+05   7.7557162E+05   0.0000000E+00   0.0000000E+00   0.0000000E+00   0.0000000E+00   0.0000000E+00
   1.4812981E-01   7.2971218E+05   7.2971218E+05   3.8936828E+00   5.3234855E-02   2.4915317E+03   7.2624235E+05   7.2971218E+05   0.0000000E+00   0.0000000E+00   0.0000000E+00   0.0000000E+00   0.0000000E+00
   1.5308523E-01   6.8717875E+05   6.8717875E+05   3.3274969E+00   4.7001343E-02   2.3087366E+03   6.8391044E+05   6.8717875E+05   0.0000000E+00   0.0000000E+00   0.0000000E+00   0.0000000E+00   0.0000000E+00
   1.5820553E-01   6.5045868E+05   6.5045868E+05   2.9200280E+00   4.1691142E-02   2.1492610E+03   6.4736437E+05   6.5045868E+05   0.0000000E+00   0.0000000E+00   0.0000000E+00   0.0000000E+00   0.0000000E+00
   1.6349656E-01   6.2081719E+05   6.2081719E+05   2.6722262E+00   3.7262030E-02   2.0191818E+03   6.1786331E+05   6.2081719E+05   0.0000000E+00   0.0000000E+00   0.0000000E+00   0.0000000E+00   0.0000000E+00
   1.6896425E-01   5.9786134E+05   5.9786134E+05   2.4022314E+00   3.3583544E-02   1.9119294E+03   5.9501616E+05   5.9786134E+05   0.0000000E+00   0.0000000E+00   0.0000000E+00   0.0000000E+00   0.0000000E+00
   1.7461465E-01   5.7956639E+05   5.7956639E+05   2.1665728E+00   3.0456218E-02   1.8302388E+03   5.7680779E+05   5.7956639E+05   0.0000000E+00   0.0000000E+00   0.0000000E+00   0.0000000E+00   0.0000000E+00
   1.8045396E-01   5.6283751E+05   5.6283751E+05   1.9298264E+00   2.7671163E-02   1.7513410E+03   5.6015810E+05   5.6283751E+05   0.0000000E+00   0.0000000E+00   0.0000000E+00   0.0000000E+00   0.0000000E+00
   1.8648853E-01   5.4449788E+05   5.4449788E+05   1.7509647E+00   2.5054501E-02   1.6718745E+03   5.4190538E+05   5.4449788E+05   0.0000000E+00   0.0000000E+00   0.0000000E+00   0.0000000E+00   0.0000000E+00
   1.9272491E-01   5.2240155E+05   5.2240155E+05   1.5919710E+00   2.2511581E-02   1.5852589E+03   5.1991389E+05   5.2240155E+05   0.0000000E+00   0.0000000E+00   0.0000000E+00   0.0000000E+00   0.0000000E+00
   1.9916984E-01   4.9625022E+05   4.9625022E+05   1.4356094E+00   2.0039591E-02   1.4859711E+03   4.9388676E+05   4.9625022E+05   0.0000000E+00   0.0000000E+00   0.0000000E+00   0.0000000E+00   0.0000000E+00
   2.0583032E-01   4.6772928E+05   4.6772928E+05   1.2763329E+00   1.7706670E-02   1.3856796E+03   4.6550137E+05   4.6772928E+05   0.0000000E+00   0.0000000E+00   0.0000000E+00   0.0000000E+00   0.0000000E+00
   2.1271364E-01   4.3980730E+05   4.3980730E+05   1.1242160E+00   1.5608049E-02   1.2888950E+03   4.3771213E+05   4.3980730E+05   0.0000000E+00   0.0000000E+00   0.0000000E+00   0.0000000E+00   0.0000000E+00
   2.1982742E-01   4.1541121E+05   4.1541121E+05   9.8791284E-01   1.3813298E-02   1.2040318E+03   4.1343204E+05   4.1541121E+05   0.0000000E+00   0.0000000E+00   0.0000000E+00   0.0000000E+00   0.0000000E+00
   2.2717966E-01   3.9604410E+05   3.9604410E+05   8.6769919E-01   1.2330423E-02   1.1376131E+03   3.9415699E+05   3.9604410E+05   0.0000000E+00   0.0000000E+00   0.0000000E+00   0.0000000E+00   0.0000000E+00
   2.3477883E-01   3.8104712E+05   3.8104712E+05   7.7749373E-01   1.1101472E-02   1.0838171E+03   3.7923129E+05   3.8104712E+05   0.0000000E+00   0.0000000E+00   0.0000000E+00   0.0000000E+00   0.0000000E+00
   2.4263389E-01   3.6797340E+05   3.6797340E+05   7.0810884E-01   1.0030534E-02   1.0377041E+03   3.6621970E+05   3.6797340E+05   0.0000000E+00   0.0000000E+00   0.0000000E+00   0.0000000E+00   0.0000000E+00
   2.5075443E-01   3.5397146E+05   3.5397146E+05   6.4816643E-01   9.0311463E-03   9.8932847E+02   3.5228433E+05   3.5397146E+05   0.0000000E+00   0.0000000E+00   0.0000000E+00   0.0000000E+00   0.0000000E+00
   2.5915071E-01   3.3744101E+05   3.3744101E+05   5.7314621E-01   8.0629932E-03   9.3602449E+02   3.3583254E+05   3.3744101E+05   0.0000000E+00   0.0000000E+00   0.0000000E+00   0.0000000E+00   0.0000000E+00
   2.6783381E-01   3.1893930E+05   3.1893930E+05   5.0885978E-01   7.1405122E-03   8.7793538E+02   3.1741890E+05   3.1893930E+05   0.0000000E+00   0.0000000E+00   0.0000000E+00   0.0000000E+00   0.0000000E+00
   2.7681572E-01   3.0068191E+05   3.0068191E+05   4.4606123E-01   6.3068573E-03   8.2136144E+02   2.9924843E+05   3.0068191E+05   0.0000000E+00   0.0000000E+00   0.0000000E+00   0.0000000E+00   0.0000000E+00
   2.8610950E-01   2.8489962E+05   2.8489962E+05   3.9921273E-01   5.5957426E-03   7.7297575E+02   2.8354129E+05   2.8489962E+05   0.0000000E+00   0.0000000E+00   0.0000000E+00   0.0000000E+00   0.0000000E+00
   2.9572944E-01   2.7220304E+05   2.7220304E+05   3.5518588E-01   5.0029131E-03   7.3373969E+02   2.7090516E+05   2.7220304E+05   0.0000000E+00   0.0000000E+00   0.0000000E+00   0.0000000E+00   0.0000000E+00
   3.0569126E-01   2.6122802E+05   2.6122802E+05   3.1856263E-01   4.4912888E-03   7.0007616E+02   2.5998239E+05   2.6122802E+05   0.0000000E+00   0.0000000E+00   0.0000000E+00   0.0000000E+00   0.0000000E+00
   3.1601230E-01   2.4989757E+05   2.4989757E+05   2.8545672E-01   4.0197589E-03   6.6578507E+02   2.4870590E+05   2.4989757E+05   0.0000000E+00   0.0000000E+00   0.0000000E+00   0.0000000E+00   0.0000000E+00
   3.2671184E-01   2.3724691E+05   2.3724691E+05   2.5368789E-01   3.5716311E-03   6.2842331E+02   2.3611550E+05   2.3724691E+05   0.0000000E+00   0.0000000E+00   0.0000000E+00   0.0000000E+00   0.0000000E+00
   3.3781137E-01   2.2414960E+05   2.2414960E+05   2.2478875E-01   3.1579437E-03   5.9081652E+02   2.2308059E+05   2.2414960E+05   0.0000000E+00   0.0000000E+00   0.0000000E+00   0.0000000E+00   0.0000000E+00
   3.4933497E-01   2.1223554E+05   2.1223554E+05   1.9743863E-01   2.7968755E-03   5.5644725E+02   2.1122330E+05   2.1223554E+05   0.0000000E+00   0.0000000E+00   0.0000000E+00   0.0000000E+00   0.0000000E+00
   3.6130979E-01   2.0211551E+05   2.0211551E+05   1.7595509E-01   2.4894345E-03   5.2743156E+02   2.0115150E+05   2.0211551E+05   0.0000000E+00   0.0000000E+00   0.0000000E+00   0.0000000E+00   0.0000000E+00
   3.7376655E-01   1.9284485E+05   1.9284485E+05   1.5724069E-01   2.2192560E-03   5.0107301E+02   1.9192501E+05   1.9284485E+05   0.0000000E+00   0.0000000E+00   0.0000000E+00   0.0000000E+00   0.0000000E+00
   3.8674027E-01   1.8321143E+05   1.8321143E+05   1.3970315E-01   1.9693656E-03   4.7401814E+02   1.8233751E+05   1.8321143E+05   0.0000000E+00   0.0000000E+00   0.0000000E+00   0.0000000E+00   0.0000000E+00
   4.0027102E-01   1.7321685E+05   1.7321685E+05   1.2285866E-01   1.7387608E-03   4.4641174E+02   1.7239057E+05   1.7321685E+05   0.0000000E+00   0.0000000E+00   0.0000000E+00   0.0000000E+00   0.0000000E+00
   4.1440501E-01   1.6382942E+05   1.6382942E+05   1.0883755E-01   1.5345234E-03   4.2061160E+02   1.6304789E+05   1.6382942E+05   0.0000000E+00   0.0000000E+00   0.0000000E+00   0.0000000E+00   0.0000000E+00
   4.2919581E-01   1.5544915E+05   1.5544915E+05   9.6155810E-02   1.3572169E-03   3.9762542E+02   1.5470757E+05   1.5544915E+05   0.0000000E+00   0.0000000E+00   0.0000000E+00   0.0000000E+00   0.0000000E+00
   4.4470598E-01   1.4741542E+05   1.4741542E+05   8.4966518E-02   1.1987997E-03   3.7579740E+02   1.4671214E+05   1.4741542E+05   0.0000000E+00   0.0000000E+00   0.0000000E+00   0.0000000E+00   0.0000000E+00
   4.6100909E-01   1.3923176E+05   1.3923176E+05   7.4649487E-02   1.0538115E-03   3.5377770E+02   1.3856750E+05   1.3923176E+05   0.0000000E+00   0.0000000E+00   0.0000000E+00   0.0000000E+00   0.0000000E+00
   4.7819234E-01   1.3130735E+05   1.3130735E+05   6.5437547E-02   9.2379093E-04   3.3263266E+02   1.3068088E+05   1.3130735E+05   0.0000000E+00   0.0000000E+00   0.0000000E+00   0.0000000E+00   0.0000000E+00
   4.9635983E-01   1.2396659E+05   1.2396659E+05   5.7312384E-02   8.0942365E-04   3.1310364E+02   1.2337512E+05   1.2396659E+05   0.0000000E+00   0.0000000E+00   0.0000000E+00   0.0000000E+00   0.0000000E+00
   5.1563689E-01   1.1683199E+05   1.1683199E+05   5.0004166E-02   7.0687383E-04   2.9424422E+02   1.1627455E+05   1.1683199E+05   0.0000000E+00   0.0000000E+00   0.0000000E+00   0.0000000E+00   0.0000000E+00
   5.3617559E-01   1.0975346E+05   1.0975346E+05   4.3456215E-02   6.1424003E-04   2.7567515E+02   1.0922978E+05   1.0975346E+05   0.0000000E+00   0.0000000E+00   0.0000000E+00   0.0000000E+00   0.0000000E+00
   5.5816186E-01   1.0300152E+05   1.0300152E+05   3.7646976E-02   5.3194561E-04   2.5806183E+02   1.0251004E+05   1.0300152E+05   0.0000000E+00   0.0000000E+00   0.0000000E+00   0.0000000E+00   0.0000000E+00
   5.8182449E-01   9.6461304E+04   9.6461304E+04   3.2435907E-02   4.5848195E-04   2.4109106E+02   9.6001026E+04   9.6461304E+04   0.0000000E+00   0.0000000E+00   0.0000000E+00   0.0000000E+00   0.0000000E+00
   6.0744648E-01   9.0022342E+04   9.0022342E+04   2.7776436E-02   3.9256615E-04   2.2446904E+02   8.9592780E+04   9.0022342E+04   0.0000000E+00   0.0000000E+00   0.0000000E+00   0.0000000E+00   0.0000000E+00
   6.3537841E-01   8.3794394E+04   8.3794394E+04   2.3626641E-02   3.3400905E-04   2.0844806E+02   8.3394541E+04   8.3794394E+04   0.0000000E+00   0.0000000E+00   0.0000000E+00   0.0000000E+00   0.0000000E+00
   6.6605290E-01   7.7678915E+04   7.7678915E+04   1.9933601E-02   2.8178293E-04   1.9281769E+02   7.7308236E+04   7.7678915E+04   0.0000000E+00   0.0000000E+00   0.0000000E+00   0.0000000E+00   0.0000000E+00
   6.9999698E-01   7.1705187E+04   7.1705187E+04   1.6657592E-02   2.3549851E-04   1.7762627E+02   7.1363008E+04   7.1705187E+04   0.0000000E+00   0.0000000E+00   0.0000000E+00   0.0000000E+00   0.0000000E+00
   7.3783518E-01   6.5852037E+04   6.5852037E+04   1.3768883E-02   1.9466982E-04   1.6280235E+02   6.5537784E+04   6.5852037E+04   0.0000000E+00   0.0000000E+00   0.0000000E+00   0.0000000E+00   0.0000000E+00
   7.8027037E-01   6.0140209E+04   6.0140209E+04   1.1244053E-02   1.5897997E-04   1.4839009E+02   5.9853208E+04   6.0140209E+04   0.0000000E+00   0.0000000E+00   0.0000000E+00   0.0000000E+00   0.0000000E+00
   8.2802611E-01   5.4591013E+04   5.4591013E+04   9.0628747E-03   1.2814968E-04   1.3445335E+02   5.4330489E+04   5.4591013E+04   0.0000000E+00   0.0000000E+00   0.0000000E+00   0.0000000E+00   0.0000000E+00
   8.8174323E-01   4.9255609E+04   4.9255609E+04   7.2109563E-03   1.0197030E-04   1.2110625E+02   4.9020544E+04   4.9255609E+04   0.0000000E+00   0.0000000E+00   0.0000000E+00   0.0000000E+00   0.0000000E+00
   9.4185946E-01   4.4197952E+04   4.4197952E+04   5.6709137E-03   8.0197351E-05   1.0849132E+02   4.3987020E+04   4.4197952E+04   0.0000000E+00   0.0000000E+00   0.0000000E+00   0.0000000E+00   0.0000000E+00
   1.0085478E+00   3.9481524E+04   3.9481524E+04   4.4198263E-03   6.2480105E-05   9.6777084E+01   3.9293099E+04   3.9481524E+04   0.0000000E+00   0.0000000E+00   0.0000000E+00   0.0000000E+00   0.0000000E+00
   1.0817805E+00   3.5153222E+04   3.5153222E+04   3.4191740E-03   4.8356593E-05   8.6051489E+01   3.4985451E+04   3.5153222E+04   0.0000000E+00   0.0000000E+00   0.0000000E+00   0.0000000E+00   0.0000000E+00
   1.1614877E+00   3.1233064E+04   3.1233064E+04   2.6350594E-03   3.7271759E-05   7.6365643E+01   3.1084001E+04   3.1233064E+04   0.0000000E+00   0.0000000E+00   0.0000000E+00   0.0000000E+00   0.0000000E+00
   1.2477023E+00   2.7713603E+04   2.7713603E+04   2.0260748E-03   2.8660014E-05   6.7695151E+01   2.7581336E+04   2.7713603E+04   0.0000000E+00   0.0000000E+00   0.0000000E+00   0.0000000E+00   0.0000000E+00
   1.3406189E+00   2.4569941E+04   2.4569941E+04   1.5558383E-03   2.2010517E-05   5.9960894E+01   2.4452677E+04   2.4569941E+04   0.0000000E+00   0.0000000E+00   0.0000000E+00   0.0000000E+00   0.0000000E+00
   1.4405807E+00   2.1770138E+04   2.1770138E+04   1.1938400E-03   1.6890422E-05   5.3089042E+01   2.1666235E+04   2.1770138E+04   0.0000000E+00   0.0000000E+00   0.0000000E+00   0.0000000E+00   0.0000000E+00
   1.5480417E+00   1.9279914E+04   1.9279914E+04   9.1556835E-04   1.2954731E-05   4.6982903E+01   1.9187896E+04   1.9279914E+04   0.0000000E+00   0.0000000E+00   0.0000000E+00   0.0000000E+00   0.0000000E+00
   1.6635332E+00   1.7067205E+04   1.7067205E+04   7.0184813E-04   9.9315830E-06   4.1567421E+01   1.6985747E+04   1.7067205E+04   0.0000000E+00   0.0000000E+00   0.0000000E+00   0.0000000E+00   0.0000000E+00
   1.7876448E+00   1.5102159E+04   1.5102159E+04   5.3779512E-04   7.6107297E-06   3.6763494E+01   1.5030079E+04   1.5102159E+04   0.0000000E+00   0.0000000E+00   0.0000000E+00   0.0000000E+00   0.0000000E+00
   1.9210169E+00   1.3358121E+04   1.3358121E+04   4.1166352E-04   5.8300725E-06   3.2503377E+01   1.3294365E+04   1.3358121E+04   0.0000000E+00   0.0000000E+00   0.0000000E+00   0.0000000E+00   0.0000000E+00
   2.0643397E+00   1.1810927E+04   1.1810927E+04   3.1546243E-04   4.4642650E-06   2.8728148E+01   1.1754555E+04   1.1810927E+04   0.0000000E+00   0.0000000E+00   0.0000000E+00   0.0000000E+00   0.0000000E+00
   2.2183556E+00   1.0439065E+04   1.0439065E+04   2.4142507E-04   3.4172395E-06   2.5383323E+01   1.0389241E+04   1.0439065E+04   0.0000000E+00   0.0000000E+00   0.0000000E+00   0.0000000E+00   0.0000000E+00
   2.3838623E+00   9.2232266E+03   9.2232266E+03   1.8470740E-04   2.6149151E-06   2.2419966E+01   9.1792054E+03   9.2232266E+03   0.0000000E+00   0.0000000E+00   0.0000000E+00   0.0000000E+00   0.0000000E+00
   2.5617171E+00   8.1461407E+03   8.1461407E+03   1.4126676E-04   2.0002625E-06   1.9797352E+01   8.1072602E+03   8.1461407E+03   0.0000000E+00   0.0000000E+00   0.0000000E+00   0.0000000E+00   0.0000000E+00
   2.7528412E+00   7.1923930E+03   7.1923930E+03   1.0800666E-04   1.5296259E-06   1.7475268E+01   7.1580646E+03   7.1923930E+03   0.0000000E+00   0.0000000E+00   0.0000000E+00   0.0000000E+00   0.0000000E+00
   2.9582248E+00   6.3482173E+03   6.3482173E+03   8.2577870E-05   1.1693642E-06   1.5421292E+01   6.3179179E+03   6.3482173E+03   0.0000000E+00   0.0000000E+00   0.0000000E+00   0.0000000E+00   0.0000000E+00
   3.1789315E+00   5.6013294E+03   5.6013294E+03   6.3078179E-05   8.9368036E-07   1.3604906E+01   5.5745948E+03   5.6013294E+03   0.0000000E+00   0.0000000E+00   0.0000000E+00   0.0000000E+00   0.0000000E+00
   3.4161047E+00   4.9407781E+03   4.9407781E+03   4.8179458E-05   6.8281509E-07   1.1998661E+01   4.9171962E+03   4.9407781E+03   0.0000000E+00   0.0000000E+00   0.0000000E+00   0.0000000E+00   0.0000000E+00
   3.6709728E+00   4.3568069E+03   4.3568069E+03   3.6782987E-05   5.2155631E-07   1.0579377E+01   4.3360122E+03   4.3568069E+03   0.0000000E+00   0.0000000E+00   0.0000000E+00   0.0000000E+00   0.0000000E+00
   3.9448561E+00   3.8407290E+03   3.8407290E+03   2.8089513E-05   3.9828910E-07   9.3250745E+00   3.8223975E+03   3.8407290E+03   0.0000000E+00   0.0000000E+00   0.0000000E+00   0.0000000E+00   0.0000000E+00
   4.2391733E+00   3.3848151E+03   3.3848151E+03   2.1435716E-05   3.0408028E-07   8.2175120E+00   3.3686597E+03   3.3848151E+03   0.0000000E+00   0.0000000E+00   0.0000000E+00   0.0000000E+00   0.0000000E+00
   4.5554488E+00   2.9821919E+03   2.9821919E+03   1.6353743E-05   2.3210615E-07   7.2393825E+00   2.9679581E+03   2.9821919E+03   0.0000000E+00   0.0000000E+00   0.0000000E+00   0.0000000E+00   0.0000000E+00
   4.8953209E+00   2.6267505E+03   2.6267505E+03   1.2483218E-05   1.7713338E-07   6.3760690E+00   2.6142132E+03   2.6267505E+03   0.0000000E+00   0.0000000E+00   0.0000000E+00   0.0000000E+00   0.0000000E+00
   5.2605502E+00   2.3130650E+03   2.3130650E+03   9.5122101E-06   1.3515552E-07   5.6142912E+00   2.3020249E+03   2.3130650E+03   0.0000000E+00   0.0000000E+00   0.0000000E+00   0.0000000E+00   0.0000000E+00
   5.6530284E+00   2.0363182E+03   2.0363182E+03   7.2492525E-06   1.0310850E-07   4.9422832E+00   2.0265990E+03   2.0363182E+03   0.0000000E+00   0.0000000E+00   0.0000000E+00   0.0000000E+00   0.0000000E+00
   6.0747886E+00   1.7922359E+03   1.7922359E+03   5.5272252E-06   7.8649770E-08   4.3496591E+00   1.7836816E+03   1.7922359E+03   0.0000000E+00   0.0000000E+00   0.0000000E+00   0.0000000E+00   0.0000000E+00
   6.5280154E+00   1.5770272E+03   1.5770272E+03   4.2115319E-06   5.9985289E-08   3.8272369E+00   1.5695001E+03   1.5770272E+03   0.0000000E+00   0.0000000E+00   0.0000000E+00   0.0000000E+00   0.0000000E+00
   7.0150564E+00   1.3873319E+03   1.3873319E+03   3.2087758E-06   4.5746458E-08   3.3666616E+00   1.3807103E+03   1.3873319E+03   0.0000000E+00   0.0000000E+00   0.0000000E+00   0.0000000E+00   0.0000000E+00
   7.5384345E+00   1.2201729E+03   1.2201729E+03   2.4429781E-06   3.4884881E-08   2.9609118E+00   1.2143491E+03   1.2201729E+03   0.0000000E+00   0.0000000E+00   0.0000000E+00   0.0000000E+00   0.0000000E+00
   8.1008608E+00   1.0729132E+03   1.0729132E+03   1.8607450E-06   2.6601153E-08   2.6034955E+00   1.0677922E+03   1.0729132E+03   0.0000000E+00   0.0000000E+00   0.0000000E+00   0.0000000E+00   0.0000000E+00
