#           k/h    CDM            baryon         photon         nu             mass_nu        total          no_nu          total_de       Weyl           v_CDM          v_b            v_b-v_c     
   9.8170921E-06   1.4933656E+07   1.4933656E+07   1.9904610E+07   1.3721849E+04   7.8662652E+06   1.4933702E+07   1.4933656E+07   0.0000000E+00   0.0000000E+00   0.0000000E+00   0.0000000E+00   0.0000000E+00
   1.0549524E-05   1.4933653E+07   1.4933653E+07   1.9903533E+07   1.3721374E+04   7.8661514E+06   1.4933699E+07   1.4933653E+07   0.0000000E+00   0.0000000E+00   0.0000000E+00   0.0000000E+00   0.0000000E+00
   1.1336601E-05   1.4933649E+07   1.4933649E+07   1.9902289E+07   1.3720825E+04   7.8660200E+06   1.4933695E+07   1.4933649E+07   0.0000000E+00   0.0000000E+00   0.0000000E+00   0.0000000E+00   0.0000000E+00
   1.2182400E-05   1.4933645E+07   1.4933645E+07   1.9900853E+07   1.3720191E+04   7.8658683E+06   1.4933690E+07   1.4933645E+07   0.0000000E+00   0.0000000E+00   0.0000000E+00   0.0000000E+00   0.0000000E+00
   1.3091303E-05   1.4933640E+07   1.4933640E+07   1.9899194E+07   1.3719459E+04   7.8656931E+06   1.4933685E+07   1.4933640E+07   0.0000000E+00   0.0000000E+00   0.0000000E+00   0.0000000E+00   0.0000000E+00
   1.4068016E-05   1.4933634E+07   1.4933634E+07   1.9897280E+07   1.3718614E+04   7.8654908E+06   1.4933679E+07   1.4933634E+07   0.0000000E+00   0.0000000E+00   0.0000000E+00   0.0000000E+00   0.0000000E+00
   1.5117600E-05   1.4933627E+07   1.4933627E+07   1.9895069E+07   1.3717638E+04   7.8652573E+06   1.4933672E+07   1.4933627E+07   0.0000000E+00   0.0000000E+00   0.0000000E+00   0.0000000E+00   0.0000000E+00
   1.6245492E-05   1.4933619E+07   1.4933619E+07   1.9892516E+07   1.3716511E+04   7.8649876E+06   1.4933663E+07   1.4933619E+07   0.0000000E+00   0.0000000E+00   0.0000000E+00   0.0000000E+00   0.0000000E+00
   1.7457533E-05   1.4933610E+07   1.4933610E+07   1.9889568E+07   1.3715210E+04   7.8646763E+06   1.4933654E+07   1.4933610E+07   0.0000000E+00   0.0000000E+00   0.0000000E+00   0.0000000E+00   0.0000000E+00
   1.8760001E-05   1.4933600E+07   1.4933600E+07   1.9886165E+07   1.3713708E+04   7.8643168E+06   1.4933643E+07   1.4933600E+07   0.0000000E+00   0.0000000E+00   0.0000000E+00   0.0000000E+00   0.0000000E+00
   2.0159644E-05   1.4933588E+07   1.4933588E+07   1.9882235E+07   1.3711973E+04   7.8639018E+06   1.4933631E+07   1.4933588E+07   0.0000000E+00   0.0000000E+00   0.0000000E+00   0.0000000E+00   0.0000000E+00
   2.1663712E-05   1.4933574E+07   1.4933574E+07   1.9877699E+07   1.3709970E+04   7.8634228E+06   1.4933616E+07   1.4933574E+07   0.0000000E+00   0.0000000E+00   0.0000000E+00   0.0000000E+00   0.0000000E+00
   2.3279994E-05   1.4933558E+07   1.4933558E+07   1.9872461E+07   1.3707658E+04   7.8628698E+06   1.4933599E+07   1.4933558E+07   0.0000000E+00   0.0000000E+00   0.0000000E+00   0.0000000E+00   0.0000000E+00
   2.5016864E-05   1.4933540E+07   1.4933540E+07   1.9866414E+07   1.3704988E+04   7.8622314E+06   1.4933580E+07   1.4933540E+07   0.0000000E+00   0.0000000E+00   0.0000000E+00   0.0000000E+00   0.0000000E+00
   2.6883318E-05   1.4933518E+07   1.4933518E+07   1.9859433E+07   1.3701905E+04   7.8614947E+06   1.4933557E+07   1.4933518E+07   0.0000000E+00   0.0000000E+00   0.0000000E+00   0.0000000E+00   0.0000000E+00
   2.8889024E-05   1.4933494E+07   1.4933494E+07   1.9851375E+07   1.3698347E+04   7.8606443E+06   1.4933532E+07   1.4933494E+07   0.0000000E+00   0.0000000E+00   0.0000000E+00   0.0000000E+00   0.0000000E+00
   3.1044371E-05   1.4933465E+07   1.4933465E+07   1.9842074E+07   1.3694239E+04   7.8596630E+06   1.4933502E+07   1.4933465E+07   0.0000000E+00   0.0000000E+00   0.0000000E+00   0.0000000E+00   0.0000000E+00
   3.3360524E-05   1.4933433E+07   1.4933433E+07   1.9831337E+07   1.3689497E+04   7.8585306E+06   1.4933467E+07   1.4933433E+07   0.0000000E+00   0.0000000E+00   0.0000000E+00   0.0000000E+00   0.0000000E+00
   3.5849480E-05   1.4933395E+07   1.4933395E+07   1.9818946E+07   1.3684023E+04   7.8572240E+06   1.4933428E+07   1.4933395E+07   0.0000000E+00   0.0000000E+00   0.0000000E+00   0.0000000E+00   0.0000000E+00
   3.8524132E-05   1.4933351E+07   1.4933351E+07   1.9804646E+07   1.3677705E+04   7.8557167E+06   1.4933382E+07   1.4933351E+07   0.0000000E+00   0.0000000E+00   0.0000000E+00   0.0000000E+00   0.0000000E+00
   4.1398334E-05   1.4933301E+07   1.4933301E+07   1.9788145E+07   1.3670413E+04   7.8539781E+06   1.4933329E+07   1.4933301E+07   0.0000000E+00   0.0000000E+00   0.0000000E+00   0.0000000E+00   0.0000000E+00
   4.4486974E-05   1.4933242E+07   1.4933242E+07   1.9769106E+07   1.3661998E+04   7.8519730E+06   1.4933267E+07   1.4933242E+07   0.0000000E+00   0.0000000E+00   0.0000000E+00   0.0000000E+00   0.0000000E+00
   4.7806050E-05   1.4933175E+07   1.4933175E+07   1.9747141E+07   1.3652288E+04   7.8496611E+06   1.4933197E+07   1.4933175E+07   0.0000000E+00   0.0000000E+00   0.0000000E+00   0.0000000E+00   0.0000000E+00
   5.1372756E-05   1.4933098E+07   1.4933098E+07   1.9721806E+07   1.3641085E+04   7.8469960E+06   1.4933115E+07   1.4933098E+07   0.0000000E+00   0.0000000E+00   0.0000000E+00   0.0000000E+00   0.0000000E+00
   5.5205566E-05   1.4933008E+07   1.4933008E+07   1.9692587E+07   1.3628161E+04   7.8439246E+06   1.4933021E+07   1.4933008E+07   0.0000000E+00   0.0000000E+00   0.0000000E+00   0.0000000E+00   0.0000000E+00
   5.9324333E-05   1.4932905E+07   1.4932905E+07   1.9658897E+07   1.3613253E+04   7.8403861E+06   1.4932912E+07   1.4932905E+07   0.0000000E+00   0.0000000E+00   0.0000000E+00   0.0000000E+00   0.0000000E+00
   6.3750393E-05   1.4932785E+07   1.4932785E+07   1.9620060E+07   1.3596062E+04   7.8363109E+06   1.4932787E+07   1.4932785E+07   0.0000000E+00   0.0000000E+00   0.0000000E+00   0.0000000E+00   0.0000000E+00
   6.8506671E-05   1.4932647E+07   1.4932647E+07   1.9575302E+07   1.3576239E+04   7.8316197E+06   1.4932642E+07   1.4932647E+07   0.0000000E+00   0.0000000E+00   0.0000000E+00   0.0000000E+00   0.0000000E+00
   7.3617805E-05   1.4932488E+07   1.4932488E+07   1.9523737E+07   1.3553390E+04   7.8262219E+06   1.4932475E+07   1.4932488E+07   0.0000000E+00   0.0000000E+00   0.0000000E+00   0.0000000E+00   0.0000000E+00
   7.9110270E-05   1.4932304E+07   1.4932304E+07   1.9464350E+07   1.3527058E+04   7.8200146E+06   1.4932281E+07   1.4932304E+07   0.0000000E+00   0.0000000E+00   0.0000000E+00   0.0000000E+00   0.0000000E+00
   8.5012515E-05   1.4932092E+07   1.4932092E+07   1.9395984E+07   1.3496723E+04   7.8128809E+06   1.4932059E+07   1.4932092E+07   0.0000000E+00   0.0000000E+00   0.0000000E+00   0.0000000E+00   0.0000000E+00
   9.1355114E-05   1.4931848E+07   1.4931848E+07   1.9317319E+07   1.3461789E+04   7.8046888E+06   1.4931801E+07   1.4931848E+07   0.0000000E+00   0.0000000E+00   0.0000000E+00   0.0000000E+00   0.0000000E+00
   9.8170921E-05   1.4931565E+07   1.4931565E+07   1.9226854E+07   1.3421575E+04   7.7952896E+06   1.4931505E+07   1.4931565E+07   0.0000000E+00   0.0000000E+00   0.0000000E+00   0.0000000E+00   0.0000000E+00
   1.0549524E-04   1.4931240E+07   1.4931240E+07   1.9122886E+07   1.3375307E+04   7.7845160E+06   1.4931162E+07   1.4931240E+07   0.0000000E+00   0.0000000E+00   0.0000000E+00   0.0000000E+00   0.0000000E+00
   1.1336601E-04   1.4930864E+07   1.4930864E+07   1.9003489E+07   1.3322104E+04   7.7721815E+06   1.4930767E+07   1.4930864E+07   0.0000000E+00   0.0000000E+00   0.0000000E+00   0.0000000E+00   0.0000000E+00
   1.2182400E-04   1.4930431E+07   1.4930431E+07   1.8866490E+07   1.3260965E+04   7.7580790E+06   1.4930312E+07   1.4930431E+07   0.0000000E+00   0.0000000E+00   0.0000000E+00   0.0000000E+00   0.0000000E+00
   1.3091303E-04   1.4929931E+07   1.4929931E+07   1.8709453E+07   1.3190762E+04   7.7419804E+06   1.4929787E+07   1.4929931E+07   0.0000000E+00   0.0000000E+00   0.0000000E+00   0.0000000E+00   0.0000000E+00
   1.4068016E-04   1.4929355E+07   1.4929355E+07   1.8529654E+07   1.3110221E+04   7.7236362E+06   1.4929181E+07   1.4929355E+07   0.0000000E+00   0.0000000E+00   0.0000000E+00   0.0000000E+00   0.0000000E+00
   1.5117600E-04   1.4928690E+07   1.4928690E+07   1.8324066E+07   1.3017912E+04   7.7027772E+06   1.4928483E+07   1.4928690E+07   0.0000000E+00   0.0000000E+00   0.0000000E+00   0.0000000E+00   0.0000000E+00
   1.6245492E-04   1.4927925E+07   1.4927925E+07   1.8089356E+07   1.2912241E+04   7.6791164E+06   1.4927678E+07   1.4927925E+07   0.0000000E+00   0.0000000E+00   0.0000000E+00   0.0000000E+00   0.0000000E+00
   1.7457533E-04   1.4927043E+07   1.4927043E+07   1.7821875E+07   1.2791438E+04   7.6523535E+06   1.4926751E+07   1.4927043E+07   0.0000000E+00   0.0000000E+00   0.0000000E+00   0.0000000E+00   0.0000000E+00
   1.8760001E-04   1.4926027E+07   1.4926027E+07   1.7517682E+07   1.2653552E+04   7.6221815E+06   1.4925683E+07   1.4926027E+07   0.0000000E+00   0.0000000E+00   0.0000000E+00   0.0000000E+00   0.0000000E+00
   2.0159644E-04   1.4924858E+07   1.4924858E+07   1.7172565E+07   1.2496452E+04   7.5882964E+06   1.4924455E+07   1.4924858E+07   0.0000000E+00   0.0000000E+00   0.0000000E+00   0.0000000E+00   0.0000000E+00
   2.1663712E-04   1.4923513E+07   1.4923513E+07   1.6782111E+07   1.2317836E+04   7.5504114E+06   1.4923040E+07   1.4923513E+07   0.0000000E+00   0.0000000E+00   0.0000000E+00   0.0000000E+00   0.0000000E+00
   2.3279994E-04   1.4921966E+07   1.4921966E+07   1.6341791E+07   1.2115250E+04   7.5082752E+06   1.4921414E+07   1.4921966E+07   0.0000000E+00   0.0000000E+00   0.0000000E+00   0.0000000E+00   0.0000000E+00
   2.5016864E-04   1.4920188E+07   1.4920188E+07   1.5847098E+07   1.1886122E+04   7.4616964E+06   1.4919545E+07   1.4920188E+07   0.0000000E+00   0.0000000E+00   0.0000000E+00   0.0000000E+00   0.0000000E+00
   2.6883318E-04   1.4918146E+07   1.4918146E+07   1.5293744E+07   1.1627817E+04   7.4105746E+06   1.4917398E+07   1.4918146E+07   0.0000000E+00   0.0000000E+00   0.0000000E+00   0.0000000E+00   0.0000000E+00
   2.8889024E-04   1.4915803E+07   1.4915803E+07   1.4677913E+07   1.1337713E+04   7.3549371E+06   1.4914935E+07   1.4915803E+07   0.0000000E+00   0.0000000E+00   0.0000000E+00   0.0000000E+00   0.0000000E+00
   3.1044371E-04   1.4913115E+07   1.4913115E+07   1.3996605E+07   1.1013318E+04   7.2949832E+06   1.4912110E+07   1.4913115E+07   0.0000000E+00   0.0000000E+00   0.0000000E+00   0.0000000E+00   0.0000000E+00
   3.3360524E-04   1.4910037E+07   1.4910037E+07   1.3248062E+07   1.0652408E+04   7.2311311E+06   1.4908873E+07   1.4910037E+07   0.0000000E+00   0.0000000E+00   0.0000000E+00   0.0000000E+00   0.0000000E+00
   3.5849480E-04   1.4906515E+07   1.4906515E+07   1.2432286E+07   1.0253227E+04   7.1640669E+06   1.4905170E+07   1.4906515E+07   0.0000000E+00   0.0000000E+00   0.0000000E+00   0.0000000E+00   0.0000000E+00
   3.8524132E-04   1.4902489E+07   1.4902489E+07   1.1551639E+07   9.8147124E+03   7.0947854E+06   1.4900938E+07   1.4902489E+07   0.0000000E+00   0.0000000E+00   0.0000000E+00   0.0000000E+00   0.0000000E+00
   4.1398334E-04   1.4897895E+07   1.4897895E+07   1.0611518E+07   9.3367878E+03   7.0246156E+06   1.4896108E+07   1.4897895E+07   0.0000000E+00   0.0000000E+00   0.0000000E+00   0.0000000E+00   0.0000000E+00
   4.4486974E-04   1.4892659E+07   1.4892659E+07   9.6210221E+06   8.8206783E+03   6.9552122E+06   1.4890603E+07   1.4892659E+07   0.0000000E+00   0.0000000E+00   0.0000000E+00   0.0000000E+00   0.0000000E+00
   4.7806050E-04   1.4886702E+07   1.4886702E+07   8.5935720E+06   8.2692579E+03   6.8884948E+06   1.4884341E+07   1.4886702E+07   0.0000000E+00   0.0000000E+00   0.0000000E+00   0.0000000E+00   0.0000000E+00
   5.1372756E-04   1.4879936E+07   1.4879936E+07   7.5473171E+06   7.6873864E+03   6.8265095E+06   1.4877228E+07   1.4879936E+07   0.0000000E+00   0.0000000E+00   0.0000000E+00   0.0000000E+00   0.0000000E+00
   5.5205566E-04   1.4872265E+07   1.4872265E+07   6.5051808E+06   7.0821893E+03   6.7711882E+06   1.4869166E+07   1.4872265E+07   0.0000000E+00   0.0000000E+00   0.0000000E+00   0.0000000E+00   0.0000000E+00
   5.9324333E-04   1.4863585E+07   1.4863585E+07   5.4943137E+06   6.4632103E+03   6.7239886E+06   1.4860045E+07   1.4863585E+07   0.0000000E+00   0.0000000E+00   0.0000000E+00   0.0000000E+00   0.0000000E+00
   6.3750393E-04   1.4853783E+07   1.4853783E+07   4.5447206E+06   5.8423434E+03   6.6854165E+06   1.4849747E+07   1.4853783E+07   0.0000000E+00   0.0000000E+00   0.0000000E+00   0.0000000E+00   0.0000000E+00
   6.8506671E-04   1.4842736E+07   1.4842736E+07   3.6868527E+06   5.2334392E+03   6.6544736E+06   1.4838146E+07   1.4842736E+07   0.0000000E+00   0.0000000E+00   0.0000000E+00   0.0000000E+00   0.0000000E+00
   7.3617805E-04   1.4830311E+07   1.4830311E+07   2.9480917E+06   4.6514845E+03   6.6281345E+06   1.4825105E+07   1.4830311E+07   0.0000000E+00   0.0000000E+00   0.0000000E+00   0.0000000E+00   0.0000000E+00
   7.9110270E-04   1.4816363E+07   1.4816363E+07   2.3483074E+06   4.1112929E+03   6.6010396E+06   1.4810473E+07   1.4816363E+07   0.0000000E+00   0.0000000E+00   0.0000000E+00   0.0000000E+00   0.0000000E+00
   8.5012515E-04   1.4800732E+07   1.4800732E+07   1.8951035E+06   3.6257354E+03   6.5656688E+06   1.4794090E+07   1.4800732E+07   0.0000000E+00   0.0000000E+00   0.0000000E+00   0.0000000E+00   0.0000000E+00
   9.1355114E-04   1.4783246E+07   1.4783246E+07   1.5799079E+06   3.2036960E+03   6.5132926E+06   1.4775781E+07   1.4783246E+07   0.0000000E+00   0.0000000E+00   0.0000000E+00   0.0000000E+00   0.0000000E+00
   9.8170921E-04   1.4763711E+07   1.4763711E+07   1.3765903E+06   2.8481454E+03   6.4358949E+06   1.4755354E+07   1.4763711E+07   0.0000000E+00   0.0000000E+00   0.0000000E+00   0.0000000E+00   0.0000000E+00
   1.0549524E-03   1.4741918E+07   1.4741918E+07   1.2444535E+06   2.5549415E+03   6.3289366E+06   1.4732601E+07   1.4741918E+07   0.0000000E+00   0.0000000E+00   0.0000000E+00   0.0000000E+00   0.0000000E+00
   1.1336601E-03   1.4717637E+07   1.4717637E+07   1.1367927E+06   2.3130741E+03   6.1942293E+06   1.4707298E+07   1.4717637E+07   0.0000000E+00   0.0000000E+00   0.0000000E+00   0.0000000E+00   0.0000000E+00
   1.2182400E-03   1.4690622E+07   1.4690622E+07   1.0142765E+06   2.1069086E+03   6.0414500E+06   1.4679203E+07   1.4690622E+07   0.0000000E+00   0.0000000E+00   0.0000000E+00   0.0000000E+00   0.0000000E+00
   1.3091303E-03   1.4660613E+07   1.4660613E+07   8.5921685E+05   1.9203877E+03   5.8864007E+06   1.4648066E+07   1.4660613E+07   0.0000000E+00   0.0000000E+00   0.0000000E+00   0.0000000E+00   0.0000000E+00
   1.4068016E-03   1.4627337E+07   1.4627337E+07   6.8354456E+05   1.7421070E+03   5.7448365E+06   1.4613625E+07   1.4627337E+07   0.0000000E+00   0.0000000E+00   0.0000000E+00   0.0000000E+00   0.0000000E+00
   1.5117600E-03   1.4590520E+07   1.4590520E+07   5.2274651E+05   1.5690665E+03   5.6232826E+06   1.4575618E+07   1.4590520E+07   0.0000000E+00   0.0000000E+00   0.0000000E+00   0.0000000E+00   0.0000000E+00
   1.6245492E-03   1.4549882E+07   1.4549882E+07   4.1359167E+05   1.4065579E+03   5.5122971E+06   1.4533774E+07   1.4549882E+07   0.0000000E+00   0.0000000E+00   0.0000000E+00   0.0000000E+00   0.0000000E+00
   1.7457533E-03   1.4505135E+07   1.4505135E+07   3.6584003E+05   1.2631190E+03   5.3899777E+06   1.4487819E+07   1.4505135E+07   0.0000000E+00   0.0000000E+00   0.0000000E+00   0.0000000E+00   0.0000000E+00
   1.8760001E-03   1.4455986E+07   1.4455986E+07   3.5017945E+05   1.1429513E+03   5.2387934E+06   1.4437464E+07   1.4455986E+07   0.0000000E+00   0.0000000E+00   0.0000000E+00   0.0000000E+00   0.0000000E+00
   2.0159644E-03   1.4402122E+07   1.4402122E+07   3.2073583E+05   1.0415560E+03   5.0648879E+06   1.4382401E+07   1.4402122E+07   0.0000000E+00   0.0000000E+00   0.0000000E+00   0.0000000E+00   0.0000000E+00
   2.1663712E-03   1.4343223E+07   1.4343223E+07   2.5998143E+05   9.4943903E+02   4.8966891E+06   1.4322308E+07   1.4343223E+07   0.0000000E+00   0.0000000E+00   0.0000000E+00   0.0000000E+00   0.0000000E+00
   2.3279994E-03   1.4278958E+07   1.4278958E+07   1.9752442E+05   8.6127944E+02   4.7528611E+06   1.4256852E+07   1.4278958E+07   0.0000000E+00   0.0000000E+00   0.0000000E+00   0.0000000E+00   0.0000000E+00
   2.5016864E-03   1.4208996E+07   1.4208996E+07   1.6808202E+05   7.8001030E+02   4.6137790E+06   1.4185694E+07   1.4208996E+07   0.0000000E+00   0.0000000E+00   0.0000000E+00   0.0000000E+00   0.0000000E+00
   2.6883318E-03   1.4132993E+07   1.4132993E+07   1.5768718E+05   7.0948774E+02   4.4485900E+06   1.4108488E+07   1.4132993E+07   0.0000000E+00   0.0000000E+00   0.0000000E+00   0.0000000E+00   0.0000000E+00
   2.8889024E-03   1.4050589E+07   1.4050589E+07   1.3003952E+05   6.4640779E+02   4.2705381E+06   1.4024872E+07   1.4050589E+07   0.0000000E+00   0.0000000E+00   0.0000000E+00   0.0000000E+00   0.0000000E+00
   3.1044371E-03   1.3961410E+07   1.3961410E+07   9.8120373E+04   5.8593163E+02   4.1122463E+06   1.3934475E+07   1.3961410E+07   0.0000000E+00   0.0000000E+00   0.0000000E+00   0.0000000E+00   0.0000000E+00
   3.3360524E-03   1.3865073E+07   1.3865073E+07   9.2054899E+04   5.3035865E+02   3.9497138E+06   1.3836919E+07   1.3865073E+07   0.0000000E+00   0.0000000E+00   0.0000000E+00   0.0000000E+00   0.0000000E+00
   3.5849480E-03   1.3761187E+07   1.3761187E+07   8.3724322E+04   4.8160972E+02   3.7584087E+06   1.3731820E+07   1.3761187E+07   0.0000000E+00   0.0000000E+00   0.0000000E+00   0.0000000E+00   0.0000000E+00
   3.8524132E-03   1.3649352E+07   1.3649352E+07   6.1265819E+04   4.3563295E+02   3.5827231E+06   1.3618786E+07   1.3649352E+07   0.0000000E+00   0.0000000E+00   0.0000000E+00   0.0000000E+00   0.0000000E+00
   4.1398334E-03   1.3529171E+07   1.3529171E+07   5.6755379E+04   3.9288078E+02   3.4110627E+06   1.3497437E+07   1.3529171E+07   0.0000000E+00   0.0000000E+00   0.0000000E+00   0.0000000E+00   0.0000000E+00
   4.4486974E-03   1.3400258E+07   1.3400258E+07   4.6891883E+04   3.5440087E+02   3.2231588E+06   1.3367405E+07   1.3400258E+07   0.0000000E+00   0.0000000E+00   0.0000000E+00   0.0000000E+00   0.0000000E+00
   4.7806050E-03   1.3262228E+07   1.3262228E+07   3.9083185E+04   3.1809796E+02   3.0567724E+06   1.3228322E+07   1.3262228E+07   0.0000000E+00   0.0000000E+00   0.0000000E+00   0.0000000E+00   0.0000000E+00
   5.1372756E-03   1.3114699E+07   1.3114699E+07   3.5359657E+04   2.8582688E+02   2.8726389E+06   1.3079808E+07   1.3114699E+07   0.0000000E+00   0.0000000E+00   0.0000000E+00   0.0000000E+00   0.0000000E+00
   5.5205566E-03   1.2957278E+07   1.2957278E+07   2.7289431E+04   2.5590981E+02   2.7073977E+06   1.2921457E+07   1.2957278E+07   0.0000000E+00   0.0000000E+00   0.0000000E+00   0.0000000E+00   0.0000000E+00
   5.9324333E-03   1.2789568E+07   1.2789568E+07   2.4642403E+04   2.2893679E+02   2.5278104E+06   1.2752872E+07   1.2789568E+07   0.0000000E+00   0.0000000E+00   0.0000000E+00   0.0000000E+00   0.0000000E+00
   6.3750393E-03   1.2611166E+07   1.2611166E+07   2.1073703E+04   2.0376860E+02   2.3645353E+06   1.2573683E+07   1.2611166E+07   0.0000000E+00   0.0000000E+00   0.0000000E+00   0.0000000E+00   0.0000000E+00
   6.8506671E-03   1.2421687E+07   1.2421687E+07   1.6110157E+04   1.8113261E+02   2.1971880E+06   1.2383527E+07   1.2421687E+07   0.0000000E+00   0.0000000E+00   0.0000000E+00   0.0000000E+00   0.0000000E+00
   7.3617805E-03   1.2220743E+07   1.2220743E+07   1.5486749E+04   1.6062602E+02   2.0378121E+06   1.2182005E+07   1.2220743E+07   0.0000000E+00   0.0000000E+00   0.0000000E+00   0.0000000E+00   0.0000000E+00
   7.9110270E-03   1.2007941E+07   1.2007941E+07   1.2781444E+04   1.4193942E+02   1.8863765E+06   1.1968722E+07   1.2007941E+07   0.0000000E+00   0.0000000E+00   0.0000000E+00   0.0000000E+00   0.0000000E+00
   8.5012515E-03   1.1782886E+07   1.1782886E+07   9.8788522E+03   1.2506939E+02   1.7373261E+06   1.1743300E+07   1.1782886E+07   0.0000000E+00   0.0000000E+00   0.0000000E+00   0.0000000E+00   0.0000000E+00
   9.1355114E-03   1.1545182E+07   1.1545182E+07   8.2372072E+03   1.0990992E+02   1.5922238E+06   1.1505352E+07   1.1545182E+07   0.0000000E+00   0.0000000E+00   0.0000000E+00   0.0000000E+00   0.0000000E+00
   9.8170921E-03   1.1294432E+07   1.1294432E+07   7.0744108E+03   9.6272514E+01   1.4549601E+06   1.1254479E+07   1.1294432E+07   0.0000000E+00   0.0000000E+00   0.0000000E+00   0.0000000E+00   0.0000000E+00
   1.0549524E-02   1.1030248E+07   1.1030248E+07   6.0247679E+03   8.4033488E+01   1.3243498E+06   1.0990298E+07   1.1030248E+07   0.0000000E+00   0.0000000E+00   0.0000000E+00   0.0000000E+00   0.0000000E+00
   1.1336601E-02   1.0752252E+07   1.0752252E+07   4.9967172E+03   7.3084206E+01   1.2020837E+06   1.0712444E+07   1.0752252E+07   0.0000000E+00   0.0000000E+00   0.0000000E+00   0.0000000E+00   0.0000000E+00
   1.2182400E-02   1.0460096E+07   1.0460096E+07   4.0680782E+03   6.3354779E+01   1.0864995E+06   1.0420559E+07   1.0460096E+07   0.0000000E+00   0.0000000E+00   0.0000000E+00   0.0000000E+00   0.0000000E+00
   1.3091303E-02   1.0153467E+07   1.0153467E+07   3.5694179E+03   5.4691081E+01   9.7849077E+05   1.0114342E+07   1.0153467E+07   0.0000000E+00   0.0000000E+00   0.0000000E+00   0.0000000E+00   0.0000000E+00
   1.4068016E-02   9.8321266E+06   9.8321266E+06   3.2560767E+03   4.7052108E+01   8.7536386E+05   9.7935513E+06   9.8321266E+06   0.0000000E+00   0.0000000E+00   0.0000000E+00   0.0000000E+00   0.0000000E+00
   1.5117600E-02   9.4959405E+06   9.4959405E+06   2.4266469E+03   4.0307932E+01   7.7960491E+05   9.4580547E+06   9.4959405E+06   0.0000000E+00   0.0000000E+00   0.0000000E+00   0.0000000E+00   0.0000000E+00
   1.6245492E-02   9.1449273E+06   9.1449273E+06   2.1980326E+03   3.4380327E+01   6.9265410E+05   9.1078685E+06   9.1449273E+06   0.0000000E+00   0.0000000E+00   0.0000000E+00   0.0000000E+00   0.0000000E+00
   1.7457533E-02   8.7793213E+06   8.7793213E+06   1.6374344E+03   2.9193410E+01   6.1081589E+05   8.7432272E+06   8.7793213E+06   0.0000000E+00   0.0000000E+00   0.0000000E+00   0.0000000E+00   0.0000000E+00
   1.8760001E-02   8.3996531E+06   8.3996531E+06   1.4645006E+03   2.4674326E+01   5.3565399E+05   8.3646541E+06   8.3996531E+06   0.0000000E+00   0.0000000E+00   0.0000000E+00   0.0000000E+00   0.0000000E+00
   2.0159643E-02   8.0068414E+06   8.0068414E+06   1.2511911E+03   2.0751047E+01   4.6802249E+05   7.9730644E+06   8.0068414E+06   0.0000000E+00   0.0000000E+00   0.0000000E+00   0.0000000E+00   0.0000000E+00
   2.1663702E-02   7.6023048E+06   7.6023048E+06   1.0255508E+03   1.7361169E+01   4.0638013E+05   7.5698670E+06   7.6023048E+06   0.0000000E+00   0.0000000E+00   0.0000000E+00   0.0000000E+00   0.0000000E+00
   2.3279942E-02   7.1880844E+06   7.1880844E+06   8.0746908E+02   1.4447907E+01   3.5051534E+05   7.1570903E+06   7.1880844E+06   0.0000000E+00   0.0000000E+00   0.0000000E+00   0.0000000E+00   0.0000000E+00
   2.5016611E-02   6.7669774E+06   6.7669774E+06   6.0999990E+02   1.1958142E+01   3.0107557E+05   6.7375163E+06   6.7669774E+06   0.0000000E+00   0.0000000E+00   0.0000000E+00   0.0000000E+00   0.0000000E+00
   2.6882259E-02   6.3426844E+06   6.3426844E+06   5.5042264E+02   9.8445901E+00   2.5682005E+05   6.3148254E+06   6.3426844E+06   0.0000000E+00   0.0000000E+00   0.0000000E+00   0.0000000E+00   0.0000000E+00
   2.8885133E-02   5.9199744E+06   5.9199744E+06   4.0726146E+02   8.0628762E+00   2.1798964E+05   5.8937610E+06   5.9199744E+06   0.0000000E+00   0.0000000E+00   0.0000000E+00   0.0000000E+00   0.0000000E+00
   3.1031722E-02   5.5048596E+06   5.5048596E+06   3.2145833E+02   6.5748421E+00   1.8386288E+05   5.4803041E+06   5.5048596E+06   0.0000000E+00   0.0000000E+00   0.0000000E+00   0.0000000E+00   0.0000000E+00
   3.3323894E-02   5.1046982E+06   5.1046982E+06   2.5798678E+02   5.3454634E+00   1.5472612E+05   5.0817750E+06   5.1046982E+06   0.0000000E+00   0.0000000E+00   0.0000000E+00   0.0000000E+00   0.0000000E+00
   3.5754572E-02   4.7279854E+06   4.7279854E+06   2.1859851E+02   4.3435023E+00   1.3015271E+05   4.7066258E+06   4.7279854E+06   0.0000000E+00   0.0000000E+00   0.0000000E+00   0.0000000E+00   0.0000000E+00
   3.8303468E-02   4.3834463E+06   4.3834463E+06   1.8258627E+02   3.5399540E+00   1.0937772E+05   4.3635365E+06   4.3834463E+06   0.0000000E+00   0.0000000E+00   0.0000000E+00   0.0000000E+00   0.0000000E+00
   4.0936635E-02   4.0782422E+06   4.0782422E+06   1.3738437E+02   2.9052154E+00   9.2844768E+04   4.0596309E+06   4.0782422E+06   0.0000000E+00   0.0000000E+00   0.0000000E+00   0.0000000E+00   0.0000000E+00
   4.3613106E-02   3.8159206E+06   3.8159206E+06   1.2125802E+02   2.4104271E+00   7.9268247E+04   3.7984346E+06   3.8159206E+06   0.0000000E+00   0.0000000E+00   0.0000000E+00   0.0000000E+00   0.0000000E+00
   4.6296263E-02   3.5954409E+06   3.5954409E+06   9.7381243E+01   2.0262486E+00   6.8773010E+04   3.5789065E+06   3.5954409E+06   0.0000000E+00   0.0000000E+00   0.0000000E+00   0.0000000E+00   0.0000000E+00
   4.8962405E-02   3.4119655E+06   3.4119655E+06   8.3279506E+01   1.7267529E+00   6.0093685E+04   3.3962265E+06   3.4119655E+06   0.0000000E+00   0.0000000E+00   0.0000000E+00   0.0000000E+00   0.0000000E+00
   5.1602104E-02   3.2586524E+06   3.2586524E+06   7.2088341E+01   1.4901703E+00   5.3372039E+04   3.2435805E+06   3.2586524E+06   0.0000000E+00   0.0000000E+00   0.0000000E+00   0.0000000E+00   0.0000000E+00
   5.4216522E-02   3.1282703E+06   3.1282703E+06   6.2060933E+01   1.3000304E+00   4.7622578E+04   3.1137677E+06   3.1282703E+06   0.0000000E+00   0.0000000E+00   0.0000000E+00   0.0000000E+00   0.0000000E+00
   5.6812801E-02   3.0141391E+06   3.0141391E+06   5.4320009E+01   1.1437940E+00   4.3007030E+04   3.0001369E+06   3.0141391E+06   0.0000000E+00   0.0000000E+00   0.0000000E+00   0.0000000E+00   0.0000000E+00
   5.9400662E-02   2.9105134E+06   2.9105134E+06   4.9032507E+01   1.0128094E+00   3.8879709E+04   2.8969679E+06   2.9105134E+06   0.0000000E+00   0.0000000E+00   0.0000000E+00   0.0000000E+00   0.0000000E+00
   6.1990441E-02   2.8126711E+06   2.8126711E+06   4.1405231E+01   9.0073688E-01   3.5418515E+04   2.7995594E+06   2.8126711E+06   0.0000000E+00   0.0000000E+00   0.0000000E+00   0.0000000E+00   0.0000000E+00
   6.4592147E-02   2.7168922E+06   2.7168922E+06   3.9574862E+01   8.0315420E-01   3.2212577E+04   2.7042082E+06   2.7168922E+06   0.0000000E+00   0.0000000E+00   0.0000000E+00   0.0000000E+00   0.0000000E+00
   6.7215093E-02   2.6204152E+06   2.6204152E+06   3.2196849E+01   7.1686471E-01   2.9392851E+04   2.6081650E+06   2.6204152E+06   0.0000000E+00   0.0000000E+00   0.0000000E+00   0.0000000E+00   0.0000000E+00
   6.9867817E-02   2.5213968E+06   2.5213968E+06   3.1584993E+01   6.3976522E-01   2.6742137E+04   2.5095951E+06   2.5213968E+06   0.0000000E+00   0.0000000E+00   0.0000000E+00   0.0000000E+00   0.0000000E+00
   7.2558133E-02   2.4188785E+06   2.4188785E+06   2.5696021E+01   5.7031693E-01   2.4365487E+04   2.4075438E+06   2.4188785E+06   0.0000000E+00   0.0000000E+00   0.0000000E+00   0.0000000E+00   0.0000000E+00
   7.5293224E-02   2.3127465E+06   2.3127465E+06   2.3843889E+01   5.0751162E-01   2.2053697E+04   2.3018976E+06   2.3127465E+06   0.0000000E+00   0.0000000E+00   0.0000000E+00   0.0000000E+00   0.0000000E+00
   7.8079751E-02   2.2036732E+06   2.2036732E+06   2.2061183E+01   4.5066644E-01   2.0023258E+04   2.1933260E+06   2.2036732E+06   0.0000000E+00   0.0000000E+00   0.0000000E+00   0.0000000E+00   0.0000000E+00
   8.0923957E-02   2.0930274E+06   2.0930274E+06   1.8214840E+01   3.9936498E-01   1.8108777E+04   2.0831908E+06   2.0930274E+06   0.0000000E+00   0.0000000E+00   0.0000000E+00   0.0000000E+00   0.0000000E+00
   8.3831750E-02   1.9827416E+06   1.9827416E+06   1.5616616E+01   3.5330372E-01   1.6322350E+04   1.9734155E+06   1.9827416E+06   0.0000000E+00   0.0000000E+00   0.0000000E+00   0.0000000E+00   0.0000000E+00
   8.6808782E-02   1.8751325E+06   1.8751325E+06   1.3784674E+01   3.1227040E-01   1.4710126E+04   1.8663056E+06   1.8751325E+06   0.0000000E+00   0.0000000E+00   0.0000000E+00   0.0000000E+00   0.0000000E+00
   8.9860512E-02   1.7726746E+06   1.7726746E+06   1.2244568E+01   2.7603755E-01   1.3277470E+04   1.7643238E+06   1.7726746E+06   0.0000000E+00   0.0000000E+00   0.0000000E+00   0.0000000E+00   0.0000000E+00
   9.2992256E-02   1.6777361E+06   1.6777361E+06   1.1273782E+01   2.4438696E-01   1.2008534E+04   1.6698271E+06   1.6777361E+06   0.0000000E+00   0.0000000E+00   0.0000000E+00   0.0000000E+00   0.0000000E+00
   9.6209230E-02   1.5922956E+06   1.5922956E+06   1.0443608E+01   2.1701194E-01   1.0872729E+04   1.5847845E+06   1.5922956E+06   0.0000000E+00   0.0000000E+00   0.0000000E+00   0.0000000E+00   0.0000000E+00
   9.9516585E-02   1.5176666E+06   1.5176666E+06   8.5238162E+00   1.9354199E-01   9.9050580E+03   1.5105032E+06   1.5176666E+06   0.0000000E+00   0.0000000E+00   0.0000000E+00   0.0000000E+00   0.0000000E+00
   1.0291944E-01   1.4542652E+06   1.4542652E+06   8.3128118E+00   1.7353159E-01   9.0972570E+03   1.4473971E+06   1.4542652E+06   0.0000000E+00   0.0000000E+00   0.0000000E+00   0.0000000E+00   0.0000000E+00
   1.0642288E-01   1.4014633E+06   1.4014633E+06   6.8578049E+00   1.5647117E-01   8.3958091E+03   1.3948410E+06   1.4014633E+06   0.0000000E+00   0.0000000E+00   0.0000000E+00   0.0000000E+00   0.0000000E+00
   1.1003203E-01   1.3575642E+06   1.3575642E+06   6.3281436E+00   1.4181704E-01   7.7785227E+03   1.3511461E+06   1.3575642E+06   0.0000000E+00   0.0000000E+00   0.0000000E+00   0.0000000E+00   0.0000000E+00
   1.1375200E-01   1.3199345E+06   1.3199345E+06   5.8675376E+00   1.2901878E-01   7.2515351E+03   1.3136912E+06   1.3199345E+06   0.0000000E+00   0.0000000E+00   0.0000000E+00   0.0000000E+00   0.0000000E+00
   1.1758794E-01   1.2853023E+06   1.2853023E+06   5.2377932E+00   1.1757335E-01   6.7792865E+03   1.2792202E+06   1.2853023E+06   0.0000000E+00   0.0000000E+00   0.0000000E+00   0.0000000E+00   0.0000000E+00
   1.2154505E-01   1.2502085E+06   1.2502085E+06   4.7824104E+00   1.0705063E-01   6.3455060E+03   1.2442899E+06   1.2502085E+06   0.0000000E+00   0.0000000E+00   0.0000000E+00   0.0000000E+00   0.0000000E+00
   1.2562857E-01   1.2115588E+06   1.2115588E+06   4.5878061E+00   9.7140899E-02   5.8992996E+03   1.2058208E+06   1.2115588E+06   0.0000000E+00   0.0000000E+00   0.0000000E+00   0.0000000E+00   0.0000000E+00
   1.2984380E-01   1.1671921E+06   1.1671921E+06   3.9536814E+00   8.7661077E-02   5.4758010E+03   1.1616621E+06   1.1671921E+06   0.0000000E+00   0.0000000E+00   0.0000000E+00   0.0000000E+00   0.0000000E+00
   1.3419608E-01   1.1163489E+06   1.1163489E+06   3.4545206E+00   7.8566732E-02   5.0323130E+03   1.1110579E+06   1.1163489E+06   0.0000000E+00   0.0000000E+00   0.0000000E+00   0.0000000E+00   0.0000000E+00
   1.3869084E-01   1.0599166E+06   1.0599166E+06   3.0828651E+00   6.9923597E-02   4.5996427E+03   1.0548913E+06   1.0599166E+06   0.0000000E+00   0.0000000E+00   0.0000000E+00   0.0000000E+00   0.0000000E+00
   1.4333357E-01   1.0003466E+06   1.0003466E+06   2.7235702E+00   6.1872986E-02   4.1887759E+03   9.9560233E+05   1.0003466E+06   0.0000000E+00   0.0000000E+00   0.0000000E+00   0.0000000E+00   0.0000000E+00
   1.4812981E-01   9.4119614E+05   9.4119614E+05   2.5606075E+00   5.4580938E-02   3.8008563E+03   9.3673102E+05   9.4119614E+05   0.0000000E+00   0.0000000E+00   0.0000000E+00   0.0000000E+00   0.0000000E+00
   1.5308523E-01   8.8633562E+05   8.8633562E+05   2.1140272E+00   4.8184238E-02   3.4533829E+03   8.8212956E+05   8.8633562E+05   0.0000000E+00   0.0000000E+00   0.0000000E+00   0.0000000E+00   0.0000000E+00
   1.5820553E-01   8.3897330E+05   8.3897330E+05   1.9082887E+00   4.2739923E-02   3.1538739E+03   8.3499092E+05   8.3897330E+05   0.0000000E+00   0.0000000E+00   0.0000000E+00   0.0000000E+00   0.0000000E+00
   1.6349656E-01   8.0074108E+05   8.0074108E+05   1.6914428E+00   3.8207585E-02   2.9107379E+03   7.9693921E+05   8.0074108E+05   0.0000000E+00   0.0000000E+00   0.0000000E+00   0.0000000E+00   0.0000000E+00
   1.6896425E-01   7.7113214E+05   7.7113214E+05   1.5282615E+00   3.4447578E-02   2.7166054E+03   7.6746997E+05   7.7113214E+05   0.0000000E+00   0.0000000E+00   0.0000000E+00   0.0000000E+00   0.0000000E+00
   1.7461465E-01   7.4753490E+05   7.4753490E+05   1.4461411E+00   3.1255199E-02   2.5459670E+03   7.4398400E+05   7.4753490E+05   0.0000000E+00   0.0000000E+00   0.0000000E+00   0.0000000E+00   0.0000000E+00
   1.8045396E-01   7.2595764E+05   7.2595764E+05   1.3123532E+00   2.8409653E-02   2.3996629E+03   7.2250849E+05   7.2595764E+05   0.0000000E+00   0.0000000E+00   0.0000000E+00   0.0000000E+00   0.0000000E+00
   1.8648853E-01   7.0230280E+05   7.0230280E+05   1.1881287E+00   2.5731355E-02   2.2515006E+03   6.9896536E+05   7.0230280E+05   0.0000000E+00   0.0000000E+00   0.0000000E+00   0.0000000E+00   0.0000000E+00
   1.9272491E-01   6.7380250E+05   6.7380250E+05   1.0589145E+00   2.3122772E-02   2.0940671E+03   6.7059990E+05   6.7380250E+05   0.0000000E+00   0.0000000E+00   0.0000000E+00   0.0000000E+00   0.0000000E+00
   1.9916984E-01   6.4007201E+05   6.4007201E+05   9.3306365E-01   2.0581950E-02   1.9358964E+03   6.3702918E+05   6.4007201E+05   0.0000000E+00   0.0000000E+00   0.0000000E+00   0.0000000E+00   0.0000000E+00
   2.0583032E-01   6.0328517E+05   6.0328517E+05   8.0691461E-01   1.8182242E-02   1.7736600E+03   6.0041674E+05   6.0328517E+05   0.0000000E+00   0.0000000E+00   0.0000000E+00   0.0000000E+00   0.0000000E+00
   2.1271364E-01   5.6727088E+05   5.6727088E+05   7.2167332E-01   1.6023829E-02   1.6236860E+03   5.6457326E+05   5.6727088E+05   0.0000000E+00   0.0000000E+00   0.0000000E+00   0.0000000E+00   0.0000000E+00
   2.1982742E-01   5.3580436E+05   5.3580436E+05   6.4616534E-01   1.4180550E-02   1.4918655E+03   5.3325599E+05   5.3580436E+05   0.0000000E+00   0.0000000E+00   0.0000000E+00   0.0000000E+00   0.0000000E+00
   2.2717966E-01   5.1082429E+05   5.1082429E+05   5.8106702E-01   1.2660006E-02   1.3879270E+03   5.0839439E+05   5.1082429E+05   0.0000000E+00   0.0000000E+00   0.0000000E+00   0.0000000E+00   0.0000000E+00
   2.3477883E-01   4.9148091E+05   4.9148091E+05   5.2280604E-01   1.1401616E-02   1.3024361E+03   4.8914271E+05   4.9148091E+05   0.0000000E+00   0.0000000E+00   0.0000000E+00   0.0000000E+00   0.0000000E+00
   2.4263389E-01   4.7461819E+05   4.7461819E+05   4.5755983E-01   1.0305271E-02   1.2284459E+03   4.7235992E+05   4.7461819E+05   0.0000000E+00   0.0000000E+00   0.0000000E+00   0.0000000E+00   0.0000000E+00
   2.5075443E-01   4.5655822E+05   4.5655822E+05   4.1826227E-01   9.2804038E-03   1.1546331E+03   4.5438563E+05   4.5655822E+05   0.0000000E+00   0.0000000E+00   0.0000000E+00   0.0000000E+00   0.0000000E+00
   2.5915071E-01   4.3523696E+05   4.3523696E+05   3.6946521E-01   8.2858901E-03   1.0771066E+03   4.3316560E+05   4.3523696E+05   0.0000000E+00   0.0000000E+00   0.0000000E+00   0.0000000E+00   0.0000000E+00
   2.6783381E-01   4.1137313E+05   4.1137313E+05   3.3483066E-01   7.3366299E-03   9.9709699E+02   4.0941514E+05   4.1137313E+05   0.0000000E+00   0.0000000E+00   0.0000000E+00   0.0000000E+00   0.0000000E+00
   2.7681572E-01   3.8782442E+05   3.8782442E+05   2.9468490E-01   6.4794291E-03   9.2115876E+02   3.8597833E+05   3.8782442E+05   0.0000000E+00   0.0000000E+00   0.0000000E+00   0.0000000E+00   0.0000000E+00
   2.8610950E-01   3.6746816E+05   3.6746816E+05   2.5895933E-01   5.7487183E-03   8.5550976E+02   3.6571880E+05   3.6746816E+05   0.0000000E+00   0.0000000E+00   0.0000000E+00   0.0000000E+00   0.0000000E+00
   2.9572944E-01   3.5109189E+05   3.5109189E+05   2.3360874E-01   5.1406332E-03   8.0242685E+02   3.4942034E+05   3.5109189E+05   0.0000000E+00   0.0000000E+00   0.0000000E+00   0.0000000E+00   0.0000000E+00
   3.0569126E-01   3.3693612E+05   3.3693612E+05   2.0741716E-01   4.6159672E-03   7.5613446E+02   3.3533184E+05   3.3693612E+05   0.0000000E+00   0.0000000E+00   0.0000000E+00   0.0000000E+00   0.0000000E+00
   3.1601230E-01   3.2232191E+05   3.2232191E+05   1.8744366E-01   4.1318025E-03   7.1117030E+02   3.2078709E+05   3.2232191E+05   0.0000000E+00   0.0000000E+00   0.0000000E+00   0.0000000E+00   0.0000000E+00
   3.2671184E-01   3.0600488E+05   3.0600488E+05   1.6562903E-01   3.6710896E-03   6.6358441E+02   3.0454765E+05   3.0600488E+05   0.0000000E+00   0.0000000E+00   0.0000000E+00   0.0000000E+00   0.0000000E+00
   3.3781137E-01   2.8911174E+05   2.8911174E+05   1.4684696E-01   3.2455708E-03   6.1762141E+02   2.8773486E+05   2.8911174E+05   0.0000000E+00   0.0000000E+00   0.0000000E+00   0.0000000E+00   0.0000000E+00
   3.4933497E-01   2.7374479E+05   2.7374479E+05   1.2913460E-01   2.8743437E-03   5.7581664E+02   2.7244101E+05   2.7374479E+05   0.0000000E+00   0.0000000E+00   0.0000000E+00   0.0000000E+00   0.0000000E+00
   3.6130979E-01   2.6069181E+05   2.6069181E+05   1.1530256E-01   2.5589192E-03   5.4036009E+02   2.5945012E+05   2.6069181E+05   0.0000000E+00   0.0000000E+00   0.0000000E+00   0.0000000E+00   0.0000000E+00
   3.7376655E-01   2.4873434E+05   2.4873434E+05   1.0257249E-01   2.2813090E-03   5.0856656E+02   2.4754954E+05   2.4873434E+05   0.0000000E+00   0.0000000E+00   0.0000000E+00   0.0000000E+00   0.0000000E+00
   3.8674027E-01   2.3630901E+05   2.3630901E+05   9.1318146E-02   2.0244517E-03   4.7666810E+02   2.3518333E+05   2.3630901E+05   0.0000000E+00   0.0000000E+00   0.0000000E+00   0.0000000E+00   0.0000000E+00
   4.0027102E-01   2.2341784E+05   2.2341784E+05   8.0538442E-02   1.7873222E-03   4.4491766E+02   2.2235351E+05   2.2341784E+05   0.0000000E+00   0.0000000E+00   0.0000000E+00   0.0000000E+00   0.0000000E+00
   4.1440501E-01   2.1130977E+05   2.1130977E+05   7.0883358E-02   1.5773640E-03   4.1574757E+02   2.1030308E+05   2.1130977E+05   0.0000000E+00   0.0000000E+00   0.0000000E+00   0.0000000E+00   0.0000000E+00
   4.2919581E-01   2.0050076E+05   2.0050076E+05   6.2567538E-02   1.3953097E-03   3.8978243E+02   1.9954552E+05   2.0050076E+05   0.0000000E+00   0.0000000E+00   0.0000000E+00   0.0000000E+00   0.0000000E+00
   4.4470598E-01   1.9013873E+05   1.9013873E+05   5.5449613E-02   1.2324980E-03   3.6556413E+02   1.8923281E+05   1.9013873E+05   0.0000000E+00   0.0000000E+00   0.0000000E+00   0.0000000E+00   0.0000000E+00
   4.6100909E-01   1.7958330E+05   1.7958330E+05   4.8628907E-02   1.0834012E-03   3.4153073E+02   1.7872765E+05   1.7958330E+05   0.0000000E+00   0.0000000E+00   0.0000000E+00   0.0000000E+00   0.0000000E+00
   4.7819234E-01   1.6936228E+05   1.6936228E+05   4.2594516E-02   9.4972811E-04   3.1880705E+02   1.6855529E+05   1.6936228E+05   0.0000000E+00   0.0000000E+00   0.0000000E+00   0.0000000E+00   0.0000000E+00
   4.9635983E-01   1.5989405E+05   1.5989405E+05   3.7348613E-02   8.3223404E-04   2.9799594E+02   1.5913214E+05   1.5989405E+05   0.0000000E+00   0.0000000E+00   0.0000000E+00   0.0000000E+00   0.0000000E+00
   5.1563689E-01   1.5069173E+05   1.5069173E+05   3.2610289E-02   7.2680828E-04   2.7825390E+02   1.4997365E+05   1.5069173E+05   0.0000000E+00   0.0000000E+00   0.0000000E+00   0.0000000E+00   0.0000000E+00
   5.3617559E-01   1.4156172E+05   1.4156172E+05   2.8331299E-02   6.3154492E-04   2.5899268E+02   1.4088713E+05   1.4156172E+05   0.0000000E+00   0.0000000E+00   0.0000000E+00   0.0000000E+00   0.0000000E+00
   5.5816186E-01   1.3285296E+05   1.3285296E+05   2.4548898E-02   5.4694535E-04   2.4088653E+02   1.3221985E+05   1.3285296E+05   0.0000000E+00   0.0000000E+00   0.0000000E+00   0.0000000E+00   0.0000000E+00
   5.8182449E-01   1.2441729E+05   1.2441729E+05   2.1147759E-02   4.7143972E-04   2.2367933E+02   1.2382436E+05   1.2441729E+05   0.0000000E+00   0.0000000E+00   0.0000000E+00   0.0000000E+00   0.0000000E+00
   6.0744648E-01   1.1611222E+05   1.1611222E+05   1.8104682E-02   4.0366650E-04   2.0705017E+02   1.1555884E+05   1.1611222E+05   0.0000000E+00   0.0000000E+00   0.0000000E+00   0.0000000E+00   0.0000000E+00
   6.3537841E-01   1.0807931E+05   1.0807931E+05   1.5402317E-02   3.4344478E-04   1.9120922E+02   1.0756421E+05   1.0807931E+05   0.0000000E+00   0.0000000E+00   0.0000000E+00   0.0000000E+00   0.0000000E+00
   6.6605290E-01   1.0019147E+05   1.0019147E+05   1.2993381E-02   2.8975278E-04   1.7589978E+02   9.9713944E+04   1.0019147E+05   0.0000000E+00   0.0000000E+00   0.0000000E+00   0.0000000E+00   0.0000000E+00
   6.9999698E-01   9.2486459E+04   9.2486459E+04   1.0858286E-02   2.4217204E-04   1.6116395E+02   9.2045647E+04   9.2486459E+04   0.0000000E+00   0.0000000E+00   0.0000000E+00   0.0000000E+00   0.0000000E+00
   7.3783518E-01   8.4936974E+04   8.4936974E+04   8.9752385E-03   2.0018577E-04   1.4696181E+02   8.4532135E+04   8.4936974E+04   0.0000000E+00   0.0000000E+00   0.0000000E+00   0.0000000E+00   0.0000000E+00
   7.8027037E-01   7.7569768E+04   7.7569768E+04   7.3288028E-03   1.6348819E-04   1.3328244E+02   7.7200035E+04   7.7569768E+04   0.0000000E+00   0.0000000E+00   0.0000000E+00   0.0000000E+00   0.0000000E+00
   8.2802611E-01   7.0412328E+04   7.0412328E+04   5.9068788E-03   1.3178492E-04   1.2018980E+02   7.0076703E+04   7.0412328E+04   0.0000000E+00   0.0000000E+00   0.0000000E+00   0.0000000E+00   0.0000000E+00
   8.8174323E-01   6.3530641E+04   6.3530641E+04   4.7030216E-03   1.0486655E-04   1.0776137E+02   6.3227811E+04   6.3530641E+04   0.0000000E+00   0.0000000E+00   0.0000000E+00   0.0000000E+00   0.0000000E+00
   9.4185946E-01   5.7007195E+04   5.7007195E+04   3.6960118E-03   8.2474627E-05   9.6134805E+01   5.6735455E+04   5.7007195E+04   0.0000000E+00   0.0000000E+00   0.0000000E+00   0.0000000E+00   0.0000000E+00
   1.0085478E+00   5.0923874E+04   5.0923874E+04   2.8791697E-03   6.4256394E-05   8.5415340E+01   5.0681127E+04   5.0923874E+04   0.0000000E+00   0.0000000E+00   0.0000000E+00   0.0000000E+00   0.0000000E+00
   1.0817805E+00   4.5341162E+04   4.5341162E+04   2.2279712E-03   4.9730143E-05   7.5692878E+01   4.5125023E+04   4.5341162E+04   0.0000000E+00   0.0000000E+00   0.0000000E+00   0.0000000E+00   0.0000000E+00
   1.1614877E+00   4.0284881E+04   4.0284881E+04   1.7170081E-03   3.8330623E-05   6.6963114E+01   4.0092843E+04   4.0284881E+04   0.0000000E+00   0.0000000E+00   0.0000000E+00   0.0000000E+00   0.0000000E+00
   1.2477023E+00   3.5745425E+04   3.5745425E+04   1.3201649E-03   2.9475421E-05   5.9195086E+01   3.5575025E+04   3.5745425E+04   0.0000000E+00   0.0000000E+00   0.0000000E+00   0.0000000E+00   0.0000000E+00
   1.3406189E+00   3.1690682E+04   3.1690682E+04   1.0137288E-03   2.2636301E-05   5.2306883E+01   3.1539608E+04   3.1690682E+04   0.0000000E+00   0.0000000E+00   0.0000000E+00   0.0000000E+00   0.0000000E+00
   1.4405807E+00   2.8079451E+04   2.8079451E+04   7.7716383E-04   1.7371011E-05   4.6215904E+01   2.7945592E+04   2.8079451E+04   0.0000000E+00   0.0000000E+00   0.0000000E+00   0.0000000E+00   0.0000000E+00
   1.5480417E+00   2.4867522E+04   2.4867522E+04   5.9658577E-04   1.3323297E-05   4.0825650E+01   2.4748974E+04   2.4867522E+04   0.0000000E+00   0.0000000E+00   0.0000000E+00   0.0000000E+00   0.0000000E+00
   1.6635332E+00   2.2013536E+04   2.2013536E+04   4.5731669E-04   1.0214217E-05   3.6062112E+01   2.1908592E+04   2.2013536E+04   0.0000000E+00   0.0000000E+00   0.0000000E+00   0.0000000E+00   0.0000000E+00
   1.7876448E+00   1.9478988E+04   1.9478988E+04   3.5048491E-04   7.8273469E-06   3.1849784E+01   1.9386127E+04   1.9478988E+04   0.0000000E+00   0.0000000E+00   0.0000000E+00   0.0000000E+00   0.0000000E+00
   1.9210169E+00   1.7229501E+04   1.7229501E+04   2.6840923E-04   5.9959879E-06   2.8125415E+01   1.7147363E+04   1.7229501E+04   0.0000000E+00   0.0000000E+00   0.0000000E+00   0.0000000E+00   0.0000000E+00
   2.0643397E+00   1.5233906E+04   1.5233906E+04   2.0549380E-04   4.5913918E-06   2.4832821E+01   1.5161282E+04   1.5233906E+04   0.0000000E+00   0.0000000E+00   0.0000000E+00   0.0000000E+00   0.0000000E+00
   2.2183556E+00   1.3464457E+04   1.3464457E+04   1.5727277E-04   3.5145884E-06   2.1920496E+01   1.3400268E+04   1.3464457E+04   0.0000000E+00   0.0000000E+00   0.0000000E+00   0.0000000E+00   0.0000000E+00
   2.3838623E+00   1.1896250E+04   1.1896250E+04   1.2032678E-04   2.6893605E-06   1.9347210E+01   1.1839536E+04   1.1896250E+04   0.0000000E+00   0.0000000E+00   0.0000000E+00   0.0000000E+00   0.0000000E+00
   2.5617171E+00   1.0507008E+04   1.0507008E+04   9.2153081E-05   2.0572496E-06   1.7071208E+01   1.0456917E+04   1.0507008E+04   0.0000000E+00   0.0000000E+00   0.0000000E+00   0.0000000E+00   0.0000000E+00
   2.7528412E+00   9.2768491E+03   9.2768491E+03   7.0366234E-05   1.5731941E-06   1.5060526E+01   9.2326229E+03   9.2768491E+03   0.0000000E+00   0.0000000E+00   0.0000000E+00   0.0000000E+00   0.0000000E+00
   2.9582248E+00   8.1880180E+03   8.1880180E+03   5.3744131E-05   1.2026649E-06   1.3283689E+01   8.1489825E+03   8.1880180E+03   0.0000000E+00   0.0000000E+00   0.0000000E+00   0.0000000E+00   0.0000000E+00
   3.1789315E+00   7.2246703E+03   7.2246703E+03   4.1094735E-05   9.1914391E-07   1.1713455E+01   7.1902274E+03   7.2246703E+03   0.0000000E+00   0.0000000E+00   0.0000000E+00   0.0000000E+00   0.0000000E+00
   3.4161047E+00   6.3726809E+03   6.3726809E+03   3.1419445E-05   7.0226158E-07   1.0326706E+01   6.3422997E+03   6.3726809E+03   0.0000000E+00   0.0000000E+00   0.0000000E+00   0.0000000E+00   0.0000000E+00
   3.6709728E+00   5.6194656E+03   5.6194656E+03   2.3969389E-05   5.3641709E-07   9.1018608E+00   5.5926753E+03   5.6194656E+03   0.0000000E+00   0.0000000E+00   0.0000000E+00   0.0000000E+00   0.0000000E+00
   3.9448561E+00   4.9538202E+03   4.9538202E+03   1.8296887E-05   4.0963260E-07   8.0204770E+00   4.9302033E+03   4.9538202E+03   0.0000000E+00   0.0000000E+00   0.0000000E+00   0.0000000E+00   0.0000000E+00
   4.2391733E+00   4.3657752E+03   4.3657752E+03   1.3962996E-05   3.1274456E-07   7.0658863E+00   4.3449617E+03   4.3657752E+03   0.0000000E+00   0.0000000E+00   0.0000000E+00   0.0000000E+00   0.0000000E+00
   4.5554488E+00   3.8464654E+03   3.8464654E+03   1.0653186E-05   2.3871871E-07   6.2235690E+00   3.8281276E+03   3.8464654E+03   0.0000000E+00   0.0000000E+00   0.0000000E+00   0.0000000E+00   0.0000000E+00
   4.8953209E+00   3.3880114E+03   3.3880114E+03   8.1264750E-06   1.8217957E-07   5.4803137E+00   3.3718593E+03   3.3880114E+03   0.0000000E+00   0.0000000E+00   0.0000000E+00   0.0000000E+00   0.0000000E+00
   5.2605502E+00   2.9834148E+03   2.9834148E+03   6.1973100E-06   1.3900542E-07   4.8248246E+00   2.9691916E+03   2.9834148E+03   0.0000000E+00   0.0000000E+00   0.0000000E+00   0.0000000E+00   0.0000000E+00
   5.6530284E+00   2.6264623E+03   2.6264623E+03   4.7239154E-06   1.0604591E-07   4.2466044E+00   2.6139408E+03   2.6264623E+03   0.0000000E+00   0.0000000E+00   0.0000000E+00   0.0000000E+00   0.0000000E+00
   6.0747886E+00   2.3116409E+03   2.3116409E+03   3.6007597E-06   8.0889836E-08   3.7369649E+00   2.3006203E+03   2.3116409E+03   0.0000000E+00   0.0000000E+00   0.0000000E+00   0.0000000E+00   0.0000000E+00
   6.5280154E+00   2.0340613E+03   2.0340613E+03   2.7436574E-06   6.1694022E-08   3.2877213E+00   2.0243640E+03   2.0340613E+03   0.0000000E+00   0.0000000E+00   0.0000000E+00   0.0000000E+00   0.0000000E+00
   7.0150564E+00   1.7893892E+03   1.7893892E+03   2.0902168E-06   4.7048928E-08   2.8918548E+00   1.7808584E+03   1.7893892E+03   0.0000000E+00   0.0000000E+00   0.0000000E+00   0.0000000E+00   0.0000000E+00
   7.5384345E+00   1.5737847E+03   1.5737847E+03   1.5917217E-06   3.5878042E-08   2.5431012E+00   1.5662817E+03   1.5737847E+03   0.0000000E+00   0.0000000E+00   0.0000000E+00   0.0000000E+00   0.0000000E+00
   8.1008608E+00   1.3838467E+03   1.3838467E+03   1.2121973E-06   2.7358456E-08   2.2359577E+00   1.3772493E+03   1.3838467E+03   0.0000000E+00   0.0000000E+00   0.0000000E+00   0.0000000E+00   0.0000000E+00
