#           k/h    CDM            baryon         photon         nu             mass_nu        total          no_nu          total_de       Weyl           v_CDM          v_b            v_b-v_c     
   1.0471011E-05   1.5476675E+07   1.5476675E+07   2.0626815E+07   1.0108267E+04   1.4130556E+07   1.5476692E+07   1.5476675E+07   0.0000000E+00   0.0000000E+00   0.0000000E+00   0.0000000E+00   0.0000000E+00
   1.1252231E-05   1.5476672E+07   1.5476672E+07   2.0625457E+07   1.0107839E+04   1.4130306E+07   1.5476689E+07   1.5476672E+07   0.0000000E+00   0.0000000E+00   0.0000000E+00   0.0000000E+00   0.0000000E+00
   1.2091735E-05   1.5476669E+07   1.5476669E+07   2.0623888E+07   1.0107343E+04   1.4130017E+07   1.5476686E+07   1.5476669E+07   0.0000000E+00   0.0000000E+00   0.0000000E+00   0.0000000E+00   0.0000000E+00
   1.2993873E-05   1.5476665E+07   1.5476665E+07   2.0622077E+07   1.0106771E+04   1.4129683E+07   1.5476682E+07   1.5476665E+07   0.0000000E+00   0.0000000E+00   0.0000000E+00   0.0000000E+00   0.0000000E+00
   1.3963318E-05   1.5476660E+07   1.5476660E+07   2.0619986E+07   1.0106111E+04   1.4129298E+07   1.5476677E+07   1.5476660E+07   0.0000000E+00   0.0000000E+00   0.0000000E+00   0.0000000E+00   0.0000000E+00
   1.5005091E-05   1.5476655E+07   1.5476655E+07   2.0617571E+07   1.0105349E+04   1.4128853E+07   1.5476671E+07   1.5476655E+07   0.0000000E+00   0.0000000E+00   0.0000000E+00   0.0000000E+00   0.0000000E+00
   1.6124588E-05   1.5476649E+07   1.5476649E+07   2.0614784E+07   1.0104468E+04   1.4128340E+07   1.5476665E+07   1.5476649E+07   0.0000000E+00   0.0000000E+00   0.0000000E+00   0.0000000E+00   0.0000000E+00
   1.7327609E-05   1.5476642E+07   1.5476642E+07   2.0611564E+07   1.0103452E+04   1.4127747E+07   1.5476658E+07   1.5476642E+07   0.0000000E+00   0.0000000E+00   0.0000000E+00   0.0000000E+00   0.0000000E+00
   1.8620384E-05   1.5476634E+07   1.5476634E+07   2.0607848E+07   1.0102278E+04   1.4127062E+07   1.5476649E+07   1.5476634E+07   0.0000000E+00   0.0000000E+00   0.0000000E+00   0.0000000E+00   0.0000000E+00
   2.0009610E-05   1.5476624E+07   1.5476624E+07   2.0603556E+07   1.0100922E+04   1.4126272E+07   1.5476639E+07   1.5476624E+07   0.0000000E+00   0.0000000E+00   0.0000000E+00   0.0000000E+00   0.0000000E+00
   2.1502484E-05   1.5476613E+07   1.5476613E+07   2.0598602E+07   1.0099358E+04   1.4125360E+07   1.5476628E+07   1.5476613E+07   0.0000000E+00   0.0000000E+00   0.0000000E+00   0.0000000E+00   0.0000000E+00
   2.3106738E-05   1.5476601E+07   1.5476601E+07   2.0592882E+07   1.0097551E+04   1.4124307E+07   1.5476615E+07   1.5476601E+07   0.0000000E+00   0.0000000E+00   0.0000000E+00   0.0000000E+00   0.0000000E+00
   2.4830681E-05   1.5476586E+07   1.5476586E+07   2.0586279E+07   1.0095465E+04   1.4123091E+07   1.5476600E+07   1.5476586E+07   0.0000000E+00   0.0000000E+00   0.0000000E+00   0.0000000E+00   0.0000000E+00
   2.6683244E-05   1.5476570E+07   1.5476570E+07   2.0578656E+07   1.0093057E+04   1.4121688E+07   1.5476583E+07   1.5476570E+07   0.0000000E+00   0.0000000E+00   0.0000000E+00   0.0000000E+00   0.0000000E+00
   2.8674023E-05   1.5476550E+07   1.5476550E+07   2.0569856E+07   1.0090277E+04   1.4120069E+07   1.5476562E+07   1.5476550E+07   0.0000000E+00   0.0000000E+00   0.0000000E+00   0.0000000E+00   0.0000000E+00
   3.0813330E-05   1.5476528E+07   1.5476528E+07   2.0559699E+07   1.0087067E+04   1.4118200E+07   1.5476539E+07   1.5476528E+07   0.0000000E+00   0.0000000E+00   0.0000000E+00   0.0000000E+00   0.0000000E+00
   3.3112245E-05   1.5476502E+07   1.5476502E+07   2.0547976E+07   1.0083363E+04   1.4116044E+07   1.5476512E+07   1.5476502E+07   0.0000000E+00   0.0000000E+00   0.0000000E+00   0.0000000E+00   0.0000000E+00
   3.5582678E-05   1.5476473E+07   1.5476473E+07   2.0534445E+07   1.0079087E+04   1.4113556E+07   1.5476481E+07   1.5476473E+07   0.0000000E+00   0.0000000E+00   0.0000000E+00   0.0000000E+00   0.0000000E+00
   3.8237424E-05   1.5476438E+07   1.5476438E+07   2.0518831E+07   1.0074151E+04   1.4110686E+07   1.5476446E+07   1.5476438E+07   0.0000000E+00   0.0000000E+00   0.0000000E+00   0.0000000E+00   0.0000000E+00
   4.1090236E-05   1.5476399E+07   1.5476399E+07   2.0500814E+07   1.0068455E+04   1.4107375E+07   1.5476404E+07   1.5476399E+07   0.0000000E+00   0.0000000E+00   0.0000000E+00   0.0000000E+00   0.0000000E+00
   4.4155889E-05   1.5476353E+07   1.5476353E+07   2.0480027E+07   1.0061882E+04   1.4103557E+07   1.5476357E+07   1.5476353E+07   0.0000000E+00   0.0000000E+00   0.0000000E+00   0.0000000E+00   0.0000000E+00
   4.7450264E-05   1.5476301E+07   1.5476301E+07   2.0456047E+07   1.0054297E+04   1.4099155E+07   1.5476302E+07   1.5476301E+07   0.0000000E+00   0.0000000E+00   0.0000000E+00   0.0000000E+00   0.0000000E+00
   5.0990425E-05   1.5476240E+07   1.5476240E+07   2.0428388E+07   1.0045547E+04   1.4094081E+07   1.5476238E+07   1.5476240E+07   0.0000000E+00   0.0000000E+00   0.0000000E+00   0.0000000E+00   0.0000000E+00
   5.4794710E-05   1.5476169E+07   1.5476169E+07   2.0396491E+07   1.0035452E+04   1.4088234E+07   1.5476165E+07   1.5476169E+07   0.0000000E+00   0.0000000E+00   0.0000000E+00   0.0000000E+00   0.0000000E+00
   5.8882824E-05   1.5476088E+07   1.5476088E+07   2.0359715E+07   1.0023810E+04   1.4081497E+07   1.5476080E+07   1.5476088E+07   0.0000000E+00   0.0000000E+00   0.0000000E+00   0.0000000E+00   0.0000000E+00
   6.3275944E-05   1.5475994E+07   1.5475994E+07   2.0317325E+07   1.0010384E+04   1.4073739E+07   1.5475982E+07   1.5475994E+07   0.0000000E+00   0.0000000E+00   0.0000000E+00   0.0000000E+00   0.0000000E+00
   6.7996825E-05   1.5475886E+07   1.5475886E+07   2.0268477E+07   9.9949047E+03   1.4064809E+07   1.5475870E+07   1.5475886E+07   0.0000000E+00   0.0000000E+00   0.0000000E+00   0.0000000E+00   0.0000000E+00
   7.3069920E-05   1.5475761E+07   1.5475761E+07   2.0212204E+07   9.9770635E+03   1.4054534E+07   1.5475739E+07   1.5475761E+07   0.0000000E+00   0.0000000E+00   0.0000000E+00   0.0000000E+00   0.0000000E+00
   7.8521508E-05   1.5475617E+07   1.5475617E+07   2.0147405E+07   9.9565053E+03   1.4042720E+07   1.5475589E+07   1.5475617E+07   0.0000000E+00   0.0000000E+00   0.0000000E+00   0.0000000E+00   0.0000000E+00
   8.4379827E-05   1.5475451E+07   1.5475451E+07   2.0072818E+07   9.9328242E+03   1.4029143E+07   1.5475416E+07   1.5475451E+07   0.0000000E+00   0.0000000E+00   0.0000000E+00   0.0000000E+00   0.0000000E+00
   9.0675223E-05   1.5475259E+07   1.5475259E+07   1.9987009E+07   9.9055566E+03   1.4013554E+07   1.5475215E+07   1.5475259E+07   0.0000000E+00   0.0000000E+00   0.0000000E+00   0.0000000E+00   0.0000000E+00
   9.7440304E-05   1.5475038E+07   1.5475038E+07   1.9888347E+07   9.8741732E+03   1.3995669E+07   1.5474984E+07   1.5475038E+07   0.0000000E+00   0.0000000E+00   0.0000000E+00   0.0000000E+00   0.0000000E+00
   1.0471011E-04   1.5474782E+07   1.5474782E+07   1.9774983E+07   9.8380715E+03   1.3975173E+07   1.5474718E+07   1.5474782E+07   0.0000000E+00   0.0000000E+00   0.0000000E+00   0.0000000E+00   0.0000000E+00
   1.1252231E-04   1.5474488E+07   1.5474488E+07   1.9644828E+07   9.7965669E+03   1.3951710E+07   1.5474410E+07   1.5474488E+07   0.0000000E+00   0.0000000E+00   0.0000000E+00   0.0000000E+00   0.0000000E+00
   1.2091735E-04   1.5474148E+07   1.5474148E+07   1.9495530E+07   9.7488837E+03   1.3924890E+07   1.5474056E+07   1.5474148E+07   0.0000000E+00   0.0000000E+00   0.0000000E+00   0.0000000E+00   0.0000000E+00
   1.2993873E-04   1.5473756E+07   1.5473756E+07   1.9324451E+07   9.6941459E+03   1.3894280E+07   1.5473647E+07   1.5473756E+07   0.0000000E+00   0.0000000E+00   0.0000000E+00   0.0000000E+00   0.0000000E+00
   1.3963318E-04   1.5473304E+07   1.5473304E+07   1.9128650E+07   9.6313676E+03   1.3859408E+07   1.5473175E+07   1.5473304E+07   0.0000000E+00   0.0000000E+00   0.0000000E+00   0.0000000E+00   0.0000000E+00
   1.5005091E-04   1.5472782E+07   1.5472782E+07   1.8904867E+07   9.5594444E+03   1.3819768E+07   1.5472631E+07   1.5472782E+07   0.0000000E+00   0.0000000E+00   0.0000000E+00   0.0000000E+00   0.0000000E+00
   1.6124588E-04   1.5472182E+07   1.5472182E+07   1.8649516E+07   9.4771456E+03   1.3774818E+07   1.5472005E+07   1.5472182E+07   0.0000000E+00   0.0000000E+00   0.0000000E+00   0.0000000E+00   0.0000000E+00
   1.7327609E-04   1.5471490E+07   1.5471490E+07   1.8358689E+07   9.3831084E+03   1.3723996E+07   1.5471283E+07   1.5471490E+07   0.0000000E+00   0.0000000E+00   0.0000000E+00   0.0000000E+00   0.0000000E+00
   1.8620384E-04   1.5470693E+07   1.5470693E+07   1.8028175E+07   9.2758353E+03   1.3666726E+07   1.5470452E+07   1.5470693E+07   0.0000000E+00   0.0000000E+00   0.0000000E+00   0.0000000E+00   0.0000000E+00
   2.0009610E-04   1.5469776E+07   1.5469776E+07   1.7653502E+07   9.1536964E+03   1.3602444E+07   1.5469495E+07   1.5469776E+07   0.0000000E+00   0.0000000E+00   0.0000000E+00   0.0000000E+00   0.0000000E+00
   2.1502484E-04   1.5468721E+07   1.5468721E+07   1.7230006E+07   9.0149376E+03   1.3530620E+07   1.5468393E+07   1.5468721E+07   0.0000000E+00   0.0000000E+00   0.0000000E+00   0.0000000E+00   0.0000000E+00
   2.3106738E-04   1.5467507E+07   1.5467507E+07   1.6752945E+07   8.8576990E+03   1.3450797E+07   1.5467127E+07   1.5467507E+07   0.0000000E+00   0.0000000E+00   0.0000000E+00   0.0000000E+00   0.0000000E+00
   2.4830681E-04   1.5466112E+07   1.5466112E+07   1.6217654E+07   8.6800450E+03   1.3362638E+07   1.5465671E+07   1.5466112E+07   0.0000000E+00   0.0000000E+00   0.0000000E+00   0.0000000E+00   0.0000000E+00
   2.6683244E-04   1.5464510E+07   1.5464510E+07   1.5619771E+07   8.4800101E+03   1.3265986E+07   1.5463999E+07   1.5464510E+07   0.0000000E+00   0.0000000E+00   0.0000000E+00   0.0000000E+00   0.0000000E+00
   2.8674023E-04   1.5462671E+07   1.5462671E+07   1.4955528E+07   8.2556655E+03   1.3160934E+07   1.5462080E+07   1.5462671E+07   0.0000000E+00   0.0000000E+00   0.0000000E+00   0.0000000E+00   0.0000000E+00
   3.0813330E-04   1.5460563E+07   1.5460563E+07   1.4222135E+07   8.0052101E+03   1.3047912E+07   1.5459879E+07   1.5460563E+07   0.0000000E+00   0.0000000E+00   0.0000000E+00   0.0000000E+00   0.0000000E+00
   3.3112245E-04   1.5458147E+07   1.5458147E+07   1.3418256E+07   7.7270902E+03   1.2927776E+07   1.5457357E+07   1.5458147E+07   0.0000000E+00   0.0000000E+00   0.0000000E+00   0.0000000E+00   0.0000000E+00
   3.5582678E-04   1.5455382E+07   1.5455382E+07   1.2544578E+07   7.4201535E+03   1.2801904E+07   1.5454471E+07   1.5455382E+07   0.0000000E+00   0.0000000E+00   0.0000000E+00   0.0000000E+00   0.0000000E+00
   3.8237424E-04   1.5452222E+07   1.5452222E+07   1.1604466E+07   7.0838365E+03   1.2672272E+07   1.5451172E+07   1.5452222E+07   0.0000000E+00   0.0000000E+00   0.0000000E+00   0.0000000E+00   0.0000000E+00
   4.1090236E-04   1.5448614E+07   1.5448614E+07   1.0604671E+07   6.7183869E+03   1.2541505E+07   1.5447406E+07   1.5448614E+07   0.0000000E+00   0.0000000E+00   0.0000000E+00   0.0000000E+00   0.0000000E+00
   4.4155889E-04   1.5444502E+07   1.5444502E+07   9.5560299E+06   6.3251122E+03   1.2412858E+07   1.5443113E+07   1.5444502E+07   0.0000000E+00   0.0000000E+00   0.0000000E+00   0.0000000E+00   0.0000000E+00
   4.7450264E-04   1.5439821E+07   1.5439821E+07   8.4740534E+06   5.9066391E+03   1.2290105E+07   1.5438226E+07   1.5439821E+07   0.0000000E+00   0.0000000E+00   0.0000000E+00   0.0000000E+00   0.0000000E+00
   5.0990425E-04   1.5434502E+07   1.5434502E+07   7.3792682E+06   5.4671574E+03   1.2177276E+07   1.5432673E+07   1.5434502E+07   0.0000000E+00   0.0000000E+00   0.0000000E+00   0.0000000E+00   0.0000000E+00
   5.4794710E-04   1.5428469E+07   1.5428469E+07   6.2971004E+06   5.0126062E+03   1.2078209E+07   1.5426374E+07   1.5428469E+07   0.0000000E+00   0.0000000E+00   0.0000000E+00   0.0000000E+00   0.0000000E+00
   5.8882824E-04   1.5421638E+07   1.5421638E+07   5.2570737E+06   4.5507438E+03   1.1995883E+07   1.5419242E+07   1.5421638E+07   0.0000000E+00   0.0000000E+00   0.0000000E+00   0.0000000E+00   0.0000000E+00
   6.3275944E-04   1.5413917E+07   1.5413917E+07   4.2910706E+06   4.0910283E+03   1.1931545E+07   1.5411182E+07   1.5413917E+07   0.0000000E+00   0.0000000E+00   0.0000000E+00   0.0000000E+00   0.0000000E+00
   6.7996825E-04   1.5405205E+07   1.5405205E+07   3.4304746E+06   3.6442293E+03   1.1883711E+07   1.5402090E+07   1.5405205E+07   0.0000000E+00   0.0000000E+00   0.0000000E+00   0.0000000E+00   0.0000000E+00
   7.3069920E-04   1.5395395E+07   1.5395395E+07   2.7021773E+06   3.2216997E+03   1.1847257E+07   1.5391853E+07   1.5395395E+07   0.0000000E+00   0.0000000E+00   0.0000000E+00   0.0000000E+00   0.0000000E+00
   7.8521508E-04   1.5384364E+07   1.5384364E+07   2.1237629E+06   2.8342787E+03   1.1812927E+07   1.5380347E+07   1.5384364E+07   0.0000000E+00   0.0000000E+00   0.0000000E+00   0.0000000E+00   0.0000000E+00
   8.4379827E-04   1.5371980E+07   1.5371980E+07   1.6986700E+06   2.4908779E+03   1.1767745E+07   1.5367437E+07   1.5371980E+07   0.0000000E+00   0.0000000E+00   0.0000000E+00   0.0000000E+00   0.0000000E+00
   9.0675223E-04   1.5358096E+07   1.5358096E+07   1.4127128E+06   2.1969356E+03   1.1696826E+07   1.5352973E+07   1.5358096E+07   0.0000000E+00   0.0000000E+00   0.0000000E+00   0.0000000E+00   0.0000000E+00
   9.7440304E-04   1.5342548E+07   1.5342548E+07   1.2338171E+06   1.9530838E+03   1.1586838E+07   1.5336791E+07   1.5342548E+07   0.0000000E+00   0.0000000E+00   0.0000000E+00   0.0000000E+00   0.0000000E+00
   1.0471011E-03   1.5325157E+07   1.5325157E+07   1.1167870E+06   1.7545240E+03   1.1430745E+07   1.5318710E+07   1.5325157E+07   0.0000000E+00   0.0000000E+00   0.0000000E+00   0.0000000E+00   0.0000000E+00
   1.1252231E-03   1.5305724E+07   1.5305724E+07   1.0138665E+06   1.5916350E+03   1.1232362E+07   1.5298534E+07   1.5305724E+07   0.0000000E+00   0.0000000E+00   0.0000000E+00   0.0000000E+00   0.0000000E+00
   1.2091735E-03   1.5284037E+07   1.5284037E+07   8.8940594E+05   1.4521283E+03   1.1008063E+07   1.5276053E+07   1.5284037E+07   0.0000000E+00   0.0000000E+00   0.0000000E+00   0.0000000E+00   0.0000000E+00
   1.2993873E-03   1.5259869E+07   1.5259869E+07   7.3343652E+05   1.3245046E+03   1.0782613E+07   1.5251044E+07   1.5259869E+07   0.0000000E+00   0.0000000E+00   0.0000000E+00   0.0000000E+00   0.0000000E+00
   1.3963318E-03   1.5232982E+07   1.5232982E+07   5.6611147E+05   1.2017300E+03   1.0577905E+07   1.5223276E+07   1.5232982E+07   0.0000000E+00   0.0000000E+00   0.0000000E+00   0.0000000E+00   0.0000000E+00
   1.5005091E-03   1.5203131E+07   1.5203131E+07   4.2607435E+05   1.0833213E+03   1.0398413E+07   1.5192510E+07   1.5203131E+07   0.0000000E+00   0.0000000E+00   0.0000000E+00   0.0000000E+00   0.0000000E+00
   1.6124588E-03   1.5170063E+07   1.5170063E+07   3.4398157E+05   9.7413085E+02   1.0223619E+07   1.5158501E+07   1.5170063E+07   0.0000000E+00   0.0000000E+00   0.0000000E+00   0.0000000E+00   0.0000000E+00
   1.7327609E-03   1.5133514E+07   1.5133514E+07   3.1628408E+05   8.7973329E+02   1.0019220E+07   1.5120994E+07   1.5133514E+07   0.0000000E+00   0.0000000E+00   0.0000000E+00   0.0000000E+00   0.0000000E+00
   1.8620384E-03   1.5093208E+07   1.5093208E+07   3.0339084E+05   8.0111653E+02   9.7671832E+06   1.5079719E+07   1.5093208E+07   0.0000000E+00   0.0000000E+00   0.0000000E+00   0.0000000E+00   0.0000000E+00
   2.0009610E-03   1.5048854E+07   1.5048854E+07   2.6368252E+05   7.3320092E+02   9.4903602E+06   1.5034387E+07   1.5048854E+07   0.0000000E+00   0.0000000E+00   0.0000000E+00   0.0000000E+00   0.0000000E+00
   2.1502484E-03   1.5000147E+07   1.5000147E+07   1.9705795E+05   6.6944297E+02   9.2355006E+06   1.4984698E+07   1.5000147E+07   0.0000000E+00   0.0000000E+00   0.0000000E+00   0.0000000E+00   0.0000000E+00
   2.3106738E-03   1.4946776E+07   1.4946776E+07   1.4433830E+05   6.0829850E+02   9.0158849E+06   1.4930338E+07   1.4946776E+07   0.0000000E+00   0.0000000E+00   0.0000000E+00   0.0000000E+00   0.0000000E+00
   2.4830681E-03   1.4888423E+07   1.4888423E+07   1.2940126E+05   5.5339865E+02   8.7860220E+06   1.4870987E+07   1.4888423E+07   0.0000000E+00   0.0000000E+00   0.0000000E+00   0.0000000E+00   0.0000000E+00
   2.6683244E-03   1.4824754E+07   1.4824754E+07   1.2224249E+05   5.0639461E+02   8.5098453E+06   1.4806305E+07   1.4824754E+07   0.0000000E+00   0.0000000E+00   0.0000000E+00   0.0000000E+00   0.0000000E+00
   2.8674023E-03   1.4755416E+07   1.4755416E+07   9.4469642E+04   4.6354976E+02   8.2265947E+06   1.4735940E+07   1.4755416E+07   0.0000000E+00   0.0000000E+00   0.0000000E+00   0.0000000E+00   0.0000000E+00
   3.0813330E-03   1.4680045E+07   1.4680045E+07   7.2936153E+04   4.2248735E+02   7.9683571E+06   1.4659525E+07   1.4680045E+07   0.0000000E+00   0.0000000E+00   0.0000000E+00   0.0000000E+00   0.0000000E+00
   3.3112245E-03   1.4598262E+07   1.4598262E+07   7.1762391E+04   3.8552034E+02   7.6823614E+06   1.4576685E+07   1.4598262E+07   0.0000000E+00   0.0000000E+00   0.0000000E+00   0.0000000E+00   0.0000000E+00
   3.5582678E-03   1.4509673E+07   1.4509673E+07   5.6640817E+04   3.5224101E+02   7.3693607E+06   1.4487028E+07   1.4509673E+07   0.0000000E+00   0.0000000E+00   0.0000000E+00   0.0000000E+00   0.0000000E+00
   3.8237424E-03   1.4413865E+07   1.4413865E+07   4.1174216E+04   3.2027008E+02   7.0877561E+06   1.4390149E+07   1.4413865E+07   0.0000000E+00   0.0000000E+00   0.0000000E+00   0.0000000E+00   0.0000000E+00
   4.1090236E-03   1.4310421E+07   1.4310421E+07   4.2613380E+04   2.9137697E+02   6.7782933E+06   1.4285636E+07   1.4310421E+07   0.0000000E+00   0.0000000E+00   0.0000000E+00   0.0000000E+00   0.0000000E+00
   4.4155889E-03   1.4198917E+07   1.4198917E+07   3.0752704E+04   2.6480215E+02   6.4593870E+06   1.4173076E+07   1.4198917E+07   0.0000000E+00   0.0000000E+00   0.0000000E+00   0.0000000E+00   0.0000000E+00
   4.7450264E-03   1.4078926E+07   1.4078926E+07   2.8437387E+04   2.3970690E+02   6.1577277E+06   1.4052061E+07   1.4078926E+07   0.0000000E+00   0.0000000E+00   0.0000000E+00   0.0000000E+00   0.0000000E+00
   5.0990425E-03   1.3950026E+07   1.3950026E+07   2.1515648E+04   2.1688922E+02   5.8382949E+06   1.3922180E+07   1.3950026E+07   0.0000000E+00   0.0000000E+00   0.0000000E+00   0.0000000E+00   0.0000000E+00
   5.4794710E-03   1.3811783E+07   1.3811783E+07   2.0402407E+04   1.9564190E+02   5.5394233E+06   1.3783002E+07   1.3811783E+07   0.0000000E+00   0.0000000E+00   0.0000000E+00   0.0000000E+00   0.0000000E+00
   5.8882824E-03   1.3663755E+07   1.3663755E+07   1.4694172E+04   1.7647365E+02   5.2216653E+06   1.3634075E+07   1.3663755E+07   0.0000000E+00   0.0000000E+00   0.0000000E+00   0.0000000E+00   0.0000000E+00
   6.3275944E-03   1.3505480E+07   1.3505480E+07   1.4612417E+04   1.5861568E+02   4.9154654E+06   1.3474941E+07   1.3505480E+07   0.0000000E+00   0.0000000E+00   0.0000000E+00   0.0000000E+00   0.0000000E+00
   6.7996825E-03   1.3336491E+07   1.3336491E+07   1.0742434E+04   1.4210417E+02   4.6138808E+06   1.3305159E+07   1.3336491E+07   0.0000000E+00   0.0000000E+00   0.0000000E+00   0.0000000E+00   0.0000000E+00
   7.3069920E-03   1.3156325E+07   1.3156325E+07   8.7754501E+03   1.2709192E+02   4.3098788E+06   1.3124282E+07   1.3156325E+07   0.0000000E+00   0.0000000E+00   0.0000000E+00   0.0000000E+00   0.0000000E+00
   7.8521508E-03   1.2964517E+07   1.2964517E+07   8.6208749E+03   1.1336263E+02   4.0195239E+06   1.2931839E+07   1.2964517E+07   0.0000000E+00   0.0000000E+00   0.0000000E+00   0.0000000E+00   0.0000000E+00
   8.4379827E-03   1.2760585E+07   1.2760585E+07   7.0643021E+03   1.0079155E+02   3.7376093E+06   1.2727349E+07   1.2760585E+07   0.0000000E+00   0.0000000E+00   0.0000000E+00   0.0000000E+00   0.0000000E+00
   9.0675223E-03   1.2544041E+07   1.2544041E+07   5.5919522E+03   8.9351946E+01   3.4617890E+06   1.2510339E+07   1.2544041E+07   0.0000000E+00   0.0000000E+00   0.0000000E+00   0.0000000E+00   0.0000000E+00
   9.7440304E-03   1.2314392E+07   1.2314392E+07   4.3848749E+03   7.8983048E+01   3.1939144E+06   1.2280324E+07   1.2314392E+07   0.0000000E+00   0.0000000E+00   0.0000000E+00   0.0000000E+00   0.0000000E+00
   1.0471011E-02   1.2071142E+07   1.2071142E+07   3.6975085E+03   6.9604735E+01   2.9355994E+06   1.2036808E+07   1.2071142E+07   0.0000000E+00   0.0000000E+00   0.0000000E+00   0.0000000E+00   0.0000000E+00
   1.1252231E-02   1.1813797E+07   1.1813797E+07   3.2103585E+03   6.1125768E+01   2.6882411E+06   1.1779304E+07   1.1813797E+07   0.0000000E+00   0.0000000E+00   0.0000000E+00   0.0000000E+00   0.0000000E+00
   1.2091735E-02   1.1541875E+07   1.1541875E+07   2.8820967E+03   5.3498662E+01   2.4518968E+06   1.1507340E+07   1.1541875E+07   0.0000000E+00   0.0000000E+00   0.0000000E+00   0.0000000E+00   0.0000000E+00
   1.2993873E-02   1.1254918E+07   1.1254918E+07   2.4231419E+03   4.6670443E+01   2.2246843E+06   1.1220452E+07   1.1254918E+07   0.0000000E+00   0.0000000E+00   0.0000000E+00   0.0000000E+00   0.0000000E+00
   1.3963318E-02   1.0952509E+07   1.0952509E+07   1.7079135E+03   4.0546393E+01   2.0130304E+06   1.0918236E+07   1.0952509E+07   0.0000000E+00   0.0000000E+00   0.0000000E+00   0.0000000E+00   0.0000000E+00
   1.5005091E-02   1.0634305E+07   1.0634305E+07   1.6536574E+03   3.5093526E+01   1.8145469E+06   1.0600345E+07   1.0634305E+07   0.0000000E+00   0.0000000E+00   0.0000000E+00   0.0000000E+00   0.0000000E+00
   1.6124588E-02   1.0300071E+07   1.0300071E+07   1.2068096E+03   3.0255099E+01   1.6250565E+06   1.0266550E+07   1.0300071E+07   0.0000000E+00   0.0000000E+00   0.0000000E+00   0.0000000E+00   0.0000000E+00
   1.7327609E-02   9.9497319E+06   9.9497319E+06   1.1778285E+03   2.5973247E+01   1.4504573E+06   9.9167736E+06   9.9497319E+06   0.0000000E+00   0.0000000E+00   0.0000000E+00   0.0000000E+00   0.0000000E+00
   1.8620384E-02   9.5834359E+06   9.5834359E+06   8.9333839E+02   2.2196275E+01   1.2887494E+06   9.5511653E+06   9.5834359E+06   0.0000000E+00   0.0000000E+00   0.0000000E+00   0.0000000E+00   0.0000000E+00
   2.0009610E-02   9.2016368E+06   9.2016368E+06   6.8883736E+02   1.8883817E+01   1.1379151E+06   9.1701743E+06   9.2016368E+06   0.0000000E+00   0.0000000E+00   0.0000000E+00   0.0000000E+00   0.0000000E+00
   2.1502481E-02   8.8051888E+06   8.8051888E+06   5.7494045E+02   1.5989679E+01   9.9959539E+05   8.7746522E+06   8.8051888E+06   0.0000000E+00   0.0000000E+00   0.0000000E+00   0.0000000E+00   0.0000000E+00
   2.3106721E-02   8.3954597E+06   8.3954597E+06   5.2060720E+02   1.3471682E+01   8.7304986E+05   8.3659598E+06   8.3954597E+06   0.0000000E+00   0.0000000E+00   0.0000000E+00   0.0000000E+00   0.0000000E+00
   2.4830594E-02   7.9744563E+06   7.9744563E+06   4.0682535E+02   1.1292939E+01   7.5731458E+05   7.9460940E+06   7.9744563E+06   0.0000000E+00   0.0000000E+00   0.0000000E+00   0.0000000E+00   0.0000000E+00
   2.6682842E-02   7.5449642E+06   7.5449642E+06   3.2588073E+02   9.4172677E+00   6.5468101E+05   7.5178278E+06   7.5449642E+06   0.0000000E+00   0.0000000E+00   0.0000000E+00   0.0000000E+00   0.0000000E+00
   2.8672403E-02   7.1107074E+06   7.1107074E+06   2.4274191E+02   7.8141285E+00   5.6155576E+05   7.0848684E+06   7.1107074E+06   0.0000000E+00   0.0000000E+00   0.0000000E+00   0.0000000E+00   0.0000000E+00
   3.0807583E-02   6.6765389E+06   6.6765389E+06   2.0017257E+02   6.4530706E+00   4.7928271E+05   6.6520474E+06   6.6765389E+06   0.0000000E+00   0.0000000E+00   0.0000000E+00   0.0000000E+00   0.0000000E+00
   3.3094174E-02   6.2486479E+06   6.2486479E+06   1.5902352E+02   5.3081120E+00   4.0746602E+05   6.2255275E+06   6.2486479E+06   0.0000000E+00   0.0000000E+00   0.0000000E+00   0.0000000E+00   0.0000000E+00
   3.5531988E-02   5.8346779E+06   5.8346779E+06   1.4576802E+02   4.3555706E+00   3.4520250E+05   5.8129191E+06   5.8346779E+06   0.0000000E+00   0.0000000E+00   0.0000000E+00   0.0000000E+00   0.0000000E+00
   3.8110086E-02   5.4434607E+06   5.4434607E+06   1.0508119E+02   3.5741318E+00   2.9178934E+05   5.4230166E+06   5.4434607E+06   0.0000000E+00   0.0000000E+00   0.0000000E+00   0.0000000E+00   0.0000000E+00
   4.0802983E-02   5.0839458E+06   5.0839458E+06   9.6939373E+01   2.9425586E+00   2.4735409E+05   5.0647308E+06   5.0839458E+06   0.0000000E+00   0.0000000E+00   0.0000000E+00   0.0000000E+00   0.0000000E+00
   4.3572088E-02   4.7632354E+06   4.7632354E+06   7.8268877E+01   2.4397680E+00   2.1101151E+05   4.7451319E+06   4.7632354E+06   0.0000000E+00   0.0000000E+00   0.0000000E+00   0.0000000E+00   0.0000000E+00
   4.6374640E-02   4.4845652E+06   4.4845652E+06   6.0158450E+01   2.0438392E+00   1.8143189E+05   4.4674379E+06   4.4845652E+06   0.0000000E+00   0.0000000E+00   0.0000000E+00   0.0000000E+00   0.0000000E+00
   4.9175589E-02   4.2466062E+06   4.2466062E+06   4.7974365E+01   1.7328620E+00   1.5747306E+05   4.2303193E+06   4.2466062E+06   0.0000000E+00   0.0000000E+00   0.0000000E+00   0.0000000E+00   0.0000000E+00
   5.1954562E-02   4.0444961E+06   4.0444961E+06   4.2460901E+01   1.4870658E+00   1.3806698E+05   4.0289275E+06   4.0444961E+06   0.0000000E+00   0.0000000E+00   0.0000000E+00   0.0000000E+00   0.0000000E+00
   5.4705340E-02   3.8716367E+06   3.8716367E+06   3.9813086E+01   1.2902962E+00   1.2230950E+05   3.8566860E+06   3.8716367E+06   0.0000000E+00   0.0000000E+00   0.0000000E+00   0.0000000E+00   0.0000000E+00
   5.7431362E-02   3.7211737E+06   3.7211737E+06   3.3821379E+01   1.1300878E+00   1.0927779E+05   3.7067638E+06   3.7211737E+06   0.0000000E+00   0.0000000E+00   0.0000000E+00   0.0000000E+00   0.0000000E+00
   6.0141144E-02   3.5868140E+06   3.5868140E+06   2.7253210E+01   9.9715299E-01   9.8118293E+04   3.5728899E+06   3.5868140E+06   0.0000000E+00   0.0000000E+00   0.0000000E+00   0.0000000E+00   0.0000000E+00
   6.2845181E-02   3.4631483E+06   3.4631483E+06   2.5502038E+01   8.8475972E-01   8.8456824E+04   3.4496745E+06   3.4631483E+06   0.0000000E+00   0.0000000E+00   0.0000000E+00   0.0000000E+00   0.0000000E+00
   6.5554244E-02   3.3457253E+06   3.3457253E+06   2.4055551E+01   7.8808371E-01   8.0106495E+04   3.3326823E+06   3.3457253E+06   0.0000000E+00   0.0000000E+00   0.0000000E+00   0.0000000E+00   0.0000000E+00
   6.8278609E-02   3.2310341E+06   3.2310341E+06   1.9570852E+01   7.0365873E-01   7.2641144E+04   3.2184153E+06   3.2310341E+06   0.0000000E+00   0.0000000E+00   0.0000000E+00   0.0000000E+00   0.0000000E+00
   7.1027780E-02   3.1164687E+06   3.1164687E+06   1.6548919E+01   6.2898609E-01   6.5793423E+04   3.1042771E+06   3.1164687E+06   0.0000000E+00   0.0000000E+00   0.0000000E+00   0.0000000E+00   0.0000000E+00
   7.3810459E-02   3.0002964E+06   3.0002964E+06   1.5902404E+01   5.6228986E-01   5.9579981E+04   2.9885414E+06   3.0002964E+06   0.0000000E+00   0.0000000E+00   0.0000000E+00   0.0000000E+00   0.0000000E+00
   7.6634611E-02   2.8816277E+06   2.8816277E+06   1.5092232E+01   5.0232951E-01   5.3940671E+04   2.8703217E+06   2.8816277E+06   0.0000000E+00   0.0000000E+00   0.0000000E+00   0.0000000E+00   0.0000000E+00
   7.9507580E-02   2.7603797E+06   2.7603797E+06   1.3622599E+01   4.4822195E-01   4.8755459E+04   2.7495353E+06   2.7603797E+06   0.0000000E+00   0.0000000E+00   0.0000000E+00   0.0000000E+00   0.0000000E+00
   8.2436193E-02   2.6372181E+06   2.6372181E+06   1.2070952E+01   3.9935562E-01   4.3969498E+04   2.6268450E+06   2.6372181E+06   0.0000000E+00   0.0000000E+00   0.0000000E+00   0.0000000E+00   0.0000000E+00
   8.5426866E-02   2.5134675E+06   2.5134675E+06   1.0499039E+01   3.5532223E-01   3.9565721E+04   2.5035700E+06   2.5134675E+06   0.0000000E+00   0.0000000E+00   0.0000000E+00   0.0000000E+00   0.0000000E+00
   8.8485690E-02   2.3909787E+06   2.3909787E+06   8.6095870E+00   3.1580079E-01   3.5559563E+04   2.3815536E+06   2.3909787E+06   0.0000000E+00   0.0000000E+00   0.0000000E+00   0.0000000E+00   0.0000000E+00
   9.1618510E-02   2.2719510E+06   2.2719510E+06   7.2796550E+00   2.8054798E-01   3.1989721E+04   2.2629862E+06   2.2719510E+06   0.0000000E+00   0.0000000E+00   0.0000000E+00   0.0000000E+00   0.0000000E+00
   9.4830982E-02   2.1587085E+06   2.1587085E+06   7.3139998E+00   2.4934227E-01   2.8744162E+04   2.1501826E+06   2.1587085E+06   0.0000000E+00   0.0000000E+00   0.0000000E+00   0.0000000E+00   0.0000000E+00
   9.8128629E-02   2.0534420E+06   2.0534420E+06   5.7160962E+00   2.2193884E-01   2.5863289E+04   2.0453249E+06   2.0534420E+06   0.0000000E+00   0.0000000E+00   0.0000000E+00   0.0000000E+00   0.0000000E+00
   1.0151688E-01   1.9579348E+06   1.9579348E+06   5.7195979E+00   1.9806144E-01   2.3329780E+04   1.9501889E+06   1.9579348E+06   0.0000000E+00   0.0000000E+00   0.0000000E+00   0.0000000E+00   0.0000000E+00
   1.0500110E-01   1.8732996E+06   1.8732996E+06   5.0966445E+00   1.7738607E-01   2.1157279E+04   1.8658828E+06   1.8732996E+06   0.0000000E+00   0.0000000E+00   0.0000000E+00   0.0000000E+00   0.0000000E+00
   1.0858664E-01   1.7997631E+06   1.7997631E+06   4.4173883E+00   1.5953691E-01   1.9252510E+04   1.7926322E+06   1.7997631E+06   0.0000000E+00   0.0000000E+00   0.0000000E+00   0.0000000E+00   0.0000000E+00
   1.1227882E-01   1.7365380E+06   1.7365380E+06   4.0607493E+00   1.4410646E-01   1.7589897E+04   1.7296529E+06   1.7365380E+06   0.0000000E+00   0.0000000E+00   0.0000000E+00   0.0000000E+00   0.0000000E+00
   1.1608297E-01   1.6818199E+06   1.6818199E+06   3.7870940E+00   1.3066487E-01   1.6118099E+04   1.6751474E+06   1.6818199E+06   0.0000000E+00   0.0000000E+00   0.0000000E+00   0.0000000E+00   0.0000000E+00
   1.2000447E-01   1.6329382E+06   1.6329382E+06   3.0673261E+00   1.1878387E-01   1.4819772E+04   1.6264557E+06   1.6329382E+06   0.0000000E+00   0.0000000E+00   0.0000000E+00   0.0000000E+00   0.0000000E+00
   1.2404871E-01   1.5866695E+06   1.5866695E+06   3.0925179E+00   1.0807869E-01   1.3653717E+04   1.5803671E+06   1.5866695E+06   0.0000000E+00   0.0000000E+00   0.0000000E+00   0.0000000E+00   0.0000000E+00
   1.2822113E-01   1.5396946E+06   1.5396946E+06   2.5766592E+00   9.8227554E-02   1.2558202E+04   1.5335753E+06   1.5396946E+06   0.0000000E+00   0.0000000E+00   0.0000000E+00   0.0000000E+00   0.0000000E+00
   1.3252721E-01   1.4891430E+06   1.4891430E+06   2.2821462E+00   8.8999110E-02   1.1503072E+04   1.4832216E+06   1.4891430E+06   0.0000000E+00   0.0000000E+00   0.0000000E+00   0.0000000E+00   0.0000000E+00
   1.3697252E-01   1.4331382E+06   1.4331382E+06   2.0756798E+00   8.0259421E-02   1.0494567E+04   1.4274367E+06   1.4331382E+06   0.0000000E+00   0.0000000E+00   0.0000000E+00   0.0000000E+00   0.0000000E+00
   1.4156266E-01   1.3712256E+06   1.3712256E+06   2.0227729E+00   7.1974402E-02   9.5171589E+03   1.3657679E+06   1.3712256E+06   0.0000000E+00   0.0000000E+00   0.0000000E+00   0.0000000E+00   0.0000000E+00
   1.4630332E-01   1.3045630E+06   1.3045630E+06   1.6641098E+00   6.4191514E-02   8.5708691E+03   1.2993683E+06   1.3045630E+06   0.0000000E+00   0.0000000E+00   0.0000000E+00   0.0000000E+00   0.0000000E+00
   1.5120025E-01   1.2357782E+06   1.2357782E+06   1.6069133E+00   5.7008319E-02   7.6988183E+03   1.2308554E+06   1.2357782E+06   0.0000000E+00   0.0000000E+00   0.0000000E+00   0.0000000E+00   0.0000000E+00
   1.5625930E-01   1.1684577E+06   1.1684577E+06   1.4242899E+00   5.0534616E-02   6.9042607E+03   1.1638013E+06   1.1684577E+06   0.0000000E+00   0.0000000E+00   0.0000000E+00   0.0000000E+00   0.0000000E+00
   1.6148637E-01   1.1063256E+06   1.1063256E+06   1.2347763E+00   4.4850060E-02   6.1936695E+03   1.1019151E+06   1.1063256E+06   0.0000000E+00   0.0000000E+00   0.0000000E+00   0.0000000E+00   0.0000000E+00
   1.6688748E-01   1.0522769E+06   1.0522769E+06   1.0197984E+00   3.9975471E-02   5.5921501E+03   1.0480805E+06   1.0522769E+06   0.0000000E+00   0.0000000E+00   0.0000000E+00   0.0000000E+00   0.0000000E+00
   1.7246877E-01   1.0075222E+06   1.0075222E+06   9.8064075E-01   3.5855336E-02   5.0737274E+03   1.0035029E+06   1.0075222E+06   0.0000000E+00   0.0000000E+00   0.0000000E+00   0.0000000E+00   0.0000000E+00
   1.7823645E-01   9.7112656E+05   9.7112656E+05   9.0100850E-01   3.2366034E-02   4.6415621E+03   9.6725128E+05   9.7112656E+05   0.0000000E+00   0.0000000E+00   0.0000000E+00   0.0000000E+00   0.0000000E+00
   1.8419690E-01   9.4016938E+05   9.4016938E+05   7.9176735E-01   2.9340335E-02   4.2617263E+03   9.3641652E+05   9.4016938E+05   0.0000000E+00   0.0000000E+00   0.0000000E+00   0.0000000E+00   0.0000000E+00
   1.9035665E-01   9.1058040E+05   9.1058040E+05   6.9206811E-01   2.6609402E-02   3.9229448E+03   9.0694464E+05   9.1058040E+05   0.0000000E+00   0.0000000E+00   0.0000000E+00   0.0000000E+00   0.0000000E+00
   1.9672238E-01   8.7846716E+05   8.7846716E+05   6.2535585E-01   2.4042919E-02   3.5886986E+03   8.7495871E+05   8.7846716E+05   0.0000000E+00   0.0000000E+00   0.0000000E+00   0.0000000E+00   0.0000000E+00
   2.0330098E-01   8.4150857E+05   8.4150857E+05   5.6102704E-01   2.1576739E-02   3.2645172E+03   8.3814689E+05   8.4150857E+05   0.0000000E+00   0.0000000E+00   0.0000000E+00   0.0000000E+00   0.0000000E+00
   2.1009959E-01   7.9986458E+05   7.9986458E+05   5.0081907E-01   1.9218543E-02   2.9505789E+03   7.9666851E+05   7.9986458E+05   0.0000000E+00   0.0000000E+00   0.0000000E+00   0.0000000E+00   0.0000000E+00
   2.1712560E-01   7.5614276E+05   7.5614276E+05   4.5153969E-01   1.7026894E-02   2.6471240E+03   7.5312072E+05   7.5614276E+05   0.0000000E+00   0.0000000E+00   0.0000000E+00   0.0000000E+00   0.0000000E+00
   2.2438671E-01   7.1430006E+05   7.1430006E+05   4.0339915E-01   1.5073128E-02   2.3771436E+03   7.1144466E+05   7.1430006E+05   0.0000000E+00   0.0000000E+00   0.0000000E+00   0.0000000E+00   0.0000000E+00
   2.3189099E-01   6.7785014E+05   6.7785014E+05   3.4482911E-01   1.3400661E-02   2.1462020E+03   6.7513991E+05   6.7785014E+05   0.0000000E+00   0.0000000E+00   0.0000000E+00   0.0000000E+00   0.0000000E+00
   2.3964695E-01   6.4817370E+05   6.4817370E+05   3.2486930E-01   1.2000415E-02   1.9517888E+03   6.4558165E+05   6.4817370E+05   0.0000000E+00   0.0000000E+00   0.0000000E+00   0.0000000E+00   0.0000000E+00
   2.4766357E-01   6.2382450E+05   6.2382450E+05   2.9277629E-01   1.0813587E-02   1.7880337E+03   6.2132939E+05   6.2382450E+05   0.0000000E+00   0.0000000E+00   0.0000000E+00   0.0000000E+00   0.0000000E+00
   2.5595038E-01   6.0132300E+05   6.0132300E+05   2.5367789E-01   9.7591062E-03   1.6404544E+03   5.9891748E+05   6.0132300E+05   0.0000000E+00   0.0000000E+00   0.0000000E+00   0.0000000E+00   0.0000000E+00
   2.6451761E-01   5.7713236E+05   5.7713236E+05   2.3543157E-01   8.7710744E-03   1.4998038E+03   5.7482326E+05   5.7713236E+05   0.0000000E+00   0.0000000E+00   0.0000000E+00   0.0000000E+00   0.0000000E+00
   2.7337620E-01   5.4972561E+05   5.4972561E+05   2.0656413E-01   7.8253898E-03   1.3615484E+03   5.4752585E+05   5.4972561E+05   0.0000000E+00   0.0000000E+00   0.0000000E+00   0.0000000E+00   0.0000000E+00
   2.8253799E-01   5.2042641E+05   5.2042641E+05   1.8386512E-01   6.9398533E-03   1.2300061E+03   5.1834360E+05   5.2042641E+05   0.0000000E+00   0.0000000E+00   0.0000000E+00   0.0000000E+00   0.0000000E+00
   2.9201580E-01   4.9236191E+05   4.9236191E+05   1.6207991E-01   6.1497837E-03   1.1102301E+03   4.9039115E+05   4.9236191E+05   0.0000000E+00   0.0000000E+00   0.0000000E+00   0.0000000E+00   0.0000000E+00
   3.0182365E-01   4.6814669E+05   4.6814669E+05   1.4521587E-01   5.4749642E-03   1.0069008E+03   4.6627263E+05   4.6814669E+05   0.0000000E+00   0.0000000E+00   0.0000000E+00   0.0000000E+00   0.0000000E+00
   3.1197686E-01   4.4796305E+05   4.4796305E+05   1.3073238E-01   4.9035168E-03   9.2047601E+02   4.4616958E+05   4.4796305E+05   0.0000000E+00   0.0000000E+00   0.0000000E+00   0.0000000E+00   0.0000000E+00
   3.2249230E-01   4.2957722E+05   4.2957722E+05   1.1459126E-01   4.4004686E-03   8.4363535E+02   4.2785717E+05   4.2957722E+05   0.0000000E+00   0.0000000E+00   0.0000000E+00   0.0000000E+00   0.0000000E+00
   3.3338866E-01   4.1035488E+05   4.1035488E+05   1.0276168E-01   3.9339052E-03   7.7044208E+02   4.0871164E+05   4.1035488E+05   0.0000000E+00   0.0000000E+00   0.0000000E+00   0.0000000E+00   0.0000000E+00
   3.4468670E-01   3.8955778E+05   3.8955778E+05   9.2533025E-02   3.4949562E-03   6.9970076E+02   3.8799766E+05   3.8955778E+05   0.0000000E+00   0.0000000E+00   0.0000000E+00   0.0000000E+00   0.0000000E+00
   3.5640959E-01   3.6878619E+05   3.6878619E+05   8.1967321E-02   3.0957572E-03   6.3413823E+02   3.6730912E+05   3.6878619E+05   0.0000000E+00   0.0000000E+00   0.0000000E+00   0.0000000E+00   0.0000000E+00
   3.6858337E-01   3.5011023E+05   3.5011023E+05   7.1727324E-02   2.7487005E-03   5.7689502E+02   3.4870784E+05   3.5011023E+05   0.0000000E+00   0.0000000E+00   0.0000000E+00   0.0000000E+00   0.0000000E+00
   3.8123740E-01   3.3383480E+05   3.3383480E+05   6.4703595E-02   2.4498031E-03   5.2720870E+02   3.3249749E+05   3.3383480E+05   0.0000000E+00   0.0000000E+00   0.0000000E+00   0.0000000E+00   0.0000000E+00
   3.9440498E-01   3.1836905E+05   3.1836905E+05   5.7618199E-02   2.1830343E-03   4.8216597E+02   3.1709360E+05   3.1836905E+05   0.0000000E+00   0.0000000E+00   0.0000000E+00   0.0000000E+00   0.0000000E+00
   4.0812411E-01   3.0231392E+05   3.0231392E+05   5.0741982E-02   1.9362761E-03   4.3962851E+02   3.0110270E+05   3.0231392E+05   0.0000000E+00   0.0000000E+00   0.0000000E+00   0.0000000E+00   0.0000000E+00
   4.2243836E-01   2.8611194E+05   2.8611194E+05   4.4838549E-02   1.7108981E-03   3.9930176E+02   2.8496555E+05   2.8611194E+05   0.0000000E+00   0.0000000E+00   0.0000000E+00   0.0000000E+00   0.0000000E+00
   4.3739807E-01   2.7110290E+05   2.7110290E+05   3.9686175E-02   1.5123571E-03   3.6377211E+02   2.7001658E+05   2.7110290E+05   0.0000000E+00   0.0000000E+00   0.0000000E+00   0.0000000E+00   0.0000000E+00
   4.5306168E-01   2.5744443E+05   2.5744443E+05   3.5125116E-02   1.3386698E-03   3.3195124E+02   2.5641277E+05   2.5744443E+05   0.0000000E+00   0.0000000E+00   0.0000000E+00   0.0000000E+00   0.0000000E+00
   4.6949761E-01   2.4406997E+05   2.4406997E+05   3.0975039E-02   1.1819252E-03   3.0278486E+02   2.4309186E+05   2.4406997E+05   0.0000000E+00   0.0000000E+00   0.0000000E+00   0.0000000E+00   0.0000000E+00
   4.8678647E-01   2.3058735E+05   2.3058735E+05   2.7185316E-02   1.0389343E-03   2.7534256E+02   2.2966321E+05   2.3058735E+05   0.0000000E+00   0.0000000E+00   0.0000000E+00   0.0000000E+00   0.0000000E+00
   5.0502399E-01   2.1772027E+05   2.1772027E+05   2.3853716E-02   9.1150708E-04   2.5030003E+02   2.1684765E+05   2.1772027E+05   0.0000000E+00   0.0000000E+00   0.0000000E+00   0.0000000E+00   0.0000000E+00
   5.2432476E-01   2.0566481E+05   2.0566481E+05   2.0929656E-02   7.9886814E-04   2.2784451E+02   2.0484047E+05   2.0566481E+05   0.0000000E+00   0.0000000E+00   0.0000000E+00   0.0000000E+00   0.0000000E+00
   5.4482702E-01   1.9380595E+05   1.9380595E+05   1.8268150E-02   6.9728614E-04   2.0685837E+02   1.9302911E+05   1.9380595E+05   0.0000000E+00   0.0000000E+00   0.0000000E+00   0.0000000E+00   0.0000000E+00
   5.6669888E-01   1.8215205E+05   1.8215205E+05   1.5861930E-02   6.0582052E-04   1.8749834E+02   1.8142188E+05   1.8215205E+05   0.0000000E+00   0.0000000E+00   0.0000000E+00   0.0000000E+00   0.0000000E+00
   5.9014628E-01   1.7102857E+05   1.7102857E+05   1.3731799E-02   5.2456635E-04   1.6985339E+02   1.7034297E+05   1.7102857E+05   0.0000000E+00   0.0000000E+00   0.0000000E+00   0.0000000E+00   0.0000000E+00
   6.1542308E-01   1.6014744E+05   1.6014744E+05   1.1811919E-02   4.5171503E-04   1.5343038E+02   1.5950543E+05   1.6014744E+05   0.0000000E+00   0.0000000E+00   0.0000000E+00   0.0000000E+00   0.0000000E+00
   6.4284354E-01   1.4948368E+05   1.4948368E+05   1.0108304E-02   3.8646461E-04   1.3821034E+02   1.4888439E+05   1.4948368E+05   0.0000000E+00   0.0000000E+00   0.0000000E+00   0.0000000E+00   0.0000000E+00
   6.7279679E-01   1.3912853E+05   1.3912853E+05   8.5866666E-03   3.2840617E-04   1.2416859E+02   1.3857074E+05   1.3912853E+05   0.0000000E+00   0.0000000E+00   0.0000000E+00   0.0000000E+00   0.0000000E+00
   7.0576184E-01   1.2893963E+05   1.2893963E+05   7.2293798E-03   2.7661521E-04   1.1111632E+02   1.2842266E+05   1.2893963E+05   0.0000000E+00   0.0000000E+00   0.0000000E+00   0.0000000E+00   0.0000000E+00
   7.4231871E-01   1.1898089E+05   1.1898089E+05   6.0288100E-03   2.3074939E-04   9.8987683E+01   1.1850383E+05   1.1898089E+05   0.0000000E+00   0.0000000E+00   0.0000000E+00   0.0000000E+00   0.0000000E+00
   7.8314674E-01   1.0920860E+05   1.0920860E+05   4.9710024E-03   1.9030508E-04   8.7753948E+01   1.0877072E+05   1.0920860E+05   0.0000000E+00   0.0000000E+00   0.0000000E+00   0.0000000E+00   0.0000000E+00
   8.2899489E-01   9.9669762E+04   9.9669762E+04   4.0864296E-03   1.5501530E-04   7.7366814E+01   9.9270111E+04   9.9669762E+04   0.0000000E+00   0.0000000E+00   0.0000000E+00   0.0000000E+00   0.0000000E+00
   8.8060759E-01   9.0414229E+04   9.0414229E+04   3.2544590E-03   1.2462942E-04   6.7846939E+01   9.0051680E+04   9.0414229E+04   0.0000000E+00   0.0000000E+00   0.0000000E+00   0.0000000E+00   0.0000000E+00
   9.3860635E-01   8.1533891E+04   8.1533891E+04   2.5820188E-03   9.8935689E-05   5.9209337E+01   8.1206941E+04   8.1533891E+04   0.0000000E+00   0.0000000E+00   0.0000000E+00   0.0000000E+00   0.0000000E+00
   1.0033719E+00   7.3140920E+04   7.3140920E+04   2.0268013E-03   7.7668802E-05   5.1488219E+01   7.2847618E+04   7.3140920E+04   0.0000000E+00   0.0000000E+00   0.0000000E+00   0.0000000E+00   0.0000000E+00
   1.0750128E+00   6.5339303E+04   6.5339303E+04   1.5768923E-03   6.0449908E-05   4.4666880E+01   6.5077280E+04   6.5339303E+04   0.0000000E+00   0.0000000E+00   0.0000000E+00   0.0000000E+00   0.0000000E+00
   1.1534690E+00   5.8199161E+04   5.8199161E+04   1.2197633E-03   4.6771721E-05   3.8737454E+01   5.7965765E+04   5.8199161E+04   0.0000000E+00   0.0000000E+00   0.0000000E+00   0.0000000E+00   0.0000000E+00
   1.2386861E+00   5.1741913E+04   5.1741913E+04   9.4019648E-04   3.6060077E-05   3.3617481E+01   5.1534409E+04   5.1741913E+04   0.0000000E+00   0.0000000E+00   0.0000000E+00   0.0000000E+00   0.0000000E+00
   1.3307441E+00   4.5946432E+04   4.5946432E+04   7.2189591E-04   2.7745884E-05   2.9209145E+01   4.5762167E+04   4.5946432E+04   0.0000000E+00   0.0000000E+00   0.0000000E+00   0.0000000E+00   0.0000000E+00
   1.4298938E+00   4.0768441E+04   4.0768441E+04   5.5596498E-04   2.1324759E-05   2.5422429E+01   4.0604940E+04   4.0768441E+04   0.0000000E+00   0.0000000E+00   0.0000000E+00   0.0000000E+00   0.0000000E+00
   1.5365307E+00   3.6152755E+04   3.6152755E+04   4.2686502E-04   1.6377737E-05   2.2162277E+01   3.6007763E+04   3.6152755E+04   0.0000000E+00   0.0000000E+00   0.0000000E+00   0.0000000E+00   0.0000000E+00
   1.6511552E+00   3.2043705E+04   3.2043705E+04   3.2977126E-04   1.2571680E-05   1.9350152E+01   3.1915191E+04   3.2043705E+04   0.0000000E+00   0.0000000E+00   0.0000000E+00   0.0000000E+00   0.0000000E+00
   1.7743411E+00   2.8388687E+04   2.8388687E+04   2.5131809E-04   9.6456971E-06   1.6916448E+01   2.8274831E+04   2.8388687E+04   0.0000000E+00   0.0000000E+00   0.0000000E+00   0.0000000E+00   0.0000000E+00
   1.9067202E+00   2.5139630E+04   2.5139630E+04   1.9268473E-04   7.3974516E-06   1.4805496E+01   2.5038804E+04   2.5139630E+04   0.0000000E+00   0.0000000E+00   0.0000000E+00   0.0000000E+00   0.0000000E+00
   2.0489763E+00   2.2253027E+04   2.2253027E+04   1.4768217E-04   5.6709253E-06   1.2971786E+01   2.2163777E+04   2.2253027E+04   0.0000000E+00   0.0000000E+00   0.0000000E+00   0.0000000E+00   0.0000000E+00
   2.2018460E+00   1.9689893E+04   1.9689893E+04   1.1314643E-04   4.3456273E-06   1.1374458E+01   1.9610923E+04   1.9689893E+04   0.0000000E+00   0.0000000E+00   0.0000000E+00   0.0000000E+00   0.0000000E+00
   2.3661209E+00   1.7415096E+04   1.7415096E+04   8.6654111E-05   3.3287787E-06   9.9814201E+00   1.7345249E+04   1.7415096E+04   0.0000000E+00   0.0000000E+00   0.0000000E+00   0.0000000E+00   0.0000000E+00
   2.5426521E+00   1.5397215E+04   1.5397215E+04   6.6348144E-05   2.5489118E-06   8.7643748E+00   1.5335460E+04   1.5397215E+04   0.0000000E+00   0.0000000E+00   0.0000000E+00   0.0000000E+00   0.0000000E+00
   2.7323538E+00   1.3608102E+04   1.3608102E+04   5.0782385E-05   1.9510793E-06   7.6991947E+00   1.3553523E+04   1.3608102E+04   0.0000000E+00   0.0000000E+00   0.0000000E+00   0.0000000E+00   0.0000000E+00
   2.9362088E+00   1.2022554E+04   1.2022554E+04   3.8849189E-05   1.4929410E-06   6.7668846E+00   1.1974334E+04   1.2022554E+04   0.0000000E+00   0.0000000E+00   0.0000000E+00   0.0000000E+00   0.0000000E+00
   3.1552730E+00   1.0618037E+04   1.0618037E+04   2.9708892E-05   1.1420165E-06   5.9491893E+00   1.0575451E+04   1.0618037E+04   0.0000000E+00   0.0000000E+00   0.0000000E+00   0.0000000E+00   0.0000000E+00
   3.3906810E+00   9.3744245E+03   9.3744245E+03   2.2717386E-05   8.7330539E-07   5.2313122E+00   9.3368256E+03   9.3744245E+03   0.0000000E+00   0.0000000E+00   0.0000000E+00   0.0000000E+00   0.0000000E+00
   3.6436524E+00   8.2737448E+03   8.2737448E+03   1.7358421E-05   6.6762064E-07   4.6009570E+00   8.2405603E+03   8.2737448E+03   0.0000000E+00   0.0000000E+00   0.0000000E+00   0.0000000E+00   0.0000000E+00
   3.9154974E+00   7.2999669E+03   7.2999669E+03   1.3248285E-05   5.1023527E-07   4.0473475E+00   7.2706880E+03   7.2999669E+03   0.0000000E+00   0.0000000E+00   0.0000000E+00   0.0000000E+00   0.0000000E+00
   4.2076241E+00   6.4387993E+03   6.4387993E+03   1.0132567E-05   3.8984877E-07   3.5604358E+00   6.4129744E+03   6.4387993E+03   0.0000000E+00   0.0000000E+00   0.0000000E+00   0.0000000E+00   0.0000000E+00
   4.5215458E+00   5.6775102E+03   5.6775102E+03   7.7353891E-06   2.9779111E-07   3.1322223E+00   5.6547386E+03   5.6775102E+03   0.0000000E+00   0.0000000E+00   0.0000000E+00   0.0000000E+00   0.0000000E+00
   4.8588885E+00   5.0047647E+03   5.0047647E+03   5.9050365E-06   2.2741758E-07   2.7556482E+00   4.9846914E+03   5.0047647E+03   0.0000000E+00   0.0000000E+00   0.0000000E+00   0.0000000E+00   0.0000000E+00
   5.2213996E+00   4.4104778E+03   4.4104778E+03   4.5025403E-06   1.7363601E-07   2.4242848E+00   4.3927881E+03   4.4104778E+03   0.0000000E+00   0.0000000E+00   0.0000000E+00   0.0000000E+00   0.0000000E+00
   5.6109569E+00   3.8856818E+03   3.8856818E+03   3.4378031E-06   1.3254691E-07   2.1325400E+00   3.8700970E+03   3.8856818E+03   0.0000000E+00   0.0000000E+00   0.0000000E+00   0.0000000E+00   0.0000000E+00
   6.0295782E+00   3.4224074E+03   3.4224074E+03   2.6222519E-06   1.0116242E-07   1.8759018E+00   3.4086807E+03   3.4224074E+03   0.0000000E+00   0.0000000E+00   0.0000000E+00   0.0000000E+00   0.0000000E+00
   6.4794320E+00   3.0135764E+03   3.0135764E+03   1.9986370E-06   7.7197078E-08   1.6498833E+00   3.0014894E+03   3.0135764E+03   0.0000000E+00   0.0000000E+00   0.0000000E+00   0.0000000E+00   0.0000000E+00
   6.9628483E+00   2.6529051E+03   2.6529051E+03   1.5242855E-06   5.8900697E-08   1.4509842E+00   2.6422647E+03   2.6529051E+03   0.0000000E+00   0.0000000E+00   0.0000000E+00   0.0000000E+00   0.0000000E+00
   7.4823313E+00   2.3348185E+03   2.3348185E+03   1.1620084E-06   4.4935518E-08   1.2759190E+00   2.3254539E+03   2.3348185E+03   0.0000000E+00   0.0000000E+00   0.0000000E+00   0.0000000E+00   0.0000000E+00
   8.0405718E+00   2.0543726E+03   2.0543726E+03   8.8499151E-07   3.4278513E-08   1.1217972E+00   2.0461329E+03   2.0543726E+03   0.0000000E+00   0.0000000E+00   0.0000000E+00   0.0000000E+00   0.0000000E+00
