#           k/h    CDM            baryon         photon         nu             mass_nu        total          no_nu          total_de       Weyl           v_CDM          v_b            v_b-v_c     
   9.8680562E-06   2.1792392E+07   2.1792392E+07   2.9044729E+07   2.3458261E+04   1.6968189E+07   2.1792443E+07   2.1792392E+07   0.0000000E+00   0.0000000E+00   0.0000000E+00   0.0000000E+00   0.0000000E+00
   1.0604290E-05   2.1792386E+07   2.1792386E+07   2.9042896E+07   2.3457312E+04   1.6967879E+07   2.1792436E+07   2.1792386E+07   0.0000000E+00   0.0000000E+00   0.0000000E+00   0.0000000E+00   0.0000000E+00
   1.1395454E-05   2.1792379E+07   2.1792379E+07   2.9040779E+07   2.3456217E+04   1.6967522E+07   2.1792429E+07   2.1792379E+07   0.0000000E+00   0.0000000E+00   0.0000000E+00   0.0000000E+00   0.0000000E+00
   1.2245644E-05   2.1792371E+07   2.1792371E+07   2.9038335E+07   2.3454952E+04   1.6967109E+07   2.1792420E+07   2.1792371E+07   0.0000000E+00   0.0000000E+00   0.0000000E+00   0.0000000E+00   0.0000000E+00
   1.3159264E-05   2.1792362E+07   2.1792362E+07   2.9035513E+07   2.3453491E+04   1.6966633E+07   2.1792411E+07   2.1792362E+07   0.0000000E+00   0.0000000E+00   0.0000000E+00   0.0000000E+00   0.0000000E+00
   1.4141049E-05   2.1792351E+07   2.1792351E+07   2.9032254E+07   2.3451804E+04   1.6966083E+07   2.1792399E+07   2.1792351E+07   0.0000000E+00   0.0000000E+00   0.0000000E+00   0.0000000E+00   0.0000000E+00
   1.5196082E-05   2.1792339E+07   2.1792339E+07   2.9028491E+07   2.3449857E+04   1.6965448E+07   2.1792386E+07   2.1792339E+07   0.0000000E+00   0.0000000E+00   0.0000000E+00   0.0000000E+00   0.0000000E+00
   1.6329828E-05   2.1792325E+07   2.1792325E+07   2.9024146E+07   2.3447608E+04   1.6964714E+07   2.1792371E+07   2.1792325E+07   0.0000000E+00   0.0000000E+00   0.0000000E+00   0.0000000E+00   0.0000000E+00
   1.7548161E-05   2.1792308E+07   2.1792308E+07   2.9019130E+07   2.3445011E+04   1.6963868E+07   2.1792354E+07   2.1792308E+07   0.0000000E+00   0.0000000E+00   0.0000000E+00   0.0000000E+00   0.0000000E+00
   1.8857391E-05   2.1792289E+07   2.1792289E+07   2.9013338E+07   2.3442013E+04   1.6962890E+07   2.1792334E+07   2.1792289E+07   0.0000000E+00   0.0000000E+00   0.0000000E+00   0.0000000E+00   0.0000000E+00
   2.0264300E-05   2.1792267E+07   2.1792267E+07   2.9006651E+07   2.3438552E+04   1.6961762E+07   2.1792311E+07   2.1792267E+07   0.0000000E+00   0.0000000E+00   0.0000000E+00   0.0000000E+00   0.0000000E+00
   2.1776176E-05   2.1792241E+07   2.1792241E+07   2.8998931E+07   2.3434555E+04   1.6960459E+07   2.1792284E+07   2.1792241E+07   0.0000000E+00   0.0000000E+00   0.0000000E+00   0.0000000E+00   0.0000000E+00
   2.3400849E-05   2.1792212E+07   2.1792212E+07   2.8990018E+07   2.3429941E+04   1.6958956E+07   2.1792253E+07   2.1792212E+07   0.0000000E+00   0.0000000E+00   0.0000000E+00   0.0000000E+00   0.0000000E+00
   2.5146736E-05   2.1792178E+07   2.1792178E+07   2.8979729E+07   2.3424614E+04   1.6957220E+07   2.1792218E+07   2.1792178E+07   0.0000000E+00   0.0000000E+00   0.0000000E+00   0.0000000E+00   0.0000000E+00
   2.7022879E-05   2.1792139E+07   2.1792139E+07   2.8967851E+07   2.3418463E+04   1.6955217E+07   2.1792177E+07   2.1792139E+07   0.0000000E+00   0.0000000E+00   0.0000000E+00   0.0000000E+00   0.0000000E+00
   2.9038997E-05   2.1792094E+07   2.1792094E+07   2.8954141E+07   2.3411363E+04   1.6952906E+07   2.1792129E+07   2.1792094E+07   0.0000000E+00   0.0000000E+00   0.0000000E+00   0.0000000E+00   0.0000000E+00
   3.1205534E-05   2.1792041E+07   2.1792041E+07   2.8938316E+07   2.3403168E+04   1.6950238E+07   2.1792075E+07   2.1792041E+07   0.0000000E+00   0.0000000E+00   0.0000000E+00   0.0000000E+00   0.0000000E+00
   3.3533711E-05   2.1791981E+07   2.1791981E+07   2.8920052E+07   2.3393707E+04   1.6947160E+07   2.1792011E+07   2.1791981E+07   0.0000000E+00   0.0000000E+00   0.0000000E+00   0.0000000E+00   0.0000000E+00
   3.6035588E-05   2.1791911E+07   2.1791911E+07   2.8898975E+07   2.3382788E+04   1.6943610E+07   2.1791938E+07   2.1791911E+07   0.0000000E+00   0.0000000E+00   0.0000000E+00   0.0000000E+00   0.0000000E+00
   3.8724125E-05   2.1791831E+07   2.1791831E+07   2.8874653E+07   2.3370186E+04   1.6939514E+07   2.1791854E+07   2.1791831E+07   0.0000000E+00   0.0000000E+00   0.0000000E+00   0.0000000E+00   0.0000000E+00
   4.1613248E-05   2.1791738E+07   2.1791738E+07   2.8846589E+07   2.3355642E+04   1.6934790E+07   2.1791757E+07   2.1791738E+07   0.0000000E+00   0.0000000E+00   0.0000000E+00   0.0000000E+00   0.0000000E+00
   4.4717922E-05   2.1791631E+07   2.1791631E+07   2.8814214E+07   2.3338861E+04   1.6929343E+07   2.1791644E+07   2.1791631E+07   0.0000000E+00   0.0000000E+00   0.0000000E+00   0.0000000E+00   0.0000000E+00
   4.8054229E-05   2.1791507E+07   2.1791507E+07   2.8776870E+07   2.3319498E+04   1.6923064E+07   2.1791514E+07   2.1791507E+07   0.0000000E+00   0.0000000E+00   0.0000000E+00   0.0000000E+00   0.0000000E+00
   5.1639451E-05   2.1791364E+07   2.1791364E+07   2.8733803E+07   2.3297161E+04   1.6915827E+07   2.1791364E+07   2.1791364E+07   0.0000000E+00   0.0000000E+00   0.0000000E+00   0.0000000E+00   0.0000000E+00
   5.5492158E-05   2.1791199E+07   2.1791199E+07   2.8684144E+07   2.3271397E+04   1.6907488E+07   2.1791191E+07   2.1791199E+07   0.0000000E+00   0.0000000E+00   0.0000000E+00   0.0000000E+00   0.0000000E+00
   5.9632308E-05   2.1791009E+07   2.1791009E+07   2.8626898E+07   2.3241684E+04   1.6897885E+07   2.1790992E+07   2.1791009E+07   0.0000000E+00   0.0000000E+00   0.0000000E+00   0.0000000E+00   0.0000000E+00
   6.4081345E-05   2.1790789E+07   2.1790789E+07   2.8560925E+07   2.3207425E+04   1.6886828E+07   2.1790761E+07   2.1790789E+07   0.0000000E+00   0.0000000E+00   0.0000000E+00   0.0000000E+00   0.0000000E+00
   6.8862315E-05   2.1790535E+07   2.1790535E+07   2.8484917E+07   2.3167935E+04   1.6874105E+07   2.1790495E+07   2.1790535E+07   0.0000000E+00   0.0000000E+00   0.0000000E+00   0.0000000E+00   0.0000000E+00
   7.3999982E-05   2.1790242E+07   2.1790242E+07   2.8397380E+07   2.3122425E+04   1.6859472E+07   2.1790188E+07   2.1790242E+07   0.0000000E+00   0.0000000E+00   0.0000000E+00   0.0000000E+00   0.0000000E+00
   7.9520960E-05   2.1789904E+07   2.1789904E+07   2.8296606E+07   2.3069997E+04   1.6842652E+07   2.1789833E+07   2.1789904E+07   0.0000000E+00   0.0000000E+00   0.0000000E+00   0.0000000E+00   0.0000000E+00
   8.5453846E-05   2.1789514E+07   2.1789514E+07   2.8180651E+07   2.3009620E+04   1.6823334E+07   2.1789424E+07   2.1789514E+07   0.0000000E+00   0.0000000E+00   0.0000000E+00   0.0000000E+00   0.0000000E+00
   9.1829372E-05   2.1789064E+07   2.1789064E+07   2.8047301E+07   2.2940120E+04   1.6801165E+07   2.1788952E+07   2.1789064E+07   0.0000000E+00   0.0000000E+00   0.0000000E+00   0.0000000E+00   0.0000000E+00
   9.8680562E-05   2.1788544E+07   2.1788544E+07   2.7894045E+07   2.2860155E+04   1.6775748E+07   2.1788408E+07   2.1788544E+07   0.0000000E+00   0.0000000E+00   0.0000000E+00   0.0000000E+00   0.0000000E+00
   1.0604290E-04   2.1787945E+07   2.1787945E+07   2.7718044E+07   2.2768204E+04   1.6746642E+07   2.1787780E+07   2.1787945E+07   0.0000000E+00   0.0000000E+00   0.0000000E+00   0.0000000E+00   0.0000000E+00
   1.1395454E-04   2.1787254E+07   2.1787254E+07   2.7516094E+07   2.2662540E+04   1.6713353E+07   2.1787055E+07   2.1787254E+07   0.0000000E+00   0.0000000E+00   0.0000000E+00   0.0000000E+00   0.0000000E+00
   1.2245644E-04   2.1786457E+07   2.1786457E+07   2.7284600E+07   2.2541209E+04   1.6675339E+07   2.1786219E+07   2.1786457E+07   0.0000000E+00   0.0000000E+00   0.0000000E+00   0.0000000E+00   0.0000000E+00
   1.3159264E-04   2.1785539E+07   2.1785539E+07   2.7019546E+07   2.2402010E+04   1.6632005E+07   2.1785256E+07   2.1785539E+07   0.0000000E+00   0.0000000E+00   0.0000000E+00   0.0000000E+00   0.0000000E+00
   1.4141049E-04   2.1784480E+07   2.1784480E+07   2.6716471E+07   2.2242475E+04   1.6582708E+07   2.1784145E+07   2.1784480E+07   0.0000000E+00   0.0000000E+00   0.0000000E+00   0.0000000E+00   0.0000000E+00
   1.5196082E-04   2.1783259E+07   2.1783259E+07   2.6370454E+07   2.2059847E+04   1.6526758E+07   2.1782866E+07   2.1783259E+07   0.0000000E+00   0.0000000E+00   0.0000000E+00   0.0000000E+00   0.0000000E+00
   1.6329828E-04   2.1781854E+07   2.1781854E+07   2.5976115E+07   2.1851067E+04   1.6463433E+07   2.1781391E+07   2.1781854E+07   0.0000000E+00   0.0000000E+00   0.0000000E+00   0.0000000E+00   0.0000000E+00
   1.7548161E-04   2.1780235E+07   2.1780235E+07   2.5527636E+07   2.1612764E+04   1.6391989E+07   2.1779694E+07   2.1780235E+07   0.0000000E+00   0.0000000E+00   0.0000000E+00   0.0000000E+00   0.0000000E+00
   1.8857391E-04   2.1778371E+07   2.1778371E+07   2.5018803E+07   2.1341256E+04   1.6311686E+07   2.1777739E+07   2.1778371E+07   0.0000000E+00   0.0000000E+00   0.0000000E+00   0.0000000E+00   0.0000000E+00
   2.0264300E-04   2.1776228E+07   2.1776228E+07   2.4443101E+07   2.1032565E+04   1.6221814E+07   2.1775491E+07   2.1776228E+07   0.0000000E+00   0.0000000E+00   0.0000000E+00   0.0000000E+00   0.0000000E+00
   2.1776176E-04   2.1773762E+07   2.1773762E+07   2.3793840E+07   2.0682451E+04   1.6121742E+07   2.1772905E+07   2.1773762E+07   0.0000000E+00   0.0000000E+00   0.0000000E+00   0.0000000E+00   0.0000000E+00
   2.3400849E-04   2.1770929E+07   2.1770929E+07   2.3064364E+07   2.0286471E+04   1.6010973E+07   2.1769934E+07   2.1770929E+07   0.0000000E+00   0.0000000E+00   0.0000000E+00   0.0000000E+00   0.0000000E+00
   2.5146736E-04   2.1767676E+07   2.1767676E+07   2.2248331E+07   1.9840071E+04   1.5889211E+07   2.1766521E+07   2.1767676E+07   0.0000000E+00   0.0000000E+00   0.0000000E+00   0.0000000E+00   0.0000000E+00
   2.7022879E-04   2.1763943E+07   2.1763943E+07   2.1340094E+07   1.9338728E+04   1.5756455E+07   2.1762605E+07   2.1763943E+07   0.0000000E+00   0.0000000E+00   0.0000000E+00   0.0000000E+00   0.0000000E+00
   2.9038997E-04   2.1759663E+07   2.1759663E+07   2.0335206E+07   1.8778135E+04   1.5613101E+07   2.1758115E+07   2.1759663E+07   0.0000000E+00   0.0000000E+00   0.0000000E+00   0.0000000E+00   0.0000000E+00
   3.1205534E-04   2.1754761E+07   2.1754761E+07   1.9231042E+07   1.8154460E+04   1.5460056E+07   2.1752972E+07   2.1754761E+07   0.0000000E+00   0.0000000E+00   0.0000000E+00   0.0000000E+00   0.0000000E+00
   3.3533711E-04   2.1749153E+07   2.1749153E+07   1.8027572E+07   1.7464674E+04   1.5298861E+07   2.1747088E+07   2.1749153E+07   0.0000000E+00   0.0000000E+00   0.0000000E+00   0.0000000E+00   0.0000000E+00
   3.6035588E-04   2.1742746E+07   2.1742746E+07   1.6728246E+07   1.6706961E+04   1.5131803E+07   2.1740365E+07   2.1742746E+07   0.0000000E+00   0.0000000E+00   0.0000000E+00   0.0000000E+00   0.0000000E+00
   3.8724125E-04   2.1735435E+07   2.1735435E+07   1.5340987E+07   1.5881206E+04   1.4961990E+07   2.1732693E+07   2.1735435E+07   0.0000000E+00   0.0000000E+00   0.0000000E+00   0.0000000E+00   0.0000000E+00
   4.1613248E-04   2.1727106E+07   2.1727106E+07   1.3879191E+07   1.4989559E+04   1.4793365E+07   2.1723952E+07   2.1727106E+07   0.0000000E+00   0.0000000E+00   0.0000000E+00   0.0000000E+00   0.0000000E+00
   4.4717922E-04   2.1717633E+07   2.1717633E+07   1.2362642E+07   1.4037027E+04   1.4630605E+07   2.1714010E+07   2.1717633E+07   0.0000000E+00   0.0000000E+00   0.0000000E+00   0.0000000E+00   0.0000000E+00
   4.8054229E-04   2.1706877E+07   2.1706877E+07   1.0818134E+07   1.3032068E+04   1.4478850E+07   2.1702720E+07   2.1706877E+07   0.0000000E+00   0.0000000E+00   0.0000000E+00   0.0000000E+00   0.0000000E+00
   5.1639451E-04   2.1694687E+07   2.1694687E+07   9.2795567E+06   1.1987078E+04   1.4343206E+07   2.1689926E+07   2.1694687E+07   0.0000000E+00   0.0000000E+00   0.0000000E+00   0.0000000E+00   0.0000000E+00
   5.5492158E-04   2.1680899E+07   2.1680899E+07   7.7871176E+06   1.0918657E+04   1.4227979E+07   2.1675455E+07   2.1680899E+07   0.0000000E+00   0.0000000E+00   0.0000000E+00   0.0000000E+00   0.0000000E+00
   5.9632308E-04   2.1665336E+07   2.1665336E+07   6.3853497E+06   9.8475040E+03   1.4135616E+07   2.1659121E+07   2.1665336E+07   0.0000000E+00   0.0000000E+00   0.0000000E+00   0.0000000E+00   0.0000000E+00
   6.4081345E-04   2.1647803E+07   2.1647803E+07   5.1195970E+06   8.7977406E+03   1.4065452E+07   2.1640724E+07   2.1647803E+07   0.0000000E+00   0.0000000E+00   0.0000000E+00   0.0000000E+00   0.0000000E+00
   6.8862315E-04   2.1628092E+07   2.1628092E+07   4.0308561E+06   7.7954975E+03   1.4012448E+07   2.1620045E+07   2.1628092E+07   0.0000000E+00   0.0000000E+00   0.0000000E+00   0.0000000E+00   0.0000000E+00
   7.3999982E-04   2.1605972E+07   2.1605972E+07   3.1492352E+06   6.8666520E+03   1.3966315E+07   2.1596850E+07   2.1605972E+07   0.0000000E+00   0.0000000E+00   0.0000000E+00   0.0000000E+00   0.0000000E+00
   7.9520960E-04   2.1581194E+07   2.1581194E+07   2.4869103E+06   6.0337610E+03   1.3911597E+07   2.1570880E+07   2.1581194E+07   0.0000000E+00   0.0000000E+00   0.0000000E+00   0.0000000E+00   0.0000000E+00
   8.5453846E-04   2.1553481E+07   2.1553481E+07   2.0322662E+06   5.3125049E+03   1.3829363E+07   2.1541856E+07   2.1553481E+07   0.0000000E+00   0.0000000E+00   0.0000000E+00   0.0000000E+00   0.0000000E+00
   9.1829372E-04   2.1522531E+07   2.1522531E+07   1.7476754E+06   4.7083161E+03   1.3701005E+07   2.1509472E+07   2.1522531E+07   0.0000000E+00   0.0000000E+00   0.0000000E+00   0.0000000E+00   0.0000000E+00
   9.8680562E-04   2.1488008E+07   2.1488008E+07   1.5736397E+06   4.2142420E+03   1.3513986E+07   2.1473395E+07   2.1488008E+07   0.0000000E+00   0.0000000E+00   0.0000000E+00   0.0000000E+00   0.0000000E+00
   1.0604290E-03   2.1449549E+07   2.1449549E+07   1.4410813E+06   3.8112836E+03   1.3268162E+07   2.1433263E+07   2.1449549E+07   0.0000000E+00   0.0000000E+00   0.0000000E+00   0.0000000E+00   0.0000000E+00
   1.1395454E-03   2.1406762E+07   2.1406762E+07   1.2907743E+06   3.4721849E+03   1.2979683E+07   2.1388693E+07   2.1406762E+07   0.0000000E+00   0.0000000E+00   0.0000000E+00   0.0000000E+00   0.0000000E+00
   1.2245644E-03   2.1359232E+07   2.1359232E+07   1.0942704E+06   3.1686244E+03   1.2678490E+07   2.1339280E+07   2.1359232E+07   0.0000000E+00   0.0000000E+00   0.0000000E+00   0.0000000E+00   0.0000000E+00
   1.3159264E-03   2.1306530E+07   2.1306530E+07   8.6590229E+05   2.8799811E+03   1.2396599E+07   2.1284612E+07   2.1306530E+07   0.0000000E+00   0.0000000E+00   0.0000000E+00   0.0000000E+00   0.0000000E+00
   1.4141049E-03   2.1248224E+07   2.1248224E+07   6.5455654E+05   2.5999118E+03   1.2149559E+07   2.1224272E+07   2.1248224E+07   0.0000000E+00   0.0000000E+00   0.0000000E+00   0.0000000E+00   0.0000000E+00
   1.5196082E-03   2.1183876E+07   2.1183876E+07   5.1189780E+05   2.3363630E+03   1.1921788E+07   2.1157844E+07   2.1183876E+07   0.0000000E+00   0.0000000E+00   0.0000000E+00   0.0000000E+00   0.0000000E+00
   1.6329828E-03   2.1113045E+07   2.1113045E+07   4.5165975E+05   2.1031335E+03   1.1671912E+07   2.1084903E+07   2.1113045E+07   0.0000000E+00   0.0000000E+00   0.0000000E+00   0.0000000E+00   0.0000000E+00
   1.7548161E-03   2.1035275E+07   2.1035275E+07   4.3221627E+05   1.9070208E+03   1.1365487E+07   2.1005012E+07   2.1035275E+07   0.0000000E+00   0.0000000E+00   0.0000000E+00   0.0000000E+00   0.0000000E+00
   1.8857391E-03   2.0950095E+07   2.0950095E+07   3.8916439E+05   1.7403879E+03   1.1014454E+07   2.0917709E+07   2.0950095E+07   0.0000000E+00   0.0000000E+00   0.0000000E+00   0.0000000E+00   0.0000000E+00
   2.0264300E-03   2.0857017E+07   2.0857017E+07   3.0033974E+05   1.5874897E+03   1.0676208E+07   2.0822513E+07   2.0857017E+07   0.0000000E+00   0.0000000E+00   0.0000000E+00   0.0000000E+00   0.0000000E+00
   2.1776176E-03   2.0755553E+07   2.0755553E+07   2.1250009E+05   1.4401385E+03   1.0389409E+07   2.0718934E+07   2.0755553E+07   0.0000000E+00   0.0000000E+00   0.0000000E+00   0.0000000E+00   0.0000000E+00
   2.3400849E-03   2.0645216E+07   2.0645216E+07   1.7855156E+05   1.3045435E+03   1.0113328E+07   2.0606479E+07   2.0645216E+07   0.0000000E+00   0.0000000E+00   0.0000000E+00   0.0000000E+00   0.0000000E+00
   2.5146736E-03   2.0525514E+07   2.0525514E+07   1.7675908E+05   1.1882864E+03   9.7796307E+06   2.0484648E+07   2.0525514E+07   0.0000000E+00   0.0000000E+00   0.0000000E+00   0.0000000E+00   0.0000000E+00
   2.7022879E-03   2.0395935E+07   2.0395935E+07   1.4840687E+05   1.0857677E+03   9.4095613E+06   2.0352925E+07   2.0395935E+07   0.0000000E+00   0.0000000E+00   0.0000000E+00   0.0000000E+00   0.0000000E+00
   2.9038997E-03   2.0255958E+07   2.0255958E+07   1.0678420E+05   9.8764086E+02   9.0745924E+06   2.0210790E+07   2.0255958E+07   0.0000000E+00   0.0000000E+00   0.0000000E+00   0.0000000E+00   0.0000000E+00
   3.1205534E-03   2.0105069E+07   2.0105069E+07   9.7425537E+04   8.9667971E+02   8.7386844E+06   2.0057733E+07   2.0105069E+07   0.0000000E+00   0.0000000E+00   0.0000000E+00   0.0000000E+00   0.0000000E+00
   3.3533711E-03   1.9942750E+07   1.9942750E+07   8.6716022E+04   8.1619498E+02   8.3517706E+06   1.9893248E+07   1.9942750E+07   0.0000000E+00   0.0000000E+00   0.0000000E+00   0.0000000E+00   0.0000000E+00
   3.6035588E-03   1.9768477E+07   1.9768477E+07   6.0016703E+04   7.4017288E+02   7.9907899E+06   1.9716821E+07   1.9768477E+07   0.0000000E+00   0.0000000E+00   0.0000000E+00   0.0000000E+00   0.0000000E+00
   3.8724125E-03   1.9581739E+07   1.9581739E+07   5.9789244E+04   6.6988768E+02   7.6276571E+06   1.9527958E+07   1.9581739E+07   0.0000000E+00   0.0000000E+00   0.0000000E+00   0.0000000E+00   0.0000000E+00
   4.1613248E-03   1.9382036E+07   1.9382036E+07   4.8128431E+04   6.0678277E+02   7.2245096E+06   1.9326185E+07   1.9382036E+07   0.0000000E+00   0.0000000E+00   0.0000000E+00   0.0000000E+00   0.0000000E+00
   4.4717922E-03   1.9168890E+07   1.9168890E+07   3.6976807E+04   5.4650770E+02   6.8678663E+06   1.9111061E+07   1.9168890E+07   0.0000000E+00   0.0000000E+00   0.0000000E+00   0.0000000E+00   0.0000000E+00
   4.8054229E-03   1.8941862E+07   1.8941862E+07   3.4904055E+04   4.9225850E+02   6.4792310E+06   1.8882179E+07   1.8941862E+07   0.0000000E+00   0.0000000E+00   0.0000000E+00   0.0000000E+00   0.0000000E+00
   5.1639451E-03   1.8700546E+07   1.8700546E+07   2.6409090E+04   4.4197178E+02   6.1216492E+06   1.8639131E+07   1.8700546E+07   0.0000000E+00   0.0000000E+00   0.0000000E+00   0.0000000E+00   0.0000000E+00
   5.5492158E-03   1.8444546E+07   1.8444546E+07   2.3327039E+04   3.9683996E+02   5.7390345E+06   1.8381498E+07   1.8444546E+07   0.0000000E+00   0.0000000E+00   0.0000000E+00   0.0000000E+00   0.0000000E+00
   5.9632308E-03   1.8173475E+07   1.8173475E+07   1.9906782E+04   3.5470775E+02   5.3854233E+06   1.8108900E+07   1.8173475E+07   0.0000000E+00   0.0000000E+00   0.0000000E+00   0.0000000E+00   0.0000000E+00
   6.4081345E-03   1.7886957E+07   1.7886957E+07   1.4637897E+04   3.1635823E+02   5.0161812E+06   1.7821019E+07   1.7886957E+07   0.0000000E+00   0.0000000E+00   0.0000000E+00   0.0000000E+00   0.0000000E+00
   6.8862315E-03   1.7584663E+07   1.7584663E+07   1.4447156E+04   2.8129685E+02   4.6680754E+06   1.7517560E+07   1.7584663E+07   0.0000000E+00   0.0000000E+00   0.0000000E+00   0.0000000E+00   0.0000000E+00
   7.3999982E-03   1.7266313E+07   1.7266313E+07   1.1860015E+04   2.4950319E+02   4.3352349E+06   1.7198222E+07   1.7266313E+07   0.0000000E+00   0.0000000E+00   0.0000000E+00   0.0000000E+00   0.0000000E+00
   7.9520960E-03   1.6931646E+07   1.6931646E+07   8.5969764E+03   2.2065691E+02   4.0050802E+06   1.6862745E+07   1.6931646E+07   0.0000000E+00   0.0000000E+00   0.0000000E+00   0.0000000E+00   0.0000000E+00
   8.5453846E-03   1.6580409E+07   1.6580409E+07   7.0730754E+03   1.9455817E+02   3.6828417E+06   1.6510907E+07   1.6580409E+07   0.0000000E+00   0.0000000E+00   0.0000000E+00   0.0000000E+00   0.0000000E+00
   9.1829372E-03   1.6212380E+07   1.6212380E+07   6.1326789E+03   1.7099170E+02   3.3773906E+06   1.6142495E+07   1.6212380E+07   0.0000000E+00   0.0000000E+00   0.0000000E+00   0.0000000E+00   0.0000000E+00
   9.8680562E-03   1.5827380E+07   1.5827380E+07   5.1458221E+03   1.4980937E+02   3.0855530E+06   1.5757329E+07   1.5827380E+07   0.0000000E+00   0.0000000E+00   0.0000000E+00   0.0000000E+00   0.0000000E+00
   1.0604290E-02   1.5425254E+07   1.5425254E+07   4.2513727E+03   1.3077634E+02   2.8083446E+06   1.5355260E+07   1.5425254E+07   0.0000000E+00   0.0000000E+00   0.0000000E+00   0.0000000E+00   0.0000000E+00
   1.1395454E-02   1.5005885E+07   1.5005885E+07   3.4207839E+03   1.1375714E+02   2.5484898E+06   1.4936191E+07   1.5005885E+07   0.0000000E+00   0.0000000E+00   0.0000000E+00   0.0000000E+00   0.0000000E+00
   1.2245644E-02   1.4569222E+07   1.4569222E+07   2.9974630E+03   9.8619638E+01   2.3021335E+06   1.4500053E+07   1.4569222E+07   0.0000000E+00   0.0000000E+00   0.0000000E+00   0.0000000E+00   0.0000000E+00
   1.3159264E-02   1.4115274E+07   1.4115274E+07   2.7881111E+03   8.5168918E+01   2.0681239E+06   1.4046873E+07   1.4115274E+07   0.0000000E+00   0.0000000E+00   0.0000000E+00   0.0000000E+00   0.0000000E+00
   1.4141049E-02   1.3644156E+07   1.3644156E+07   2.0420020E+03   7.3281937E+01   1.8498507E+06   1.3576757E+07   1.3644156E+07   0.0000000E+00   0.0000000E+00   0.0000000E+00   0.0000000E+00   0.0000000E+00
   1.5196082E-02   1.3156124E+07   1.3156124E+07   1.8220517E+03   6.2784815E+01   1.6493470E+06   1.3089964E+07   1.3156124E+07   0.0000000E+00   0.0000000E+00   0.0000000E+00   0.0000000E+00   0.0000000E+00
   1.6329828E-02   1.2651624E+07   1.2651624E+07   1.4099008E+03   5.3582727E+01   1.4615705E+06   1.2586931E+07   1.2651624E+07   0.0000000E+00   0.0000000E+00   0.0000000E+00   0.0000000E+00   0.0000000E+00
   1.7548161E-02   1.2131360E+07   1.2131360E+07   1.2228132E+03   4.5520767E+01   1.2895258E+06   1.2068362E+07   1.2131360E+07   0.0000000E+00   0.0000000E+00   0.0000000E+00   0.0000000E+00   0.0000000E+00
   1.8857391E-02   1.1596386E+07   1.1596386E+07   9.7715687E+02   3.8499702E+01   1.1318099E+06   1.1535293E+07   1.1596386E+07   0.0000000E+00   0.0000000E+00   0.0000000E+00   0.0000000E+00   0.0000000E+00
   2.0264300E-02   1.1048193E+07   1.1048193E+07   7.8051386E+02   3.2412457E+01   9.8814585E+05   1.0989210E+07   1.1048193E+07   0.0000000E+00   0.0000000E+00   0.0000000E+00   0.0000000E+00   0.0000000E+00
   2.1776171E-02   1.0488840E+07   1.0488840E+07   6.5767441E+02   2.7154528E+01   8.5825227E+05   1.0432150E+07   1.0488840E+07   0.0000000E+00   0.0000000E+00   0.0000000E+00   0.0000000E+00   0.0000000E+00
   2.3400818E-02   9.9210663E+06   9.9210663E+06   5.7322748E+02   2.2637975E+01   7.4036268E+05   9.8668341E+06   9.9210663E+06   0.0000000E+00   0.0000000E+00   0.0000000E+00   0.0000000E+00   0.0000000E+00
   2.5146576E-02   9.3484353E+06   9.3484353E+06   4.0038515E+02   1.8778835E+01   6.3561452E+05   9.2967968E+06   9.3484353E+06   0.0000000E+00   0.0000000E+00   0.0000000E+00   0.0000000E+00   0.0000000E+00
   2.7022183E-02   8.7754652E+06   8.7754652E+06   3.6256089E+02   1.5501590E+01   5.4204102E+05   8.7265242E+06   8.7754652E+06   0.0000000E+00   0.0000000E+00   0.0000000E+00   0.0000000E+00   0.0000000E+00
   2.9036331E-02   8.2077816E+06   8.2077816E+06   3.0593928E+02   1.2736085E+01   4.6034293E+05   8.1616022E+06   8.2077816E+06   0.0000000E+00   0.0000000E+00   0.0000000E+00   0.0000000E+00   0.0000000E+00
   3.1196522E-02   7.6522778E+06   7.6522778E+06   2.4221253E+02   1.0422499E+01   3.8878896E+05   7.6088765E+06   7.6522778E+06   0.0000000E+00   0.0000000E+00   0.0000000E+00   0.0000000E+00   0.0000000E+00
   3.3506637E-02   7.1172291E+06   7.1172291E+06   1.6801596E+02   8.5046641E+00   3.2726451E+05   7.0765658E+06   7.1172291E+06   0.0000000E+00   0.0000000E+00   0.0000000E+00   0.0000000E+00   0.0000000E+00
   3.5962905E-02   6.6121467E+06   6.6121467E+06   1.5734836E+02   6.9340789E+00   2.7531877E+05   6.5741183E+06   6.6121467E+06   0.0000000E+00   0.0000000E+00   0.0000000E+00   0.0000000E+00   0.0000000E+00
   3.8549171E-02   6.1469604E+06   6.1469604E+06   1.0502657E+02   5.6655603E+00   2.3143550E+05   6.1113969E+06   6.1469604E+06   0.0000000E+00   0.0000000E+00   0.0000000E+00   0.0000000E+00   0.0000000E+00
   4.1234676E-02   5.7301908E+06   5.7301908E+06   8.9733147E+01   4.6559153E+00   1.9521770E+05   5.6968639E+06   5.7301908E+06   0.0000000E+00   0.0000000E+00   0.0000000E+00   0.0000000E+00   0.0000000E+00
   4.3978424E-02   5.3665383E+06   5.3665383E+06   8.0292517E+01   3.8622473E+00   1.6613597E+05   5.3351826E+06   5.3665383E+06   0.0000000E+00   0.0000000E+00   0.0000000E+00   0.0000000E+00   0.0000000E+00
   4.6740037E-02   5.0553301E+06   5.0553301E+06   7.0284480E+01   3.2418014E+00   1.4287369E+05   5.0256745E+06   5.0553301E+06   0.0000000E+00   0.0000000E+00   0.0000000E+00   0.0000000E+00   0.0000000E+00
   4.9490327E-02   4.7910183E+06   4.7910183E+06   5.9542664E+01   2.7553222E+00   1.2424772E+05   4.7628162E+06   4.7910183E+06   0.0000000E+00   0.0000000E+00   0.0000000E+00   0.0000000E+00   0.0000000E+00
   5.2215115E-02   4.5652373E+06   4.5652373E+06   4.7835925E+01   2.3697734E+00   1.0910579E+05   4.5382837E+06   4.5652373E+06   0.0000000E+00   0.0000000E+00   0.0000000E+00   0.0000000E+00   0.0000000E+00
   5.4912623E-02   4.3689513E+06   4.3689513E+06   4.0036981E+01   2.0589518E+00   9.6538288E+04   4.3430892E+06   4.3689513E+06   0.0000000E+00   0.0000000E+00   0.0000000E+00   0.0000000E+00   0.0000000E+00
   5.7588674E-02   4.1938201E+06   4.1938201E+06   3.7110891E+01   1.8035001E+00   8.6047826E+04   4.1689375E+06   4.1938201E+06   0.0000000E+00   0.0000000E+00   0.0000000E+00   0.0000000E+00   0.0000000E+00
   6.0252697E-02   4.0327874E+06   4.0327874E+06   3.2486002E+01   1.5894781E+00   7.7159260E+04   4.0088114E+06   4.0327874E+06   0.0000000E+00   0.0000000E+00   0.0000000E+00   0.0000000E+00   0.0000000E+00
   6.2915268E-02   3.8802193E+06   3.8802193E+06   2.5834964E+01   1.4068471E+00   6.9349850E+04   3.8571081E+06   3.8802193E+06   0.0000000E+00   0.0000000E+00   0.0000000E+00   0.0000000E+00   0.0000000E+00
   6.5586856E-02   3.7318560E+06   3.7318560E+06   2.1926952E+01   1.2485452E+00   6.2351768E+04   3.7095918E+06   3.7318560E+06   0.0000000E+00   0.0000000E+00   0.0000000E+00   0.0000000E+00   0.0000000E+00
   6.8277292E-02   3.5847122E+06   3.5847122E+06   2.1237919E+01   1.1096063E+00   5.6118014E+04   3.5632939E+06   3.5847122E+06   0.0000000E+00   0.0000000E+00   0.0000000E+00   0.0000000E+00   0.0000000E+00
   7.0995615E-02   3.4369743E+06   3.4369743E+06   2.0498331E+01   9.8645630E-01   5.0562042E+04   3.4164104E+06   3.4369743E+06   0.0000000E+00   0.0000000E+00   0.0000000E+00   0.0000000E+00   0.0000000E+00
   7.3750095E-02   3.2878992E+06   3.2878992E+06   1.8575461E+01   8.7662062E-01   4.5536374E+04   3.2682025E+06   3.2878992E+06   0.0000000E+00   0.0000000E+00   0.0000000E+00   0.0000000E+00   0.0000000E+00
   7.6548319E-02   3.1377070E+06   3.1377070E+06   1.6384714E+01   7.7837943E-01   4.0934928E+04   3.1188881E+06   3.1377070E+06   0.0000000E+00   0.0000000E+00   0.0000000E+00   0.0000000E+00   0.0000000E+00
   7.9397302E-02   2.9874515E+06   2.9874515E+06   1.4490456E+01   6.9044406E-01   3.6718198E+04   2.9695144E+06   2.9874515E+06   0.0000000E+00   0.0000000E+00   0.0000000E+00   0.0000000E+00   0.0000000E+00
   8.2303594E-02   2.8388585E+06   2.8388585E+06   1.2498871E+01   6.1193411E-01   3.2875144E+04   2.8217965E+06   2.8388585E+06   0.0000000E+00   0.0000000E+00   0.0000000E+00   0.0000000E+00   0.0000000E+00
   8.5273376E-02   2.6941229E+06   2.6941229E+06   9.9934429E+00   5.4212543E-01   2.9434540E+04   2.6779157E+06   2.6941229E+06   0.0000000E+00   0.0000000E+00   0.0000000E+00   0.0000000E+00   0.0000000E+00
   8.8312540E-02   2.5556656E+06   2.5556656E+06   8.6853940E+00   4.8041871E-01   2.6406464E+04   2.5402779E+06   2.5556656E+06   0.0000000E+00   0.0000000E+00   0.0000000E+00   0.0000000E+00   0.0000000E+00
   9.1426760E-02   2.4258559E+06   2.4258559E+06   7.8394756E+00   4.2625035E-01   2.3671995E+04   2.4112378E+06   2.4258559E+06   0.0000000E+00   0.0000000E+00   0.0000000E+00   0.0000000E+00   0.0000000E+00
   9.4621546E-02   2.3067188E+06   2.3067188E+06   7.4096266E+00   3.7902774E-01   2.1252234E+04   2.2928079E+06   2.3067188E+06   0.0000000E+00   0.0000000E+00   0.0000000E+00   0.0000000E+00   0.0000000E+00
   9.7902294E-02   2.1996503E+06   2.1996503E+06   6.4586619E+00   3.3808628E-01   1.9201690E+04   2.1863756E+06   2.1996503E+06   0.0000000E+00   0.0000000E+00   0.0000000E+00   0.0000000E+00   0.0000000E+00
   1.0127432E-01   2.1051775E+06   2.1051775E+06   5.1596196E+00   3.0274251E-01   1.7364638E+04   2.0924642E+06   2.1051775E+06   0.0000000E+00   0.0000000E+00   0.0000000E+00   0.0000000E+00   0.0000000E+00
   1.0474290E-01   2.0227992E+06   2.0227992E+06   4.5549459E+00   2.7221916E-01   1.5767248E+04   2.0105756E+06   2.0227992E+06   0.0000000E+00   0.0000000E+00   0.0000000E+00   0.0000000E+00   0.0000000E+00
   1.0831328E-01   1.9509481E+06   1.9509481E+06   4.1383775E+00   2.4572035E-01   1.4394187E+04   1.9391517E+06   1.9509481E+06   0.0000000E+00   0.0000000E+00   0.0000000E+00   0.0000000E+00   0.0000000E+00
   1.1199071E-01   1.8871014E+06   1.8871014E+06   4.1574758E+00   2.2247521E-01   1.3186841E+04   1.8756845E+06   1.8871014E+06   0.0000000E+00   0.0000000E+00   0.0000000E+00   0.0000000E+00   0.0000000E+00
   1.1578045E-01   1.8280539E+06   1.8280539E+06   3.9382922E+00   2.0176284E-01   1.2050107E+04   1.8169883E+06   1.8280539E+06   0.0000000E+00   0.0000000E+00   0.0000000E+00   0.0000000E+00   0.0000000E+00
   1.1968779E-01   1.7703414E+06   1.7703414E+06   3.2479789E+00   1.8295571E-01   1.1071919E+04   1.7596198E+06   1.7703414E+06   0.0000000E+00   0.0000000E+00   0.0000000E+00   0.0000000E+00   0.0000000E+00
   1.2371806E-01   1.7107662E+06   1.7107662E+06   2.9826554E+00   1.6557997E-01   1.0107542E+04   1.7004005E+06   1.7107662E+06   0.0000000E+00   0.0000000E+00   0.0000000E+00   0.0000000E+00   0.0000000E+00
   1.2787663E-01   1.6469475E+06   1.6469475E+06   2.7977299E+00   1.4931962E-01   9.2189279E+03   1.6369640E+06   1.6469475E+06   0.0000000E+00   0.0000000E+00   0.0000000E+00   0.0000000E+00   0.0000000E+00
   1.3216894E-01   1.5777892E+06   1.5777892E+06   2.6176336E+00   1.3402939E-01   8.3618792E+03   1.5682208E+06   1.5777892E+06   0.0000000E+00   0.0000000E+00   0.0000000E+00   0.0000000E+00   0.0000000E+00
   1.3660046E-01   1.5037496E+06   1.5037496E+06   2.2076464E+00   1.1970816E-01   7.5271152E+03   1.4946266E+06   1.5037496E+06   0.0000000E+00   0.0000000E+00   0.0000000E+00   0.0000000E+00   0.0000000E+00
   1.4117677E-01   1.4268140E+06   1.4268140E+06   1.9252885E+00   1.0645416E-01   6.7843877E+03   1.4181545E+06   1.4268140E+06   0.0000000E+00   0.0000000E+00   0.0000000E+00   0.0000000E+00   0.0000000E+00
   1.4590346E-01   1.3501197E+06   1.3501197E+06   1.6092619E+00   9.4413761E-02   6.0636278E+03   1.3419227E+06   1.3501197E+06   0.0000000E+00   0.0000000E+00   0.0000000E+00   0.0000000E+00   0.0000000E+00
   1.5078625E-01   1.2772643E+06   1.2772643E+06   1.4634803E+00   8.3711858E-02   5.4292701E+03   1.2695069E+06   1.2772643E+06   0.0000000E+00   0.0000000E+00   0.0000000E+00   0.0000000E+00   0.0000000E+00
   1.5583090E-01   1.2114225E+06   1.2114225E+06   1.2721249E+00   7.4401960E-02   4.8826430E+03   1.2040627E+06   1.2114225E+06   0.0000000E+00   0.0000000E+00   0.0000000E+00   0.0000000E+00   0.0000000E+00
   1.6104329E-01   1.1544862E+06   1.1544862E+06   1.2144836E+00   6.6429594E-02   4.4092458E+03   1.1474702E+06   1.1544862E+06   0.0000000E+00   0.0000000E+00   0.0000000E+00   0.0000000E+00   0.0000000E+00
   1.6642937E-01   1.1064824E+06   1.1064824E+06   1.1268384E+00   5.9636105E-02   4.0001268E+03   1.0997562E+06   1.1064824E+06   0.0000000E+00   0.0000000E+00   0.0000000E+00   0.0000000E+00   0.0000000E+00
   1.7199521E-01   1.0654956E+06   1.0654956E+06   1.0387688E+00   5.3782291E-02   3.6510391E+03   1.0590169E+06   1.0654956E+06   0.0000000E+00   0.0000000E+00   0.0000000E+00   0.0000000E+00   0.0000000E+00
   1.7774700E-01   1.0281958E+06   1.0281958E+06   9.1062410E-01   4.8602913E-02   3.3345519E+03   1.0219422E+06   1.0281958E+06   0.0000000E+00   0.0000000E+00   0.0000000E+00   0.0000000E+00   0.0000000E+00
   1.8369107E-01   9.9087708E+05   9.9087708E+05   7.5849601E-01   4.3865983E-02   3.0520492E+03   9.8484902E+05   9.9087708E+05   0.0000000E+00   0.0000000E+00   0.0000000E+00   0.0000000E+00   0.0000000E+00
   1.8983390E-01   9.5070155E+05   9.5070155E+05   7.0482989E-01   3.9422005E-02   2.7704531E+03   9.4491659E+05   9.5070155E+05   0.0000000E+00   0.0000000E+00   0.0000000E+00   0.0000000E+00   0.0000000E+00
   1.9618215E-01   9.0669757E+05   9.0669757E+05   6.3995985E-01   3.5221952E-02   2.5072879E+03   9.0117919E+05   9.0669757E+05   0.0000000E+00   0.0000000E+00   0.0000000E+00   0.0000000E+00   0.0000000E+00
   2.0274269E-01   8.6008353E+05   8.6008353E+05   5.7758980E-01   3.1303919E-02   2.2555147E+03   8.5484780E+05   8.6008353E+05   0.0000000E+00   0.0000000E+00   0.0000000E+00   0.0000000E+00   0.0000000E+00
   2.0952263E-01   8.1370609E+05   8.1370609E+05   5.0868657E-01   2.7748676E-02   2.0285454E+03   8.0875174E+05   8.1370609E+05   0.0000000E+00   0.0000000E+00   0.0000000E+00   0.0000000E+00   0.0000000E+00
   2.1652938E-01   7.7075514E+05   7.7075514E+05   4.4341452E-01   2.4624179E-02   1.8234521E+03   7.6606145E+05   7.7075514E+05   0.0000000E+00   0.0000000E+00   0.0000000E+00   0.0000000E+00   0.0000000E+00
   2.2377066E-01   7.3329296E+05   7.3329296E+05   4.1162188E-01   2.1943688E-02   1.6449784E+03   7.2882666E+05   7.3329296E+05   0.0000000E+00   0.0000000E+00   0.0000000E+00   0.0000000E+00   0.0000000E+00
   2.3125456E-01   7.0130718E+05   7.0130718E+05   3.4767491E-01   1.9653573E-02   1.4946705E+03   6.9703501E+05   7.0130718E+05   0.0000000E+00   0.0000000E+00   0.0000000E+00   0.0000000E+00   0.0000000E+00
   2.3898964E-01   6.7281308E+05   6.7281308E+05   3.2343290E-01   1.7655925E-02   1.3610839E+03   6.6871387E+05   6.7281308E+05   0.0000000E+00   0.0000000E+00   0.0000000E+00   0.0000000E+00   0.0000000E+00
   2.4698494E-01   6.4500890E+05   6.4500890E+05   2.7636377E-01   1.5850214E-02   1.2413218E+03   6.4107854E+05   6.4500890E+05   0.0000000E+00   0.0000000E+00   0.0000000E+00   0.0000000E+00   0.0000000E+00
   2.5525011E-01   6.1586973E+05   6.1586973E+05   2.5550052E-01   1.4173141E-02   1.1256986E+03   6.1211642E+05   6.1586973E+05   0.0000000E+00   0.0000000E+00   0.0000000E+00   0.0000000E+00   0.0000000E+00
   2.6379547E-01   5.8523404E+05   5.8523404E+05   2.2412793E-01   1.2614447E-02   1.0180975E+03   5.8166699E+05   5.8523404E+05   0.0000000E+00   0.0000000E+00   0.0000000E+00   0.0000000E+00   0.0000000E+00
   2.7263213E-01   5.5468247E+05   5.5468247E+05   1.9950761E-01   1.1198083E-02   9.1854510E+02   5.5130123E+05   5.5468247E+05   0.0000000E+00   0.0000000E+00   0.0000000E+00   0.0000000E+00   0.0000000E+00
   2.8177212E-01   5.2627644E+05   5.2627644E+05   1.7484430E-01   9.9496259E-03   8.2982153E+02   5.2306800E+05   5.2627644E+05   0.0000000E+00   0.0000000E+00   0.0000000E+00   0.0000000E+00   0.0000000E+00
   2.9122850E-01   5.0104381E+05   5.0104381E+05   1.6135419E-01   8.8691861E-03   7.5331555E+02   4.9798888E+05   5.0104381E+05   0.0000000E+00   0.0000000E+00   0.0000000E+00   0.0000000E+00   0.0000000E+00
   3.0101554E-01   4.7833461E+05   4.7833461E+05   1.4164957E-01   7.9262412E-03   6.8547546E+02   4.7541785E+05   4.7833461E+05   0.0000000E+00   0.0000000E+00   0.0000000E+00   0.0000000E+00   0.0000000E+00
   3.1114891E-01   4.5652682E+05   4.5652682E+05   1.2622113E-01   7.0809892E-03   6.2377984E+02   4.5374278E+05   4.5652682E+05   0.0000000E+00   0.0000000E+00   0.0000000E+00   0.0000000E+00   0.0000000E+00
   3.2164589E-01   4.3445356E+05   4.3445356E+05   1.1178994E-01   6.3072125E-03   5.6622069E+02   4.3180389E+05   4.3445356E+05   0.0000000E+00   0.0000000E+00   0.0000000E+00   0.0000000E+00   0.0000000E+00
   3.3252564E-01   4.1228280E+05   4.1228280E+05   1.0169164E-01   5.6015229E-03   5.1348647E+02   4.0976814E+05   4.1228280E+05   0.0000000E+00   0.0000000E+00   0.0000000E+00   0.0000000E+00   0.0000000E+00
   3.4380949E-01   3.9108246E+05   3.9108246E+05   8.8892180E-02   4.9712962E-03   4.6486565E+02   3.8869692E+05   3.9108246E+05   0.0000000E+00   0.0000000E+00   0.0000000E+00   0.0000000E+00   0.0000000E+00
   3.5552131E-01   3.7158644E+05   3.7158644E+05   7.9205048E-02   4.4181373E-03   4.2234685E+02   3.6931966E+05   3.7158644E+05   0.0000000E+00   0.0000000E+00   0.0000000E+00   0.0000000E+00   0.0000000E+00
   3.6768796E-01   3.5348239E+05   3.5348239E+05   6.9758932E-02   3.9296643E-03   3.8398051E+02   3.5132589E+05   3.5348239E+05   0.0000000E+00   0.0000000E+00   0.0000000E+00   0.0000000E+00   0.0000000E+00
   3.8033980E-01   3.3593037E+05   3.3593037E+05   6.2617908E-02   3.4905441E-03   3.4947117E+02   3.3388082E+05   3.3593037E+05   0.0000000E+00   0.0000000E+00   0.0000000E+00   0.0000000E+00   0.0000000E+00
   3.9351133E-01   3.1858509E+05   3.1858509E+05   5.5294822E-02   3.0930736E-03   3.1722806E+02   3.1664124E+05   3.1858509E+05   0.0000000E+00   0.0000000E+00   0.0000000E+00   0.0000000E+00   0.0000000E+00
   4.0724200E-01   3.0183514E+05   3.0183514E+05   4.9055534E-02   2.7366110E-03   2.8781194E+02   2.9999338E+05   3.0183514E+05   0.0000000E+00   0.0000000E+00   0.0000000E+00   0.0000000E+00   0.0000000E+00
   4.2157718E-01   2.8606958E+05   2.8606958E+05   4.3418729E-02   2.4204619E-03   2.6167332E+02   2.8432393E+05   2.8606958E+05   0.0000000E+00   0.0000000E+00   0.0000000E+00   0.0000000E+00   0.0000000E+00
   4.3656939E-01   2.7110863E+05   2.7110863E+05   3.8124021E-02   2.1392481E-03   2.3776499E+02   2.6945419E+05   2.7110863E+05   0.0000000E+00   0.0000000E+00   0.0000000E+00   0.0000000E+00   0.0000000E+00
   4.5227979E-01   2.5657627E+05   2.5657627E+05   3.3707517E-02   1.8866157E-03   2.1596601E+02   2.5501043E+05   2.5657627E+05   0.0000000E+00   0.0000000E+00   0.0000000E+00   0.0000000E+00   0.0000000E+00
   4.6878017E-01   2.4247155E+05   2.4247155E+05   2.9631249E-02   1.6597649E-03   1.9597721E+02   2.4099172E+05   2.4247155E+05   0.0000000E+00   0.0000000E+00   0.0000000E+00   0.0000000E+00   0.0000000E+00
   4.8615536E-01   2.2898536E+05   2.2898536E+05   2.6033610E-02   1.4575690E-03   1.7771497E+02   2.2758777E+05   2.2898536E+05   0.0000000E+00   0.0000000E+00   0.0000000E+00   0.0000000E+00   0.0000000E+00
   5.0450644E-01   2.1604975E+05   2.1604975E+05   2.2830615E-02   1.2771155E-03   1.6110616E+02   2.1473105E+05   2.1604975E+05   0.0000000E+00   0.0000000E+00   0.0000000E+00   0.0000000E+00   0.0000000E+00
   5.2395475E-01   2.0349672E+05   2.0349672E+05   1.9908244E-02   1.1153616E-03   1.4594235E+02   2.0225460E+05   2.0349672E+05   0.0000000E+00   0.0000000E+00   0.0000000E+00   0.0000000E+00   0.0000000E+00
   5.4464714E-01   1.9135003E+05   1.9135003E+05   1.7306091E-02   9.7070049E-04   1.3195127E+02   1.9018200E+05   1.9135003E+05   0.0000000E+00   0.0000000E+00   0.0000000E+00   0.0000000E+00   0.0000000E+00
   5.6676275E-01   1.7962218E+05   1.7962218E+05   1.5003265E-02   8.4154984E-04   1.1918935E+02   1.7852570E+05   1.7962218E+05   0.0000000E+00   0.0000000E+00   0.0000000E+00   0.0000000E+00   0.0000000E+00
   5.9052157E-01   1.6822199E+05   1.6822199E+05   1.2948754E-02   7.2604550E-04   1.0743022E+02   1.6719506E+05   1.6822199E+05   0.0000000E+00   0.0000000E+00   0.0000000E+00   0.0000000E+00   0.0000000E+00
   6.1619537E-01   1.5713266E+05   1.5713266E+05   1.1104269E-02   6.2289372E-04   9.6605093E+01   1.5617340E+05   1.5713266E+05   0.0000000E+00   0.0000000E+00   0.0000000E+00   0.0000000E+00   0.0000000E+00
   6.4412075E-01   1.4633207E+05   1.4633207E+05   9.4607036E-03   5.3090530E-04   8.6588480E+01   1.4543872E+05   1.4633207E+05   0.0000000E+00   0.0000000E+00   0.0000000E+00   0.0000000E+00   0.0000000E+00
   6.7471399E-01   1.3577909E+05   1.3577909E+05   7.9997707E-03   4.4899651E-04   7.7353513E+01   1.3495013E+05   1.3577909E+05   0.0000000E+00   0.0000000E+00   0.0000000E+00   0.0000000E+00   0.0000000E+00
   7.0848494E-01   1.2546184E+05   1.2546184E+05   6.7036341E-03   3.7629062E-04   6.8832488E+01   1.2469585E+05   1.2546184E+05   0.0000000E+00   0.0000000E+00   0.0000000E+00   0.0000000E+00   0.0000000E+00
   7.4604447E-01   1.1536689E+05   1.1536689E+05   5.5575143E-03   3.1207775E-04   6.0921185E+01   1.1466251E+05   1.1536689E+05   0.0000000E+00   0.0000000E+00   0.0000000E+00   0.0000000E+00   0.0000000E+00
   7.8809394E-01   1.0550583E+05   1.0550583E+05   4.5738502E-03   2.5577640E-04   5.3670615E+01   1.0486164E+05   1.0550583E+05   0.0000000E+00   0.0000000E+00   0.0000000E+00   0.0000000E+00   0.0000000E+00
   8.3538036E-01   9.5914106E+04   9.5914106E+04   3.6866355E-03   2.0695643E-04   4.7024383E+01   9.5328468E+04   9.5914106E+04   0.0000000E+00   0.0000000E+00   0.0000000E+00   0.0000000E+00   0.0000000E+00
   8.8860434E-01   8.6662153E+04   8.6662153E+04   2.9417868E-03   1.6527636E-04   4.0951589E+01   8.6132992E+04   8.6662153E+04   0.0000000E+00   0.0000000E+00   0.0000000E+00   0.0000000E+00   0.0000000E+00
   9.4829537E-01   7.7852442E+04   7.7852442E+04   2.3200329E-03   1.3037950E-04   3.5529083E+01   7.7377062E+04   7.7852442E+04   0.0000000E+00   0.0000000E+00   0.0000000E+00   0.0000000E+00   0.0000000E+00
   1.0147189E+00   6.9598971E+04   6.9598971E+04   1.8109698E-03   1.0180401E-04   3.0719913E+01   6.9173979E+04   6.9598971E+04   0.0000000E+00   0.0000000E+00   0.0000000E+00   0.0000000E+00   0.0000000E+00
   1.0878979E+00   6.1993464E+04   6.1993464E+04   1.4031316E-03   7.8893625E-05   2.6531015E+01   6.1614907E+04   6.1993464E+04   0.0000000E+00   0.0000000E+00   0.0000000E+00   0.0000000E+00   0.0000000E+00
   1.1677552E+00   5.5082415E+04   5.5082415E+04   1.0801447E-03   6.0842795E-05   2.2916611E+01   5.4746054E+04   5.5082415E+04   0.0000000E+00   0.0000000E+00   0.0000000E+00   0.0000000E+00   0.0000000E+00
   1.2542792E+00   4.8867141E+04   4.8867141E+04   8.3256133E-04   4.6790115E-05   1.9816161E+01   4.8568729E+04   4.8867141E+04   0.0000000E+00   0.0000000E+00   0.0000000E+00   0.0000000E+00   0.0000000E+00
   1.3476153E+00   4.3312515E+04   4.3312515E+04   6.3876738E-04   3.5927980E-05   1.7168049E+01   4.3048020E+04   4.3312515E+04   0.0000000E+00   0.0000000E+00   0.0000000E+00   0.0000000E+00   0.0000000E+00
   1.4480712E+00   3.8364116E+04   3.8364116E+04   4.8989485E-04   2.7562687E-05   1.4900465E+01   3.8129836E+04   3.8364116E+04   0.0000000E+00   0.0000000E+00   0.0000000E+00   0.0000000E+00   0.0000000E+00
   1.5560815E+00   3.3964583E+04   3.3964583E+04   3.7546036E-04   2.1133102E-05   1.2957041E+01   3.3757168E+04   3.3964583E+04   0.0000000E+00   0.0000000E+00   0.0000000E+00   0.0000000E+00   0.0000000E+00
   1.6721700E+00   3.0056330E+04   3.0056330E+04   2.8786512E-04   1.6196060E-05   1.1284223E+01   2.9872780E+04   3.0056330E+04   0.0000000E+00   0.0000000E+00   0.0000000E+00   0.0000000E+00   0.0000000E+00
   1.7969252E+00   2.6587122E+04   2.6587122E+04   2.2041134E-04   1.2407151E-05   9.8427775E+00   2.6424757E+04   2.6587122E+04   0.0000000E+00   0.0000000E+00   0.0000000E+00   0.0000000E+00   0.0000000E+00
   1.9309896E+00   2.3509141E+04   2.3509141E+04   1.6874688E-04   9.5010877E-06   8.5963741E+00   2.3365572E+04   2.3509141E+04   0.0000000E+00   0.0000000E+00   0.0000000E+00   0.0000000E+00   0.0000000E+00
   2.0750565E+00   2.0779760E+04   2.0779760E+04   1.2915141E-04   7.2729779E-06   7.5164705E+00   2.0652859E+04   2.0779760E+04   0.0000000E+00   0.0000000E+00   0.0000000E+00   0.0000000E+00   0.0000000E+00
   2.2298719E+00   1.8360516E+04   1.8360516E+04   9.8804066E-05   5.5653892E-06   6.5795294E+00   1.8248388E+04   1.8360516E+04   0.0000000E+00   0.0000000E+00   0.0000000E+00   0.0000000E+00   0.0000000E+00
   2.3962378E+00   1.6217238E+04   1.6217238E+04   7.5542104E-05   4.2572747E-06   5.7631532E+00   1.6118199E+04   1.6217238E+04   0.0000000E+00   0.0000000E+00   0.0000000E+00   0.0000000E+00   0.0000000E+00
   2.5750159E+00   1.4319240E+04   1.4319240E+04   5.7799153E-05   3.2555878E-06   5.0512559E+00   1.4231792E+04   1.4319240E+04   0.0000000E+00   0.0000000E+00   0.0000000E+00   0.0000000E+00   0.0000000E+00
   2.7671323E+00   1.2639168E+04   1.2639168E+04   4.4173552E-05   2.4887589E-06   4.4307865E+00   1.2561980E+04   1.2639168E+04   0.0000000E+00   0.0000000E+00   0.0000000E+00   0.0000000E+00   0.0000000E+00
   2.9735820E+00   1.1152621E+04   1.1152621E+04   3.3750032E-05   1.9019881E-06   3.8881303E+00   1.1084511E+04   1.1152621E+04   0.0000000E+00   0.0000000E+00   0.0000000E+00   0.0000000E+00   0.0000000E+00
   3.1954345E+00   9.8378300E+03   9.8378300E+03   2.5785936E-05   1.4531399E-06   3.4130089E+00   9.7777494E+03   9.8378300E+03   0.0000000E+00   0.0000000E+00   0.0000000E+00   0.0000000E+00   0.0000000E+00
   3.4338389E+00   8.6753993E+03   8.6753993E+03   1.9690585E-05   1.1098922E-06   2.9974197E+00   8.6224177E+03   8.6753993E+03   0.0000000E+00   0.0000000E+00   0.0000000E+00   0.0000000E+00   0.0000000E+00
   3.6900302E+00   7.6480575E+03   7.6480575E+03   1.5025661E-05   8.4750843E-07   2.6326081E+00   7.6013499E+03   7.6480575E+03   0.0000000E+00   0.0000000E+00   0.0000000E+00   0.0000000E+00   0.0000000E+00
   3.9653353E+00   6.7404351E+03   6.7404351E+03   1.1473913E-05   6.4698673E-07   2.3127401E+00   6.6992703E+03   6.7404351E+03   0.0000000E+00   0.0000000E+00   0.0000000E+00   0.0000000E+00   0.0000000E+00
   4.2611804E+00   5.9388626E+03   5.9388626E+03   8.7520767E-06   4.9378992E-07   2.0321443E+00   5.9025931E+03   5.9388626E+03   0.0000000E+00   0.0000000E+00   0.0000000E+00   0.0000000E+00   0.0000000E+00
   4.5790978E+00   5.2311902E+03   5.2311902E+03   6.6761158E-06   3.7678379E-07   1.7855390E+00   5.1992426E+03   5.2311902E+03   0.0000000E+00   0.0000000E+00   0.0000000E+00   0.0000000E+00   0.0000000E+00
   4.9207343E+00   4.6066247E+03   4.6066247E+03   5.0896137E-06   2.8744112E-07   1.5690376E+00   4.5784913E+03   4.6066247E+03   0.0000000E+00   0.0000000E+00   0.0000000E+00   0.0000000E+00   0.0000000E+00
   5.2878596E+00   4.0555830E+03   4.0555830E+03   3.8809962E-06   2.1924033E-07   1.3789012E+00   4.0308149E+03   4.0555830E+03   0.0000000E+00   0.0000000E+00   0.0000000E+00   0.0000000E+00   0.0000000E+00
   5.6823754E+00   3.5695615E+03   3.5695615E+03   2.9590837E-06   1.6719152E-07   1.2116861E+00   3.5477616E+03   3.5695615E+03   0.0000000E+00   0.0000000E+00   0.0000000E+00   0.0000000E+00   0.0000000E+00
   6.1063250E+00   3.1410178E+03   3.1410178E+03   2.2531466E-06   1.2747870E-07   1.0647583E+00   3.1218351E+03   3.1410178E+03   0.0000000E+00   0.0000000E+00   0.0000000E+00   0.0000000E+00   0.0000000E+00
   6.5619047E+00   2.7632653E+03   2.7632653E+03   1.7171888E-06   9.7185225E-08   9.3552786E-01   2.7463896E+03   2.7632653E+03   0.0000000E+00   0.0000000E+00   0.0000000E+00   0.0000000E+00   0.0000000E+00
   7.0514742E+00   2.4303793E+03   2.4303793E+03   1.3073166E-06   7.4081055E-08   8.2198555E-01   2.4155365E+03   2.4303793E+03   0.0000000E+00   0.0000000E+00   0.0000000E+00   0.0000000E+00   0.0000000E+00
   7.5775693E+00   2.1371121E+03   2.1371121E+03   9.9612619E-07   5.6463908E-08   7.2216911E-01   2.1240604E+03   2.1371121E+03   0.0000000E+00   0.0000000E+00   0.0000000E+00   0.0000000E+00   0.0000000E+00
   8.1429153E+00   1.8788181E+03   1.8788181E+03   7.5828616E-07   4.3033056E-08   6.3436821E-01   1.8673438E+03   1.8788181E+03   0.0000000E+00   0.0000000E+00   0.0000000E+00   0.0000000E+00   0.0000000E+00
