#           k/h    CDM            baryon         photon         nu             mass_nu        total          no_nu          total_de       Weyl           v_CDM          v_b            v_b-v_c     
   1.0853658E-05   8.6567361E+06   8.6567361E+06   1.1540080E+07   1.1988775E+04   1.2780161E+06   8.6568398E+06   8.6567361E+06   0.0000000E+00   0.0000000E+00   0.0000000E+00   0.0000000E+00   0.0000000E+00
   1.1663426E-05   8.6567345E+06   8.6567345E+06   1.1539732E+07   1.1988548E+04   1.2780048E+06   8.6568381E+06   8.6567345E+06   0.0000000E+00   0.0000000E+00   0.0000000E+00   0.0000000E+00   0.0000000E+00
   1.2533609E-05   8.6567327E+06   8.6567327E+06   1.1539331E+07   1.1988287E+04   1.2779919E+06   8.6568361E+06   8.6567327E+06   0.0000000E+00   0.0000000E+00   0.0000000E+00   0.0000000E+00   0.0000000E+00
   1.3468714E-05   8.6567306E+06   8.6567306E+06   1.1538867E+07   1.1987984E+04   1.2779769E+06   8.6568339E+06   8.6567306E+06   0.0000000E+00   0.0000000E+00   0.0000000E+00   0.0000000E+00   0.0000000E+00
   1.4473586E-05   8.6567281E+06   8.6567281E+06   1.1538331E+07   1.1987635E+04   1.2779596E+06   8.6568313E+06   8.6567281E+06   0.0000000E+00   0.0000000E+00   0.0000000E+00   0.0000000E+00   0.0000000E+00
   1.5553429E-05   8.6567253E+06   8.6567253E+06   1.1537713E+07   1.1987232E+04   1.2779396E+06   8.6568283E+06   8.6567253E+06   0.0000000E+00   0.0000000E+00   0.0000000E+00   0.0000000E+00   0.0000000E+00
   1.6713836E-05   8.6567221E+06   8.6567221E+06   1.1536998E+07   1.1986767E+04   1.2779165E+06   8.6568248E+06   8.6567221E+06   0.0000000E+00   0.0000000E+00   0.0000000E+00   0.0000000E+00   0.0000000E+00
   1.7960819E-05   8.6567183E+06   8.6567183E+06   1.1536173E+07   1.1986229E+04   1.2778898E+06   8.6568208E+06   8.6567183E+06   0.0000000E+00   0.0000000E+00   0.0000000E+00   0.0000000E+00   0.0000000E+00
   1.9300837E-05   8.6567140E+06   8.6567140E+06   1.1535221E+07   1.1985609E+04   1.2778590E+06   8.6568162E+06   8.6567140E+06   0.0000000E+00   0.0000000E+00   0.0000000E+00   0.0000000E+00   0.0000000E+00
   2.0740830E-05   8.6567090E+06   8.6567090E+06   1.1534121E+07   1.1984892E+04   1.2778235E+06   8.6568109E+06   8.6567090E+06   0.0000000E+00   0.0000000E+00   0.0000000E+00   0.0000000E+00   0.0000000E+00
   2.2288259E-05   8.6567033E+06   8.6567033E+06   1.1532852E+07   1.1984064E+04   1.2777825E+06   8.6568047E+06   8.6567033E+06   0.0000000E+00   0.0000000E+00   0.0000000E+00   0.0000000E+00   0.0000000E+00
   2.3951137E-05   8.6566966E+06   8.6566966E+06   1.1531385E+07   1.1983109E+04   1.2777351E+06   8.6567976E+06   8.6566966E+06   0.0000000E+00   0.0000000E+00   0.0000000E+00   0.0000000E+00   0.0000000E+00
   2.5738080E-05   8.6566889E+06   8.6566889E+06   1.1529693E+07   1.1982006E+04   1.2776804E+06   8.6567894E+06   8.6566889E+06   0.0000000E+00   0.0000000E+00   0.0000000E+00   0.0000000E+00   0.0000000E+00
   2.7658342E-05   8.6566801E+06   8.6566801E+06   1.1527738E+07   1.1980732E+04   1.2776173E+06   8.6567799E+06   8.6566801E+06   0.0000000E+00   0.0000000E+00   0.0000000E+00   0.0000000E+00   0.0000000E+00
   2.9721871E-05   8.6566698E+06   8.6566698E+06   1.1525481E+07   1.1979261E+04   1.2775444E+06   8.6567689E+06   8.6566698E+06   0.0000000E+00   0.0000000E+00   0.0000000E+00   0.0000000E+00   0.0000000E+00
   3.1939355E-05   8.6566580E+06   8.6566580E+06   1.1522876E+07   1.1977563E+04   1.2774602E+06   8.6567563E+06   8.6566580E+06   0.0000000E+00   0.0000000E+00   0.0000000E+00   0.0000000E+00   0.0000000E+00
   3.4322281E-05   8.6566443E+06   8.6566443E+06   1.1519867E+07   1.1975602E+04   1.2773631E+06   8.6567417E+06   8.6566443E+06   0.0000000E+00   0.0000000E+00   0.0000000E+00   0.0000000E+00   0.0000000E+00
   3.6882992E-05   8.6566285E+06   8.6566285E+06   1.1516395E+07   1.1973338E+04   1.2772509E+06   8.6567248E+06   8.6566285E+06   0.0000000E+00   0.0000000E+00   0.0000000E+00   0.0000000E+00   0.0000000E+00
   3.9634751E-05   8.6566103E+06   8.6566103E+06   1.1512386E+07   1.1970724E+04   1.2771215E+06   8.6567053E+06   8.6566103E+06   0.0000000E+00   0.0000000E+00   0.0000000E+00   0.0000000E+00   0.0000000E+00
   4.2591814E-05   8.6565893E+06   8.6565893E+06   1.1507758E+07   1.1967707E+04   1.2769722E+06   8.6566828E+06   8.6565893E+06   0.0000000E+00   0.0000000E+00   0.0000000E+00   0.0000000E+00   0.0000000E+00
   4.5769497E-05   8.6565650E+06   8.6565650E+06   1.1502416E+07   1.1964224E+04   1.2767998E+06   8.6566569E+06   8.6565650E+06   0.0000000E+00   0.0000000E+00   0.0000000E+00   0.0000000E+00   0.0000000E+00
   4.9184260E-05   8.6565369E+06   8.6565369E+06   1.1496250E+07   1.1960203E+04   1.2766010E+06   8.6566269E+06   8.6565369E+06   0.0000000E+00   0.0000000E+00   0.0000000E+00   0.0000000E+00   0.0000000E+00
   5.2853791E-05   8.6565045E+06   8.6565045E+06   1.1489133E+07   1.1955561E+04   1.2763715E+06   8.6565923E+06   8.6565045E+06   0.0000000E+00   0.0000000E+00   0.0000000E+00   0.0000000E+00   0.0000000E+00
   5.6797097E-05   8.6564671E+06   8.6564671E+06   1.1480920E+07   1.1950204E+04   1.2761068E+06   8.6565523E+06   8.6564671E+06   0.0000000E+00   0.0000000E+00   0.0000000E+00   0.0000000E+00   0.0000000E+00
   6.1034605E-05   8.6564240E+06   8.6564240E+06   1.1471444E+07   1.1944021E+04   1.2758016E+06   8.6565061E+06   8.6564240E+06   0.0000000E+00   0.0000000E+00   0.0000000E+00   0.0000000E+00   0.0000000E+00
   6.5588265E-05   8.6563741E+06   8.6563741E+06   1.1460509E+07   1.1936885E+04   1.2754495E+06   8.6564529E+06   8.6563741E+06   0.0000000E+00   0.0000000E+00   0.0000000E+00   0.0000000E+00   0.0000000E+00
   7.0481662E-05   8.6563165E+06   8.6563165E+06   1.1447895E+07   1.1928652E+04   1.2750437E+06   8.6563913E+06   8.6563165E+06   0.0000000E+00   0.0000000E+00   0.0000000E+00   0.0000000E+00   0.0000000E+00
   7.5740146E-05   8.6562501E+06   8.6562501E+06   1.1433344E+07   1.1919151E+04   1.2745759E+06   8.6563203E+06   8.6562501E+06   0.0000000E+00   0.0000000E+00   0.0000000E+00   0.0000000E+00   0.0000000E+00
   8.1390954E-05   8.6561734E+06   8.6561734E+06   1.1416563E+07   1.1908192E+04   1.2740369E+06   8.6562383E+06   8.6561734E+06   0.0000000E+00   0.0000000E+00   0.0000000E+00   0.0000000E+00   0.0000000E+00
   8.7463356E-05   8.6560848E+06   8.6560848E+06   1.1397215E+07   1.1895550E+04   1.2734161E+06   8.6561436E+06   8.6560848E+06   0.0000000E+00   0.0000000E+00   0.0000000E+00   0.0000000E+00   0.0000000E+00
   9.3988808E-05   8.6559826E+06   8.6559826E+06   1.1374910E+07   1.1880971E+04   1.2727012E+06   8.6560344E+06   8.6559826E+06   0.0000000E+00   0.0000000E+00   0.0000000E+00   0.0000000E+00   0.0000000E+00
   1.0100111E-04   8.6558646E+06   8.6558646E+06   1.1349205E+07   1.1864161E+04   1.2718784E+06   8.6559082E+06   8.6558646E+06   0.0000000E+00   0.0000000E+00   0.0000000E+00   0.0000000E+00   0.0000000E+00
   1.0853658E-04   8.6557283E+06   8.6557283E+06   1.1319591E+07   1.1844783E+04   1.2709320E+06   8.6557626E+06   8.6557283E+06   0.0000000E+00   0.0000000E+00   0.0000000E+00   0.0000000E+00   0.0000000E+00
   1.1663426E-04   8.6555711E+06   8.6555711E+06   1.1285484E+07   1.1822451E+04   1.2698440E+06   8.6555946E+06   8.6555711E+06   0.0000000E+00   0.0000000E+00   0.0000000E+00   0.0000000E+00   0.0000000E+00
   1.2533609E-04   8.6553897E+06   8.6553897E+06   1.1246221E+07   1.1796723E+04   1.2685941E+06   8.6554006E+06   8.6553897E+06   0.0000000E+00   0.0000000E+00   0.0000000E+00   0.0000000E+00   0.0000000E+00
   1.3468714E-04   8.6551803E+06   8.6551803E+06   1.1201044E+07   1.1767093E+04   1.2671593E+06   8.6551769E+06   8.6551803E+06   0.0000000E+00   0.0000000E+00   0.0000000E+00   0.0000000E+00   0.0000000E+00
   1.4473586E-04   8.6549387E+06   8.6549387E+06   1.1149090E+07   1.1732983E+04   1.2655139E+06   8.6549186E+06   8.6549387E+06   0.0000000E+00   0.0000000E+00   0.0000000E+00   0.0000000E+00   0.0000000E+00
   1.5553429E-04   8.6546600E+06   8.6546600E+06   1.1089381E+07   1.1693737E+04   1.2636291E+06   8.6546208E+06   8.6546600E+06   0.0000000E+00   0.0000000E+00   0.0000000E+00   0.0000000E+00   0.0000000E+00
   1.6713836E-04   8.6543385E+06   8.6543385E+06   1.1020812E+07   1.1648604E+04   1.2614725E+06   8.6542772E+06   8.6543385E+06   0.0000000E+00   0.0000000E+00   0.0000000E+00   0.0000000E+00   0.0000000E+00
   1.7960819E-04   8.6539677E+06   8.6539677E+06   1.0942136E+07   1.1596737E+04   1.2590088E+06   8.6538809E+06   8.6539677E+06   0.0000000E+00   0.0000000E+00   0.0000000E+00   0.0000000E+00   0.0000000E+00
   1.9300837E-04   8.6535401E+06   8.6535401E+06   1.0851952E+07   1.1537174E+04   1.2561988E+06   8.6534239E+06   8.6535401E+06   0.0000000E+00   0.0000000E+00   0.0000000E+00   0.0000000E+00   0.0000000E+00
   2.0740830E-04   8.6530472E+06   8.6530472E+06   1.0748696E+07   1.1468833E+04   1.2530001E+06   8.6528971E+06   8.6530472E+06   0.0000000E+00   0.0000000E+00   0.0000000E+00   0.0000000E+00   0.0000000E+00
   2.2288259E-04   8.6524790E+06   8.6524790E+06   1.0630633E+07   1.1390498E+04   1.2493673E+06   8.6522900E+06   8.6524790E+06   0.0000000E+00   0.0000000E+00   0.0000000E+00   0.0000000E+00   0.0000000E+00
   2.3951137E-04   8.6518244E+06   8.6518244E+06   1.0495847E+07   1.1300813E+04   1.2452523E+06   8.6515905E+06   8.6518244E+06   0.0000000E+00   0.0000000E+00   0.0000000E+00   0.0000000E+00   0.0000000E+00
   2.5738080E-04   8.6510704E+06   8.6510704E+06   1.0342245E+07   1.1198268E+04   1.2406053E+06   8.6507848E+06   8.6510704E+06   0.0000000E+00   0.0000000E+00   0.0000000E+00   0.0000000E+00   0.0000000E+00
   2.7658342E-04   8.6502022E+06   8.6502022E+06   1.0167563E+07   1.1081202E+04   1.2353761E+06   8.6498572E+06   8.6502022E+06   0.0000000E+00   0.0000000E+00   0.0000000E+00   0.0000000E+00   0.0000000E+00
   2.9721871E-04   8.6492030E+06   8.6492030E+06   9.9693861E+06   1.0947795E+04   1.2295164E+06   8.6487897E+06   8.6492030E+06   0.0000000E+00   0.0000000E+00   0.0000000E+00   0.0000000E+00   0.0000000E+00
   3.1939355E-04   8.6480536E+06   8.6480536E+06   9.7451805E+06   1.0796081E+04   1.2229816E+06   8.6475618E+06   8.6480536E+06   0.0000000E+00   0.0000000E+00   0.0000000E+00   0.0000000E+00   0.0000000E+00
   3.4322281E-04   8.6467322E+06   8.6467322E+06   9.4923485E+06   1.0623958E+04   1.2157352E+06   8.6461504E+06   8.6467322E+06   0.0000000E+00   0.0000000E+00   0.0000000E+00   0.0000000E+00   0.0000000E+00
   3.6882992E-04   8.6452141E+06   8.6452141E+06   9.2083067E+06   1.0429221E+04   1.2077527E+06   8.6445289E+06   8.6452141E+06   0.0000000E+00   0.0000000E+00   0.0000000E+00   0.0000000E+00   0.0000000E+00
   3.9634751E-04   8.6434711E+06   8.6434711E+06   8.8905967E+06   1.0209601E+04   1.1990273E+06   8.6426676E+06   8.6434711E+06   0.0000000E+00   0.0000000E+00   0.0000000E+00   0.0000000E+00   0.0000000E+00
   4.2591814E-04   8.6414718E+06   8.6414718E+06   8.5370349E+06   9.9628348E+03   1.1895767E+06   8.6405328E+06   8.6414718E+06   0.0000000E+00   0.0000000E+00   0.0000000E+00   0.0000000E+00   0.0000000E+00
   4.5769497E-04   8.6391806E+06   8.6391806E+06   8.1459076E+06   9.6867533E+03   1.1794500E+06   8.6380869E+06   8.6391806E+06   0.0000000E+00   0.0000000E+00   0.0000000E+00   0.0000000E+00   0.0000000E+00
   4.9184260E-04   8.6365577E+06   8.6365577E+06   7.7162165E+06   9.3794049E+03   1.1687357E+06   8.6352874E+06   8.6365577E+06   0.0000000E+00   0.0000000E+00   0.0000000E+00   0.0000000E+00   0.0000000E+00
   5.2853791E-04   8.6335587E+06   8.6335587E+06   7.2479773E+06   9.0392137E+03   1.1575692E+06   8.6320873E+06   8.6335587E+06   0.0000000E+00   0.0000000E+00   0.0000000E+00   0.0000000E+00   0.0000000E+00
   5.6797097E-04   8.6301342E+06   8.6301342E+06   6.7425669E+06   8.6651765E+03   1.1461371E+06   8.6284345E+06   8.6301342E+06   0.0000000E+00   0.0000000E+00   0.0000000E+00   0.0000000E+00   0.0000000E+00
   6.1034605E-04   8.6262298E+06   8.6262298E+06   6.2031067E+06   8.2570999E+03   1.1346786E+06   8.6242711E+06   8.6262298E+06   0.0000000E+00   0.0000000E+00   0.0000000E+00   0.0000000E+00   0.0000000E+00
   6.5588265E-04   8.6217854E+06   8.6217854E+06   5.6348522E+06   7.8158703E+03   1.1234781E+06   8.6195341E+06   8.6217854E+06   0.0000000E+00   0.0000000E+00   0.0000000E+00   0.0000000E+00   0.0000000E+00
   7.0481662E-04   8.6167355E+06   8.6167355E+06   5.0455433E+06   7.3437461E+03   1.1128470E+06   8.6141547E+06   8.6167355E+06   0.0000000E+00   0.0000000E+00   0.0000000E+00   0.0000000E+00   0.0000000E+00
   7.5740146E-04   8.6110087E+06   8.6110087E+06   4.4456404E+06   6.8446438E+03   1.1030891E+06   8.6080581E+06   8.6110087E+06   0.0000000E+00   0.0000000E+00   0.0000000E+00   0.0000000E+00   0.0000000E+00
   8.1390954E-04   8.6045280E+06   8.6045280E+06   3.8483463E+06   6.3243800E+03   1.0944452E+06   8.6011641E+06   8.6045280E+06   0.0000000E+00   0.0000000E+00   0.0000000E+00   0.0000000E+00   0.0000000E+00
   8.7463356E-04   8.5972103E+06   8.5972103E+06   3.2692872E+06   5.7908096E+03   1.0870159E+06   8.5933869E+06   8.5972103E+06   0.0000000E+00   0.0000000E+00   0.0000000E+00   0.0000000E+00   0.0000000E+00
   9.3988808E-04   8.5889666E+06   8.5889666E+06   2.7257145E+06   5.2537832E+03   1.0806647E+06   8.5846352E+06   8.5889666E+06   0.0000000E+00   0.0000000E+00   0.0000000E+00   0.0000000E+00   0.0000000E+00
   1.0100111E-03   8.5797016E+06   8.5797016E+06   2.2351072E+06   4.7248364E+03   1.0749133E+06   8.5748121E+06   8.5797016E+06   0.0000000E+00   0.0000000E+00   0.0000000E+00   0.0000000E+00   0.0000000E+00
   1.0853658E-03   8.5693135E+06   8.5693135E+06   1.8131311E+06   4.2165243E+03   1.0688557E+06   8.5638155E+06   8.5693135E+06   0.0000000E+00   0.0000000E+00   0.0000000E+00   0.0000000E+00   0.0000000E+00
   1.1663426E-03   8.5576934E+06   8.5576934E+06   1.4710592E+06   3.7413485E+03   1.0611340E+06   8.5515371E+06   8.5576934E+06   0.0000000E+00   0.0000000E+00   0.0000000E+00   0.0000000E+00   0.0000000E+00
   1.2533609E-03   8.5447240E+06   8.5447240E+06   1.2130085E+06   3.3102969E+03   1.0500323E+06   8.5378625E+06   8.5447240E+06   0.0000000E+00   0.0000000E+00   0.0000000E+00   0.0000000E+00   0.0000000E+00
   1.3468714E-03   8.5302792E+06   8.5302792E+06   1.0336660E+06   2.9311445E+03   1.0337496E+06   8.5226697E+06   8.5302792E+06   0.0000000E+00   0.0000000E+00   0.0000000E+00   0.0000000E+00   0.0000000E+00
   1.4473586E-03   8.5142223E+06   8.5142223E+06   9.1748314E+05   2.6068398E+03   1.0108796E+06   8.5058287E+06   8.5142223E+06   0.0000000E+00   0.0000000E+00   0.0000000E+00   0.0000000E+00   0.0000000E+00
   1.5553429E-03   8.4964057E+06   8.4964057E+06   8.4042556E+05   2.3344783E+03   9.8104518E+05   8.4872001E+06   8.4964057E+06   0.0000000E+00   0.0000000E+00   0.0000000E+00   0.0000000E+00   0.0000000E+00
   1.6713836E-03   8.4766706E+06   8.4766706E+06   7.7498825E+05   2.1054634E+03   9.4549556E+05   8.4666353E+06   8.4766706E+06   0.0000000E+00   0.0000000E+00   0.0000000E+00   0.0000000E+00   0.0000000E+00
   1.7960819E-03   8.4548485E+06   8.4548485E+06   6.9806838E+05   1.9073238E+03   9.0730984E+05   8.4439767E+06   8.4548485E+06   0.0000000E+00   0.0000000E+00   0.0000000E+00   0.0000000E+00   0.0000000E+00
   1.9300837E-03   8.4307639E+06   8.4307639E+06   5.9942040E+05   1.7271672E+03   8.7078256E+05   8.4190600E+06   8.4307639E+06   0.0000000E+00   0.0000000E+00   0.0000000E+00   0.0000000E+00   0.0000000E+00
   2.0740830E-03   8.4042383E+06   8.4042383E+06   4.8648368E+05   1.5558853E+03   8.3977432E+05   8.3917164E+06   8.4042383E+06   0.0000000E+00   0.0000000E+00   0.0000000E+00   0.0000000E+00   0.0000000E+00
   2.2288259E-03   8.3750926E+06   8.3750926E+06   3.8097319E+05   1.3912804E+03   8.1546325E+05   8.3617745E+06   8.3750926E+06   0.0000000E+00   0.0000000E+00   0.0000000E+00   0.0000000E+00   0.0000000E+00
   2.3951137E-03   8.3431488E+06   8.3431488E+06   3.0579911E+05   1.2379730E+03   7.9488118E+05   8.3290597E+06   8.3431488E+06   0.0000000E+00   0.0000000E+00   0.0000000E+00   0.0000000E+00   0.0000000E+00
   2.5738080E-03   8.3082269E+06   8.3082269E+06   2.6812961E+05   1.1031590E+03   7.7208959E+05   8.2933920E+06   8.3082269E+06   0.0000000E+00   0.0000000E+00   0.0000000E+00   0.0000000E+00   0.0000000E+00
   2.7658342E-03   8.2701404E+06   8.2701404E+06   2.5169042E+05   9.9018485E+02   7.4256680E+05   8.2545804E+06   8.2701404E+06   0.0000000E+00   0.0000000E+00   0.0000000E+00   0.0000000E+00   0.0000000E+00
   2.9721871E-03   8.2286917E+06   8.2286917E+06   2.2950779E+05   8.9481490E+02   7.0792393E+05   8.2124213E+06   8.2286917E+06   0.0000000E+00   0.0000000E+00   0.0000000E+00   0.0000000E+00   0.0000000E+00
   3.1939355E-03   8.1836734E+06   8.1836734E+06   1.9054683E+05   8.0841128E+02   6.7521571E+05   8.1667015E+06   8.1836734E+06   0.0000000E+00   0.0000000E+00   0.0000000E+00   0.0000000E+00   0.0000000E+00
   3.4322281E-03   8.1348738E+06   8.1348738E+06   1.5165193E+05   7.2596631E+02   6.4869379E+05   8.1172055E+06   8.1348738E+06   0.0000000E+00   0.0000000E+00   0.0000000E+00   0.0000000E+00   0.0000000E+00
   3.6882992E-03   8.0820794E+06   8.0820794E+06   1.3308796E+05   6.4991773E+02   6.2292153E+05   8.0637204E+06   8.0820794E+06   0.0000000E+00   0.0000000E+00   0.0000000E+00   0.0000000E+00   0.0000000E+00
   3.9634751E-03   8.0250716E+06   8.0250716E+06   1.2566291E+05   5.8388986E+02   5.9024558E+05   8.0060310E+06   8.0250716E+06   0.0000000E+00   0.0000000E+00   0.0000000E+00   0.0000000E+00   0.0000000E+00
   4.2591814E-03   7.9636220E+06   7.9636220E+06   1.0584644E+05   5.2521021E+02   5.5510813E+05   7.9439146E+06   7.9636220E+06   0.0000000E+00   0.0000000E+00   0.0000000E+00   0.0000000E+00   0.0000000E+00
   4.5769497E-03   7.8974976E+06   7.8974976E+06   8.1126387E+04   4.6935259E+02   5.2710100E+05   7.8771455E+06   7.8974976E+06   0.0000000E+00   0.0000000E+00   0.0000000E+00   0.0000000E+00   0.0000000E+00
   4.9184260E-03   7.8264710E+06   7.8264710E+06   7.2882950E+04   4.1802031E+02   5.0024784E+05   7.8055055E+06   7.8264710E+06   0.0000000E+00   0.0000000E+00   0.0000000E+00   0.0000000E+00   0.0000000E+00
   5.2853791E-03   7.7503194E+06   7.7503194E+06   6.6186062E+04   3.7320151E+02   4.6725241E+05   7.7287835E+06   7.7503194E+06   0.0000000E+00   0.0000000E+00   0.0000000E+00   0.0000000E+00   0.0000000E+00
   5.6797097E-03   7.6688209E+06   7.6688209E+06   5.1493925E+04   3.3165985E+02   4.3920488E+05   7.6467671E+06   7.6688209E+06   0.0000000E+00   0.0000000E+00   0.0000000E+00   0.0000000E+00   0.0000000E+00
   6.1034605E-03   7.5817584E+06   7.5817584E+06   4.7808581E+04   2.9396837E+02   4.1286566E+05   7.5592380E+06   7.5817584E+06   0.0000000E+00   0.0000000E+00   0.0000000E+00   0.0000000E+00   0.0000000E+00
   6.5588265E-03   7.4889137E+06   7.4889137E+06   4.0291327E+04   2.6123655E+02   3.8182694E+05   7.4659673E+06   7.4889137E+06   0.0000000E+00   0.0000000E+00   0.0000000E+00   0.0000000E+00   0.0000000E+00
   7.0481662E-03   7.3900597E+06   7.3900597E+06   3.2492533E+04   2.3068122E+02   3.5750626E+05   7.3667255E+06   7.3900597E+06   0.0000000E+00   0.0000000E+00   0.0000000E+00   0.0000000E+00   0.0000000E+00
   7.5740146E-03   7.2849744E+06   7.2849744E+06   2.9713047E+04   2.0348563E+02   3.2913260E+05   7.2613106E+06   7.2849744E+06   0.0000000E+00   0.0000000E+00   0.0000000E+00   0.0000000E+00   0.0000000E+00
   8.1390954E-03   7.1734447E+06   7.1734447E+06   2.3750183E+04   1.7863874E+02   3.0613532E+05   7.1495274E+06   7.1734447E+06   0.0000000E+00   0.0000000E+00   0.0000000E+00   0.0000000E+00   0.0000000E+00
   8.7463356E-03   7.0552650E+06   7.0552650E+06   2.1494651E+04   1.5701544E+02   2.8008175E+05   7.0311584E+06   7.0552650E+06   0.0000000E+00   0.0000000E+00   0.0000000E+00   0.0000000E+00   0.0000000E+00
   9.3988808E-03   6.9302254E+06   6.9302254E+06   1.7668897E+04   1.3727529E+02   2.5892478E+05   6.9059844E+06   6.9302254E+06   0.0000000E+00   0.0000000E+00   0.0000000E+00   0.0000000E+00   0.0000000E+00
   1.0100111E-02   6.7981188E+06   6.7981188E+06   1.4464047E+04   1.1981637E+02   2.3572746E+05   6.7738141E+06   6.7981188E+06   0.0000000E+00   0.0000000E+00   0.0000000E+00   0.0000000E+00   0.0000000E+00
   1.0853658E-02   6.6587474E+06   6.6587474E+06   1.3420375E+04   1.0425537E+02   2.1511123E+05   6.6344525E+06   6.6587474E+06   0.0000000E+00   0.0000000E+00   0.0000000E+00   0.0000000E+00   0.0000000E+00
   1.1663426E-02   6.5119198E+06   6.5119198E+06   1.0831269E+04   9.0408955E+01   1.9649574E+05   6.4877026E+06   6.5119198E+06   0.0000000E+00   0.0000000E+00   0.0000000E+00   0.0000000E+00   0.0000000E+00
   1.2533609E-02   6.3574567E+06   6.3574567E+06   8.7108065E+03   7.8207028E+01   1.7774614E+05   6.3333891E+06   6.3574567E+06   0.0000000E+00   0.0000000E+00   0.0000000E+00   0.0000000E+00   0.0000000E+00
   1.3468714E-02   6.1951999E+06   6.1951999E+06   7.4341300E+03   6.7441890E+01   1.6001198E+05   6.1713585E+06   6.1951999E+06   0.0000000E+00   0.0000000E+00   0.0000000E+00   0.0000000E+00   0.0000000E+00
   1.4473586E-02   6.0250176E+06   6.0250176E+06   6.4069664E+03   5.7980221E+01   1.4386521E+05   6.0014710E+06   6.0250176E+06   0.0000000E+00   0.0000000E+00   0.0000000E+00   0.0000000E+00   0.0000000E+00
   1.5553429E-02   5.8468198E+06   5.8468198E+06   5.4611765E+03   4.9636549E+01   1.2903201E+05   5.8236434E+06   5.8468198E+06   0.0000000E+00   0.0000000E+00   0.0000000E+00   0.0000000E+00   0.0000000E+00
   1.6713836E-02   5.6605768E+06   5.6605768E+06   4.5275007E+03   4.2373444E+01   1.1536854E+05   5.6378416E+06   5.6605768E+06   0.0000000E+00   0.0000000E+00   0.0000000E+00   0.0000000E+00   0.0000000E+00
   1.7960819E-02   5.4663431E+06   5.4663431E+06   3.7284209E+03   3.6023236E+01   1.0283985E+05   5.4441208E+06   5.4663431E+06   0.0000000E+00   0.0000000E+00   0.0000000E+00   0.0000000E+00   0.0000000E+00
   1.9300837E-02   5.2642870E+06   5.2642870E+06   3.0958268E+03   3.0511617E+01   9.1424535E+04   5.2426451E+06   5.2642870E+06   0.0000000E+00   0.0000000E+00   0.0000000E+00   0.0000000E+00   0.0000000E+00
   2.0740830E-02   5.0547303E+06   5.0547303E+06   2.6407729E+03   2.5739150E+01   8.0846933E+04   5.0337362E+06   5.0547303E+06   0.0000000E+00   0.0000000E+00   0.0000000E+00   0.0000000E+00   0.0000000E+00
   2.2288257E-02   4.8381930E+06   4.8381930E+06   2.2131948E+03   2.1628370E+01   7.1086297E+04   4.8179074E+06   4.8381930E+06   0.0000000E+00   0.0000000E+00   0.0000000E+00   0.0000000E+00   0.0000000E+00
   2.3951124E-02   4.6154454E+06   4.6154454E+06   1.7709900E+03   1.8096826E+01   6.2346484E+04   4.5959262E+06   4.6154454E+06   0.0000000E+00   0.0000000E+00   0.0000000E+00   0.0000000E+00   0.0000000E+00
   2.5738007E-02   4.3875661E+06   4.3875661E+06   1.5186397E+03   1.5073330E+01   5.4533563E+04   4.3688641E+06   4.3875661E+06   0.0000000E+00   0.0000000E+00   0.0000000E+00   0.0000000E+00   0.0000000E+00
   2.7657999E-02   4.1560053E+06   4.1560053E+06   1.2039533E+03   1.2497863E+01   4.7580940E+04   4.1381623E+06   4.1560053E+06   0.0000000E+00   0.0000000E+00   0.0000000E+00   0.0000000E+00   0.0000000E+00
   2.9720463E-02   3.9226550E+06   3.9226550E+06   9.6359276E+02   1.0319682E+01   4.1234812E+04   3.9057032E+06   3.9226550E+06   0.0000000E+00   0.0000000E+00   0.0000000E+00   0.0000000E+00   0.0000000E+00
   3.1934275E-02   3.6899344E+06   3.6899344E+06   7.8325872E+02   8.4865628E+00   3.5685367E+04   3.6738932E+06   3.6899344E+06   0.0000000E+00   0.0000000E+00   0.0000000E+00   0.0000000E+00   0.0000000E+00
   3.4306042E-02   3.4608844E+06   3.4608844E+06   6.4317917E+02   6.9556477E+00   3.0881171E+04   3.4457578E+06   3.4608844E+06   0.0000000E+00   0.0000000E+00   0.0000000E+00   0.0000000E+00   0.0000000E+00
   3.6836722E-02   3.2392311E+06   3.2392311E+06   5.4922090E+02   5.6894336E+00   2.6646489E+04   3.2250045E+06   3.2392311E+06   0.0000000E+00   0.0000000E+00   0.0000000E+00   0.0000000E+00   0.0000000E+00
   3.9516737E-02   3.0292827E+06   3.0292827E+06   4.2824036E+02   4.6548626E+00   2.2942524E+04   3.0159207E+06   3.0292827E+06   0.0000000E+00   0.0000000E+00   0.0000000E+00   0.0000000E+00   0.0000000E+00
   4.2321610E-02   2.8354555E+06   2.8354555E+06   3.5873061E+02   3.8200341E+00   2.0028373E+04   2.8229005E+06   2.8354555E+06   0.0000000E+00   0.0000000E+00   0.0000000E+00   0.0000000E+00   0.0000000E+00
   4.5212456E-02   2.6613421E+06   2.6613421E+06   2.8207041E+02   3.1568761E+00   1.7426428E+04   2.6495186E+06   2.6613421E+06   0.0000000E+00   0.0000000E+00   0.0000000E+00   0.0000000E+00   0.0000000E+00
   4.8144341E-02   2.5086806E+06   2.5086806E+06   2.5087392E+02   2.6340845E+00   1.5401799E+04   2.4975030E+06   2.5086806E+06   0.0000000E+00   0.0000000E+00   0.0000000E+00   0.0000000E+00   0.0000000E+00
   5.1078822E-02   2.3769120E+06   2.3769120E+06   1.9850862E+02   2.2236066E+00   1.3770054E+04   2.3662953E+06   2.3769120E+06   0.0000000E+00   0.0000000E+00   0.0000000E+00   0.0000000E+00   0.0000000E+00
   5.3992300E-02   2.2636268E+06   2.2636268E+06   1.7371786E+02   1.8996404E+00   1.2348841E+04   2.2534945E+06   2.2636268E+06   0.0000000E+00   0.0000000E+00   0.0000000E+00   0.0000000E+00   0.0000000E+00
   5.6876438E-02   2.1654716E+06   2.1654716E+06   1.5151379E+02   1.6404580E+00   1.1285709E+04   2.1557607E+06   2.1654716E+06   0.0000000E+00   0.0000000E+00   0.0000000E+00   0.0000000E+00   0.0000000E+00
   5.9733739E-02   2.0789397E+06   2.0789397E+06   1.2750562E+02   1.4299633E+00   1.0311663E+04   2.0696019E+06   2.0789397E+06   0.0000000E+00   0.0000000E+00   0.0000000E+00   0.0000000E+00   0.0000000E+00
   6.2572614E-02   2.0008233E+06   2.0008233E+06   1.1590481E+02   1.2556676E+00   9.5250675E+03   1.9918237E+06   2.0008233E+06   0.0000000E+00   0.0000000E+00   0.0000000E+00   0.0000000E+00   0.0000000E+00
   6.5403895E-02   1.9283959E+06   1.9283959E+06   9.9781200E+01   1.1089990E+00   8.8200861E+03   1.9197112E+06   1.9283959E+06   0.0000000E+00   0.0000000E+00   0.0000000E+00   0.0000000E+00   0.0000000E+00
   6.8238884E-02   1.8594523E+06   1.8594523E+06   8.9246099E+01   9.8343987E-01   8.2106858E+03   1.8510687E+06   1.8594523E+06   0.0000000E+00   0.0000000E+00   0.0000000E+00   0.0000000E+00   0.0000000E+00
   7.1088441E-02   1.7922946E+06   1.7922946E+06   7.9053428E+01   8.7459944E-01   7.6248779E+03   1.7842057E+06   1.7922946E+06   0.0000000E+00   0.0000000E+00   0.0000000E+00   0.0000000E+00   0.0000000E+00
   7.3962632E-02   1.7257046E+06   1.7257046E+06   7.1069299E+01   7.7892910E-01   7.1400196E+03   1.7179090E+06   1.7257046E+06   0.0000000E+00   0.0000000E+00   0.0000000E+00   0.0000000E+00   0.0000000E+00
   7.6870684E-02   1.6589153E+06   1.6589153E+06   6.0946572E+01   6.9426313E-01   6.6289934E+03   1.6514151E+06   1.6589153E+06   0.0000000E+00   0.0000000E+00   0.0000000E+00   0.0000000E+00   0.0000000E+00
   7.9821037E-02   1.5915833E+06   1.5915833E+06   5.7849523E+01   6.1872852E-01   6.1915424E+03   1.5843820E+06   1.5915833E+06   0.0000000E+00   0.0000000E+00   0.0000000E+00   0.0000000E+00   0.0000000E+00
   8.2821464E-02   1.5237565E+06   1.5237565E+06   4.8757287E+01   5.5116126E-01   5.7851725E+03   1.5168572E+06   1.5237565E+06   0.0000000E+00   0.0000000E+00   0.0000000E+00   0.0000000E+00   0.0000000E+00
   8.5879181E-02   1.4558313E+06   1.4558313E+06   4.2662128E+01   4.9069889E-01   5.3633107E+03   1.4492353E+06   1.4558313E+06   0.0000000E+00   0.0000000E+00   0.0000000E+00   0.0000000E+00   0.0000000E+00
   8.9000960E-02   1.3884947E+06   1.3884947E+06   3.9536230E+01   4.3655951E-01   4.9857589E+03   1.3822000E+06   1.3884947E+06   0.0000000E+00   0.0000000E+00   0.0000000E+00   0.0000000E+00   0.0000000E+00
   9.2193221E-02   1.3226471E+06   1.3226471E+06   3.5780202E+01   3.8825984E-01   4.6472578E+03   1.3166475E+06   1.3226471E+06   0.0000000E+00   0.0000000E+00   0.0000000E+00   0.0000000E+00   0.0000000E+00
   9.5462115E-02   1.2593060E+06   1.2593060E+06   3.1769148E+01   3.4538714E-01   4.3309461E+03   1.2535907E+06   1.2593060E+06   0.0000000E+00   0.0000000E+00   0.0000000E+00   0.0000000E+00   0.0000000E+00
   9.8813588E-02   1.1994922E+06   1.1994922E+06   2.8206770E+01   3.0750727E-01   4.0372937E+03   1.1940457E+06   1.1994922E+06   0.0000000E+00   0.0000000E+00   0.0000000E+00   0.0000000E+00   0.0000000E+00
   1.0225344E-01   1.1441058E+06   1.1441058E+06   2.4963538E+01   2.7425215E-01   3.7686422E+03   1.1389085E+06   1.1441058E+06   0.0000000E+00   0.0000000E+00   0.0000000E+00   0.0000000E+00   0.0000000E+00
   1.0578736E-01   1.0938015E+06   1.0938015E+06   2.1763333E+01   2.4517677E-01   3.5321233E+03   1.0888305E+06   1.0938015E+06   0.0000000E+00   0.0000000E+00   0.0000000E+00   0.0000000E+00   0.0000000E+00
   1.0942099E-01   1.0488788E+06   1.0488788E+06   1.9338665E+01   2.1985156E-01   3.3285961E+03   1.0441100E+06   1.0488788E+06   0.0000000E+00   0.0000000E+00   0.0000000E+00   0.0000000E+00   0.0000000E+00
   1.1315992E-01   1.0092029E+06   1.0092029E+06   1.7309137E+01   1.9779233E-01   3.1475794E+03   1.0046128E+06   1.0092029E+06   0.0000000E+00   0.0000000E+00   0.0000000E+00   0.0000000E+00   0.0000000E+00
   1.1700971E-01   9.7417565E+05   9.7417565E+05   1.6268638E+01   1.7852480E-01   2.9878187E+03   9.6974325E+05   9.7417565E+05   0.0000000E+00   0.0000000E+00   0.0000000E+00   0.0000000E+00   0.0000000E+00
   1.2097597E-01   9.4276827E+05   9.4276827E+05   1.3936590E+01   1.6154486E-01   2.8417224E+03   9.3847734E+05   9.4276827E+05   0.0000000E+00   0.0000000E+00   0.0000000E+00   0.0000000E+00   0.0000000E+00
   1.2506430E-01   9.1362747E+05   9.1362747E+05   1.3300654E+01   1.4640254E-01   2.7090367E+03   9.0946785E+05   9.1362747E+05   0.0000000E+00   0.0000000E+00   0.0000000E+00   0.0000000E+00   0.0000000E+00
   1.2928035E-01   8.8524967E+05   8.8524967E+05   1.2051383E+01   1.3269446E-01   2.5918353E+03   8.8121806E+05   8.8524967E+05   0.0000000E+00   0.0000000E+00   0.0000000E+00   0.0000000E+00   0.0000000E+00
   1.3362980E-01   8.5620782E+05   8.5620782E+05   1.0761313E+01   1.2010108E-01   2.4724844E+03   8.5230739E+05   8.5620782E+05   0.0000000E+00   0.0000000E+00   0.0000000E+00   0.0000000E+00   0.0000000E+00
   1.3811840E-01   8.2539766E+05   8.2539766E+05   9.7469768E+00   1.0839544E-01   2.3510118E+03   8.2163660E+05   8.2539766E+05   0.0000000E+00   0.0000000E+00   0.0000000E+00   0.0000000E+00   0.0000000E+00
   1.4275195E-01   7.9225775E+05   7.9225775E+05   8.8842907E+00   9.7458715E-02   2.2247210E+03   7.8864680E+05   7.9225775E+05   0.0000000E+00   0.0000000E+00   0.0000000E+00   0.0000000E+00   0.0000000E+00
   1.4753632E-01   7.5691010E+05   7.5691010E+05   7.7266680E+00   8.7256518E-02   2.0960714E+03   7.5345946E+05   7.5691010E+05   0.0000000E+00   0.0000000E+00   0.0000000E+00   0.0000000E+00   0.0000000E+00
   1.5247745E-01   7.2017331E+05   7.2017331E+05   6.8603314E+00   7.7827019E-02   1.9742229E+03   7.1688942E+05   7.2017331E+05   0.0000000E+00   0.0000000E+00   0.0000000E+00   0.0000000E+00   0.0000000E+00
   1.5758135E-01   6.8341901E+05   6.8341901E+05   6.2072507E+00   6.9244656E-02   1.8517723E+03   6.8030206E+05   6.8341901E+05   0.0000000E+00   0.0000000E+00   0.0000000E+00   0.0000000E+00   0.0000000E+00
   1.6285411E-01   6.4827698E+05   6.4827698E+05   5.3604333E+00   6.1575093E-02   1.7386611E+03   6.4531973E+05   6.4827698E+05   0.0000000E+00   0.0000000E+00   0.0000000E+00   0.0000000E+00   0.0000000E+00
   1.6830194E-01   6.1623846E+05   6.1623846E+05   4.7403449E+00   5.4851272E-02   1.6342334E+03   6.1342685E+05   6.1623846E+05   0.0000000E+00   0.0000000E+00   0.0000000E+00   0.0000000E+00   0.0000000E+00
   1.7393110E-01   5.8825013E+05   5.8825013E+05   4.2409113E+00   4.9041800E-02   1.5453199E+03   5.8556575E+05   5.8825013E+05   0.0000000E+00   0.0000000E+00   0.0000000E+00   0.0000000E+00   0.0000000E+00
   1.7974800E-01   5.6441772E+05   5.6441772E+05   3.8779344E+00   4.4047374E-02   1.4704531E+03   5.6184167E+05   5.6441772E+05   0.0000000E+00   0.0000000E+00   0.0000000E+00   0.0000000E+00   0.0000000E+00
   1.8575914E-01   5.4393138E+05   5.4393138E+05   3.5682459E+00   3.9720924E-02   1.4022702E+03   5.4144846E+05   5.4393138E+05   0.0000000E+00   0.0000000E+00   0.0000000E+00   0.0000000E+00   0.0000000E+00
   1.9197117E-01   5.2527486E+05   5.2527486E+05   3.1599261E+00   3.5889221E-02   1.3446674E+03   5.2287675E+05   5.2527486E+05   0.0000000E+00   0.0000000E+00   0.0000000E+00   0.0000000E+00   0.0000000E+00
   1.9839090E-01   5.0669186E+05   5.0669186E+05   2.8615163E+00   3.2398643E-02   1.2856524E+03   5.0437827E+05   5.0669186E+05   0.0000000E+00   0.0000000E+00   0.0000000E+00   0.0000000E+00   0.0000000E+00
   2.0502530E-01   4.8677826E+05   4.8677826E+05   2.6115677E+00   2.9142083E-02   1.2257964E+03   4.8455531E+05   4.8677826E+05   0.0000000E+00   0.0000000E+00   0.0000000E+00   0.0000000E+00   0.0000000E+00
   2.1188157E-01   4.6499018E+05   4.6499018E+05   2.3333518E+00   2.6077761E-02   1.1620661E+03   4.6286648E+05   4.6499018E+05   0.0000000E+00   0.0000000E+00   0.0000000E+00   0.0000000E+00   0.0000000E+00
   2.1896712E-01   4.4184956E+05   4.4184956E+05   2.0224124E+00   2.3222784E-02   1.0972574E+03   4.3983131E+05   4.4184956E+05   0.0000000E+00   0.0000000E+00   0.0000000E+00   0.0000000E+00   0.0000000E+00
   2.2628965E-01   4.1871999E+05   4.1871999E+05   1.8480239E+00   2.0626605E-02   1.0330865E+03   4.1680719E+05   4.1871999E+05   0.0000000E+00   0.0000000E+00   0.0000000E+00   0.0000000E+00   0.0000000E+00
   2.3385720E-01   3.9720172E+05   3.9720172E+05   1.6296938E+00   1.8334357E-02   9.7455781E+02   3.9538703E+05   3.9720172E+05   0.0000000E+00   0.0000000E+00   0.0000000E+00   0.0000000E+00   0.0000000E+00
   2.4167814E-01   3.7838973E+05   3.7838973E+05   1.4446453E+00   1.6357418E-02   9.2276834E+02   3.7666083E+05   3.7838973E+05   0.0000000E+00   0.0000000E+00   0.0000000E+00   0.0000000E+00   0.0000000E+00
   2.4976132E-01   3.6235082E+05   3.6235082E+05   1.2950498E+00   1.4661944E-02   8.7904499E+02   3.6069506E+05   3.6235082E+05   0.0000000E+00   0.0000000E+00   0.0000000E+00   0.0000000E+00   0.0000000E+00
   2.5811606E-01   3.4811420E+05   3.4811420E+05   1.1699421E+00   1.3181725E-02   8.3948609E+02   3.4652336E+05   3.4811420E+05   0.0000000E+00   0.0000000E+00   0.0000000E+00   0.0000000E+00   0.0000000E+00
   2.6675226E-01   3.3422340E+05   3.3422340E+05   1.0553697E+00   1.1844906E-02   8.0252092E+02   3.3269592E+05   3.3422340E+05   0.0000000E+00   0.0000000E+00   0.0000000E+00   0.0000000E+00   0.0000000E+00
   2.7568052E-01   3.1956969E+05   3.1956969E+05   9.4501564E-01   1.0604438E-02   7.6374402E+02   3.1810906E+05   3.1956969E+05   0.0000000E+00   0.0000000E+00   0.0000000E+00   0.0000000E+00   0.0000000E+00
   2.8491218E-01   3.0401495E+05   3.0401495E+05   8.3535343E-01   9.4497602E-03   7.2321226E+02   3.0262532E+05   3.0401495E+05   0.0000000E+00   0.0000000E+00   0.0000000E+00   0.0000000E+00   0.0000000E+00
   2.9445951E-01   2.8839201E+05   2.8839201E+05   7.3657856E-01   8.3975401E-03   6.8321005E+02   2.8707371E+05   2.8839201E+05   0.0000000E+00   0.0000000E+00   0.0000000E+00   0.0000000E+00   0.0000000E+00
   3.0433577E-01   2.7385622E+05   2.7385622E+05   6.5959090E-01   7.4679783E-03   6.4616462E+02   2.7260428E+05   2.7385622E+05   0.0000000E+00   0.0000000E+00   0.0000000E+00   0.0000000E+00   0.0000000E+00
   3.1455545E-01   2.6103091E+05   2.6103091E+05   5.8468507E-01   6.6631790E-03   6.1369012E+02   2.5983754E+05   2.6103091E+05   0.0000000E+00   0.0000000E+00   0.0000000E+00   0.0000000E+00   0.0000000E+00
   3.2513439E-01   2.4958541E+05   2.4958541E+05   5.2777500E-01   5.9613885E-03   5.8485721E+02   2.4844430E+05   2.4958541E+05   0.0000000E+00   0.0000000E+00   0.0000000E+00   0.0000000E+00   0.0000000E+00
   3.3609003E-01   2.3858410E+05   2.3858410E+05   4.6928486E-01   5.3321061E-03   5.5716690E+02   2.3749323E+05   2.3858410E+05   0.0000000E+00   0.0000000E+00   0.0000000E+00   0.0000000E+00   0.0000000E+00
   3.4744163E-01   2.2731414E+05   2.2731414E+05   4.1720553E-01   4.7540809E-03   5.2925121E+02   2.2627474E+05   2.2731414E+05   0.0000000E+00   0.0000000E+00   0.0000000E+00   0.0000000E+00   0.0000000E+00
   3.5921061E-01   2.1585648E+05   2.1585648E+05   3.7421073E-01   4.2251137E-03   5.0105843E+02   2.1486943E+05   2.1585648E+05   0.0000000E+00   0.0000000E+00   0.0000000E+00   0.0000000E+00   0.0000000E+00
   3.7142086E-01   2.0487520E+05   2.0487520E+05   3.3142287E-01   3.7518762E-03   4.7425659E+02   2.0393833E+05   2.0487520E+05   0.0000000E+00   0.0000000E+00   0.0000000E+00   0.0000000E+00   0.0000000E+00
   3.8409919E-01   1.9485901E+05   1.9485901E+05   2.9490617E-01   3.3367155E-03   4.4985521E+02   1.9396791E+05   1.9485901E+05   0.0000000E+00   0.0000000E+00   0.0000000E+00   0.0000000E+00   0.0000000E+00
   3.9727581E-01   1.8562731E+05   1.8562731E+05   2.6205802E-01   2.9708386E-03   4.2752771E+02   1.8477839E+05   1.8562731E+05   0.0000000E+00   0.0000000E+00   0.0000000E+00   0.0000000E+00   0.0000000E+00
   4.1098500E-01   1.7662718E+05   1.7662718E+05   2.3325046E-01   2.6413686E-03   4.0582701E+02   1.7581938E+05   1.7662718E+05   0.0000000E+00   0.0000000E+00   0.0000000E+00   0.0000000E+00   0.0000000E+00
   4.2526577E-01   1.6762084E+05   1.6762084E+05   2.0626612E-01   2.3414045E-03   3.8433044E+02   1.6685421E+05   1.6762084E+05   0.0000000E+00   0.0000000E+00   0.0000000E+00   0.0000000E+00   0.0000000E+00
   4.4016289E-01   1.5888624E+05   1.5888624E+05   1.8286806E-01   2.0721052E-03   3.6352795E+02   1.5815954E+05   1.5888624E+05   0.0000000E+00   0.0000000E+00   0.0000000E+00   0.0000000E+00   0.0000000E+00
   4.5572796E-01   1.5071670E+05   1.5071670E+05   1.6175781E-01   1.8336200E-03   3.4416255E+02   1.5002734E+05   1.5071670E+05   0.0000000E+00   0.0000000E+00   0.0000000E+00   0.0000000E+00   0.0000000E+00
   4.7202092E-01   1.4298871E+05   1.4298871E+05   1.4300293E-01   1.6214833E-03   3.2588091E+02   1.4233468E+05   1.4298871E+05   0.0000000E+00   0.0000000E+00   0.0000000E+00   0.0000000E+00   0.0000000E+00
   4.8911179E-01   1.3542276E+05   1.3542276E+05   1.2598037E-01   1.4303778E-03   3.0809600E+02   1.3480332E+05   1.3542276E+05   0.0000000E+00   0.0000000E+00   0.0000000E+00   0.0000000E+00   0.0000000E+00
   5.0708303E-01   1.2803114E+05   1.2803114E+05   1.1086597E-01   1.2582602E-03   2.9078793E+02   1.2744550E+05   1.2803114E+05   0.0000000E+00   0.0000000E+00   0.0000000E+00   0.0000000E+00   0.0000000E+00
   5.2603245E-01   1.2098107E+05   1.2098107E+05   9.7412141E-02   1.1049424E-03   2.7432515E+02   1.2042766E+05   1.2098107E+05   0.0000000E+00   0.0000000E+00   0.0000000E+00   0.0000000E+00   0.0000000E+00
   5.4607701E-01   1.1422125E+05   1.1422125E+05   8.5319070E-02   9.6801861E-04   2.5860277E+02   1.1369875E+05   1.1422125E+05   0.0000000E+00   0.0000000E+00   0.0000000E+00   0.0000000E+00   0.0000000E+00
   5.6735762E-01   1.0761953E+05   1.0761953E+05   7.4475241E-02   8.4493006E-04   2.4331645E+02   1.0712722E+05   1.0761953E+05   0.0000000E+00   0.0000000E+00   0.0000000E+00   0.0000000E+00   0.0000000E+00
   5.9004549E-01   1.0121769E+05   1.0121769E+05   6.4746637E-02   7.3477057E-04   2.2851635E+02   1.0075465E+05   1.0121769E+05   0.0000000E+00   0.0000000E+00   0.0000000E+00   0.0000000E+00   0.0000000E+00
   6.1435013E-01   9.5035836E+04   9.5035836E+04   5.6067127E-02   6.3641392E-04   2.1427531E+02   9.4601072E+04   9.5035836E+04   0.0000000E+00   0.0000000E+00   0.0000000E+00   0.0000000E+00   0.0000000E+00
   6.4052961E-01   8.8999864E+04   8.8999864E+04   4.8310711E-02   5.4830499E-04   2.0040171E+02   8.8592705E+04   8.8999864E+04   0.0000000E+00   0.0000000E+00   0.0000000E+00   0.0000000E+00   0.0000000E+00
   6.6890326E-01   8.3116607E+04   8.3116607E+04   4.1370807E-02   4.6956346E-04   1.8693512E+02   8.2736356E+04   8.3116607E+04   0.0000000E+00   0.0000000E+00   0.0000000E+00   0.0000000E+00   0.0000000E+00
   6.9986661E-01   7.7374073E+04   7.7374073E+04   3.5176609E-02   3.9929379E-04   1.7381781E+02   7.7020088E+04   7.7374073E+04   0.0000000E+00   0.0000000E+00   0.0000000E+00   0.0000000E+00   0.0000000E+00
   7.3390718E-01   7.1747287E+04   7.1747287E+04   2.9663939E-02   3.3672287E-04   1.6100080E+02   7.1419039E+04   7.1747287E+04   0.0000000E+00   0.0000000E+00   0.0000000E+00   0.0000000E+00   0.0000000E+00
   7.7161719E-01   6.6236803E+04   6.6236803E+04   2.4773588E-02   2.8122912E-04   1.4846747E+02   6.5933761E+04   6.6236803E+04   0.0000000E+00   0.0000000E+00   0.0000000E+00   0.0000000E+00   0.0000000E+00
   8.1369437E-01   6.0836609E+04   6.0836609E+04   2.0461391E-02   2.3228337E-04   1.3623256E+02   6.0558269E+04   6.0836609E+04   0.0000000E+00   0.0000000E+00   0.0000000E+00   0.0000000E+00   0.0000000E+00
   8.6091619E-01   5.5559885E+04   5.5559885E+04   1.6692692E-02   1.8951354E-04   1.2428786E+02   5.5305683E+04   5.5559885E+04   0.0000000E+00   0.0000000E+00   0.0000000E+00   0.0000000E+00   0.0000000E+00
   9.1406933E-01   5.0435090E+04   5.0435090E+04   1.3441770E-02   1.5261276E-04   1.1271530E+02   5.0204332E+04   5.0435090E+04   0.0000000E+00   0.0000000E+00   0.0000000E+00   0.0000000E+00   0.0000000E+00
   9.7383075E-01   4.5509989E+04   4.5509989E+04   1.0686035E-02   1.2133163E-04   1.0161828E+02   4.5301762E+04   4.5509989E+04   0.0000000E+00   0.0000000E+00   0.0000000E+00   0.0000000E+00   0.0000000E+00
   1.0406392E+00   4.0845822E+04   4.0845822E+04   8.3988439E-03   9.5366142E-05   9.1132886E+01   4.0658933E+04   4.0845822E+04   0.0000000E+00   0.0000000E+00   0.0000000E+00   0.0000000E+00   0.0000000E+00
   1.1146447E+00   3.6501396E+04   3.6501396E+04   6.5419043E-03   7.4284918E-05   8.1379580E+01   3.6334383E+04   3.6501396E+04   0.0000000E+00   0.0000000E+00   0.0000000E+00   0.0000000E+00   0.0000000E+00
   1.1957985E+00   3.2517842E+04   3.2517842E+04   5.0637780E-03   5.7502250E-05   7.2449459E+01   3.2369055E+04   3.2517842E+04   0.0000000E+00   0.0000000E+00   0.0000000E+00   0.0000000E+00   0.0000000E+00
   1.2840324E+00   2.8911016E+04   2.8911016E+04   3.9153591E-03   4.4340509E-05   6.4378094E+01   2.8778731E+04   2.8911016E+04   0.0000000E+00   0.0000000E+00   0.0000000E+00   0.0000000E+00   0.0000000E+00
   1.3794062E+00   2.5672057E+04   2.5672057E+04   3.0046462E-03   3.4118154E-05   5.7137007E+01   2.5554591E+04   2.5672057E+04   0.0000000E+00   0.0000000E+00   0.0000000E+00   0.0000000E+00   0.0000000E+00
   1.4821583E+00   2.2777096E+04   2.2777096E+04   2.3088199E-03   2.6220068E-05   5.0670863E+01   2.2672876E+04   2.2777096E+04   0.0000000E+00   0.0000000E+00   0.0000000E+00   0.0000000E+00   0.0000000E+00
   1.5926843E+00   2.0196643E+04   2.0196643E+04   1.7729080E-03   2.0135462E-05   4.4915228E+01   2.0104230E+04   2.0196643E+04   0.0000000E+00   0.0000000E+00   0.0000000E+00   0.0000000E+00   0.0000000E+00
   1.7114950E+00   1.7899407E+04   1.7899407E+04   1.3606477E-03   1.5454544E-05   3.9792789E+01   1.7817505E+04   1.7899407E+04   0.0000000E+00   0.0000000E+00   0.0000000E+00   0.0000000E+00   0.0000000E+00
   1.8391819E+00   1.5856292E+04   1.5856292E+04   1.0437706E-03   1.1856374E-05   3.5239775E+01   1.5783738E+04   1.5856292E+04   0.0000000E+00   0.0000000E+00   0.0000000E+00   0.0000000E+00   0.0000000E+00
   1.9763983E+00   1.4040215E+04   1.4040215E+04   8.0033768E-04   9.0917822E-06   3.1196662E+01   1.3975970E+04   1.4040215E+04   0.0000000E+00   0.0000000E+00   0.0000000E+00   0.0000000E+00   0.0000000E+00
   2.1238530E+00   1.2426978E+04   1.2426978E+04   6.1342935E-04   6.9691031E-06   2.7605195E+01   1.2370116E+04   1.2426978E+04   0.0000000E+00   0.0000000E+00   0.0000000E+00   0.0000000E+00   0.0000000E+00
   2.2823090E+00   1.0994617E+04   1.0994617E+04   4.6999321E-04   5.3398576E-06   2.4418944E+01   1.0944308E+04   1.0994617E+04   0.0000000E+00   0.0000000E+00   0.0000000E+00   0.0000000E+00   0.0000000E+00
   2.4525871E+00   9.7235407E+03   9.7235407E+03   3.5974597E-04   4.0899090E-06   2.1592305E+01   9.6790479E+03   9.7235407E+03   0.0000000E+00   0.0000000E+00   0.0000000E+00   0.0000000E+00   0.0000000E+00
   2.6355693E+00   8.5961428E+03   8.5961428E+03   2.7548547E-04   3.1314523E-06   1.9085793E+01   8.5568086E+03   8.5961428E+03   0.0000000E+00   0.0000000E+00   0.0000000E+00   0.0000000E+00   0.0000000E+00
   2.8322034E+00   7.5966518E+03   7.5966518E+03   2.1089563E-04   2.3967404E-06   1.6864706E+01   7.5618911E+03   7.5966518E+03   0.0000000E+00   0.0000000E+00   0.0000000E+00   0.0000000E+00   0.0000000E+00
   3.0435080E+00   6.7109698E+03   6.7109698E+03   1.6133112E-04   1.8337829E-06   1.4896882E+01   6.6802617E+03   6.7109698E+03   0.0000000E+00   0.0000000E+00   0.0000000E+00   0.0000000E+00   0.0000000E+00
   3.2705775E+00   5.9264894E+03   5.9264894E+03   1.2337197E-04   1.4026064E-06   1.3154202E+01   5.8993709E+03   5.9264894E+03   0.0000000E+00   0.0000000E+00   0.0000000E+00   0.0000000E+00   0.0000000E+00
   3.5145882E+00   5.2319471E+03   5.2319471E+03   9.4313717E-05   1.0724656E-06   1.1611812E+01   5.2080067E+03   5.2319471E+03   0.0000000E+00   0.0000000E+00   0.0000000E+00   0.0000000E+00   0.0000000E+00
   3.7768040E+00   4.6172888E+03   4.6172888E+03   7.2086325E-05   8.1979858E-07   1.0246947E+01   4.5961609E+03   4.6172888E+03   0.0000000E+00   0.0000000E+00   0.0000000E+00   0.0000000E+00   0.0000000E+00
   4.0585831E+00   4.0735469E+03   4.0735469E+03   5.5069897E-05   6.2647986E-07   9.0397045E+00   4.0549071E+03   4.0735469E+03   0.0000000E+00   0.0000000E+00   0.0000000E+00   0.0000000E+00   0.0000000E+00
   4.3613852E+00   3.5927281E+03   3.5927281E+03   4.2056481E-05   4.7862135E-07   7.9721732E+00   3.5762884E+03   3.5927281E+03   0.0000000E+00   0.0000000E+00   0.0000000E+00   0.0000000E+00   0.0000000E+00
   4.6867786E+00   3.1677124E+03   3.1677124E+03   3.2111511E-05   3.6556196E-07   7.0289253E+00   3.1532175E+03   3.1677124E+03   0.0000000E+00   0.0000000E+00   0.0000000E+00   0.0000000E+00   0.0000000E+00
   5.0364490E+00   2.7921618E+03   2.7921618E+03   2.4506774E-05   2.7914733E-07   6.1952848E+00   2.7793853E+03   2.7921618E+03   0.0000000E+00   0.0000000E+00   0.0000000E+00   0.0000000E+00   0.0000000E+00
   5.4122075E+00   2.4604376E+03   2.4604376E+03   1.8705618E-05   2.1311288E-07   5.4589508E+00   2.4491790E+03   2.4604376E+03   0.0000000E+00   0.0000000E+00   0.0000000E+00   0.0000000E+00   0.0000000E+00
   5.8160006E+00   2.1675268E+03   2.1675268E+03   1.4268647E-05   1.6266403E-07   4.8089996E+00   2.1576085E+03   2.1675268E+03   0.0000000E+00   0.0000000E+00   0.0000000E+00   0.0000000E+00   0.0000000E+00
   6.2499198E+00   1.9089748E+03   1.9089748E+03   1.0885544E-05   1.2413580E-07   4.2352555E+00   1.9002396E+03   1.9089748E+03   0.0000000E+00   0.0000000E+00   0.0000000E+00   0.0000000E+00   0.0000000E+00
   6.7162127E+00   1.6808256E+03   1.6808256E+03   8.2975631E-06   9.4718046E-08   3.7289452E+00   1.6731344E+03   1.6808256E+03   0.0000000E+00   0.0000000E+00   0.0000000E+00   0.0000000E+00   0.0000000E+00
   7.2172948E+00   1.4795678E+03   1.4795678E+03   6.3243627E-06   7.2260247E-08   3.2824041E+00   1.4727975E+03   1.4795678E+03   0.0000000E+00   0.0000000E+00   0.0000000E+00   0.0000000E+00   0.0000000E+00
   7.7557614E+00   1.3020862E+03   1.3020862E+03   4.8197638E-06   5.5121136E-08   2.8886047E+00   1.2961280E+03   1.3020862E+03   0.0000000E+00   0.0000000E+00   0.0000000E+00   0.0000000E+00   0.0000000E+00
   8.3344020E+00   1.1456185E+03   1.1456185E+03   3.6727022E-06   4.2043083E-08   2.5414167E+00   1.1403763E+03   1.1456185E+03   0.0000000E+00   0.0000000E+00   0.0000000E+00   0.0000000E+00   0.0000000E+00
