#           k/h    CDM            baryon         photon         nu             mass_nu        total          no_nu          total_de       Weyl           v_CDM          v_b            v_b-v_c     
   9.9058327E-06   3.6837620E+06   3.6837620E+06   4.9112860E+06   1.4639158E+04   6.5673586E+04   3.6840632E+06   3.6837620E+06   0.0000000E+00   0.0000000E+00   0.0000000E+00   0.0000000E+00   0.0000000E+00
   1.0644885E-05   3.6837614E+06   3.6837614E+06   4.9112238E+06   1.4639045E+04   6.5672977E+04   3.6840626E+06   3.6837614E+06   0.0000000E+00   0.0000000E+00   0.0000000E+00   0.0000000E+00   0.0000000E+00
   1.1439077E-05   3.6837607E+06   3.6837607E+06   4.9111519E+06   1.4638913E+04   6.5672274E+04   3.6840618E+06   3.6837607E+06   0.0000000E+00   0.0000000E+00   0.0000000E+00   0.0000000E+00   0.0000000E+00
   1.2292522E-05   3.6837599E+06   3.6837599E+06   4.9110690E+06   1.4638761E+04   6.5671462E+04   3.6840609E+06   3.6837599E+06   0.0000000E+00   0.0000000E+00   0.0000000E+00   0.0000000E+00   0.0000000E+00
   1.3209640E-05   3.6837590E+06   3.6837590E+06   4.9109732E+06   1.4638586E+04   6.5670524E+04   3.6840599E+06   3.6837590E+06   0.0000000E+00   0.0000000E+00   0.0000000E+00   0.0000000E+00   0.0000000E+00
   1.4195183E-05   3.6837580E+06   3.6837580E+06   4.9108626E+06   1.4638384E+04   6.5669441E+04   3.6840587E+06   3.6837580E+06   0.0000000E+00   0.0000000E+00   0.0000000E+00   0.0000000E+00   0.0000000E+00
   1.5254255E-05   3.6837567E+06   3.6837567E+06   4.9107348E+06   1.4638150E+04   6.5668190E+04   3.6840573E+06   3.6837567E+06   0.0000000E+00   0.0000000E+00   0.0000000E+00   0.0000000E+00   0.0000000E+00
   1.6392341E-05   3.6837553E+06   3.6837553E+06   4.9105873E+06   1.4637880E+04   6.5666746E+04   3.6840558E+06   3.6837553E+06   0.0000000E+00   0.0000000E+00   0.0000000E+00   0.0000000E+00   0.0000000E+00
   1.7615338E-05   3.6837536E+06   3.6837536E+06   4.9104170E+06   1.4637569E+04   6.5665079E+04   3.6840540E+06   3.6837536E+06   0.0000000E+00   0.0000000E+00   0.0000000E+00   0.0000000E+00   0.0000000E+00
   1.8929581E-05   3.6837517E+06   3.6837517E+06   4.9102203E+06   1.4637209E+04   6.5663153E+04   3.6840519E+06   3.6837517E+06   0.0000000E+00   0.0000000E+00   0.0000000E+00   0.0000000E+00   0.0000000E+00
   2.0341875E-05   3.6837495E+06   3.6837495E+06   4.9099932E+06   1.4636794E+04   6.5660930E+04   3.6840494E+06   3.6837495E+06   0.0000000E+00   0.0000000E+00   0.0000000E+00   0.0000000E+00   0.0000000E+00
   2.1859539E-05   3.6837470E+06   3.6837470E+06   4.9097310E+06   1.4636314E+04   6.5658363E+04   3.6840466E+06   3.6837470E+06   0.0000000E+00   0.0000000E+00   0.0000000E+00   0.0000000E+00   0.0000000E+00
   2.3490431E-05   3.6837441E+06   3.6837441E+06   4.9094281E+06   1.4635760E+04   6.5655399E+04   3.6840434E+06   3.6837441E+06   0.0000000E+00   0.0000000E+00   0.0000000E+00   0.0000000E+00   0.0000000E+00
   2.5243001E-05   3.6837407E+06   3.6837407E+06   4.9090784E+06   1.4635120E+04   6.5651976E+04   3.6840397E+06   3.6837407E+06   0.0000000E+00   0.0000000E+00   0.0000000E+00   0.0000000E+00   0.0000000E+00
   2.7126327E-05   3.6837368E+06   3.6837368E+06   4.9086747E+06   1.4634382E+04   6.5648024E+04   3.6840354E+06   3.6837368E+06   0.0000000E+00   0.0000000E+00   0.0000000E+00   0.0000000E+00   0.0000000E+00
   2.9150163E-05   3.6837323E+06   3.6837323E+06   4.9082084E+06   1.4633529E+04   6.5643462E+04   3.6840304E+06   3.6837323E+06   0.0000000E+00   0.0000000E+00   0.0000000E+00   0.0000000E+00   0.0000000E+00
   3.1324994E-05   3.6837271E+06   3.6837271E+06   4.9076701E+06   1.4632544E+04   6.5638193E+04   3.6840246E+06   3.6837271E+06   0.0000000E+00   0.0000000E+00   0.0000000E+00   0.0000000E+00   0.0000000E+00
   3.3662083E-05   3.6837211E+06   3.6837211E+06   4.9070484E+06   1.4631407E+04   6.5632111E+04   3.6840180E+06   3.6837211E+06   0.0000000E+00   0.0000000E+00   0.0000000E+00   0.0000000E+00   0.0000000E+00
   3.6173538E-05   3.6837141E+06   3.6837141E+06   4.9063307E+06   1.4630093E+04   6.5625089E+04   3.6840103E+06   3.6837141E+06   0.0000000E+00   0.0000000E+00   0.0000000E+00   0.0000000E+00   0.0000000E+00
   3.8872367E-05   3.6837061E+06   3.6837061E+06   4.9055020E+06   1.4628577E+04   6.5616982E+04   3.6840015E+06   3.6837061E+06   0.0000000E+00   0.0000000E+00   0.0000000E+00   0.0000000E+00   0.0000000E+00
   4.1772550E-05   3.6836969E+06   3.6836969E+06   4.9045452E+06   1.4626827E+04   6.5607623E+04   3.6839912E+06   3.6836969E+06   0.0000000E+00   0.0000000E+00   0.0000000E+00   0.0000000E+00   0.0000000E+00
   4.4889109E-05   3.6836862E+06   3.6836862E+06   4.9034405E+06   1.4624805E+04   6.5596819E+04   3.6839794E+06   3.6836862E+06   0.0000000E+00   0.0000000E+00   0.0000000E+00   0.0000000E+00   0.0000000E+00
   4.8238188E-05   3.6836738E+06   3.6836738E+06   4.9021651E+06   1.4622471E+04   6.5584348E+04   3.6839658E+06   3.6836738E+06   0.0000000E+00   0.0000000E+00   0.0000000E+00   0.0000000E+00   0.0000000E+00
   5.1837135E-05   3.6836596E+06   3.6836596E+06   4.9006927E+06   1.4619777E+04   6.5569953E+04   3.6839501E+06   3.6836596E+06   0.0000000E+00   0.0000000E+00   0.0000000E+00   0.0000000E+00   0.0000000E+00
   5.5704591E-05   3.6836431E+06   3.6836431E+06   4.8989928E+06   1.4616666E+04   6.5553340E+04   3.6839319E+06   3.6836431E+06   0.0000000E+00   0.0000000E+00   0.0000000E+00   0.0000000E+00   0.0000000E+00
   5.9860590E-05   3.6836241E+06   3.6836241E+06   4.8970306E+06   1.4613074E+04   6.5534167E+04   3.6839109E+06   3.6836241E+06   0.0000000E+00   0.0000000E+00   0.0000000E+00   0.0000000E+00   0.0000000E+00
   6.4326658E-05   3.6836022E+06   3.6836022E+06   4.8947656E+06   1.4608928E+04   6.5512043E+04   3.6838867E+06   3.6836022E+06   0.0000000E+00   0.0000000E+00   0.0000000E+00   0.0000000E+00   0.0000000E+00
   6.9125930E-05   3.6835768E+06   3.6835768E+06   4.8921512E+06   1.4604141E+04   6.5486515E+04   3.6838587E+06   3.6835768E+06   0.0000000E+00   0.0000000E+00   0.0000000E+00   0.0000000E+00   0.0000000E+00
   7.4283266E-05   3.6835476E+06   3.6835476E+06   4.8891338E+06   1.4598616E+04   6.5457065E+04   3.6838264E+06   3.6835476E+06   0.0000000E+00   0.0000000E+00   0.0000000E+00   0.0000000E+00   0.0000000E+00
   7.9825379E-05   3.6835138E+06   3.6835138E+06   4.8856514E+06   1.4592239E+04   6.5423094E+04   3.6837891E+06   3.6835138E+06   0.0000000E+00   0.0000000E+00   0.0000000E+00   0.0000000E+00   0.0000000E+00
   8.5780977E-05   3.6834748E+06   3.6834748E+06   4.8816330E+06   1.4584878E+04   6.5383916E+04   3.6837461E+06   3.6834748E+06   0.0000000E+00   0.0000000E+00   0.0000000E+00   0.0000000E+00   0.0000000E+00
   9.2180910E-05   3.6834298E+06   3.6834298E+06   4.8769964E+06   1.4576383E+04   6.5338741E+04   3.6836964E+06   3.6834298E+06   0.0000000E+00   0.0000000E+00   0.0000000E+00   0.0000000E+00   0.0000000E+00
   9.9058327E-05   3.6833778E+06   3.6833778E+06   4.8716473E+06   1.4566580E+04   6.5286663E+04   3.6836390E+06   3.6833778E+06   0.0000000E+00   0.0000000E+00   0.0000000E+00   0.0000000E+00   0.0000000E+00
   1.0644885E-04   3.6833178E+06   3.6833178E+06   4.8654770E+06   1.4555269E+04   6.5226645E+04   3.6835727E+06   3.6833178E+06   0.0000000E+00   0.0000000E+00   0.0000000E+00   0.0000000E+00   0.0000000E+00
   1.1439077E-04   3.6832485E+06   3.6832485E+06   4.8583608E+06   1.4542219E+04   6.5157495E+04   3.6834962E+06   3.6832485E+06   0.0000000E+00   0.0000000E+00   0.0000000E+00   0.0000000E+00   0.0000000E+00
   1.2292522E-04   3.6831685E+06   3.6831685E+06   4.8501553E+06   1.4527166E+04   6.5077854E+04   3.6834079E+06   3.6831685E+06   0.0000000E+00   0.0000000E+00   0.0000000E+00   0.0000000E+00   0.0000000E+00
   1.3209640E-04   3.6830762E+06   3.6830762E+06   4.8406957E+06   1.4509803E+04   6.4986168E+04   3.6833060E+06   3.6830762E+06   0.0000000E+00   0.0000000E+00   0.0000000E+00   0.0000000E+00   0.0000000E+00
   1.4195183E-04   3.6829696E+06   3.6829696E+06   4.8297935E+06   1.4489783E+04   6.4880664E+04   3.6831884E+06   3.6829696E+06   0.0000000E+00   0.0000000E+00   0.0000000E+00   0.0000000E+00   0.0000000E+00
   1.5254255E-04   3.6828467E+06   3.6828467E+06   4.8172323E+06   1.4466701E+04   6.4759330E+04   3.6830527E+06   3.6828467E+06   0.0000000E+00   0.0000000E+00   0.0000000E+00   0.0000000E+00   0.0000000E+00
   1.6392341E-04   3.6827047E+06   3.6827047E+06   4.8027649E+06   1.4440097E+04   6.4619876E+04   3.6828961E+06   3.6827047E+06   0.0000000E+00   0.0000000E+00   0.0000000E+00   0.0000000E+00   0.0000000E+00
   1.7615338E-04   3.6825410E+06   3.6825410E+06   4.7861088E+06   1.4409444E+04   6.4459717E+04   3.6827153E+06   3.6825410E+06   0.0000000E+00   0.0000000E+00   0.0000000E+00   0.0000000E+00   0.0000000E+00
   1.8929581E-04   3.6823520E+06   3.6823520E+06   4.7669417E+06   1.4374135E+04   6.4275937E+04   3.6825068E+06   3.6823520E+06   0.0000000E+00   0.0000000E+00   0.0000000E+00   0.0000000E+00   0.0000000E+00
   2.0341875E-04   3.6821340E+06   3.6821340E+06   4.7448974E+06   1.4333481E+04   6.4065259E+04   3.6822663E+06   3.6821340E+06   0.0000000E+00   0.0000000E+00   0.0000000E+00   0.0000000E+00   0.0000000E+00
   2.1859539E-04   3.6818826E+06   3.6818826E+06   4.7195596E+06   1.4286693E+04   6.3824025E+04   3.6819889E+06   3.6818826E+06   0.0000000E+00   0.0000000E+00   0.0000000E+00   0.0000000E+00   0.0000000E+00
   2.3490431E-04   3.6815926E+06   3.6815926E+06   4.6904576E+06   1.4232875E+04   6.3548173E+04   3.6816690E+06   3.6815926E+06   0.0000000E+00   0.0000000E+00   0.0000000E+00   0.0000000E+00   0.0000000E+00
   2.5243001E-04   3.6812583E+06   3.6812583E+06   4.6570602E+06   1.4171006E+04   6.3233220E+04   3.6813002E+06   3.6812583E+06   0.0000000E+00   0.0000000E+00   0.0000000E+00   0.0000000E+00   0.0000000E+00
   2.7126327E-04   3.6808728E+06   3.6808728E+06   4.6187707E+06   1.4099934E+04   6.2874272E+04   3.6808752E+06   3.6808728E+06   0.0000000E+00   0.0000000E+00   0.0000000E+00   0.0000000E+00   0.0000000E+00
   2.9150163E-04   3.6804287E+06   3.6804287E+06   4.5749219E+06   1.4018356E+04   6.2466036E+04   3.6803854E+06   3.6804287E+06   0.0000000E+00   0.0000000E+00   0.0000000E+00   0.0000000E+00   0.0000000E+00
   3.1324994E-04   3.6799169E+06   3.6799169E+06   4.5247719E+06   1.3924804E+04   6.2002873E+04   3.6798213E+06   3.6799169E+06   0.0000000E+00   0.0000000E+00   0.0000000E+00   0.0000000E+00   0.0000000E+00
   3.3662083E-04   3.6793275E+06   3.6793275E+06   4.4675016E+06   1.3817640E+04   6.1478879E+04   3.6791718E+06   3.6793275E+06   0.0000000E+00   0.0000000E+00   0.0000000E+00   0.0000000E+00   0.0000000E+00
   3.6173538E-04   3.6786490E+06   3.6786490E+06   4.4022144E+06   1.3695035E+04   6.0888020E+04   3.6784242E+06   3.6786490E+06   0.0000000E+00   0.0000000E+00   0.0000000E+00   0.0000000E+00   0.0000000E+00
   3.8872367E-04   3.6778683E+06   3.6778683E+06   4.3279384E+06   1.3554967E+04   6.0224335E+04   3.6775643E+06   3.6778683E+06   0.0000000E+00   0.0000000E+00   0.0000000E+00   0.0000000E+00   0.0000000E+00
   4.1772550E-04   3.6769703E+06   3.6769703E+06   4.2436341E+06   1.3395217E+04   5.9482214E+04   3.6765758E+06   3.6769703E+06   0.0000000E+00   0.0000000E+00   0.0000000E+00   0.0000000E+00   0.0000000E+00
   4.4889109E-04   3.6759383E+06   3.6759383E+06   4.1482079E+06   1.3213370E+04   5.8656790E+04   3.6754401E+06   3.6759383E+06   0.0000000E+00   0.0000000E+00   0.0000000E+00   0.0000000E+00   0.0000000E+00
   4.8238188E-04   3.6747528E+06   3.6747528E+06   4.0405334E+06   1.3006835E+04   5.7744444E+04   3.6741363E+06   3.6747528E+06   0.0000000E+00   0.0000000E+00   0.0000000E+00   0.0000000E+00   0.0000000E+00
   5.1837135E-04   3.6733924E+06   3.6733924E+06   3.9194843E+06   1.2772864E+04   5.6743460E+04   3.6726410E+06   3.6733924E+06   0.0000000E+00   0.0000000E+00   0.0000000E+00   0.0000000E+00   0.0000000E+00
   5.5704591E-04   3.6718325E+06   3.6718325E+06   3.7839799E+06   1.2508608E+04   5.5654843E+04   3.6709277E+06   3.6718325E+06   0.0000000E+00   0.0000000E+00   0.0000000E+00   0.0000000E+00   0.0000000E+00
   5.9860590E-04   3.6700458E+06   3.6700458E+06   3.6330476E+06   1.2211179E+04   5.4483282E+04   3.6689667E+06   3.6700458E+06   0.0000000E+00   0.0000000E+00   0.0000000E+00   0.0000000E+00   0.0000000E+00
   6.4326658E-04   3.6680016E+06   3.6680016E+06   3.4659049E+06   1.1877756E+04   5.3238265E+04   3.6667254E+06   3.6680016E+06   0.0000000E+00   0.0000000E+00   0.0000000E+00   0.0000000E+00   0.0000000E+00
   6.9125930E-04   3.6656660E+06   3.6656660E+06   3.2820634E+06   1.1505718E+04   5.1935267E+04   3.6641673E+06   3.6656660E+06   0.0000000E+00   0.0000000E+00   0.0000000E+00   0.0000000E+00   0.0000000E+00
   7.4283266E-04   3.6630015E+06   3.6630015E+06   3.0814561E+06   1.1092826E+04   5.0596894E+04   3.6612526E+06   3.6630015E+06   0.0000000E+00   0.0000000E+00   0.0000000E+00   0.0000000E+00   0.0000000E+00
   7.9825379E-04   3.6599668E+06   3.6599668E+06   2.8645875E+06   1.0637452E+04   4.9253808E+04   3.6579377E+06   3.6599668E+06   0.0000000E+00   0.0000000E+00   0.0000000E+00   0.0000000E+00   0.0000000E+00
   8.5780977E-04   3.6565171E+06   3.6565171E+06   2.6327010E+06   1.0138854E+04   4.7945097E+04   3.6541758E+06   3.6565171E+06   0.0000000E+00   0.0000000E+00   0.0000000E+00   0.0000000E+00   0.0000000E+00
   9.2180910E-04   3.6526037E+06   3.6526037E+06   2.3879536E+06   9.5975060E+03   4.6717684E+04   3.6499163E+06   3.6526037E+06   0.0000000E+00   0.0000000E+00   0.0000000E+00   0.0000000E+00   0.0000000E+00
   9.9058327E-04   3.6481746E+06   3.6481746E+06   2.1335784E+06   9.0154577E+03   4.5624191E+04   3.6451062E+06   3.6481746E+06   0.0000000E+00   0.0000000E+00   0.0000000E+00   0.0000000E+00   0.0000000E+00
   1.0644885E-03   3.6431746E+06   3.6431746E+06   1.8740043E+06   8.3967083E+03   4.4718595E+04   3.6396895E+06   3.6431746E+06   0.0000000E+00   0.0000000E+00   0.0000000E+00   0.0000000E+00   0.0000000E+00
   1.1439077E-03   3.6375455E+06   3.6375455E+06   1.6148931E+06   7.7475491E+03   4.4049012E+04   3.6336088E+06   3.6375455E+06   0.0000000E+00   0.0000000E+00   0.0000000E+00   0.0000000E+00   0.0000000E+00
   1.2292522E-03   3.6312267E+06   3.6312267E+06   1.3630356E+06   7.0768122E+03   4.3647169E+04   3.6268053E+06   3.6312267E+06   0.0000000E+00   0.0000000E+00   0.0000000E+00   0.0000000E+00   0.0000000E+00
   1.3209640E-03   3.6241559E+06   3.6241559E+06   1.1260480E+06   6.3959385E+03   4.3514731E+04   3.6192201E+06   3.6241559E+06   0.0000000E+00   0.0000000E+00   0.0000000E+00   0.0000000E+00   0.0000000E+00
   1.4195183E-03   3.6162690E+06   3.6162690E+06   9.1180767E+05   5.7187603E+03   4.3607803E+04   3.6107943E+06   3.6162690E+06   0.0000000E+00   0.0000000E+00   0.0000000E+00   0.0000000E+00   0.0000000E+00
   1.5254255E-03   3.6075009E+06   3.6075009E+06   7.2759657E+05   5.0608848E+03   4.3822787E+04   3.6014699E+06   3.6075009E+06   0.0000000E+00   0.0000000E+00   0.0000000E+00   0.0000000E+00   0.0000000E+00
   1.6392341E-03   3.5977850E+06   3.5977850E+06   5.7897729E+05   4.4385884E+03   4.3989189E+04   3.5911893E+06   3.5977850E+06   0.0000000E+00   0.0000000E+00   0.0000000E+00   0.0000000E+00   0.0000000E+00
   1.7615338E-03   3.5870530E+06   3.5870530E+06   4.6852884E+05   3.8671987E+03   4.3877401E+04   3.5798949E+06   3.5870530E+06   0.0000000E+00   0.0000000E+00   0.0000000E+00   0.0000000E+00   0.0000000E+00
   1.8929581E-03   3.5752339E+06   3.5752339E+06   3.9470878E+05   3.3590692E+03   4.3230496E+04   3.5675275E+06   3.5752339E+06   0.0000000E+00   0.0000000E+00   0.0000000E+00   0.0000000E+00   0.0000000E+00
   2.0341875E-03   3.5622531E+06   3.5622531E+06   3.5125857E+05   2.9214451E+03   4.1826226E+04   3.5540240E+06   3.5622531E+06   0.0000000E+00   0.0000000E+00   0.0000000E+00   0.0000000E+00   0.0000000E+00
   2.1859539E-03   3.5480311E+06   3.5480311E+06   3.2765686E+05   2.5547458E+03   3.9565626E+04   3.5393153E+06   3.5480311E+06   0.0000000E+00   0.0000000E+00   0.0000000E+00   0.0000000E+00   0.0000000E+00
   2.3490431E-03   3.5324823E+06   3.5324823E+06   3.1103240E+05   2.2519701E+03   3.6565986E+04   3.5233235E+06   3.5324823E+06   0.0000000E+00   0.0000000E+00   0.0000000E+00   0.0000000E+00   0.0000000E+00
   2.5243001E-03   3.5155163E+06   3.5155163E+06   2.8953790E+05   1.9999044E+03   3.3211409E+04   3.5059616E+06   3.5155163E+06   0.0000000E+00   0.0000000E+00   0.0000000E+00   0.0000000E+00   0.0000000E+00
   2.7126327E-03   3.4970386E+06   3.4970386E+06   2.5640238E+05   1.7824233E+03   3.0097177E+04   3.4871332E+06   3.4970386E+06   0.0000000E+00   0.0000000E+00   0.0000000E+00   0.0000000E+00   0.0000000E+00
   2.9150163E-03   3.4769541E+06   3.4769541E+06   2.1292040E+05   1.5852952E+03   2.7820802E+04   3.4667367E+06   3.4769541E+06   0.0000000E+00   0.0000000E+00   0.0000000E+00   0.0000000E+00   0.0000000E+00
   3.1324994E-03   3.4551700E+06   3.4551700E+06   1.6812284E+05   1.4007457E+03   2.6652134E+04   3.4446689E+06   3.4551700E+06   0.0000000E+00   0.0000000E+00   0.0000000E+00   0.0000000E+00   0.0000000E+00
   3.3662083E-03   3.4315968E+06   3.4315968E+06   1.3377190E+05   1.2292488E+03   2.6254752E+04   3.4208297E+06   3.4315968E+06   0.0000000E+00   0.0000000E+00   0.0000000E+00   0.0000000E+00   0.0000000E+00
   3.6173538E-03   3.4061467E+06   3.4061467E+06   1.1625442E+05   1.0766514E+03   2.5743681E+04   3.3951232E+06   3.4061467E+06   0.0000000E+00   0.0000000E+00   0.0000000E+00   0.0000000E+00   0.0000000E+00
   3.8872367E-03   3.3787289E+06   3.3787289E+06   1.1081831E+05   9.4749363E+02   2.4263138E+04   3.3674565E+06   3.3787289E+06   0.0000000E+00   0.0000000E+00   0.0000000E+00   0.0000000E+00   0.0000000E+00
   4.1772550E-03   3.3492455E+06   3.3492455E+06   1.0462697E+05   8.3916752E+02   2.1808164E+04   3.3377356E+06   3.3492455E+06   0.0000000E+00   0.0000000E+00   0.0000000E+00   0.0000000E+00   0.0000000E+00
   4.4889109E-03   3.3175926E+06   3.3175926E+06   8.8911707E+04   7.4275011E+02   1.9444038E+04   3.3058646E+06   3.3175926E+06   0.0000000E+00   0.0000000E+00   0.0000000E+00   0.0000000E+00   0.0000000E+00
   4.8238188E-03   3.2836678E+06   3.2836678E+06   6.8948151E+04   6.5115570E+02   1.8241537E+04   3.2717489E+06   3.2836678E+06   0.0000000E+00   0.0000000E+00   0.0000000E+00   0.0000000E+00   0.0000000E+00
   5.1837135E-03   3.2473757E+06   3.2473757E+06   5.7376864E+04   5.6604672E+02   1.7783331E+04   3.2352977E+06   3.2473757E+06   0.0000000E+00   0.0000000E+00   0.0000000E+00   0.0000000E+00   0.0000000E+00
   5.5704591E-03   3.2086267E+06   3.2086267E+06   5.5400900E+04   4.9348236E+02   1.6545698E+04   3.1964229E+06   3.2086267E+06   0.0000000E+00   0.0000000E+00   0.0000000E+00   0.0000000E+00   0.0000000E+00
   5.9860590E-03   3.1673274E+06   3.1673274E+06   5.0303322E+04   4.3295582E+02   1.4433630E+04   3.1550289E+06   3.1673274E+06   0.0000000E+00   0.0000000E+00   0.0000000E+00   0.0000000E+00   0.0000000E+00
   6.4326658E-03   3.1233791E+06   3.1233791E+06   3.8692051E+04   3.7773905E+02   1.3199998E+04   3.1110128E+06   3.1233791E+06   0.0000000E+00   0.0000000E+00   0.0000000E+00   0.0000000E+00   0.0000000E+00
   6.9125930E-03   3.0766870E+06   3.0766870E+06   3.2860434E+04   3.2688914E+02   1.2799400E+04   3.0642752E+06   3.0766870E+06   0.0000000E+00   0.0000000E+00   0.0000000E+00   0.0000000E+00   0.0000000E+00
   7.4283266E-03   3.0271595E+06   3.0271595E+06   3.1977751E+04   2.8416184E+02   1.1291632E+04   3.0147271E+06   3.0271595E+06   0.0000000E+00   0.0000000E+00   0.0000000E+00   0.0000000E+00   0.0000000E+00
   7.9825379E-03   2.9747004E+06   2.9747004E+06   2.5038446E+04   2.4640182E+02   9.8796042E+03   2.9622837E+06   2.9747004E+06   0.0000000E+00   0.0000000E+00   0.0000000E+00   0.0000000E+00   0.0000000E+00
   8.5780977E-03   2.9192163E+06   2.9192163E+06   2.0935592E+04   2.1154192E+02   9.6276900E+03   2.9068563E+06   2.9192163E+06   0.0000000E+00   0.0000000E+00   0.0000000E+00   0.0000000E+00   0.0000000E+00
   9.2180910E-03   2.8606194E+06   2.8606194E+06   1.9804529E+04   1.8305211E+02   8.2500390E+03   2.8483436E+06   2.8606194E+06   0.0000000E+00   0.0000000E+00   0.0000000E+00   0.0000000E+00   0.0000000E+00
   9.9058327E-03   2.7988158E+06   2.7988158E+06   1.4568624E+04   1.5729671E+02   7.5605766E+03   2.7866462E+06   2.7988158E+06   0.0000000E+00   0.0000000E+00   0.0000000E+00   0.0000000E+00   0.0000000E+00
   1.0644885E-02   2.7337156E+06   2.7337156E+06   1.4087228E+04   1.3445686E+02   6.8901788E+03   2.7216898E+06   2.7337156E+06   0.0000000E+00   0.0000000E+00   0.0000000E+00   0.0000000E+00   0.0000000E+00
   1.1439077E-02   2.6652352E+06   2.6652352E+06   1.0398963E+04   1.1523016E+02   6.0428926E+03   2.6533871E+06   2.6652352E+06   0.0000000E+00   0.0000000E+00   0.0000000E+00   0.0000000E+00   0.0000000E+00
   1.2292522E-02   2.5932956E+06   2.5932956E+06   9.8996782E+03   9.8121509E+01   5.5301838E+03   2.5816503E+06   2.5932956E+06   0.0000000E+00   0.0000000E+00   0.0000000E+00   0.0000000E+00   0.0000000E+00
   1.3209640E-02   2.5178306E+06   2.5178306E+06   7.1892855E+03   8.3371389E+01   4.9614369E+03   2.5064237E+06   2.5178306E+06   0.0000000E+00   0.0000000E+00   0.0000000E+00   0.0000000E+00   0.0000000E+00
   1.4195183E-02   2.4387915E+06   2.4387915E+06   6.7705912E+03   7.0784883E+01   4.2797185E+03   2.4276507E+06   2.4387915E+06   0.0000000E+00   0.0000000E+00   0.0000000E+00   0.0000000E+00   0.0000000E+00
   1.5254255E-02   2.3561551E+06   2.3561551E+06   5.3962069E+03   5.9651164E+01   4.0669481E+03   2.3453097E+06   2.3561551E+06   0.0000000E+00   0.0000000E+00   0.0000000E+00   0.0000000E+00   0.0000000E+00
   1.6392341E-02   2.2699371E+06   2.2699371E+06   4.1548914E+03   5.0300007E+01   3.4923149E+03   2.2594179E+06   2.2699371E+06   0.0000000E+00   0.0000000E+00   0.0000000E+00   0.0000000E+00   0.0000000E+00
   1.7615338E-02   2.1802059E+06   2.1802059E+06   3.7444086E+03   4.2246363E+01   2.9908514E+03   2.1700384E+06   2.1802059E+06   0.0000000E+00   0.0000000E+00   0.0000000E+00   0.0000000E+00   0.0000000E+00
   1.8929580E-02   2.0871013E+06   2.0871013E+06   3.2686307E+03   3.5292528E+01   2.7187456E+03   2.0773137E+06   2.0871013E+06   0.0000000E+00   0.0000000E+00   0.0000000E+00   0.0000000E+00   0.0000000E+00
   2.0341874E-02   1.9908576E+06   1.9908576E+06   2.6788635E+03   2.9368333E+01   2.4586066E+03   1.9814730E+06   1.9908576E+06   0.0000000E+00   0.0000000E+00   0.0000000E+00   0.0000000E+00   0.0000000E+00
   2.1859528E-02   1.8918292E+06   1.8918292E+06   2.1722836E+03   2.4372266E+01   2.1693872E+03   1.8828699E+06   1.8918292E+06   0.0000000E+00   0.0000000E+00   0.0000000E+00   0.0000000E+00   0.0000000E+00
   2.3490374E-02   1.7905191E+06   1.7905191E+06   1.7844682E+03   2.0126941E+01   1.8949053E+03   1.7820047E+06   1.7905191E+06   0.0000000E+00   0.0000000E+00   0.0000000E+00   0.0000000E+00   0.0000000E+00
   2.5242726E-02   1.6876112E+06   1.6876112E+06   1.4746736E+03   1.6551874E+01   1.6292763E+03   1.6795556E+06   1.6876112E+06   0.0000000E+00   0.0000000E+00   0.0000000E+00   0.0000000E+00   0.0000000E+00
   2.7125181E-02   1.5840042E+06   1.5840042E+06   1.1760438E+03   1.3558139E+01   1.3806172E+03   1.5764175E+06   1.5840042E+06   0.0000000E+00   0.0000000E+00   0.0000000E+00   0.0000000E+00   0.0000000E+00
   2.9145982E-02   1.4808508E+06   1.4808508E+06   8.8556735E+02   1.1052438E+01   1.2138410E+03   1.4737367E+06   1.4808508E+06   0.0000000E+00   0.0000000E+00   0.0000000E+00   0.0000000E+00   0.0000000E+00
   3.1311486E-02   1.3795996E+06   1.3795996E+06   7.4955016E+02   8.9729541E+00   1.0975357E+03   1.3729541E+06   1.3795996E+06   0.0000000E+00   0.0000000E+00   0.0000000E+00   0.0000000E+00   0.0000000E+00
   3.3623206E-02   1.2820184E+06   1.2820184E+06   6.0162175E+02   7.2742606E+00   9.0773705E+02   1.2758280E+06   1.2820184E+06   0.0000000E+00   0.0000000E+00   0.0000000E+00   0.0000000E+00   0.0000000E+00
   3.6073404E-02   1.1901404E+06   1.1901404E+06   4.8744013E+02   5.8885525E+00   8.3655224E+02   1.1843813E+06   1.1901404E+06   0.0000000E+00   0.0000000E+00   0.0000000E+00   0.0000000E+00   0.0000000E+00
   3.8640900E-02   1.1060390E+06   1.1060390E+06   3.7640735E+02   4.7865037E+00   7.0157519E+02   1.1006769E+06   1.1060390E+06   0.0000000E+00   0.0000000E+00   0.0000000E+00   0.0000000E+00   0.0000000E+00
   4.1290952E-02   1.0313932E+06   1.0313932E+06   3.3684863E+02   3.9147655E+00   6.2855775E+02   1.0263850E+06   1.0313932E+06   0.0000000E+00   0.0000000E+00   0.0000000E+00   0.0000000E+00   0.0000000E+00
   4.3982317E-02   9.6700193E+05   9.6700193E+05   2.5824263E+02   3.2333996E+00   5.8145217E+02   9.6229980E+05   9.6700193E+05   0.0000000E+00   0.0000000E+00   0.0000000E+00   0.0000000E+00   0.0000000E+00
   4.6678733E-02   9.1256954E+05   9.1256954E+05   2.1368300E+02   2.7064552E+00   5.0124141E+02   9.0812688E+05   9.1256954E+05   0.0000000E+00   0.0000000E+00   0.0000000E+00   0.0000000E+00   0.0000000E+00
   4.9357184E-02   8.6691193E+05   8.6691193E+05   1.9747174E+02   2.2936517E+00   4.6704145E+02   8.6268732E+05   8.6691193E+05   0.0000000E+00   0.0000000E+00   0.0000000E+00   0.0000000E+00   0.0000000E+00
   5.2008892E-02   8.2838817E+05   8.2838817E+05   1.5733688E+02   1.9672786E+00   4.4246795E+02   8.2434784E+05   8.2838817E+05   0.0000000E+00   0.0000000E+00   0.0000000E+00   0.0000000E+00   0.0000000E+00
   5.4635463E-02   7.9528046E+05   7.9528046E+05   1.3882589E+02   1.7064663E+00   3.9579451E+02   7.9139874E+05   7.9528046E+05   0.0000000E+00   0.0000000E+00   0.0000000E+00   0.0000000E+00   0.0000000E+00
   5.7244289E-02   7.6601200E+05   7.6601200E+05   1.2802809E+02   1.4922886E+00   3.8183324E+02   7.6227072E+05   7.6601200E+05   0.0000000E+00   0.0000000E+00   0.0000000E+00   0.0000000E+00   0.0000000E+00
   5.9845213E-02   7.3923421E+05   7.3923421E+05   1.0433244E+02   1.3140693E+00   3.5955748E+02   7.3562166E+05   7.3923421E+05   0.0000000E+00   0.0000000E+00   0.0000000E+00   0.0000000E+00   0.0000000E+00
   6.2448624E-02   7.1384592E+05   7.1384592E+05   9.8604199E+01   1.1632379E+00   3.3086826E+02   7.1035568E+05   7.1384592E+05   0.0000000E+00   0.0000000E+00   0.0000000E+00   0.0000000E+00   0.0000000E+00
   6.5064550E-02   6.8898726E+05   6.8898726E+05   8.7049560E+01   1.0327349E+00   3.2516658E+02   6.8561702E+05   6.8898726E+05   0.0000000E+00   0.0000000E+00   0.0000000E+00   0.0000000E+00   0.0000000E+00
   6.7702309E-02   6.6402820E+05   6.6402820E+05   7.2738469E+01   9.1919906E-01   2.9890981E+02   6.6077870E+05   6.6402820E+05   0.0000000E+00   0.0000000E+00   0.0000000E+00   0.0000000E+00   0.0000000E+00
   7.0370443E-02   6.3855796E+05   6.3855796E+05   7.1353449E+01   8.1878502E-01   2.8187693E+02   6.3543194E+05   6.3855796E+05   0.0000000E+00   0.0000000E+00   0.0000000E+00   0.0000000E+00   0.0000000E+00
   7.3076768E-02   6.1237533E+05   6.1237533E+05   6.0280978E+01   7.2914542E-01   2.7532992E+02   6.0937647E+05   6.1237533E+05   0.0000000E+00   0.0000000E+00   0.0000000E+00   0.0000000E+00   0.0000000E+00
   7.5828471E-02   5.8547737E+05   5.8547737E+05   5.0814275E+01   6.4920128E-01   2.5165853E+02   5.8260933E+05   5.8547737E+05   0.0000000E+00   0.0000000E+00   0.0000000E+00   0.0000000E+00   0.0000000E+00
   7.8632225E-02   5.5804332E+05   5.5804332E+05   4.8888653E+01   5.7743930E-01   2.3352430E+02   5.5530888E+05   5.5804332E+05   0.0000000E+00   0.0000000E+00   0.0000000E+00   0.0000000E+00   0.0000000E+00
   8.1494281E-02   5.3041084E+05   5.3041084E+05   4.4192087E+01   5.1287213E-01   2.2552730E+02   5.2781112E+05   5.3041084E+05   0.0000000E+00   0.0000000E+00   0.0000000E+00   0.0000000E+00   0.0000000E+00
   8.4420563E-02   5.0304238E+05   5.0304238E+05   3.7329447E+01   4.5523136E-01   2.1336333E+02   5.0057620E+05   5.0304238E+05   0.0000000E+00   0.0000000E+00   0.0000000E+00   0.0000000E+00   0.0000000E+00
   8.7416741E-02   4.7648062E+05   4.7648062E+05   3.1900828E+01   4.0384593E-01   1.9891162E+02   4.7414412E+05   4.7648062E+05   0.0000000E+00   0.0000000E+00   0.0000000E+00   0.0000000E+00   0.0000000E+00
   9.0488291E-02   4.5129360E+05   4.5129360E+05   2.7980058E+01   3.5833514E-01   1.8503628E+02   4.4908014E+05   4.5129360E+05   0.0000000E+00   0.0000000E+00   0.0000000E+00   0.0000000E+00   0.0000000E+00
   9.3640550E-02   4.2801199E+05   4.2801199E+05   2.4801536E+01   3.1826732E-01   1.7377791E+02   4.2591231E+05   4.2801199E+05   0.0000000E+00   0.0000000E+00   0.0000000E+00   0.0000000E+00   0.0000000E+00
   9.6878757E-02   4.0706311E+05   4.0706311E+05   2.2129684E+01   2.8329124E-01   1.6402174E+02   4.0506582E+05   4.0706311E+05   0.0000000E+00   0.0000000E+00   0.0000000E+00   0.0000000E+00   0.0000000E+00
   1.0020809E-01   3.8870862E+05   3.8870862E+05   2.0063978E+01   2.5286447E-01   1.5589697E+02   3.8680106E+05   3.8870862E+05   0.0000000E+00   0.0000000E+00   0.0000000E+00   0.0000000E+00   0.0000000E+00
   1.0363368E-01   3.7299422E+05   3.7299422E+05   1.8652078E+01   2.2653546E-01   1.4846529E+02   3.7116349E+05   3.7299422E+05   0.0000000E+00   0.0000000E+00   0.0000000E+00   0.0000000E+00   0.0000000E+00
   1.0716066E-01   3.5972095E+05   3.5972095E+05   1.7294039E+01   2.0374878E-01   1.4012340E+02   3.5795509E+05   3.5972095E+05   0.0000000E+00   0.0000000E+00   0.0000000E+00   0.0000000E+00   0.0000000E+00
   1.1079415E-01   3.4844686E+05   3.4844686E+05   1.4960433E+01   1.8391486E-01   1.3277680E+02   3.4673610E+05   3.4844686E+05   0.0000000E+00   0.0000000E+00   0.0000000E+00   0.0000000E+00   0.0000000E+00
   1.1453932E-01   3.3852537E+05   3.3852537E+05   1.3044928E+01   1.6642846E-01   1.3061030E+02   3.3686311E+05   3.3852537E+05   0.0000000E+00   0.0000000E+00   0.0000000E+00   0.0000000E+00   0.0000000E+00
   1.1840133E-01   3.2918216E+05   3.2918216E+05   1.2859448E+01   1.5083077E-01   1.2570906E+02   3.2756558E+05   3.2918216E+05   0.0000000E+00   0.0000000E+00   0.0000000E+00   0.0000000E+00   0.0000000E+00
   1.2238542E-01   3.1962506E+05   3.1962506E+05   1.0829904E+01   1.3663063E-01   1.2055695E+02   3.1805523E+05   3.1962506E+05   0.0000000E+00   0.0000000E+00   0.0000000E+00   0.0000000E+00   0.0000000E+00
   1.2649685E-01   3.0917388E+05   3.0917388E+05   1.0565260E+01   1.2350153E-01   1.1641922E+02   3.0765520E+05   3.0917388E+05   0.0000000E+00   0.0000000E+00   0.0000000E+00   0.0000000E+00   0.0000000E+00
   1.3074095E-01   2.9738843E+05   2.9738843E+05   8.9155286E+00   1.1121886E-01   1.1217134E+02   2.9592749E+05   2.9738843E+05   0.0000000E+00   0.0000000E+00   0.0000000E+00   0.0000000E+00   0.0000000E+00
   1.3512310E-01   2.8416760E+05   2.8416760E+05   8.0165160E+00   9.9703100E-02   1.0487043E+02   2.8277148E+05   2.8416760E+05   0.0000000E+00   0.0000000E+00   0.0000000E+00   0.0000000E+00   0.0000000E+00
   1.3964875E-01   2.6979138E+05   2.6979138E+05   7.4530931E+00   8.8943864E-02   9.8993627E+01   2.6846576E+05   2.6979138E+05   0.0000000E+00   0.0000000E+00   0.0000000E+00   0.0000000E+00   0.0000000E+00
   1.4432342E-01   2.5488389E+05   2.5488389E+05   6.6678838E+00   7.9026669E-02   9.3622938E+01   2.5363142E+05   2.5488389E+05   0.0000000E+00   0.0000000E+00   0.0000000E+00   0.0000000E+00   0.0000000E+00
   1.4915271E-01   2.4029070E+05   2.4029070E+05   5.8500993E+00   7.0074419E-02   8.7745891E+01   2.3910984E+05   2.4029070E+05   0.0000000E+00   0.0000000E+00   0.0000000E+00   0.0000000E+00   0.0000000E+00
   1.5414228E-01   2.2688492E+05   2.2688492E+05   5.0547556E+00   6.2163967E-02   8.2314152E+01   2.2576985E+05   2.2688492E+05   0.0000000E+00   0.0000000E+00   0.0000000E+00   0.0000000E+00   0.0000000E+00
   1.5929791E-01   2.1534191E+05   2.1534191E+05   4.3466180E+00   5.5320293E-02   7.8126233E+01   2.1428350E+05   2.1534191E+05   0.0000000E+00   0.0000000E+00   0.0000000E+00   0.0000000E+00   0.0000000E+00
   1.6462545E-01   2.0594187E+05   2.0594187E+05   4.0305834E+00   4.9475276E-02   7.5096410E+01   2.0492960E+05   2.0594187E+05   0.0000000E+00   0.0000000E+00   0.0000000E+00   0.0000000E+00   0.0000000E+00
   1.7013088E-01   1.9846620E+05   1.9846620E+05   3.6408793E+00   4.4495646E-02   7.1224983E+01   1.9749061E+05   1.9846620E+05   0.0000000E+00   0.0000000E+00   0.0000000E+00   0.0000000E+00   0.0000000E+00
   1.7582029E-01   1.9223783E+05   1.9223783E+05   3.2607726E+00   4.0175841E-02   6.9616260E+01   1.9129280E+05   1.9223783E+05   0.0000000E+00   0.0000000E+00   0.0000000E+00   0.0000000E+00   0.0000000E+00
   1.8169992E-01   1.8631673E+05   1.8631673E+05   2.9117880E+00   3.6319683E-02   6.6543791E+01   1.8540076E+05   1.8631673E+05   0.0000000E+00   0.0000000E+00   0.0000000E+00   0.0000000E+00   0.0000000E+00
   1.8777616E-01   1.7980589E+05   1.7980589E+05   2.7252212E+00   3.2745654E-02   6.4066331E+01   1.7892188E+05   1.7980589E+05   0.0000000E+00   0.0000000E+00   0.0000000E+00   0.0000000E+00   0.0000000E+00
   1.9405559E-01   1.7216950E+05   1.7216950E+05   2.4636030E+00   2.9368427E-02   6.1305459E+01   1.7132299E+05   1.7216950E+05   0.0000000E+00   0.0000000E+00   0.0000000E+00   0.0000000E+00   0.0000000E+00
   2.0054502E-01   1.6343823E+05   1.6343823E+05   2.1851148E+00   2.6173295E-02   5.7930311E+01   1.6263461E+05   1.6343823E+05   0.0000000E+00   0.0000000E+00   0.0000000E+00   0.0000000E+00   0.0000000E+00
   2.0725149E-01   1.5419917E+05   1.5419917E+05   1.8842133E+00   2.3209664E-02   5.4470403E+01   1.5344094E+05   1.5419917E+05   0.0000000E+00   0.0000000E+00   0.0000000E+00   0.0000000E+00   0.0000000E+00
   2.1418235E-01   1.4534581E+05   1.4534581E+05   1.6442025E+00   2.0554419E-02   5.1524762E+01   1.4463109E+05   1.4534581E+05   0.0000000E+00   0.0000000E+00   0.0000000E+00   0.0000000E+00   0.0000000E+00
   2.2134527E-01   1.3767399E+05   1.3767399E+05   1.4971491E+00   1.8256373E-02   4.8528203E+01   1.3699697E+05   1.3767399E+05   0.0000000E+00   0.0000000E+00   0.0000000E+00   0.0000000E+00   0.0000000E+00
   2.2874832E-01   1.3150358E+05   1.3150358E+05   1.3200092E+00   1.6308031E-02   4.6461065E+01   1.3085688E+05   1.3150358E+05   0.0000000E+00   0.0000000E+00   0.0000000E+00   0.0000000E+00   0.0000000E+00
   2.3640003E-01   1.2652406E+05   1.2652406E+05   1.1703826E+00   1.4647310E-02   4.4450873E+01   1.2590182E+05   1.2652406E+05   0.0000000E+00   0.0000000E+00   0.0000000E+00   0.0000000E+00   0.0000000E+00
   2.4430945E-01   1.2197015E+05   1.2197015E+05   1.0621999E+00   1.3180968E-02   4.2701095E+01   1.2137029E+05   1.2197015E+05   0.0000000E+00   0.0000000E+00   0.0000000E+00   0.0000000E+00   0.0000000E+00
   2.5248624E-01   1.1705745E+05   1.1705745E+05   9.5228775E-01   1.1827728E-02   4.0986567E+01   1.1648173E+05   1.1705745E+05   0.0000000E+00   0.0000000E+00   0.0000000E+00   0.0000000E+00   0.0000000E+00
   2.6094076E-01   1.1143670E+05   1.1143670E+05   8.5882232E-01   1.0552916E-02   3.9052895E+01   1.1088861E+05   1.1143670E+05   0.0000000E+00   0.0000000E+00   0.0000000E+00   0.0000000E+00   0.0000000E+00
   2.6968420E-01   1.0538009E+05   1.0538009E+05   7.6607510E-01   9.3667815E-03   3.6713921E+01   1.0486178E+05   1.0538009E+05   0.0000000E+00   0.0000000E+00   0.0000000E+00   0.0000000E+00   0.0000000E+00
   2.7872866E-01   9.9558050E+04   9.9558050E+04   6.7824732E-01   8.3028493E-03   3.4733534E+01   9.9068363E+04   9.9558050E+04   0.0000000E+00   0.0000000E+00   0.0000000E+00   0.0000000E+00   0.0000000E+00
   2.8808733E-01   9.4541927E+04   9.4541927E+04   5.9836700E-01   7.3830001E-03   3.2948397E+01   9.4076902E+04   9.4541927E+04   0.0000000E+00   0.0000000E+00   0.0000000E+00   0.0000000E+00   0.0000000E+00
   2.9777465E-01   9.0389579E+04   9.0389579E+04   5.3581911E-01   6.5964026E-03   3.1459409E+01   8.9944968E+04   9.0389579E+04   0.0000000E+00   0.0000000E+00   0.0000000E+00   0.0000000E+00   0.0000000E+00
   3.0780649E-01   8.6641053E+04   8.6641053E+04   4.8508592E-01   5.9058156E-03   3.0092192E+01   8.6214872E+04   8.6641053E+04   0.0000000E+00   0.0000000E+00   0.0000000E+00   0.0000000E+00   0.0000000E+00
   3.1820039E-01   8.2737803E+04   8.2737803E+04   4.2686406E-01   5.2739809E-03   2.8681586E+01   8.2330814E+04   8.2737803E+04   0.0000000E+00   0.0000000E+00   0.0000000E+00   0.0000000E+00   0.0000000E+00
   3.2897583E-01   7.8506324E+04   7.8506324E+04   3.8315184E-01   4.6869526E-03   2.7169611E+01   7.8120143E+04   7.8506324E+04   0.0000000E+00   0.0000000E+00   0.0000000E+00   0.0000000E+00   0.0000000E+00
   3.4015454E-01   7.4261585E+04   7.4261585E+04   3.3853945E-01   4.1530220E-03   2.5684599E+01   7.3896278E+04   7.4261585E+04   0.0000000E+00   0.0000000E+00   0.0000000E+00   0.0000000E+00   0.0000000E+00
   3.5176089E-01   7.0431977E+04   7.0431977E+04   2.9815309E-01   3.6848389E-03   2.4335733E+01   7.0085503E+04   7.0431977E+04   0.0000000E+00   0.0000000E+00   0.0000000E+00   0.0000000E+00   0.0000000E+00
   3.6382234E-01   6.7098967E+04   6.7098967E+04   2.6771257E-01   3.2783016E-03   2.3172362E+01   6.6768884E+04   6.7098967E+04   0.0000000E+00   0.0000000E+00   0.0000000E+00   0.0000000E+00   0.0000000E+00
   3.7636999E-01   6.3954318E+04   6.3954318E+04   2.3720753E-01   2.9171028E-03   2.2078333E+01   6.3639700E+04   6.3954318E+04   0.0000000E+00   0.0000000E+00   0.0000000E+00   0.0000000E+00   0.0000000E+00
   3.8943928E-01   6.0708342E+04   6.0708342E+04   2.1104802E-01   2.5870978E-03   2.0912489E+01   6.0409687E+04   6.0708342E+04   0.0000000E+00   0.0000000E+00   0.0000000E+00   0.0000000E+00   0.0000000E+00
   4.0307080E-01   5.7428757E+04   5.7428757E+04   1.8559727E-01   2.2863329E-03   1.9771513E+01   5.7146233E+04   5.7428757E+04   0.0000000E+00   0.0000000E+00   0.0000000E+00   0.0000000E+00   0.0000000E+00
   4.1731136E-01   5.4375678E+04   5.4375678E+04   1.6411823E-01   2.0199848E-03   1.8704245E+01   5.4108171E+04   5.4375678E+04   0.0000000E+00   0.0000000E+00   0.0000000E+00   0.0000000E+00   0.0000000E+00
   4.3221525E-01   5.1596806E+04   5.1596806E+04   1.4500468E-01   1.7858406E-03   1.7753539E+01   5.1342967E+04   5.1596806E+04   0.0000000E+00   0.0000000E+00   0.0000000E+00   0.0000000E+00   0.0000000E+00
   4.4784589E-01   4.8895278E+04   4.8895278E+04   1.2816882E-01   1.5759081E-03   1.6817940E+01   4.8654727E+04   4.8895278E+04   0.0000000E+00   0.0000000E+00   0.0000000E+00   0.0000000E+00   0.0000000E+00
   4.6427790E-01   4.6181804E+04   4.6181804E+04   1.1260133E-01   1.3853038E-03   1.5872207E+01   4.5954600E+04   4.6181804E+04   0.0000000E+00   0.0000000E+00   0.0000000E+00   0.0000000E+00   0.0000000E+00
   4.8159974E-01   4.3582414E+04   4.3582414E+04   9.8750307E-02   1.2152091E-03   1.4964379E+01   4.3367997E+04   4.3582414E+04   0.0000000E+00   0.0000000E+00   0.0000000E+00   0.0000000E+00   0.0000000E+00
   4.9991710E-01   4.1145779E+04   4.1145779E+04   8.6622297E-02   1.0645757E-03   1.4120090E+01   4.0943348E+04   4.1145779E+04   0.0000000E+00   0.0000000E+00   0.0000000E+00   0.0000000E+00   0.0000000E+00
   5.1935724E-01   3.8763881E+04   3.8763881E+04   7.5633089E-02   9.2917652E-04   1.3292688E+01   3.8573167E+04   3.8763881E+04   0.0000000E+00   0.0000000E+00   0.0000000E+00   0.0000000E+00   0.0000000E+00
   5.4007465E-01   3.6424675E+04   3.6424675E+04   6.5712377E-02   8.0758814E-04   1.2495309E+01   3.6245468E+04   3.6424675E+04   0.0000000E+00   0.0000000E+00   0.0000000E+00   0.0000000E+00   0.0000000E+00
   5.6225829E-01   3.4188052E+04   3.4188052E+04   5.6876918E-02   6.9932893E-04   1.1710654E+01   3.4019848E+04   3.4188052E+04   0.0000000E+00   0.0000000E+00   0.0000000E+00   0.0000000E+00   0.0000000E+00
   5.8614079E-01   3.2010138E+04   3.2010138E+04   4.9001088E-02   6.0252963E-04   1.0951654E+01   3.1852647E+04   3.2010138E+04   0.0000000E+00   0.0000000E+00   0.0000000E+00   0.0000000E+00   0.0000000E+00
   6.1200989E-01   2.9876851E+04   2.9876851E+04   4.1956411E-02   5.1581767E-04   1.0227673E+01   2.9729855E+04   2.9876851E+04   0.0000000E+00   0.0000000E+00   0.0000000E+00   0.0000000E+00   0.0000000E+00
   6.4022207E-01   2.7807021E+04   2.7807021E+04   3.5679205E-02   4.3864572E-04   9.5251638E+00   2.7670208E+04   2.7807021E+04   0.0000000E+00   0.0000000E+00   0.0000000E+00   0.0000000E+00   0.0000000E+00
   6.7121702E-01   2.5775571E+04   2.5775571E+04   3.0091154E-02   3.6996363E-04   8.8205138E+00   2.5648752E+04   2.5775571E+04   0.0000000E+00   0.0000000E+00   0.0000000E+00   0.0000000E+00   0.0000000E+00
   7.0552984E-01   2.3790686E+04   2.3790686E+04   2.5137862E-02   3.0903455E-04   8.1388386E+00   2.3673633E+04   2.3790686E+04   0.0000000E+00   0.0000000E+00   0.0000000E+00   0.0000000E+00   0.0000000E+00
   7.4379329E-01   2.1845675E+04   2.1845675E+04   2.0768915E-02   2.5535319E-04   7.4670640E+00   2.1738191E+04   2.1845675E+04   0.0000000E+00   0.0000000E+00   0.0000000E+00   0.0000000E+00   0.0000000E+00
   7.8671687E-01   1.9947245E+04   1.9947245E+04   1.6950683E-02   2.0841036E-04   6.8172092E+00   1.9849101E+04   1.9947245E+04   0.0000000E+00   0.0000000E+00   0.0000000E+00   0.0000000E+00   0.0000000E+00
   8.3502636E-01   1.8103640E+04   1.8103640E+04   1.3655189E-02   1.6789526E-04   6.1840497E+00   1.8014566E+04   1.8103640E+04   0.0000000E+00   0.0000000E+00   0.0000000E+00   0.0000000E+00   0.0000000E+00
   8.8935775E-01   1.6331707E+04   1.6331707E+04   1.0859374E-02   1.3352668E-04   5.5742743E+00   1.6251351E+04   1.6331707E+04   0.0000000E+00   0.0000000E+00   0.0000000E+00   0.0000000E+00   0.0000000E+00
   9.5013726E-01   1.4653059E+04   1.4653059E+04   8.5364118E-03   1.0495818E-04   5.0030715E+00   1.4580962E+04   1.4653059E+04   0.0000000E+00   0.0000000E+00   0.0000000E+00   0.0000000E+00   0.0000000E+00
   1.0175249E+00   1.3088782E+04   1.3088782E+04   6.6484963E-03   8.1750104E-05   4.4667180E+00   1.3024382E+04   1.3088782E+04   0.0000000E+00   0.0000000E+00   0.0000000E+00   0.0000000E+00   0.0000000E+00
   1.0914861E+00   1.1654069E+04   1.1654069E+04   5.1445822E-03   6.3256860E-05   3.9768361E+00   1.1596727E+04   1.1654069E+04   0.0000000E+00   0.0000000E+00   0.0000000E+00   0.0000000E+00   0.0000000E+00
   1.1719530E+00   1.0355123E+04   1.0355123E+04   3.9649627E-03   4.8754612E-05   3.5340867E+00   1.0304173E+04   1.0355123E+04   0.0000000E+00   0.0000000E+00   0.0000000E+00   0.0000000E+00   0.0000000E+00
   1.2589670E+00   9.1891444E+03   9.1891444E+03   3.0489218E-03   3.7492829E-05   3.1322261E+00   9.1439306E+03   9.1891444E+03   0.0000000E+00   0.0000000E+00   0.0000000E+00   0.0000000E+00   0.0000000E+00
   1.3527323E+00   8.1476619E+03   8.1476619E+03   2.3415564E-03   2.8793179E-05   2.7799056E+00   8.1075725E+03   8.1476619E+03   0.0000000E+00   0.0000000E+00   0.0000000E+00   0.0000000E+00   0.0000000E+00
   1.4536012E+00   7.2200206E+03   7.2200206E+03   1.7969637E-03   2.2096932E-05   2.4622814E+00   7.1844955E+03   7.2200206E+03   0.0000000E+00   0.0000000E+00   0.0000000E+00   0.0000000E+00   0.0000000E+00
   1.5620347E+00   6.3948490E+03   6.3948490E+03   1.3782777E-03   1.6948870E-05   2.1799769E+00   6.3633839E+03   6.3948490E+03   0.0000000E+00   0.0000000E+00   0.0000000E+00   0.0000000E+00   0.0000000E+00
   1.6785704E+00   5.6615329E+03   5.6615329E+03   1.0566711E-03   1.2994412E-05   1.9297555E+00   5.6336760E+03   5.6615329E+03   0.0000000E+00   0.0000000E+00   0.0000000E+00   0.0000000E+00   0.0000000E+00
   1.8038040E+00   5.0102070E+03   5.0102070E+03   8.0957358E-04   9.9578146E-06   1.7077011E+00   4.9855548E+03   5.0102070E+03   0.0000000E+00   0.0000000E+00   0.0000000E+00   0.0000000E+00   0.0000000E+00
   1.9383817E+00   4.4320574E+03   4.4320574E+03   6.2054011E-04   7.6280083E-06   1.5110806E+00   4.4102498E+03   4.4320574E+03   0.0000000E+00   0.0000000E+00   0.0000000E+00   0.0000000E+00   0.0000000E+00
   2.0830001E+00   3.9190950E+03   3.9190950E+03   4.7505765E-04   5.8410722E-06   1.3359283E+00   3.8998115E+03   3.9190950E+03   0.0000000E+00   0.0000000E+00   0.0000000E+00   0.0000000E+00   0.0000000E+00
   2.2384082E+00   3.4642073E+03   3.4642073E+03   3.6360862E-04   4.4710793E-06   1.1810045E+00   3.4471619E+03   3.4642073E+03   0.0000000E+00   0.0000000E+00   0.0000000E+00   0.0000000E+00   0.0000000E+00
   2.4054110E+00   3.0610058E+03   3.0610058E+03   2.7821421E-04   3.4211331E-06   1.0438609E+00   3.0459443E+03   3.0610058E+03   0.0000000E+00   0.0000000E+00   0.0000000E+00   0.0000000E+00   0.0000000E+00
   2.5848735E+00   2.7037770E+03   2.7037770E+03   2.1280273E-04   2.6169712E-06   9.2146040E-01   2.6904733E+03   2.7037770E+03   0.0000000E+00   0.0000000E+00   0.0000000E+00   0.0000000E+00   0.0000000E+00
   2.7777253E+00   2.3874202E+03   2.3874202E+03   1.6271553E-04   2.0010712E-06   8.1358352E-01   2.3756731E+03   2.3874202E+03   0.0000000E+00   0.0000000E+00   0.0000000E+00   0.0000000E+00   0.0000000E+00
   2.9849653E+00   2.1073785E+03   2.1073785E+03   1.2437643E-04   1.5296197E-06   7.1812918E-01   2.0970093E+03   2.1073785E+03   0.0000000E+00   0.0000000E+00   0.0000000E+00   0.0000000E+00   0.0000000E+00
   3.2076671E+00   1.8595851E+03   1.8595851E+03   9.5040307E-05   1.1688499E-06   6.3394186E-01   1.8504351E+03   1.8595851E+03   0.0000000E+00   0.0000000E+00   0.0000000E+00   0.0000000E+00   0.0000000E+00
   3.4469842E+00   1.6404137E+03   1.6404137E+03   7.2600778E-05   8.9293182E-07   5.5895926E-01   1.6323422E+03   1.6404137E+03   0.0000000E+00   0.0000000E+00   0.0000000E+00   0.0000000E+00   0.0000000E+00
   3.7041562E+00   1.4466334E+03   1.4466334E+03   5.5518582E-05   6.8191575E-07   4.9308314E-01   1.4395153E+03   1.4466334E+03   0.0000000E+00   0.0000000E+00   0.0000000E+00   0.0000000E+00   0.0000000E+00
   3.9805153E+00   1.2753665E+03   1.2753665E+03   4.2332356E-05   5.2064426E-07   4.3445494E-01   1.2690911E+03   1.2753665E+03   0.0000000E+00   0.0000000E+00   0.0000000E+00   0.0000000E+00   0.0000000E+00
   4.2774929E+00   1.1240524E+03   1.1240524E+03   3.2306852E-05   3.9737802E-07   3.8297050E-01   1.1185216E+03   1.1240524E+03   0.0000000E+00   0.0000000E+00   0.0000000E+00   0.0000000E+00   0.0000000E+00
   4.5966273E+00   9.9041370E+02   9.9041370E+02   2.4649744E-05   3.0321606E-07   3.3747520E-01   9.8554044E+02   9.9041370E+02   0.0000000E+00   0.0000000E+00   0.0000000E+00   0.0000000E+00   0.0000000E+00
   4.9395717E+00   8.7242589E+02   8.7242589E+02   1.8802599E-05   2.3130553E-07   2.9728717E-01   8.6813317E+02   8.7242589E+02   0.0000000E+00   0.0000000E+00   0.0000000E+00   0.0000000E+00   0.0000000E+00
   5.3081024E+00   7.6829053E+02   7.6829053E+02   1.4338827E-05   1.7640906E-07   2.6170689E-01   7.6451021E+02   7.6829053E+02   0.0000000E+00   0.0000000E+00   0.0000000E+00   0.0000000E+00   0.0000000E+00
   5.7041284E+00   6.7641082E+02   6.7641082E+02   1.0935245E-05   1.3450174E-07   2.3046680E-01   6.7308258E+02   6.7641082E+02   0.0000000E+00   0.0000000E+00   0.0000000E+00   0.0000000E+00   0.0000000E+00
   6.1297010E+00   5.9536966E+02   5.9536966E+02   8.3328418E-06   1.0252838E-07   2.0289215E-01   5.9244018E+02   5.9536966E+02   0.0000000E+00   0.0000000E+00   0.0000000E+00   0.0000000E+00   0.0000000E+00
   6.5870247E+00   5.2391012E+02   5.2391012E+02   6.3496319E-06   7.8137962E-08   1.7848647E-01   5.2133225E+02   5.2391012E+02   0.0000000E+00   0.0000000E+00   0.0000000E+00   0.0000000E+00   0.0000000E+00
   7.0784683E+00   4.6091789E+02   4.6091789E+02   4.8373861E-06   5.9536101E-08   1.5706339E-01   4.5864997E+02   4.6091789E+02   0.0000000E+00   0.0000000E+00   0.0000000E+00   0.0000000E+00   0.0000000E+00
   7.6065775E+00   4.0540554E+02   4.0540554E+02   3.6852908E-06   4.5353108E-08   1.3812117E-01   4.0341077E+02   4.0540554E+02   0.0000000E+00   0.0000000E+00   0.0000000E+00   0.0000000E+00   0.0000000E+00
   8.1740877E+00   3.5649847E+02   3.5649847E+02   2.8057962E-06   3.4541505E-08   1.2147928E-01   3.5474434E+02   3.5649847E+02   0.0000000E+00   0.0000000E+00   0.0000000E+00   0.0000000E+00   0.0000000E+00
