#           k/h    CDM            baryon         photon         nu             mass_nu        total          no_nu          total_de       Weyl           v_CDM          v_b            v_b-v_c     
   1.1330355E-05   1.1973131E+07   1.1973131E+07   1.5958881E+07   7.9463765E+03   6.1353319E+06   1.1973160E+07   1.1973131E+07   0.0000000E+00   0.0000000E+00   0.0000000E+00   0.0000000E+00   0.0000000E+00
   1.2175688E-05   1.1973129E+07   1.1973129E+07   1.5958059E+07   7.9461134E+03   6.1352635E+06   1.1973157E+07   1.1973129E+07   0.0000000E+00   0.0000000E+00   0.0000000E+00   0.0000000E+00   0.0000000E+00
   1.3084090E-05   1.1973126E+07   1.1973126E+07   1.5957110E+07   7.9458095E+03   6.1351846E+06   1.1973155E+07   1.1973126E+07   0.0000000E+00   0.0000000E+00   0.0000000E+00   0.0000000E+00   0.0000000E+00
   1.4060265E-05   1.1973124E+07   1.1973124E+07   1.5956014E+07   7.9454586E+03   6.1350934E+06   1.1973152E+07   1.1973124E+07   0.0000000E+00   0.0000000E+00   0.0000000E+00   0.0000000E+00   0.0000000E+00
   1.5109271E-05   1.1973121E+07   1.1973121E+07   1.5954748E+07   7.9450534E+03   6.1349882E+06   1.1973149E+07   1.1973121E+07   0.0000000E+00   0.0000000E+00   0.0000000E+00   0.0000000E+00   0.0000000E+00
   1.6236541E-05   1.1973117E+07   1.1973117E+07   1.5953287E+07   7.9445855E+03   6.1348667E+06   1.1973145E+07   1.1973117E+07   0.0000000E+00   0.0000000E+00   0.0000000E+00   0.0000000E+00   0.0000000E+00
   1.7447914E-05   1.1973113E+07   1.1973113E+07   1.5951600E+07   7.9440452E+03   6.1347264E+06   1.1973141E+07   1.1973113E+07   0.0000000E+00   0.0000000E+00   0.0000000E+00   0.0000000E+00   0.0000000E+00
   1.8749665E-05   1.1973108E+07   1.1973108E+07   1.5949652E+07   7.9434213E+03   6.1345644E+06   1.1973136E+07   1.1973108E+07   0.0000000E+00   0.0000000E+00   0.0000000E+00   0.0000000E+00   0.0000000E+00
   2.0148536E-05   1.1973103E+07   1.1973103E+07   1.5947403E+07   7.9427010E+03   6.1343773E+06   1.1973130E+07   1.1973103E+07   0.0000000E+00   0.0000000E+00   0.0000000E+00   0.0000000E+00   0.0000000E+00
   2.1651775E-05   1.1973097E+07   1.1973097E+07   1.5944806E+07   7.9418692E+03   6.1341614E+06   1.1973124E+07   1.1973097E+07   0.0000000E+00   0.0000000E+00   0.0000000E+00   0.0000000E+00   0.0000000E+00
   2.3267167E-05   1.1973089E+07   1.1973089E+07   1.5941807E+07   7.9409089E+03   6.1339121E+06   1.1973116E+07   1.1973089E+07   0.0000000E+00   0.0000000E+00   0.0000000E+00   0.0000000E+00   0.0000000E+00
   2.5003080E-05   1.1973081E+07   1.1973081E+07   1.5938345E+07   7.9398000E+03   6.1336243E+06   1.1973107E+07   1.1973081E+07   0.0000000E+00   0.0000000E+00   0.0000000E+00   0.0000000E+00   0.0000000E+00
   2.6868505E-05   1.1973071E+07   1.1973071E+07   1.5934348E+07   7.9385198E+03   6.1332921E+06   1.1973097E+07   1.1973071E+07   0.0000000E+00   0.0000000E+00   0.0000000E+00   0.0000000E+00   0.0000000E+00
   2.8873106E-05   1.1973060E+07   1.1973060E+07   1.5929733E+07   7.9370417E+03   6.1329086E+06   1.1973085E+07   1.1973060E+07   0.0000000E+00   0.0000000E+00   0.0000000E+00   0.0000000E+00   0.0000000E+00
   3.1027266E-05   1.1973047E+07   1.1973047E+07   1.5924406E+07   7.9353351E+03   6.1324660E+06   1.1973072E+07   1.1973047E+07   0.0000000E+00   0.0000000E+00   0.0000000E+00   0.0000000E+00   0.0000000E+00
   3.3342143E-05   1.1973032E+07   1.1973032E+07   1.5918256E+07   7.9333650E+03   6.1319551E+06   1.1973056E+07   1.1973032E+07   0.0000000E+00   0.0000000E+00   0.0000000E+00   0.0000000E+00   0.0000000E+00
   3.5829728E-05   1.1973015E+07   1.1973015E+07   1.5911158E+07   7.9310906E+03   6.1313656E+06   1.1973038E+07   1.1973015E+07   0.0000000E+00   0.0000000E+00   0.0000000E+00   0.0000000E+00   0.0000000E+00
   3.8502906E-05   1.1972995E+07   1.1972995E+07   1.5902964E+07   7.9284651E+03   6.1306853E+06   1.1973017E+07   1.1972995E+07   0.0000000E+00   0.0000000E+00   0.0000000E+00   0.0000000E+00   0.0000000E+00
   4.1375524E-05   1.1972972E+07   1.1972972E+07   1.5893507E+07   7.9254344E+03   6.1299003E+06   1.1972993E+07   1.1972972E+07   0.0000000E+00   0.0000000E+00   0.0000000E+00   0.0000000E+00   0.0000000E+00
   4.4462462E-05   1.1972946E+07   1.1972946E+07   1.5882593E+07   7.9219363E+03   6.1289948E+06   1.1972965E+07   1.1972946E+07   0.0000000E+00   0.0000000E+00   0.0000000E+00   0.0000000E+00   0.0000000E+00
   4.7779710E-05   1.1972915E+07   1.1972915E+07   1.5869999E+07   7.9178989E+03   6.1279502E+06   1.1972933E+07   1.1972915E+07   0.0000000E+00   0.0000000E+00   0.0000000E+00   0.0000000E+00   0.0000000E+00
   5.1344450E-05   1.1972880E+07   1.1972880E+07   1.5855466E+07   7.9132395E+03   6.1267456E+06   1.1972896E+07   1.1972880E+07   0.0000000E+00   0.0000000E+00   0.0000000E+00   0.0000000E+00   0.0000000E+00
   5.5175148E-05   1.1972839E+07   1.1972839E+07   1.5838701E+07   7.9078628E+03   6.1253566E+06   1.1972853E+07   1.1972839E+07   0.0000000E+00   0.0000000E+00   0.0000000E+00   0.0000000E+00   0.0000000E+00
   5.9291646E-05   1.1972792E+07   1.1972792E+07   1.5819361E+07   7.9016590E+03   6.1237554E+06   1.1972804E+07   1.1972792E+07   0.0000000E+00   0.0000000E+00   0.0000000E+00   0.0000000E+00   0.0000000E+00
   6.3715267E-05   1.1972737E+07   1.1972737E+07   1.5797056E+07   7.8945019E+03   6.1219100E+06   1.1972747E+07   1.1972737E+07   0.0000000E+00   0.0000000E+00   0.0000000E+00   0.0000000E+00   0.0000000E+00
   6.8468925E-05   1.1972674E+07   1.1972674E+07   1.5771335E+07   7.8862461E+03   6.1197840E+06   1.1972681E+07   1.1972674E+07   0.0000000E+00   0.0000000E+00   0.0000000E+00   0.0000000E+00   0.0000000E+00
   7.3577242E-05   1.1972602E+07   1.1972602E+07   1.5741683E+07   7.8767247E+03   6.1173355E+06   1.1972605E+07   1.1972602E+07   0.0000000E+00   0.0000000E+00   0.0000000E+00   0.0000000E+00   0.0000000E+00
   7.9066681E-05   1.1972518E+07   1.1972518E+07   1.5707508E+07   7.8657458E+03   6.1145167E+06   1.1972517E+07   1.1972518E+07   0.0000000E+00   0.0000000E+00   0.0000000E+00   0.0000000E+00   0.0000000E+00
   8.4965674E-05   1.1972422E+07   1.1972422E+07   1.5668130E+07   7.8530892E+03   6.1112733E+06   1.1972416E+07   1.1972422E+07   0.0000000E+00   0.0000000E+00   0.0000000E+00   0.0000000E+00   0.0000000E+00
   9.1304778E-05   1.1972310E+07   1.1972310E+07   1.5622774E+07   7.8385025E+03   6.1075433E+06   1.1972299E+07   1.1972310E+07   0.0000000E+00   0.0000000E+00   0.0000000E+00   0.0000000E+00   0.0000000E+00
   9.8116830E-05   1.1972181E+07   1.1972181E+07   1.5570553E+07   7.8216963E+03   6.1032565E+06   1.1972164E+07   1.1972181E+07   0.0000000E+00   0.0000000E+00   0.0000000E+00   0.0000000E+00   0.0000000E+00
   1.0543711E-04   1.1972033E+07   1.1972033E+07   1.5510456E+07   7.8023398E+03   6.0983334E+06   1.1972008E+07   1.1972033E+07   0.0000000E+00   0.0000000E+00   0.0000000E+00   0.0000000E+00   0.0000000E+00
   1.1330355E-04   1.1971861E+07   1.1971861E+07   1.5441332E+07   7.7800551E+03   6.0926845E+06   1.1971828E+07   1.1971861E+07   0.0000000E+00   0.0000000E+00   0.0000000E+00   0.0000000E+00   0.0000000E+00
   1.2175688E-04   1.1971663E+07   1.1971663E+07   1.5361873E+07   7.7544114E+03   6.0862092E+06   1.1971621E+07   1.1971663E+07   0.0000000E+00   0.0000000E+00   0.0000000E+00   0.0000000E+00   0.0000000E+00
   1.3084090E-04   1.1971435E+07   1.1971435E+07   1.5270600E+07   7.7249184E+03   6.0787953E+06   1.1971382E+07   1.1971435E+07   0.0000000E+00   0.0000000E+00   0.0000000E+00   0.0000000E+00   0.0000000E+00
   1.4060265E-04   1.1971172E+07   1.1971172E+07   1.5165843E+07   7.6910196E+03   6.0703179E+06   1.1971105E+07   1.1971172E+07   0.0000000E+00   0.0000000E+00   0.0000000E+00   0.0000000E+00   0.0000000E+00
   1.5109271E-04   1.1970868E+07   1.1970868E+07   1.5045723E+07   7.6520851E+03   6.0606396E+06   1.1970787E+07   1.1970868E+07   0.0000000E+00   0.0000000E+00   0.0000000E+00   0.0000000E+00   0.0000000E+00
   1.6236541E-04   1.1970518E+07   1.1970518E+07   1.4908140E+07   7.6074046E+03   6.0496100E+06   1.1970420E+07   1.1970518E+07   0.0000000E+00   0.0000000E+00   0.0000000E+00   0.0000000E+00   0.0000000E+00
   1.7447914E-04   1.1970114E+07   1.1970114E+07   1.4750755E+07   7.5561796E+03   6.0370667E+06   1.1969996E+07   1.1970114E+07   0.0000000E+00   0.0000000E+00   0.0000000E+00   0.0000000E+00   0.0000000E+00
   1.8749665E-04   1.1969648E+07   1.1969648E+07   1.4570985E+07   7.4975177E+03   6.0228365E+06   1.1969508E+07   1.1969648E+07   0.0000000E+00   0.0000000E+00   0.0000000E+00   0.0000000E+00   0.0000000E+00
   2.0148536E-04   1.1969112E+07   1.1969112E+07   1.4365995E+07   7.4304260E+03   6.0067376E+06   1.1968946E+07   1.1969112E+07   0.0000000E+00   0.0000000E+00   0.0000000E+00   0.0000000E+00   0.0000000E+00
   2.1651775E-04   1.1968494E+07   1.1968494E+07   1.4132710E+07   7.3538084E+03   5.9885844E+06   1.1968298E+07   1.1968494E+07   0.0000000E+00   0.0000000E+00   0.0000000E+00   0.0000000E+00   0.0000000E+00
   2.3267167E-04   1.1967783E+07   1.1967783E+07   1.3867833E+07   7.2664640E+03   5.9681924E+06   1.1967552E+07   1.1967783E+07   0.0000000E+00   0.0000000E+00   0.0000000E+00   0.0000000E+00   0.0000000E+00
   2.5003080E-04   1.1966964E+07   1.1966964E+07   1.3567885E+07   7.1670906E+03   5.9453870E+06   1.1966694E+07   1.1966964E+07   0.0000000E+00   0.0000000E+00   0.0000000E+00   0.0000000E+00   0.0000000E+00
   2.6868505E-04   1.1966022E+07   1.1966022E+07   1.3229270E+07   7.0542939E+03   5.9200147E+06   1.1965706E+07   1.1966022E+07   0.0000000E+00   0.0000000E+00   0.0000000E+00   0.0000000E+00   0.0000000E+00
   2.8873106E-04   1.1964939E+07   1.1964939E+07   1.2848371E+07   6.9266043E+03   5.8919572E+06   1.1964570E+07   1.1964939E+07   0.0000000E+00   0.0000000E+00   0.0000000E+00   0.0000000E+00   0.0000000E+00
   3.1027266E-04   1.1963694E+07   1.1963694E+07   1.2421690E+07   6.7825046E+03   5.8611503E+06   1.1963265E+07   1.1963694E+07   0.0000000E+00   0.0000000E+00   0.0000000E+00   0.0000000E+00   0.0000000E+00
   3.3342143E-04   1.1962265E+07   1.1962265E+07   1.1946038E+07   6.6204708E+03   5.8276063E+06   1.1961766E+07   1.1962265E+07   0.0000000E+00   0.0000000E+00   0.0000000E+00   0.0000000E+00   0.0000000E+00
   3.5829728E-04   1.1960625E+07   1.1960625E+07   1.1418782E+07   6.4390300E+03   5.7914398E+06   1.1960046E+07   1.1960625E+07   0.0000000E+00   0.0000000E+00   0.0000000E+00   0.0000000E+00   0.0000000E+00
   3.8502906E-04   1.1958745E+07   1.1958745E+07   1.0838167E+07   6.2368389E+03   5.7528973E+06   1.1958075E+07   1.1958745E+07   0.0000000E+00   0.0000000E+00   0.0000000E+00   0.0000000E+00   0.0000000E+00
   4.1375524E-04   1.1956591E+07   1.1956591E+07   1.0203701E+07   6.0127853E+03   5.7123856E+06   1.1955817E+07   1.1956591E+07   0.0000000E+00   0.0000000E+00   0.0000000E+00   0.0000000E+00   0.0000000E+00
   4.4462462E-04   1.1954128E+07   1.1954128E+07   9.5166222E+06   5.7661169E+03   5.6704978E+06   1.1953234E+07   1.1954128E+07   0.0000000E+00   0.0000000E+00   0.0000000E+00   0.0000000E+00   0.0000000E+00
   4.7779710E-04   1.1951314E+07   1.1951314E+07   8.7804125E+06   5.4965967E+03   5.6280286E+06   1.1950284E+07   1.1951314E+07   0.0000000E+00   0.0000000E+00   0.0000000E+00   0.0000000E+00   0.0000000E+00
   5.1344450E-04   1.1948103E+07   1.1948103E+07   8.0013428E+06   5.2046824E+03   5.5859695E+06   1.1946917E+07   1.1948103E+07   0.0000000E+00   0.0000000E+00   0.0000000E+00   0.0000000E+00   0.0000000E+00
   5.5175148E-04   1.1944445E+07   1.1944445E+07   7.1889836E+06   4.8917237E+03   5.5454720E+06   1.1943082E+07   1.1944445E+07   0.0000000E+00   0.0000000E+00   0.0000000E+00   0.0000000E+00   0.0000000E+00
   5.9291646E-04   1.1940284E+07   1.1940284E+07   6.3565952E+06   4.5601608E+03   5.5077632E+06   1.1938719E+07   1.1940284E+07   0.0000000E+00   0.0000000E+00   0.0000000E+00   0.0000000E+00   0.0000000E+00
   6.3715267E-04   1.1935559E+07   1.1935559E+07   5.5212698E+06   4.2137002E+03   5.4739968E+06   1.1933767E+07   1.1935559E+07   0.0000000E+00   0.0000000E+00   0.0000000E+00   0.0000000E+00   0.0000000E+00
   6.8468925E-04   1.1930203E+07   1.1930203E+07   4.7036612E+06   3.8574300E+03   5.4450285E+06   1.1928154E+07   1.1930203E+07   0.0000000E+00   0.0000000E+00   0.0000000E+00   0.0000000E+00   0.0000000E+00
   7.3577242E-04   1.1924144E+07   1.1924144E+07   3.9271148E+06   3.4978257E+03   5.4211128E+06   1.1921805E+07   1.1924144E+07   0.0000000E+00   0.0000000E+00   0.0000000E+00   0.0000000E+00   0.0000000E+00
   7.9066681E-04   1.1917301E+07   1.1917301E+07   3.2160184E+06   3.1425866E+03   5.4015466E+06   1.1914639E+07   1.1917301E+07   0.0000000E+00   0.0000000E+00   0.0000000E+00   0.0000000E+00   0.0000000E+00
   8.4965674E-04   1.1909589E+07   1.1909589E+07   2.5932751E+06   2.8002421E+03   5.3843170E+06   1.1906565E+07   1.1909589E+07   0.0000000E+00   0.0000000E+00   0.0000000E+00   0.0000000E+00   0.0000000E+00
   9.1304778E-04   1.1900913E+07   1.1900913E+07   2.0769647E+06   2.4794822E+03   5.3658689E+06   1.1897488E+07   1.1900913E+07   0.0000000E+00   0.0000000E+00   0.0000000E+00   0.0000000E+00   0.0000000E+00
   9.8116830E-04   1.1891169E+07   1.1891169E+07   1.6765684E+06   2.1882109E+03   5.3411596E+06   1.1887301E+07   1.1891169E+07   0.0000000E+00   0.0000000E+00   0.0000000E+00   0.0000000E+00   0.0000000E+00
   1.0543711E-03   1.1880243E+07   1.1880243E+07   1.3895349E+06   1.9323958E+03   5.3041998E+06   1.1875889E+07   1.1880243E+07   0.0000000E+00   0.0000000E+00   0.0000000E+00   0.0000000E+00   0.0000000E+00
   1.1330355E-03   1.1868010E+07   1.1868010E+07   1.1994140E+06   1.7149043E+03   5.2492355E+06   1.1863127E+07   1.1868010E+07   0.0000000E+00   0.0000000E+00   0.0000000E+00   0.0000000E+00   0.0000000E+00
   1.2175688E-03   1.1854332E+07   1.1854332E+07   1.0770301E+06   1.5346422E+03   5.1725446E+06   1.1848878E+07   1.1854332E+07   0.0000000E+00   0.0000000E+00   0.0000000E+00   0.0000000E+00   0.0000000E+00
   1.3084090E-03   1.1839059E+07   1.1839059E+07   9.8589177E+05   1.3863997E+03   5.0744547E+06   1.1832993E+07   1.1839059E+07   0.0000000E+00   0.0000000E+00   0.0000000E+00   0.0000000E+00   0.0000000E+00
   1.4060265E-03   1.1822026E+07   1.1822026E+07   8.9182215E+05   1.2617775E+03   4.9606885E+06   1.1815311E+07   1.1822026E+07   0.0000000E+00   0.0000000E+00   0.0000000E+00   0.0000000E+00   0.0000000E+00
   1.5109271E-03   1.1803057E+07   1.1803057E+07   7.7452636E+05   1.1512991E+03   4.8417618E+06   1.1795661E+07   1.1803057E+07   0.0000000E+00   0.0000000E+00   0.0000000E+00   0.0000000E+00   0.0000000E+00
   1.6236541E-03   1.1781969E+07   1.1781969E+07   6.3607847E+05   1.0472852E+03   4.7294022E+06   1.1773865E+07   1.1781969E+07   0.0000000E+00   0.0000000E+00   0.0000000E+00   0.0000000E+00   0.0000000E+00
   1.7447914E-03   1.1758571E+07   1.1758571E+07   4.9994815E+05   9.4639924E+02   4.6304148E+06   1.1749738E+07   1.1758571E+07   0.0000000E+00   0.0000000E+00   0.0000000E+00   0.0000000E+00   0.0000000E+00
   1.8749665E-03   1.1732664E+07   1.1732664E+07   3.9692342E+05   8.5037422E+02   4.5410750E+06   1.1723090E+07   1.1732664E+07   0.0000000E+00   0.0000000E+00   0.0000000E+00   0.0000000E+00   0.0000000E+00
   2.0148536E-03   1.1704048E+07   1.1704048E+07   3.4271047E+05   7.6392620E+02   4.4473750E+06   1.1693726E+07   1.1704048E+07   0.0000000E+00   0.0000000E+00   0.0000000E+00   0.0000000E+00   0.0000000E+00
   2.1651775E-03   1.1672510E+07   1.1672510E+07   3.2264925E+05   6.9055888E+02   4.3347600E+06   1.1661439E+07   1.1672510E+07   0.0000000E+00   0.0000000E+00   0.0000000E+00   0.0000000E+00   0.0000000E+00
   2.3267167E-03   1.1637828E+07   1.1637828E+07   3.0103466E+05   6.2913440E+02   4.2026835E+06   1.1626007E+07   1.1637828E+07   0.0000000E+00   0.0000000E+00   0.0000000E+00   0.0000000E+00   0.0000000E+00
   2.5003080E-03   1.1599766E+07   1.1599766E+07   2.5441914E+05   5.7454298E+02   4.0689500E+06   1.1587197E+07   1.1599766E+07   0.0000000E+00   0.0000000E+00   0.0000000E+00   0.0000000E+00   0.0000000E+00
   2.6868505E-03   1.1558080E+07   1.1558080E+07   1.9708758E+05   5.2254235E+02   3.9517578E+06   1.1544761E+07   1.1558080E+07   0.0000000E+00   0.0000000E+00   0.0000000E+00   0.0000000E+00   0.0000000E+00
   2.8873106E-03   1.1512519E+07   1.1512519E+07   1.6142045E+05   4.7364579E+02   3.8444531E+06   1.1498447E+07   1.1512519E+07   0.0000000E+00   0.0000000E+00   0.0000000E+00   0.0000000E+00   0.0000000E+00
   3.1027266E-03   1.1462823E+07   1.1462823E+07   1.4964372E+05   4.3066549E+02   3.7221877E+06   1.1447990E+07   1.1462823E+07   0.0000000E+00   0.0000000E+00   0.0000000E+00   0.0000000E+00   0.0000000E+00
   3.3342143E-03   1.1408717E+07   1.1408717E+07   1.3154556E+05   3.9304294E+02   3.5830992E+06   1.1393114E+07   1.1408717E+07   0.0000000E+00   0.0000000E+00   0.0000000E+00   0.0000000E+00   0.0000000E+00
   3.5829728E-03   1.1349913E+07   1.1349913E+07   1.0242195E+05   3.5751470E+02   3.4527079E+06   1.1333531E+07   1.1349913E+07   0.0000000E+00   0.0000000E+00   0.0000000E+00   0.0000000E+00   0.0000000E+00
   3.8502906E-03   1.1286111E+07   1.1286111E+07   8.9704019E+04   3.2410662E+02   3.3274345E+06   1.1268944E+07   1.1286111E+07   0.0000000E+00   0.0000000E+00   0.0000000E+00   0.0000000E+00   0.0000000E+00
   4.1375524E-03   1.1217000E+07   1.1217000E+07   8.4542799E+04   2.9468578E+02   3.1811004E+06   1.1199047E+07   1.1217000E+07   0.0000000E+00   0.0000000E+00   0.0000000E+00   0.0000000E+00   0.0000000E+00
   4.4462462E-03   1.1142258E+07   1.1142258E+07   6.4957052E+04   2.6749256E+02   3.0365456E+06   1.1123521E+07   1.1142258E+07   0.0000000E+00   0.0000000E+00   0.0000000E+00   0.0000000E+00   0.0000000E+00
   4.7779710E-03   1.1061554E+07   1.1061554E+07   5.5770935E+04   2.4169430E+02   2.9038725E+06   1.1042043E+07   1.1061554E+07   0.0000000E+00   0.0000000E+00   0.0000000E+00   0.0000000E+00   0.0000000E+00
   5.1344450E-03   1.0974556E+07   1.0974556E+07   5.0847242E+04   2.1863290E+02   2.7541625E+06   1.0954293E+07   1.0974556E+07   0.0000000E+00   0.0000000E+00   0.0000000E+00   0.0000000E+00   0.0000000E+00
   5.5175148E-03   1.0880929E+07   1.0880929E+07   3.9848981E+04   1.9695248E+02   2.6164859E+06   1.0859948E+07   1.0880929E+07   0.0000000E+00   0.0000000E+00   0.0000000E+00   0.0000000E+00   0.0000000E+00
   5.9291646E-03   1.0780336E+07   1.0780336E+07   3.7613249E+04   1.7729634E+02   2.4734956E+06   1.0758674E+07   1.0780336E+07   0.0000000E+00   0.0000000E+00   0.0000000E+00   0.0000000E+00   0.0000000E+00
   6.3715267E-03   1.0672430E+07   1.0672430E+07   2.8395507E+04   1.5930881E+02   2.3359078E+06   1.0650120E+07   1.0672430E+07   0.0000000E+00   0.0000000E+00   0.0000000E+00   0.0000000E+00   0.0000000E+00
   6.8468925E-03   1.0556851E+07   1.0556851E+07   2.7305263E+04   1.4291965E+02   2.1948697E+06   1.0533921E+07   1.0556851E+07   0.0000000E+00   0.0000000E+00   0.0000000E+00   0.0000000E+00   0.0000000E+00
   7.3577242E-03   1.0433226E+07   1.0433226E+07   2.1227930E+04   1.2774112E+02   2.0591156E+06   1.0409718E+07   1.0433226E+07   0.0000000E+00   0.0000000E+00   0.0000000E+00   0.0000000E+00   0.0000000E+00
   7.9066681E-03   1.0301185E+07   1.0301185E+07   1.8674395E+04   1.1394060E+02   1.9213317E+06   1.0277161E+07   1.0301185E+07   0.0000000E+00   0.0000000E+00   0.0000000E+00   0.0000000E+00   0.0000000E+00
   8.4965674E-03   1.0160358E+07   1.0160358E+07   1.6707128E+04   1.0134084E+02   1.7941566E+06   1.0135879E+07   1.0160358E+07   0.0000000E+00   0.0000000E+00   0.0000000E+00   0.0000000E+00   0.0000000E+00
   9.1304778E-03   1.0010366E+07   1.0010366E+07   1.2957742E+04   8.9948753E+01   1.6666455E+06   9.9854865E+06   1.0010366E+07   0.0000000E+00   0.0000000E+00   0.0000000E+00   0.0000000E+00   0.0000000E+00
   9.8116830E-03   9.8508163E+06   9.8508163E+06   1.1085744E+04   7.9599023E+01   1.5407893E+06   9.8256020E+06   9.8508163E+06   0.0000000E+00   0.0000000E+00   0.0000000E+00   0.0000000E+00   0.0000000E+00
   1.0543711E-02   9.6813193E+06   9.6813193E+06   9.8791548E+03   7.0227670E+01   1.4210464E+06   9.6558429E+06   9.6813193E+06   0.0000000E+00   0.0000000E+00   0.0000000E+00   0.0000000E+00   0.0000000E+00
   1.1330355E-02   9.5014817E+06   9.5014817E+06   8.6292961E+03   6.1764445E+01   1.3075650E+06   9.4758170E+06   9.5014817E+06   0.0000000E+00   0.0000000E+00   0.0000000E+00   0.0000000E+00   0.0000000E+00
   1.2175688E-02   9.3109102E+06   9.3109102E+06   7.3019295E+03   5.4159464E+01   1.1980721E+06   9.2851323E+06   9.3109102E+06   0.0000000E+00   0.0000000E+00   0.0000000E+00   0.0000000E+00   0.0000000E+00
   1.3084090E-02   9.1092226E+06   9.1092226E+06   6.1935944E+03   4.7322248E+01   1.0937972E+06   9.0834147E+06   9.1092226E+06   0.0000000E+00   0.0000000E+00   0.0000000E+00   0.0000000E+00   0.0000000E+00
   1.4060265E-02   8.8960555E+06   8.8960555E+06   5.1135741E+03   4.1231230E+01   9.9449343E+05   8.8703006E+06   8.8960555E+06   0.0000000E+00   0.0000000E+00   0.0000000E+00   0.0000000E+00   0.0000000E+00
   1.5109271E-02   8.6710770E+06   8.6710770E+06   4.0930279E+03   3.5780319E+01   9.0073841E+05   8.6454586E+06   8.6710770E+06   0.0000000E+00   0.0000000E+00   0.0000000E+00   0.0000000E+00   0.0000000E+00
   1.6236541E-02   8.4340094E+06   8.4340094E+06   3.3811118E+03   3.0942258E+01   8.1403810E+05   8.4086163E+06   8.4340094E+06   0.0000000E+00   0.0000000E+00   0.0000000E+00   0.0000000E+00   0.0000000E+00
   1.7447914E-02   8.1846560E+06   8.1846560E+06   3.0837062E+03   2.6656503E+01   7.3138844E+05   8.1595750E+06   8.1846560E+06   0.0000000E+00   0.0000000E+00   0.0000000E+00   0.0000000E+00   0.0000000E+00
   1.8749665E-02   7.9229376E+06   7.9229376E+06   2.3752097E+03   2.2877486E+01   6.5405754E+05   7.8982575E+06   7.9229376E+06   0.0000000E+00   0.0000000E+00   0.0000000E+00   0.0000000E+00   0.0000000E+00
   2.0148536E-02   7.6489390E+06   7.6489390E+06   2.1485972E+03   1.9549064E+01   5.8304955E+05   7.6247465E+06   7.6489390E+06   0.0000000E+00   0.0000000E+00   0.0000000E+00   0.0000000E+00   0.0000000E+00
   2.1651775E-02   7.3629676E+06   7.3629676E+06   1.6755900E+03   1.6636818E+01   5.1749510E+05   7.3393487E+06   7.3629676E+06   0.0000000E+00   0.0000000E+00   0.0000000E+00   0.0000000E+00   0.0000000E+00
   2.3267164E-02   7.0656226E+06   7.0656226E+06   1.3631660E+03   1.4095420E+01   4.5651291E+05   7.0426598E+06   7.0656226E+06   0.0000000E+00   0.0000000E+00   0.0000000E+00   0.0000000E+00   0.0000000E+00
   2.5003059E-02   6.7578751E+06   6.7578751E+06   1.1337049E+03   1.1887094E+01   4.0102926E+05   6.7356462E+06   6.7578751E+06   0.0000000E+00   0.0000000E+00   0.0000000E+00   0.0000000E+00   0.0000000E+00
   2.6868398E-02   6.4411596E+06   6.4411596E+06   9.3202776E+02   9.9781560E+00   3.5084961E+05   6.4197356E+06   6.4411596E+06   0.0000000E+00   0.0000000E+00   0.0000000E+00   0.0000000E+00   0.0000000E+00
   2.8872616E-02   6.1174746E+06   6.1174746E+06   7.9983374E+02   8.3363445E+00   3.0558575E+05   6.0969185E+06   6.1174746E+06   0.0000000E+00   0.0000000E+00   0.0000000E+00   0.0000000E+00   0.0000000E+00
   3.1025312E-02   5.7895030E+06   5.7895030E+06   6.5850772E+02   6.9331375E+00   2.6438182E+05   5.7698659E+06   5.7895030E+06   0.0000000E+00   0.0000000E+00   0.0000000E+00   0.0000000E+00   0.0000000E+00
   3.3335288E-02   5.4607591E+06   5.4607591E+06   5.3632724E+02   5.7410274E+00   2.2845128E+05   5.4420776E+06   5.4607591E+06   0.0000000E+00   0.0000000E+00   0.0000000E+00   0.0000000E+00   0.0000000E+00
   3.5808387E-02   5.1357556E+06   5.1357556E+06   4.2054173E+02   4.7376278E+00   1.9639335E+05   5.1180481E+06   5.1357556E+06   0.0000000E+00   0.0000000E+00   0.0000000E+00   0.0000000E+00   0.0000000E+00
   3.8443621E-02   4.8201089E+06   4.8201089E+06   3.4134353E+02   3.9013628E+00   1.6853731E+05   4.8033716E+06   4.8201089E+06   0.0000000E+00   0.0000000E+00   0.0000000E+00   0.0000000E+00   0.0000000E+00
   4.1227988E-02   4.5203534E+06   4.5203534E+06   2.8307190E+02   3.2135644E+00   1.4474319E+05   4.5045567E+06   4.5203534E+06   0.0000000E+00   0.0000000E+00   0.0000000E+00   0.0000000E+00   0.0000000E+00
   4.4132688E-02   4.2431444E+06   4.2431444E+06   2.4167550E+02   2.6560972E+00   1.2458386E+05   4.2282323E+06   4.2431444E+06   0.0000000E+00   0.0000000E+00   0.0000000E+00   0.0000000E+00   0.0000000E+00
   4.7115353E-02   3.9937894E+06   3.9937894E+06   1.9146784E+02   2.2106063E+00   1.0783807E+05   3.9796837E+06   3.9937894E+06   0.0000000E+00   0.0000000E+00   0.0000000E+00   0.0000000E+00   0.0000000E+00
   5.0130234E-02   3.7747599E+06   3.7747599E+06   1.5982865E+02   1.8578182E+00   9.4359525E+04   3.7613701E+06   3.7747599E+06   0.0000000E+00   0.0000000E+00   0.0000000E+00   0.0000000E+00   0.0000000E+00
   5.3140831E-02   3.5851990E+06   3.5851990E+06   1.3984726E+02   1.5790320E+00   8.3177061E+04   3.5724340E+06   3.5851990E+06   0.0000000E+00   0.0000000E+00   0.0000000E+00   0.0000000E+00   0.0000000E+00
   5.6126672E-02   3.4216912E+06   3.4216912E+06   1.1368232E+02   1.3572866E+00   7.4135161E+04   3.4094688E+06   3.4216912E+06   0.0000000E+00   0.0000000E+00   0.0000000E+00   0.0000000E+00   0.0000000E+00
   5.9082181E-02   3.2795668E+06   3.2795668E+06   1.0140520E+02   1.1787427E+00   6.6710520E+04   3.2678191E+06   3.2795668E+06   0.0000000E+00   0.0000000E+00   0.0000000E+00   0.0000000E+00   0.0000000E+00
   6.2011704E-02   3.1539644E+06   3.1539644E+06   8.9668778E+01   1.0326317E+00   6.0367632E+04   3.1426387E+06   3.1539644E+06   0.0000000E+00   0.0000000E+00   0.0000000E+00   0.0000000E+00   0.0000000E+00
   6.4924691E-02   3.0404177E+06   3.0404177E+06   7.5877235E+01   9.1092640E-01   5.5006663E+04   3.0294759E+06   3.0404177E+06   0.0000000E+00   0.0000000E+00   0.0000000E+00   0.0000000E+00   0.0000000E+00
   6.7832507E-02   2.9350893E+06   2.9350893E+06   6.7683369E+01   8.0783424E-01   5.0397374E+04   2.9245058E+06   2.9350893E+06   0.0000000E+00   0.0000000E+00   0.0000000E+00   0.0000000E+00   0.0000000E+00
   7.0746711E-02   2.8348260E+06   2.8348260E+06   6.2318367E+01   7.1914598E-01   4.6255112E+04   2.8245862E+06   2.8348260E+06   0.0000000E+00   0.0000000E+00   0.0000000E+00   0.0000000E+00   0.0000000E+00
   7.3678289E-02   2.7371489E+06   2.7371489E+06   5.3860798E+01   6.4180178E-01   4.2516998E+04   2.7272461E+06   2.7371489E+06   0.0000000E+00   0.0000000E+00   0.0000000E+00   0.0000000E+00   0.0000000E+00
   7.6637385E-02   2.6402269E+06   2.6402269E+06   4.6847843E+01   5.7354376E-01   3.9204886E+04   2.6306609E+06   2.6402269E+06   0.0000000E+00   0.0000000E+00   0.0000000E+00   0.0000000E+00   0.0000000E+00
   7.9633284E-02   2.5428518E+06   2.5428518E+06   4.4288138E+01   5.1278781E-01   3.6109328E+04   2.5336263E+06   2.5428518E+06   0.0000000E+00   0.0000000E+00   0.0000000E+00   0.0000000E+00   0.0000000E+00
   8.2674490E-02   2.4444138E+06   2.4444138E+06   3.7462917E+01   4.5838978E-01   3.3221691E+04   2.4355345E+06   2.4444138E+06   0.0000000E+00   0.0000000E+00   0.0000000E+00   0.0000000E+00   0.0000000E+00
   8.5768846E-02   2.3448706E+06   2.3448706E+06   3.4652810E+01   4.0949073E-01   3.0620799E+04   2.3363432E+06   2.3448706E+06   0.0000000E+00   0.0000000E+00   0.0000000E+00   0.0000000E+00   0.0000000E+00
   8.8923652E-02   2.2447014E+06   2.2447014E+06   2.9707556E+01   3.6549295E-01   2.8117840E+04   2.2365295E+06   2.2447014E+06   0.0000000E+00   0.0000000E+00   0.0000000E+00   0.0000000E+00   0.0000000E+00
   9.2145773E-02   2.1448372E+06   2.1448372E+06   2.7853263E+01   3.2593853E-01   2.5860662E+04   2.1370212E+06   2.1448372E+06   0.0000000E+00   0.0000000E+00   0.0000000E+00   0.0000000E+00   0.0000000E+00
   9.5441734E-02   2.0465629E+06   2.0465629E+06   2.3797674E+01   2.9050598E-01   2.3776689E+04   2.0390982E+06   2.0465629E+06   0.0000000E+00   0.0000000E+00   0.0000000E+00   0.0000000E+00   0.0000000E+00
   9.8817800E-02   1.9513861E+06   1.9513861E+06   2.0790344E+01   2.5890499E-01   2.1836987E+04   1.9442624E+06   1.9513861E+06   0.0000000E+00   0.0000000E+00   0.0000000E+00   0.0000000E+00   0.0000000E+00
   1.0228004E-01   1.8608770E+06   1.8608770E+06   1.8593219E+01   2.3088736E-01   2.0085881E+04   1.8540782E+06   1.8608770E+06   0.0000000E+00   0.0000000E+00   0.0000000E+00   0.0000000E+00   0.0000000E+00
   1.0583438E-01   1.7764857E+06   1.7764857E+06   1.6561493E+01   2.0619231E-01   1.8520191E+04   1.7699904E+06   1.7764857E+06   0.0000000E+00   0.0000000E+00   0.0000000E+00   0.0000000E+00   0.0000000E+00
   1.0948665E-01   1.6993516E+06   1.6993516E+06   1.4755544E+01   1.8455218E-01   1.7136075E+04   1.6931339E+06   1.6993516E+06   0.0000000E+00   0.0000000E+00   0.0000000E+00   0.0000000E+00   0.0000000E+00
   1.1324263E-01   1.6301248E+06   1.6301248E+06   1.3610157E+01   1.6566486E-01   1.5914736E+04   1.6241564E+06   1.6301248E+06   0.0000000E+00   0.0000000E+00   0.0000000E+00   0.0000000E+00   0.0000000E+00
   1.1710805E-01   1.5688257E+06   1.5688257E+06   1.2483203E+01   1.4921069E-01   1.4815378E+04   1.5630781E+06   1.5688257E+06   0.0000000E+00   0.0000000E+00   0.0000000E+00   0.0000000E+00   0.0000000E+00
   1.2108864E-01   1.5147694E+06   1.5147694E+06   1.0774876E+01   1.3483160E-01   1.3877693E+04   1.5092165E+06   1.5147694E+06   0.0000000E+00   0.0000000E+00   0.0000000E+00   0.0000000E+00   0.0000000E+00
   1.2519015E-01   1.4665818E+06   1.4665818E+06   1.0085257E+01   1.2218090E-01   1.3021380E+04   1.4612026E+06   1.4665818E+06   0.0000000E+00   0.0000000E+00   0.0000000E+00   0.0000000E+00   0.0000000E+00
   1.2941834E-01   1.4223242E+06   1.4223242E+06   9.2736594E+00   1.1091407E-01   1.2271990E+04   1.4171046E+06   1.4223242E+06   0.0000000E+00   0.0000000E+00   0.0000000E+00   0.0000000E+00   0.0000000E+00
   1.3377902E-01   1.3797293E+06   1.3797293E+06   8.3538218E+00   1.0072731E-01   1.1571078E+04   1.3746634E+06   1.3797293E+06   0.0000000E+00   0.0000000E+00   0.0000000E+00   0.0000000E+00   0.0000000E+00
   1.3827805E-01   1.3365314E+06   1.3365314E+06   7.6132103E+00   9.1366899E-02   1.0898250E+04   1.3316219E+06   1.3365314E+06   0.0000000E+00   0.0000000E+00   0.0000000E+00   0.0000000E+00   0.0000000E+00
   1.4292134E-01   1.2908485E+06   1.2908485E+06   6.8061141E+00   8.2653759E-02   1.0237486E+04   1.2861046E+06   1.2908485E+06   0.0000000E+00   0.0000000E+00   0.0000000E+00   0.0000000E+00   0.0000000E+00
   1.4771486E-01   1.2415486E+06   1.2415486E+06   5.9527940E+00   7.4480916E-02   9.5993909E+03   1.2369841E+06   1.2415486E+06   0.0000000E+00   0.0000000E+00   0.0000000E+00   0.0000000E+00   0.0000000E+00
   1.5266465E-01   1.1885213E+06   1.1885213E+06   5.5179564E+00   6.6819185E-02   8.9519397E+03   1.1841499E+06   1.1885213E+06   0.0000000E+00   0.0000000E+00   0.0000000E+00   0.0000000E+00   0.0000000E+00
   1.5777683E-01   1.1327687E+06   1.1327687E+06   4.9356052E+00   5.9694006E-02   8.3311175E+03   1.1286008E+06   1.1327687E+06   0.0000000E+00   0.0000000E+00   0.0000000E+00   0.0000000E+00   0.0000000E+00
   1.6305761E-01   1.0762589E+06   1.0762589E+06   4.3598427E+00   5.3166951E-02   7.7297055E+03   1.0722976E+06   1.0762589E+06   0.0000000E+00   0.0000000E+00   0.0000000E+00   0.0000000E+00   0.0000000E+00
   1.6851325E-01   1.0215266E+06   1.0215266E+06   3.9110232E+00   4.7302914E-02   7.1666760E+03   1.0177655E+06   1.0215266E+06   0.0000000E+00   0.0000000E+00   0.0000000E+00   0.0000000E+00   0.0000000E+00
   1.7415014E-01   9.7107573E+05   9.7107573E+05   3.3867443E+00   4.2142907E-02   6.6590698E+03   9.6749924E+05   9.7107573E+05   0.0000000E+00   0.0000000E+00   0.0000000E+00   0.0000000E+00   0.0000000E+00
   1.7997476E-01   9.2671332E+05   9.2671332E+05   3.0944415E+00   3.7679628E-02   6.2238920E+03   9.2329920E+05   9.2671332E+05   0.0000000E+00   0.0000000E+00   0.0000000E+00   0.0000000E+00   0.0000000E+00
   1.8599369E-01   8.8899696E+05   8.8899696E+05   2.7170931E+00   3.3853625E-02   5.8486662E+03   8.8572087E+05   8.8899696E+05   0.0000000E+00   0.0000000E+00   0.0000000E+00   0.0000000E+00   0.0000000E+00
   1.9221366E-01   8.5699148E+05   8.5699148E+05   2.4525333E+00   3.0556209E-02   5.5264200E+03   8.5383250E+05   8.5699148E+05   0.0000000E+00   0.0000000E+00   0.0000000E+00   0.0000000E+00   0.0000000E+00
   1.9864153E-01   8.2847168E+05   8.2847168E+05   2.2681565E+00   2.7655091E-02   5.2398167E+03   8.2541706E+05   8.2847168E+05   0.0000000E+00   0.0000000E+00   0.0000000E+00   0.0000000E+00   0.0000000E+00
   2.0528431E-01   8.0057988E+05   8.0057988E+05   2.0028137E+00   2.5021295E-02   4.9682435E+03   7.9762740E+05   8.0057988E+05   0.0000000E+00   0.0000000E+00   0.0000000E+00   0.0000000E+00   0.0000000E+00
   2.1214924E-01   7.7077557E+05   7.7077557E+05   1.8449504E+00   2.2560125E-02   4.6990900E+03   7.6793238E+05   7.7077557E+05   0.0000000E+00   0.0000000E+00   0.0000000E+00   0.0000000E+00   0.0000000E+00
   2.1924374E-01   7.3775835E+05   7.3775835E+05   1.6522686E+00   2.0228890E-02   4.4217122E+03   7.3503638E+05   7.3775835E+05   0.0000000E+00   0.0000000E+00   0.0000000E+00   0.0000000E+00   0.0000000E+00
   2.2657549E-01   7.0198483E+05   7.0198483E+05   1.4439500E+00   1.8036180E-02   4.1389065E+03   6.9939434E+05   7.0198483E+05   0.0000000E+00   0.0000000E+00   0.0000000E+00   0.0000000E+00   0.0000000E+00
   2.3415248E-01   6.6549786E+05   6.6549786E+05   1.3065634E+00   1.6023687E-02   3.8640906E+03   6.6304155E+05   6.6549786E+05   0.0000000E+00   0.0000000E+00   0.0000000E+00   0.0000000E+00   0.0000000E+00
   2.4198302E-01   6.3104764E+05   6.3104764E+05   1.1453292E+00   1.4236946E-02   3.6097128E+03   6.2871807E+05   6.3104764E+05   0.0000000E+00   0.0000000E+00   0.0000000E+00   0.0000000E+00   0.0000000E+00
   2.5007584E-01   6.0082778E+05   6.0082778E+05   1.0291596E+00   1.2697184E-02   3.3876552E+03   5.9860941E+05   6.0082778E+05   0.0000000E+00   0.0000000E+00   0.0000000E+00   0.0000000E+00   0.0000000E+00
   2.5844011E-01   5.7540938E+05   5.7540938E+05   9.1703892E-01   1.1386239E-02   3.1987059E+03   5.7328452E+05   5.7540938E+05   0.0000000E+00   0.0000000E+00   0.0000000E+00   0.0000000E+00   0.0000000E+00
   2.6708553E-01   5.5345662E+05   5.5345662E+05   8.3447761E-01   1.0252614E-02   3.0372500E+03   5.5141254E+05   5.5345662E+05   0.0000000E+00   0.0000000E+00   0.0000000E+00   0.0000000E+00   0.0000000E+00
   2.7602244E-01   5.3246505E+05   5.3246505E+05   7.5056553E-01   9.2342690E-03   2.8854619E+03   5.3049822E+05   5.3246505E+05   0.0000000E+00   0.0000000E+00   0.0000000E+00   0.0000000E+00   0.0000000E+00
   2.8526188E-01   5.1019219E+05   5.1019219E+05   6.6254373E-01   8.2853229E-03   2.7319290E+03   5.0830738E+05   5.1019219E+05   0.0000000E+00   0.0000000E+00   0.0000000E+00   0.0000000E+00   0.0000000E+00
   2.9481570E-01   4.8596394E+05   4.8596394E+05   5.9588110E-01   7.3919138E-03   2.5724953E+03   4.8416842E+05   4.8596394E+05   0.0000000E+00   0.0000000E+00   0.0000000E+00   0.0000000E+00   0.0000000E+00
   3.0469671E-01   4.6100178E+05   4.6100178E+05   5.2633445E-01   6.5683867E-03   2.4141606E+03   4.5929829E+05   4.6100178E+05   0.0000000E+00   0.0000000E+00   0.0000000E+00   0.0000000E+00   0.0000000E+00
   3.1491882E-01   4.3747926E+05   4.3747926E+05   4.7194800E-01   5.8378748E-03   2.2678098E+03   4.3586251E+05   4.3747926E+05   0.0000000E+00   0.0000000E+00   0.0000000E+00   0.0000000E+00   0.0000000E+00
   3.2549719E-01   4.1690776E+05   4.1690776E+05   4.1969798E-01   5.2083642E-03   2.1399891E+03   4.1536688E+05   4.1690776E+05   0.0000000E+00   0.0000000E+00   0.0000000E+00   0.0000000E+00   0.0000000E+00
   3.3644844E-01   3.9903909E+05   3.9903909E+05   3.7654995E-01   4.6655528E-03   2.0288677E+03   3.9756411E+05   3.9903909E+05   0.0000000E+00   0.0000000E+00   0.0000000E+00   0.0000000E+00   0.0000000E+00
   3.4779089E-01   3.8218264E+05   3.8218264E+05   3.3779456E-01   4.1815445E-03   1.9260659E+03   3.8076984E+05   3.8218264E+05   0.0000000E+00   0.0000000E+00   0.0000000E+00   0.0000000E+00   0.0000000E+00
   3.5954480E-01   3.6471564E+05   3.6471564E+05   3.0107255E-01   3.7343172E-03   1.8223684E+03   3.6336729E+05   3.6471564E+05   0.0000000E+00   0.0000000E+00   0.0000000E+00   0.0000000E+00   0.0000000E+00
   3.7173270E-01   3.4647052E+05   3.4647052E+05   2.6771197E-01   3.3197852E-03   1.7174559E+03   3.4518952E+05   3.4647052E+05   0.0000000E+00   0.0000000E+00   0.0000000E+00   0.0000000E+00   0.0000000E+00
   3.8437976E-01   3.2869458E+05   3.2869458E+05   2.3729473E-01   2.9466346E-03   1.6165525E+03   3.2747921E+05   3.2869458E+05   0.0000000E+00   0.0000000E+00   0.0000000E+00   0.0000000E+00   0.0000000E+00
   3.9751426E-01   3.1261803E+05   3.1261803E+05   2.1116863E-01   2.6206827E-03   1.5264606E+03   3.1146202E+05   3.1261803E+05   0.0000000E+00   0.0000000E+00   0.0000000E+00   0.0000000E+00   0.0000000E+00
   4.1116812E-01   2.9814447E+05   2.9814447E+05   1.8749970E-01   2.3360736E-03   1.4457703E+03   2.9704190E+05   2.9814447E+05   0.0000000E+00   0.0000000E+00   0.0000000E+00   0.0000000E+00   0.0000000E+00
   4.2537756E-01   2.8411747E+05   2.8411747E+05   1.6693134E-01   2.0798968E-03   1.3688005E+03   2.8306671E+05   2.8411747E+05   0.0000000E+00   0.0000000E+00   0.0000000E+00   0.0000000E+00   0.0000000E+00
   4.4018391E-01   2.6980446E+05   2.6980446E+05   1.4847986E-01   1.8448048E-03   1.2917329E+03   2.6880658E+05   2.6980446E+05   0.0000000E+00   0.0000000E+00   0.0000000E+00   0.0000000E+00   0.0000000E+00
   4.5563461E-01   2.5569603E+05   2.5569603E+05   1.3090419E-01   1.6321973E-03   1.2169934E+03   2.5475027E+05   2.5569603E+05   0.0000000E+00   0.0000000E+00   0.0000000E+00   0.0000000E+00   0.0000000E+00
   4.7178446E-01   2.4259613E+05   2.4259613E+05   1.1591016E-01   1.4444649E-03   1.1481294E+03   2.4169877E+05   2.4259613E+05   0.0000000E+00   0.0000000E+00   0.0000000E+00   0.0000000E+00   0.0000000E+00
   4.8869717E-01   2.3039448E+05   2.3039448E+05   1.0264206E-01   1.2785741E-03   1.0844919E+03   2.2954221E+05   2.3039448E+05   0.0000000E+00   0.0000000E+00   0.0000000E+00   0.0000000E+00   0.0000000E+00
   5.0644733E-01   2.1838464E+05   2.1838464E+05   9.0595081E-02   1.1285383E-03   1.0227042E+03   2.1757676E+05   2.1838464E+05   0.0000000E+00   0.0000000E+00   0.0000000E+00   0.0000000E+00   0.0000000E+00
   5.2512291E-01   2.0647628E+05   2.0647628E+05   7.9687130E-02   9.9262234E-04   9.6219101E+02   2.0571242E+05   2.0647628E+05   0.0000000E+00   0.0000000E+00   0.0000000E+00   0.0000000E+00   0.0000000E+00
   5.4482842E-01   1.9514405E+05   1.9514405E+05   6.9995845E-02   8.7157270E-04   9.0514838E+02   1.9442208E+05   1.9514405E+05   0.0000000E+00   0.0000000E+00   0.0000000E+00   0.0000000E+00   0.0000000E+00
   5.6568908E-01   1.8436995E+05   1.8436995E+05   6.1280396E-02   7.6387697E-04   8.5133928E+02   1.8368781E+05   1.8436995E+05   0.0000000E+00   0.0000000E+00   0.0000000E+00   0.0000000E+00   0.0000000E+00
   5.8785602E-01   1.7377225E+05   1.7377225E+05   5.3487678E-02   6.6676047E-04   7.9898342E+02   1.7312929E+05   1.7377225E+05   0.0000000E+00   0.0000000E+00   0.0000000E+00   0.0000000E+00   0.0000000E+00
   6.1151318E-01   1.6344200E+05   1.6344200E+05   4.6510704E-02   5.7957979E-04   7.4849156E+02   1.6283725E+05   1.6344200E+05   0.0000000E+00   0.0000000E+00   0.0000000E+00   0.0000000E+00   0.0000000E+00
   6.3688600E-01   1.5351331E+05   1.5351331E+05   4.0267067E-02   5.0189376E-04   7.0024420E+02   1.5294527E+05   1.5351331E+05   0.0000000E+00   0.0000000E+00   0.0000000E+00   0.0000000E+00   0.0000000E+00
   6.6425254E-01   1.4378052E+05   1.4378052E+05   3.4665707E-02   4.3216771E-04   6.5338649E+02   1.4324848E+05   1.4378052E+05   0.0000000E+00   0.0000000E+00   0.0000000E+00   0.0000000E+00   0.0000000E+00
   6.9395704E-01   1.3427271E+05   1.3427271E+05   2.9664982E-02   3.6980317E-04   6.0799772E+02   1.3377583E+05   1.3427271E+05   0.0000000E+00   0.0000000E+00   0.0000000E+00   0.0000000E+00   0.0000000E+00
   7.2642571E-01   1.2499682E+05   1.2499682E+05   2.5199261E-02   3.1419192E-04   5.6401045E+02   1.2453425E+05   1.2499682E+05   0.0000000E+00   0.0000000E+00   0.0000000E+00   0.0000000E+00   0.0000000E+00
   7.6218267E-01   1.1588058E+05   1.1588058E+05   2.1221056E-02   2.6460705E-04   5.2112833E+02   1.1545174E+05   1.1588058E+05   0.0000000E+00   0.0000000E+00   0.0000000E+00   0.0000000E+00   0.0000000E+00
   8.0186129E-01   1.0695142E+05   1.0695142E+05   1.7694262E-02   2.2065615E-04   4.7942420E+02   1.0655561E+05   1.0695142E+05   0.0000000E+00   0.0000000E+00   0.0000000E+00   0.0000000E+00   0.0000000E+00
   8.4620039E-01   9.8188938E+04   9.8188938E+04   1.4586231E-02   1.8191922E-04   4.3878448E+02   9.7825546E+04   9.8188938E+04   0.0000000E+00   0.0000000E+00   0.0000000E+00   0.0000000E+00   0.0000000E+00
   8.9600887E-01   8.9627691E+04   8.9627691E+04   1.1874865E-02   1.4811594E-04   3.9934107E+02   8.9295975E+04   8.9627691E+04   0.0000000E+00   0.0000000E+00   0.0000000E+00   0.0000000E+00   0.0000000E+00
   9.5208137E-01   8.1320530E+04   8.1320530E+04   9.5421043E-03   1.1903248E-04   3.6130211E+02   8.1019552E+04   8.1320530E+04   0.0000000E+00   0.0000000E+00   0.0000000E+00   0.0000000E+00   0.0000000E+00
   1.0150682E+00   7.3351794E+04   7.3351794E+04   7.5832545E-03   9.4461161E-05   3.2503962E+02   7.3080303E+04   7.3351794E+04   0.0000000E+00   0.0000000E+00   0.0000000E+00   0.0000000E+00   0.0000000E+00
   1.0853527E+00   6.5823135E+04   6.5823135E+04   5.9438023E-03   7.4148304E-05   2.9096173E+02   6.5579503E+04   6.5823135E+04   0.0000000E+00   0.0000000E+00   0.0000000E+00   0.0000000E+00   0.0000000E+00
   1.1630298E+00   5.8827863E+04   5.8827863E+04   4.6255836E-03   5.7714754E-05   2.5946722E+02   5.8610118E+04   5.8827863E+04   0.0000000E+00   0.0000000E+00   0.0000000E+00   0.0000000E+00   0.0000000E+00
   1.2480279E+00   5.2427185E+04   5.2427185E+04   3.5797327E-03   4.4670724E-05   2.3077675E+02   5.2233129E+04   5.2427185E+04   0.0000000E+00   0.0000000E+00   0.0000000E+00   0.0000000E+00   0.0000000E+00
   1.3402968E+00   4.6637721E+04   4.6637721E+04   2.7609538E-03   3.4457016E-05   2.0493305E+02   4.6465092E+04   4.6637721E+04   0.0000000E+00   0.0000000E+00   0.0000000E+00   0.0000000E+00   0.0000000E+00
   1.4399383E+00   4.1439302E+04   4.1439302E+04   2.1253626E-03   2.6526965E-05   1.8181463E+02   4.1285912E+04   4.1439302E+04   0.0000000E+00   0.0000000E+00   0.0000000E+00   0.0000000E+00   0.0000000E+00
   1.5472371E+00   3.6791861E+04   3.6791861E+04   1.6342956E-03   2.0399710E-05   1.6121070E+02   3.6655672E+04   3.6791861E+04   0.0000000E+00   0.0000000E+00   0.0000000E+00   0.0000000E+00   0.0000000E+00
   1.6626300E+00   3.2645987E+04   3.2645987E+04   1.2541457E-03   1.5676650E-05   1.4287720E+02   3.2525143E+04   3.2645987E+04   0.0000000E+00   0.0000000E+00   0.0000000E+00   0.0000000E+00   0.0000000E+00
   1.7866630E+00   2.8952477E+04   2.8952477E+04   9.6458469E-04   1.2040575E-05   1.2658405E+02   2.8845304E+04   2.8952477E+04   0.0000000E+00   0.0000000E+00   0.0000000E+00   0.0000000E+00   0.0000000E+00
   1.9199591E+00   2.5664551E+04   2.5664551E+04   7.4040788E-04   9.2432524E-06   1.1211141E+02   2.5569549E+04   2.5664551E+04   0.0000000E+00   0.0000000E+00   0.0000000E+00   0.0000000E+00   0.0000000E+00
   2.0632024E+00   2.2739730E+04   2.2739730E+04   5.6819760E-04   7.0926909E-06   9.9258704E+01   2.2655554E+04   2.2739730E+04   0.0000000E+00   0.0000000E+00   0.0000000E+00   0.0000000E+00   0.0000000E+00
   2.2171333E+00   2.0139348E+04   2.0139348E+04   4.3567510E-04   5.4401681E-06   8.7849737E+01   2.0064797E+04   2.0139348E+04   0.0000000E+00   0.0000000E+00   0.0000000E+00   0.0000000E+00   0.0000000E+00
   2.3825488E+00   1.7828787E+04   1.7828787E+04   3.3397478E-04   4.1709073E-06   7.7726089E+01   1.7762789E+04   1.7828787E+04   0.0000000E+00   0.0000000E+00   0.0000000E+00   0.0000000E+00   0.0000000E+00
   2.5603056E+00   1.5776824E+04   1.5776824E+04   2.5591563E-04   3.1964990E-06   6.8745957E+01   1.5718422E+04   1.5776824E+04   0.0000000E+00   0.0000000E+00   0.0000000E+00   0.0000000E+00   0.0000000E+00
   2.7513245E+00   1.3955458E+04   1.3955458E+04   1.9602625E-04   2.4488018E-06   6.0783462E+01   1.3903798E+04   1.3955458E+04   0.0000000E+00   0.0000000E+00   0.0000000E+00   0.0000000E+00   0.0000000E+00
   2.9565948E+00   1.2339596E+04   1.2339596E+04   1.5009265E-04   1.8753151E-06   5.3724796E+01   1.2293917E+04   1.2339596E+04   0.0000000E+00   0.0000000E+00   0.0000000E+00   0.0000000E+00   0.0000000E+00
   3.1771799E+00   1.0906747E+04   1.0906747E+04   1.1488996E-04   1.4356092E-06   4.7471298E+01   1.0866372E+04   1.0906747E+04   0.0000000E+00   0.0000000E+00   0.0000000E+00   0.0000000E+00   0.0000000E+00
   3.4142224E+00   9.6367775E+03   9.6367775E+03   8.7890778E-05   1.0986418E-06   4.1931609E+01   9.6011038E+03   9.6367775E+03   0.0000000E+00   0.0000000E+00   0.0000000E+00   0.0000000E+00   0.0000000E+00
   3.6689501E+00   8.5116826E+03   8.5116826E+03   6.7235963E-05   8.4048815E-07   3.7027133E+01   8.4801737E+03   8.5116826E+03   0.0000000E+00   0.0000000E+00   0.0000000E+00   0.0000000E+00   0.0000000E+00
   3.9426825E+00   7.5153730E+03   7.5153730E+03   5.1406684E-05   6.4279764E-07   3.2685924E+01   7.4875523E+03   7.5153730E+03   0.0000000E+00   0.0000000E+00   0.0000000E+00   0.0000000E+00   0.0000000E+00
   4.2368375E+00   6.6334818E+03   6.6334818E+03   3.9294110E-05   4.9145671E-07   2.8845196E+01   6.6089257E+03   6.6334818E+03   0.0000000E+00   0.0000000E+00   0.0000000E+00   0.0000000E+00   0.0000000E+00
   4.5529388E+00   5.8531899E+03   5.8531899E+03   3.0023203E-05   3.7564492E-07   2.5447998E+01   5.8315222E+03   5.8531899E+03   0.0000000E+00   0.0000000E+00   0.0000000E+00   0.0000000E+00   0.0000000E+00
   4.8926236E+00   5.1630672E+03   5.1630672E+03   2.2929762E-05   2.8704895E-07   2.2444342E+01   5.1439542E+03   5.1630672E+03   0.0000000E+00   0.0000000E+00   0.0000000E+00   0.0000000E+00   0.0000000E+00
   5.2576517E+00   4.5529293E+03   4.5529293E+03   1.7513702E-05   2.1929318E-07   1.9789699E+01   4.5360750E+03   4.5529293E+03   0.0000000E+00   0.0000000E+00   0.0000000E+00   0.0000000E+00   0.0000000E+00
   5.6499136E+00   4.0137075E+03   4.0137075E+03   1.3369648E-05   1.6749296E-07   1.7444016E+01   3.9988493E+03   4.0137075E+03   0.0000000E+00   0.0000000E+00   0.0000000E+00   0.0000000E+00   0.0000000E+00
   6.0714414E+00   3.5373318E+03   3.5373318E+03   1.0205194E-05   1.2790151E-07   1.5372230E+01   3.5242371E+03   3.5373318E+03   0.0000000E+00   0.0000000E+00   0.0000000E+00   0.0000000E+00   0.0000000E+00
   6.5244185E+00   3.1166252E+03   3.1166252E+03   7.7840637E-06   9.7649682E-08   1.3542798E+01   3.1050878E+03   3.1166252E+03   0.0000000E+00   0.0000000E+00   0.0000000E+00   0.0000000E+00   0.0000000E+00
   7.0111912E+00   2.7452085E+03   2.7452085E+03   5.9385564E-06   7.4540686E-08   1.1928047E+01   2.7350461E+03   2.7452085E+03   0.0000000E+00   0.0000000E+00   0.0000000E+00   0.0000000E+00   0.0000000E+00
   7.5342809E+00   2.4174154E+03   2.4174154E+03   4.5282645E-06   5.6891947E-08   1.0503090E+01   2.4084665E+03   2.4174154E+03   0.0000000E+00   0.0000000E+00   0.0000000E+00   0.0000000E+00   0.0000000E+00
   8.0963973E+00   2.1282148E+03   2.1282148E+03   3.4524626E-06   4.3416514E-08   9.2460954E+00   2.1203364E+03   2.1282148E+03   0.0000000E+00   0.0000000E+00   0.0000000E+00   0.0000000E+00   0.0000000E+00
