#           k/h    CDM            baryon         photon         nu             mass_nu        total          no_nu          total_de       Weyl           v_CDM          v_b            v_b-v_c     
   1.1120412E-05   6.9249580E+06   6.9249580E+06   9.2316860E+06   9.4565016E+03   8.1149280E+05   6.9250502E+06   6.9249580E+06   0.0000000E+00   0.0000000E+00   0.0000000E+00   0.0000000E+00   0.0000000E+00
   1.1950081E-05   6.9249569E+06   6.9249569E+06   9.2314382E+06   9.4563431E+03   8.1148593E+05   6.9250491E+06   6.9249569E+06   0.0000000E+00   0.0000000E+00   0.0000000E+00   0.0000000E+00   0.0000000E+00
   1.2841651E-05   6.9249556E+06   6.9249556E+06   9.2311521E+06   9.4561600E+03   8.1147800E+05   6.9250477E+06   6.9249556E+06   0.0000000E+00   0.0000000E+00   0.0000000E+00   0.0000000E+00   0.0000000E+00
   1.3799739E-05   6.9249542E+06   6.9249542E+06   9.2308217E+06   9.4559487E+03   8.1146884E+05   6.9250461E+06   6.9249542E+06   0.0000000E+00   0.0000000E+00   0.0000000E+00   0.0000000E+00   0.0000000E+00
   1.4829307E-05   6.9249525E+06   6.9249525E+06   9.2304402E+06   9.4557046E+03   8.1145827E+05   6.9250443E+06   6.9249525E+06   0.0000000E+00   0.0000000E+00   0.0000000E+00   0.0000000E+00   0.0000000E+00
   1.5935690E-05   6.9249505E+06   6.9249505E+06   9.2299996E+06   9.4554228E+03   8.1144606E+05   6.9250422E+06   6.9249505E+06   0.0000000E+00   0.0000000E+00   0.0000000E+00   0.0000000E+00   0.0000000E+00
   1.7124617E-05   6.9249482E+06   6.9249482E+06   9.2294909E+06   9.4550974E+03   8.1143196E+05   6.9250397E+06   6.9249482E+06   0.0000000E+00   0.0000000E+00   0.0000000E+00   0.0000000E+00   0.0000000E+00
   1.8402247E-05   6.9249456E+06   6.9249456E+06   9.2289035E+06   9.4547216E+03   8.1141567E+05   6.9250369E+06   6.9249456E+06   0.0000000E+00   0.0000000E+00   0.0000000E+00   0.0000000E+00   0.0000000E+00
   1.9775199E-05   6.9249426E+06   6.9249426E+06   9.2282252E+06   9.4542876E+03   8.1139687E+05   6.9250337E+06   6.9249426E+06   0.0000000E+00   0.0000000E+00   0.0000000E+00   0.0000000E+00   0.0000000E+00
   2.1250584E-05   6.9249390E+06   6.9249390E+06   9.2274420E+06   9.4537865E+03   8.1137517E+05   6.9250299E+06   6.9249390E+06   0.0000000E+00   0.0000000E+00   0.0000000E+00   0.0000000E+00   0.0000000E+00
   2.2836044E-05   6.9249350E+06   6.9249350E+06   9.2265376E+06   9.4532080E+03   8.1135011E+05   6.9250256E+06   6.9249350E+06   0.0000000E+00   0.0000000E+00   0.0000000E+00   0.0000000E+00   0.0000000E+00
   2.4539791E-05   6.9249303E+06   6.9249303E+06   9.2254934E+06   9.4525399E+03   8.1132117E+05   6.9250206E+06   6.9249303E+06   0.0000000E+00   0.0000000E+00   0.0000000E+00   0.0000000E+00   0.0000000E+00
   2.6370652E-05   6.9249249E+06   6.9249249E+06   9.2242876E+06   9.4517684E+03   8.1128776E+05   6.9250148E+06   6.9249249E+06   0.0000000E+00   0.0000000E+00   0.0000000E+00   0.0000000E+00   0.0000000E+00
   2.8338109E-05   6.9249187E+06   6.9249187E+06   9.2228955E+06   9.4508776E+03   8.1124919E+05   6.9250081E+06   6.9249187E+06   0.0000000E+00   0.0000000E+00   0.0000000E+00   0.0000000E+00   0.0000000E+00
   3.0452354E-05   6.9249115E+06   6.9249115E+06   9.2212881E+06   9.4498491E+03   8.1120466E+05   6.9250004E+06   6.9249115E+06   0.0000000E+00   0.0000000E+00   0.0000000E+00   0.0000000E+00   0.0000000E+00
   3.2724338E-05   6.9249032E+06   6.9249032E+06   9.2194322E+06   9.4486616E+03   8.1115325E+05   6.9249915E+06   6.9249032E+06   0.0000000E+00   0.0000000E+00   0.0000000E+00   0.0000000E+00   0.0000000E+00
   3.5165829E-05   6.9248936E+06   6.9248936E+06   9.2172895E+06   9.4472904E+03   8.1109391E+05   6.9249812E+06   6.9248936E+06   0.0000000E+00   0.0000000E+00   0.0000000E+00   0.0000000E+00   0.0000000E+00
   3.7789476E-05   6.9248825E+06   6.9248825E+06   9.2148157E+06   9.4457074E+03   8.1102541E+05   6.9249694E+06   6.9248825E+06   0.0000000E+00   0.0000000E+00   0.0000000E+00   0.0000000E+00   0.0000000E+00
   4.0608866E-05   6.9248697E+06   6.9248697E+06   9.2119599E+06   9.4438796E+03   8.1094634E+05   6.9249557E+06   6.9248697E+06   0.0000000E+00   0.0000000E+00   0.0000000E+00   0.0000000E+00   0.0000000E+00
   4.3638606E-05   6.9248550E+06   6.9248550E+06   9.2086631E+06   9.4417695E+03   8.1085508E+05   6.9249398E+06   6.9248550E+06   0.0000000E+00   0.0000000E+00   0.0000000E+00   0.0000000E+00   0.0000000E+00
   4.6894387E-05   6.9248379E+06   6.9248379E+06   9.2048574E+06   9.4393334E+03   8.1074976E+05   6.9249216E+06   6.9248379E+06   0.0000000E+00   0.0000000E+00   0.0000000E+00   0.0000000E+00   0.0000000E+00
   5.0393076E-05   6.9248182E+06   6.9248182E+06   9.2004645E+06   9.4365212E+03   8.1062823E+05   6.9249005E+06   6.9248182E+06   0.0000000E+00   0.0000000E+00   0.0000000E+00   0.0000000E+00   0.0000000E+00
   5.4152794E-05   6.9247955E+06   6.9247955E+06   9.1953941E+06   9.4332749E+03   8.1048800E+05   6.9248761E+06   6.9247955E+06   0.0000000E+00   0.0000000E+00   0.0000000E+00   0.0000000E+00   0.0000000E+00
   5.8193016E-05   6.9247692E+06   6.9247692E+06   9.1895423E+06   9.4295277E+03   8.1032623E+05   6.9248480E+06   6.9247692E+06   0.0000000E+00   0.0000000E+00   0.0000000E+00   0.0000000E+00   0.0000000E+00
   6.2534670E-05   6.9247389E+06   6.9247389E+06   9.1827891E+06   9.4252026E+03   8.1013961E+05   6.9248155E+06   6.9247389E+06   0.0000000E+00   0.0000000E+00   0.0000000E+00   0.0000000E+00   0.0000000E+00
   6.7200246E-05   6.9247039E+06   6.9247039E+06   9.1749966E+06   9.4202110E+03   8.0992439E+05   6.9247780E+06   6.9247039E+06   0.0000000E+00   0.0000000E+00   0.0000000E+00   0.0000000E+00   0.0000000E+00
   7.2213911E-05   6.9246635E+06   6.9246635E+06   9.1660058E+06   9.4144505E+03   8.0967621E+05   6.9247347E+06   6.9246635E+06   0.0000000E+00   0.0000000E+00   0.0000000E+00   0.0000000E+00   0.0000000E+00
   7.7601634E-05   6.9246168E+06   6.9246168E+06   9.1556339E+06   9.4078035E+03   8.0939011E+05   6.9246847E+06   6.9246168E+06   0.0000000E+00   0.0000000E+00   0.0000000E+00   0.0000000E+00   0.0000000E+00
   8.3391323E-05   6.9245629E+06   6.9245629E+06   9.1436706E+06   9.4001343E+03   8.0906037E+05   6.9246270E+06   6.9245629E+06   0.0000000E+00   0.0000000E+00   0.0000000E+00   0.0000000E+00   0.0000000E+00
   8.9612969E-05   6.9245008E+06   6.9245008E+06   9.1298742E+06   9.3912871E+03   8.0868045E+05   6.9245604E+06   6.9245008E+06   0.0000000E+00   0.0000000E+00   0.0000000E+00   0.0000000E+00   0.0000000E+00
   9.6298798E-05   6.9244290E+06   6.9244290E+06   9.1139670E+06   9.3810824E+03   8.0824287E+05   6.9244835E+06   6.9244290E+06   0.0000000E+00   0.0000000E+00   0.0000000E+00   0.0000000E+00   0.0000000E+00
   1.0348344E-04   6.9243461E+06   6.9243461E+06   9.0956308E+06   9.3693141E+03   8.0773908E+05   6.9243947E+06   6.9243461E+06   0.0000000E+00   0.0000000E+00   0.0000000E+00   0.0000000E+00   0.0000000E+00
   1.1120412E-04   6.9242504E+06   6.9242504E+06   9.0745003E+06   9.3557454E+03   8.0715934E+05   6.9242922E+06   6.9242504E+06   0.0000000E+00   0.0000000E+00   0.0000000E+00   0.0000000E+00   0.0000000E+00
   1.1950081E-04   6.9241400E+06   6.9241400E+06   9.0501577E+06   9.3401048E+03   8.0649255E+05   6.9241739E+06   6.9241400E+06   0.0000000E+00   0.0000000E+00   0.0000000E+00   0.0000000E+00   0.0000000E+00
   1.2841651E-04   6.9240125E+06   6.9240125E+06   9.0221251E+06   9.3220808E+03   8.0572613E+05   6.9240374E+06   6.9240125E+06   0.0000000E+00   0.0000000E+00   0.0000000E+00   0.0000000E+00   0.0000000E+00
   1.3799739E-04   6.9238655E+06   6.9238655E+06   8.9898569E+06   9.3013170E+03   8.0484582E+05   6.9238799E+06   6.9238655E+06   0.0000000E+00   0.0000000E+00   0.0000000E+00   0.0000000E+00   0.0000000E+00
   1.4829307E-04   6.9236957E+06   6.9236957E+06   8.9527317E+06   9.2774058E+03   8.0383556E+05   6.9236981E+06   6.9236957E+06   0.0000000E+00   0.0000000E+00   0.0000000E+00   0.0000000E+00   0.0000000E+00
   1.5935690E-04   6.9234999E+06   6.9234999E+06   8.9100430E+06   9.2498819E+03   8.0267727E+05   6.9234884E+06   6.9234999E+06   0.0000000E+00   0.0000000E+00   0.0000000E+00   0.0000000E+00   0.0000000E+00
   1.7124617E-04   6.9232740E+06   6.9232740E+06   8.8609895E+06   9.2182153E+03   8.0135077E+05   6.9232464E+06   6.9232740E+06   0.0000000E+00   0.0000000E+00   0.0000000E+00   0.0000000E+00   0.0000000E+00
   1.8402247E-04   6.9230134E+06   6.9230134E+06   8.8046656E+06   9.1818032E+03   7.9983360E+05   6.9229673E+06   6.9230134E+06   0.0000000E+00   0.0000000E+00   0.0000000E+00   0.0000000E+00   0.0000000E+00
   1.9775199E-04   6.9227129E+06   6.9227129E+06   8.7400510E+06   9.1399624E+03   7.9810096E+05   6.9226454E+06   6.9227129E+06   0.0000000E+00   0.0000000E+00   0.0000000E+00   0.0000000E+00   0.0000000E+00
   2.1250584E-04   6.9223663E+06   6.9223663E+06   8.6660016E+06   9.0919202E+03   7.9612571E+05   6.9222743E+06   6.9223663E+06   0.0000000E+00   0.0000000E+00   0.0000000E+00   0.0000000E+00   0.0000000E+00
   2.2836044E-04   6.9219669E+06   6.9219669E+06   8.5812405E+06   9.0368065E+03   7.9387845E+05   6.9218465E+06   6.9219669E+06   0.0000000E+00   0.0000000E+00   0.0000000E+00   0.0000000E+00   0.0000000E+00
   2.4539791E-04   6.9215065E+06   6.9215065E+06   8.4843514E+06   8.9736449E+03   7.9132771E+05   6.9213535E+06   6.9215065E+06   0.0000000E+00   0.0000000E+00   0.0000000E+00   0.0000000E+00   0.0000000E+00
   2.6370652E-04   6.9209760E+06   6.9209760E+06   8.3737753E+06   8.9013458E+03   7.8844043E+05   6.9207855E+06   6.9209760E+06   0.0000000E+00   0.0000000E+00   0.0000000E+00   0.0000000E+00   0.0000000E+00
   2.8338109E-04   6.9203651E+06   6.9203651E+06   8.2478112E+06   8.8187005E+03   7.8518257E+05   6.9201314E+06   6.9203651E+06   0.0000000E+00   0.0000000E+00   0.0000000E+00   0.0000000E+00   0.0000000E+00
   3.0452354E-04   6.9196617E+06   6.9196617E+06   8.1046241E+06   8.7243775E+03   7.8152015E+05   6.9193784E+06   6.9196617E+06   0.0000000E+00   0.0000000E+00   0.0000000E+00   0.0000000E+00   0.0000000E+00
   3.2724338E-04   6.9188523E+06   6.9188523E+06   7.9422618E+06   8.6169235E+03   7.7742065E+05   6.9185119E+06   6.9188523E+06   0.0000000E+00   0.0000000E+00   0.0000000E+00   0.0000000E+00   0.0000000E+00
   3.5165829E-04   6.9179213E+06   6.9179213E+06   7.7586850E+06   8.4947689E+03   7.7285497E+05   6.9175154E+06   6.9179213E+06   0.0000000E+00   0.0000000E+00   0.0000000E+00   0.0000000E+00   0.0000000E+00
   3.7789476E-04   6.9168511E+06   6.9168511E+06   7.5518134E+06   8.3562419E+03   7.6779993E+05   6.9163701E+06   6.9168511E+06   0.0000000E+00   0.0000000E+00   0.0000000E+00   0.0000000E+00   0.0000000E+00
   4.0608866E-04   6.9156217E+06   6.9156217E+06   7.3195936E+06   8.1995920E+03   7.6224157E+05   6.9150547E+06   6.9156217E+06   0.0000000E+00   0.0000000E+00   0.0000000E+00   0.0000000E+00   0.0000000E+00
   4.3638606E-04   6.9142106E+06   6.9142106E+06   7.0600932E+06   8.0230276E+03   7.5617904E+05   6.9135450E+06   6.9142106E+06   0.0000000E+00   0.0000000E+00   0.0000000E+00   0.0000000E+00   0.0000000E+00
   4.6894387E-04   6.9125923E+06   6.9125923E+06   6.7716272E+06   7.8247702E+03   7.4962933E+05   6.9118140E+06   6.9125923E+06   0.0000000E+00   0.0000000E+00   0.0000000E+00   0.0000000E+00   0.0000000E+00
   5.0393076E-04   6.9107380E+06   6.9107380E+06   6.4529218E+06   7.6031304E+03   7.4263237E+05   6.9098312E+06   6.9107380E+06   0.0000000E+00   0.0000000E+00   0.0000000E+00   0.0000000E+00   0.0000000E+00
   5.4152794E-04   6.9086159E+06   6.9086159E+06   6.1033191E+06   7.3566083E+03   7.3525638E+05   6.9075627E+06   6.9086159E+06   0.0000000E+00   0.0000000E+00   0.0000000E+00   0.0000000E+00   0.0000000E+00
   5.8193016E-04   6.9061901E+06   6.9061901E+06   5.7230242E+06   7.0840229E+03   7.2760254E+05   6.9049705E+06   6.9061901E+06   0.0000000E+00   0.0000000E+00   0.0000000E+00   0.0000000E+00   0.0000000E+00
   6.2534670E-04   6.9034211E+06   6.9034211E+06   5.3133897E+06   6.7846731E+03   7.1980797E+05   6.9020127E+06   6.9034211E+06   0.0000000E+00   0.0000000E+00   0.0000000E+00   0.0000000E+00   0.0000000E+00
   6.7200246E-04   6.9002651E+06   6.9002651E+06   4.8772256E+06   6.4585283E+03   7.1204525E+05   6.8986433E+06   6.9002651E+06   0.0000000E+00   0.0000000E+00   0.0000000E+00   0.0000000E+00   0.0000000E+00
   7.2213911E-04   6.8966741E+06   6.8966741E+06   4.4191086E+06   6.1064450E+03   7.0451623E+05   6.8948117E+06   6.8966741E+06   0.0000000E+00   0.0000000E+00   0.0000000E+00   0.0000000E+00   0.0000000E+00
   7.7601634E-04   6.8925956E+06   6.8925956E+06   3.9456501E+06   5.7303971E+03   6.9743713E+05   6.8904630E+06   6.8925956E+06   0.0000000E+00   0.0000000E+00   0.0000000E+00   0.0000000E+00   0.0000000E+00
   8.3391323E-04   6.8879727E+06   6.8879727E+06   3.4656588E+06   5.3336975E+03   6.9101187E+05   6.8855378E+06   6.8879727E+06   0.0000000E+00   0.0000000E+00   0.0000000E+00   0.0000000E+00   0.0000000E+00
   8.9612969E-04   6.8827439E+06   6.8827439E+06   2.9901134E+06   4.9211785E+03   6.8539082E+05   6.8799727E+06   6.8827439E+06   0.0000000E+00   0.0000000E+00   0.0000000E+00   0.0000000E+00   0.0000000E+00
   9.6298798E-04   6.8768432E+06   6.8768432E+06   2.5318410E+06   4.4992798E+03   6.8061424E+05   6.8736996E+06   6.8768432E+06   0.0000000E+00   0.0000000E+00   0.0000000E+00   0.0000000E+00   0.0000000E+00
   1.0348344E-03   6.8701997E+06   6.8701997E+06   2.1047905E+06   4.0759846E+03   6.7654335E+05   6.8666465E+06   6.8701997E+06   0.0000000E+00   0.0000000E+00   0.0000000E+00   0.0000000E+00   0.0000000E+00
   1.1120412E-03   6.8627379E+06   6.8627379E+06   1.7228130E+06   3.6605328E+03   6.7278940E+05   6.8587374E+06   6.8627379E+06   0.0000000E+00   0.0000000E+00   0.0000000E+00   0.0000000E+00   0.0000000E+00
   1.1950081E-03   6.8543770E+06   6.8543770E+06   1.3979294E+06   3.2628458E+03   6.6866076E+05   6.8498921E+06   6.8543770E+06   0.0000000E+00   0.0000000E+00   0.0000000E+00   0.0000000E+00   0.0000000E+00
   1.2841651E-03   6.8450309E+06   6.8450309E+06   1.1382042E+06   2.8926298E+03   6.6316042E+05   6.8400260E+06   6.8450309E+06   0.0000000E+00   0.0000000E+00   0.0000000E+00   0.0000000E+00   0.0000000E+00
   1.3799739E-03   6.8346067E+06   6.8346067E+06   9.4555391E+05   2.5581890E+03   6.5507500E+05   6.8290494E+06   6.8346067E+06   0.0000000E+00   0.0000000E+00   0.0000000E+00   0.0000000E+00   0.0000000E+00
   1.4829307E-03   6.8230046E+06   6.8230046E+06   8.1408143E+05   2.2650853E+03   6.4319458E+05   6.8168672E+06   6.8230046E+06   0.0000000E+00   0.0000000E+00   0.0000000E+00   0.0000000E+00   0.0000000E+00
   1.5935690E-03   6.8101166E+06   6.8101166E+06   7.2975855E+05   2.0149259E+03   6.2667481E+05   6.8033775E+06   6.8101166E+06   0.0000000E+00   0.0000000E+00   0.0000000E+00   0.0000000E+00   0.0000000E+00
   1.7124617E-03   6.7958260E+06   6.7958260E+06   6.7230773E+05   1.8046922E+03   6.0548766E+05   6.7884713E+06   6.7958260E+06   0.0000000E+00   0.0000000E+00   0.0000000E+00   0.0000000E+00   0.0000000E+00
   1.8402247E-03   6.7800077E+06   6.7800077E+06   6.1973591E+05   1.6270754E+03   5.8080296E+05   6.7720318E+06   6.7800077E+06   0.0000000E+00   0.0000000E+00   0.0000000E+00   0.0000000E+00   0.0000000E+00
   1.9775199E-03   6.7625291E+06   6.7625291E+06   5.5494658E+05   1.4721390E+03   5.5503396E+05   6.7539351E+06   6.7625291E+06   0.0000000E+00   0.0000000E+00   0.0000000E+00   0.0000000E+00   0.0000000E+00
   2.1250584E-03   6.7432524E+06   6.7432524E+06   4.7228366E+05   1.3301866E+03   5.3125827E+05   6.7340516E+06   6.7432524E+06   0.0000000E+00   0.0000000E+00   0.0000000E+00   0.0000000E+00   0.0000000E+00
   2.2836044E-03   6.7220375E+06   6.7220375E+06   3.8041643E+05   1.1949996E+03   5.1192877E+05   6.7122473E+06   6.7220375E+06   0.0000000E+00   0.0000000E+00   0.0000000E+00   0.0000000E+00   0.0000000E+00
   2.4539791E-03   6.6987439E+06   6.6987439E+06   2.9807732E+05   1.0659153E+03   4.9730598E+05   6.6883855E+06   6.6987439E+06   0.0000000E+00   0.0000000E+00   0.0000000E+00   0.0000000E+00   0.0000000E+00
   2.6370652E-03   6.6732305E+06   6.6732305E+06   2.4238115E+05   9.4714687E+02   4.8470273E+05   6.6623253E+06   6.6732305E+06   0.0000000E+00   0.0000000E+00   0.0000000E+00   0.0000000E+00   0.0000000E+00
   2.8338109E-03   6.6453534E+06   6.6453534E+06   2.1568513E+05   8.4396377E+02   4.6979205E+05   6.6339203E+06   6.6453534E+06   0.0000000E+00   0.0000000E+00   0.0000000E+00   0.0000000E+00   0.0000000E+00
   3.0452354E-03   6.6149613E+06   6.6149613E+06   2.0206440E+05   7.5777165E+02   4.5000431E+05   6.6030141E+06   6.6149613E+06   0.0000000E+00   0.0000000E+00   0.0000000E+00   0.0000000E+00   0.0000000E+00
   3.2724338E-03   6.5818933E+06   6.5818933E+06   1.8070921E+05   6.8410794E+02   4.2744180E+05   6.5694406E+06   6.5818933E+06   0.0000000E+00   0.0000000E+00   0.0000000E+00   0.0000000E+00   0.0000000E+00
   3.5165829E-03   6.5459801E+06   6.5459801E+06   1.4723581E+05   6.1622983E+02   4.0727120E+05   6.5330266E+06   6.5459801E+06   0.0000000E+00   0.0000000E+00   0.0000000E+00   0.0000000E+00   0.0000000E+00
   3.7789476E-03   6.5070483E+06   6.5070483E+06   1.1821474E+05   5.5142483E+02   3.9130812E+05   6.4935980E+06   6.5070483E+06   0.0000000E+00   0.0000000E+00   0.0000000E+00   0.0000000E+00   0.0000000E+00
   4.0608866E-03   6.4649225E+06   6.4649225E+06   1.0684828E+05   4.9252396E+02   3.7456003E+05   6.4509815E+06   6.4649225E+06   0.0000000E+00   0.0000000E+00   0.0000000E+00   0.0000000E+00   0.0000000E+00
   4.3638606E-03   6.4194215E+06   6.4194215E+06   1.0071537E+05   4.4179412E+02   3.5261118E+05   6.4049999E+06   6.4194215E+06   0.0000000E+00   0.0000000E+00   0.0000000E+00   0.0000000E+00   0.0000000E+00
   4.6894387E-03   6.3703561E+06   6.3703561E+06   8.2836323E+04   3.9622081E+02   3.3044651E+05   6.3554695E+06   6.3703561E+06   0.0000000E+00   0.0000000E+00   0.0000000E+00   0.0000000E+00   0.0000000E+00
   5.0393076E-03   6.3175350E+06   6.3175350E+06   6.4508616E+04   3.5275825E+02   3.1375665E+05   6.3022053E+06   6.3175350E+06   0.0000000E+00   0.0000000E+00   0.0000000E+00   0.0000000E+00   0.0000000E+00
   5.4152794E-03   6.2607713E+06   6.2607713E+06   5.9438182E+04   3.1342065E+02   2.9645502E+05   6.2450285E+06   6.2607713E+06   0.0000000E+00   0.0000000E+00   0.0000000E+00   0.0000000E+00   0.0000000E+00
   5.8193016E-03   6.1998790E+06   6.1998790E+06   5.1755254E+04   2.7900808E+02   2.7580245E+05   6.1837601E+06   6.1998790E+06   0.0000000E+00   0.0000000E+00   0.0000000E+00   0.0000000E+00   0.0000000E+00
   6.2534670E-03   6.1346702E+06   6.1346702E+06   4.0438945E+04   2.4703292E+02   2.5985469E+05   6.1182133E+06   6.1346702E+06   0.0000000E+00   0.0000000E+00   0.0000000E+00   0.0000000E+00   0.0000000E+00
   6.7200246E-03   6.0649568E+06   6.0649568E+06   3.8739926E+04   2.1867366E+02   2.4286304E+05   6.0481928E+06   6.0649568E+06   0.0000000E+00   0.0000000E+00   0.0000000E+00   0.0000000E+00   0.0000000E+00
   7.2213911E-03   5.9905441E+06   5.9905441E+06   3.1342980E+04   1.9373225E+02   2.2375998E+05   5.9734993E+06   5.9905441E+06   0.0000000E+00   0.0000000E+00   0.0000000E+00   0.0000000E+00   0.0000000E+00
   7.7601634E-03   5.9112341E+06   5.9112341E+06   2.6732629E+04   1.7034775E+02   2.0917285E+05   5.8939462E+06   5.9112341E+06   0.0000000E+00   0.0000000E+00   0.0000000E+00   0.0000000E+00   0.0000000E+00
   8.3391323E-03   5.8268361E+06   5.8268361E+06   2.3025429E+04   1.4981825E+02   1.9179144E+05   5.8093589E+06   5.8268361E+06   0.0000000E+00   0.0000000E+00   0.0000000E+00   0.0000000E+00   0.0000000E+00
   8.9612969E-03   5.7371622E+06   5.7371622E+06   1.9360530E+04   1.3122714E+02   1.7870023E+05   5.7195451E+06   5.7371622E+06   0.0000000E+00   0.0000000E+00   0.0000000E+00   0.0000000E+00   0.0000000E+00
   9.6298798E-03   5.6420230E+06   5.6420230E+06   1.6616365E+04   1.1503196E+02   1.6256990E+05   5.6243037E+06   5.6420230E+06   0.0000000E+00   0.0000000E+00   0.0000000E+00   0.0000000E+00   0.0000000E+00
   1.0348344E-02   5.5412264E+06   5.5412264E+06   1.4593694E+04   1.0019966E+02   1.4994004E+05   5.5234525E+06   5.5412264E+06   0.0000000E+00   0.0000000E+00   0.0000000E+00   0.0000000E+00   0.0000000E+00
   1.1120412E-02   5.4345878E+06   5.4345878E+06   1.1312230E+04   8.7207943E+01   1.3674502E+05   5.4168133E+06   5.4345878E+06   0.0000000E+00   0.0000000E+00   0.0000000E+00   0.0000000E+00   0.0000000E+00
   1.1950081E-02   5.3219278E+06   5.3219278E+06   1.0431372E+04   7.5706028E+01   1.2396271E+05   5.3042004E+06   5.3219278E+06   0.0000000E+00   0.0000000E+00   0.0000000E+00   0.0000000E+00   0.0000000E+00
   1.2841651E-02   5.2030747E+06   5.2030747E+06   8.9512856E+03   6.5450106E+01   1.1309283E+05   5.1854449E+06   5.2030747E+06   0.0000000E+00   0.0000000E+00   0.0000000E+00   0.0000000E+00   0.0000000E+00
   1.3799739E-02   5.0778744E+06   5.0778744E+06   7.1115910E+03   5.6426036E+01   1.0265156E+05   5.0603963E+06   5.0778744E+06   0.0000000E+00   0.0000000E+00   0.0000000E+00   0.0000000E+00   0.0000000E+00
   1.4829307E-02   4.9461948E+06   4.9461948E+06   5.8681190E+03   4.8546771E+01   9.2293114E+04   4.9289183E+06   4.9461948E+06   0.0000000E+00   0.0000000E+00   0.0000000E+00   0.0000000E+00   0.0000000E+00
   1.5935690E-02   4.8079373E+06   4.8079373E+06   4.9266810E+03   4.1593528E+01   8.2786895E+04   4.7909140E+06   4.8079373E+06   0.0000000E+00   0.0000000E+00   0.0000000E+00   0.0000000E+00   0.0000000E+00
   1.7124617E-02   4.6630536E+06   4.6630536E+06   4.1839690E+03   3.5539569E+01   7.4182991E+04   4.6463360E+06   4.6630536E+06   0.0000000E+00   0.0000000E+00   0.0000000E+00   0.0000000E+00   0.0000000E+00
   1.8402247E-02   4.5115640E+06   4.5115640E+06   3.4854168E+03   3.0237967E+01   6.6317234E+04   4.4952016E+06   4.5115640E+06   0.0000000E+00   0.0000000E+00   0.0000000E+00   0.0000000E+00   0.0000000E+00
   1.9775199E-02   4.3535825E+06   4.3535825E+06   2.9311877E+03   2.5643261E+01   5.9177814E+04   4.3376243E+06   4.3535825E+06   0.0000000E+00   0.0000000E+00   0.0000000E+00   0.0000000E+00   0.0000000E+00
   2.1250583E-02   4.1893476E+06   4.1893476E+06   2.5113923E+03   2.1660057E+01   5.2588866E+04   4.1738414E+06   4.1893476E+06   0.0000000E+00   0.0000000E+00   0.0000000E+00   0.0000000E+00   0.0000000E+00
   2.2836040E-02   4.0192589E+06   4.0192589E+06   2.1513505E+03   1.8232190E+01   4.6383206E+04   4.0042483E+06   4.0192589E+06   0.0000000E+00   0.0000000E+00   0.0000000E+00   0.0000000E+00   0.0000000E+00
   2.4539769E-02   3.8439177E+06   3.8439177E+06   1.7018919E+03   1.5282534E+01   4.0854270E+04   3.8294446E+06   3.8439177E+06   0.0000000E+00   0.0000000E+00   0.0000000E+00   0.0000000E+00   0.0000000E+00
   2.6370535E-02   3.6641739E+06   3.6641739E+06   1.4464248E+03   1.2752782E+01   3.6042055E+04   3.6502743E+06   3.6641739E+06   0.0000000E+00   0.0000000E+00   0.0000000E+00   0.0000000E+00   0.0000000E+00
   2.8337579E-02   3.4811766E+06   3.4811766E+06   1.1468063E+03   1.0601596E+01   3.1479573E+04   3.4678810E+06   3.4811766E+06   0.0000000E+00   0.0000000E+00   0.0000000E+00   0.0000000E+00   0.0000000E+00
   3.0450263E-02   3.2964353E+06   3.2964353E+06   9.8288406E+02   8.7777612E+00   2.7491817E+04   3.2837672E+06   3.2964353E+06   0.0000000E+00   0.0000000E+00   0.0000000E+00   0.0000000E+00   0.0000000E+00
   3.2717062E-02   3.1118948E+06   3.1118948E+06   8.1248542E+02   7.2400281E+00   2.4031915E+04   3.0998687E+06   3.1118948E+06   0.0000000E+00   0.0000000E+00   0.0000000E+00   0.0000000E+00   0.0000000E+00
   3.5143365E-02   2.9300207E+06   2.9300207E+06   6.6325016E+02   5.9546147E+00   2.0938295E+04   2.9186401E+06   2.9300207E+06   0.0000000E+00   0.0000000E+00   0.0000000E+00   0.0000000E+00   0.0000000E+00
   3.7727552E-02   2.7538469E+06   2.7538469E+06   5.3574170E+02   4.8907938E+00   1.8205095E+04   2.7431019E+06   2.7538469E+06   0.0000000E+00   0.0000000E+00   0.0000000E+00   0.0000000E+00   0.0000000E+00
   4.0455929E-02   2.5868574E+06   2.5868574E+06   4.1747329E+02   4.0196948E+00   1.5904135E+04   2.5767231E+06   2.5868574E+06   0.0000000E+00   0.0000000E+00   0.0000000E+00   0.0000000E+00   0.0000000E+00
   4.3299279E-02   2.4325333E+06   2.4325333E+06   3.4889445E+02   3.3162940E+00   1.4033857E+04   2.4229697E+06   2.4325333E+06   0.0000000E+00   0.0000000E+00   0.0000000E+00   0.0000000E+00   0.0000000E+00
   4.6215599E-02   2.2935550E+06   2.2935550E+06   2.9838047E+02   2.7564693E+00   1.2337243E+04   2.2845099E+06   2.2935550E+06   0.0000000E+00   0.0000000E+00   0.0000000E+00   0.0000000E+00   0.0000000E+00
   4.9160471E-02   2.1710353E+06   2.1710353E+06   2.3512948E+02   2.3135121E+00   1.1038633E+04   2.1624504E+06   2.1710353E+06   0.0000000E+00   0.0000000E+00   0.0000000E+00   0.0000000E+00   0.0000000E+00
   5.2099228E-02   2.0643183E+06   2.0643183E+06   2.1216267E+02   1.9634850E+00   9.9441824E+03   2.0561367E+06   2.0643183E+06   0.0000000E+00   0.0000000E+00   0.0000000E+00   0.0000000E+00   0.0000000E+00
   5.5013003E-02   1.9714404E+06   1.9714404E+06   1.7310195E+02   1.6850265E+00   9.0144656E+03   1.9636114E+06   1.9714404E+06   0.0000000E+00   0.0000000E+00   0.0000000E+00   0.0000000E+00   0.0000000E+00
   5.7897200E-02   1.8898379E+06   1.8898379E+06   1.5221092E+02   1.4602960E+00   8.3044312E+03   1.8823202E+06   1.8898379E+06   0.0000000E+00   0.0000000E+00   0.0000000E+00   0.0000000E+00   0.0000000E+00
   6.0756550E-02   1.8169025E+06   1.8169025E+06   1.3583741E+02   1.2765205E+00   7.6350185E+03   1.8096642E+06   1.8169025E+06   0.0000000E+00   0.0000000E+00   0.0000000E+00   0.0000000E+00   0.0000000E+00
   6.3600494E-02   1.7502781E+06   1.7502781E+06   1.1437725E+02   1.1233459E+00   7.0938634E+03   1.7432961E+06   1.7502781E+06   0.0000000E+00   0.0000000E+00   0.0000000E+00   0.0000000E+00   0.0000000E+00
   6.6440182E-02   1.6879739E+06   1.6879739E+06   1.0407709E+02   9.9373935E-01   6.6241015E+03   1.6812325E+06   1.6879739E+06   0.0000000E+00   0.0000000E+00   0.0000000E+00   0.0000000E+00   0.0000000E+00
   6.9286883E-02   1.6283864E+06   1.6283864E+06   9.3248068E+01   8.8247087E-01   6.1721991E+03   1.6218762E+06   1.6283864E+06   0.0000000E+00   0.0000000E+00   0.0000000E+00   0.0000000E+00   0.0000000E+00
   7.2151270E-02   1.5702874E+06   1.5702874E+06   8.0234608E+01   7.8568875E-01   5.7756434E+03   1.5640036E+06   1.5702874E+06   0.0000000E+00   0.0000000E+00   0.0000000E+00   0.0000000E+00   0.0000000E+00
   7.5043190E-02   1.5128045E+06   1.5128045E+06   7.2085568E+01   7.0056701E-01   5.4299751E+03   1.5067455E+06   1.5128045E+06   0.0000000E+00   0.0000000E+00   0.0000000E+00   0.0000000E+00   0.0000000E+00
   7.7971654E-02   1.4554005E+06   1.4554005E+06   6.6680628E+01   6.2525109E-01   5.0709975E+03   1.4495668E+06   1.4554005E+06   0.0000000E+00   0.0000000E+00   0.0000000E+00   0.0000000E+00   0.0000000E+00
   8.0944918E-02   1.3978533E+06   1.3978533E+06   5.5639060E+01   5.5810592E-01   4.7574196E+03   1.3922462E+06   1.3978533E+06   0.0000000E+00   0.0000000E+00   0.0000000E+00   0.0000000E+00   0.0000000E+00
   8.3970600E-02   1.3402301E+06   1.3402301E+06   5.3184877E+01   4.9812038E-01   4.4582282E+03   1.3348506E+06   1.3402301E+06   0.0000000E+00   0.0000000E+00   0.0000000E+00   0.0000000E+00   0.0000000E+00
   8.7055795E-02   1.2828540E+06   1.2828540E+06   4.4217860E+01   4.4441453E-01   4.1717867E+03   1.2777016E+06   1.2828540E+06   0.0000000E+00   0.0000000E+00   0.0000000E+00   0.0000000E+00   0.0000000E+00
   9.0207181E-02   1.2262572E+06   1.2262572E+06   4.1847305E+01   3.9637949E-01   3.8991481E+03   1.2213293E+06   1.2262572E+06   0.0000000E+00   0.0000000E+00   0.0000000E+00   0.0000000E+00   0.0000000E+00
   9.3431112E-02   1.1711205E+06   1.1711205E+06   3.6247415E+01   3.5351388E-01   3.6642893E+03   1.1664118E+06   1.1711205E+06   0.0000000E+00   0.0000000E+00   0.0000000E+00   0.0000000E+00   0.0000000E+00
   9.6733688E-02   1.1181982E+06   1.1181982E+06   3.1409533E+01   3.1542438E-01   3.4232631E+03   1.1137000E+06   1.1181982E+06   0.0000000E+00   0.0000000E+00   0.0000000E+00   0.0000000E+00   0.0000000E+00
   1.0012082E-01   1.0682299E+06   1.0682299E+06   2.8702185E+01   2.8168348E-01   3.2060534E+03   1.0639307E+06   1.0682299E+06   0.0000000E+00   0.0000000E+00   0.0000000E+00   0.0000000E+00   0.0000000E+00
   1.0359830E-01   1.0218463E+06   1.0218463E+06   2.6172504E+01   2.5194702E-01   3.0157609E+03   1.0177320E+06   1.0218463E+06   0.0000000E+00   0.0000000E+00   0.0000000E+00   0.0000000E+00   0.0000000E+00
   1.0717181E-01   9.7947735E+05   9.7947735E+05   2.3581309E+01   2.2582390E-01   2.8447769E+03   9.7553203E+05   9.7947735E+05   0.0000000E+00   0.0000000E+00   0.0000000E+00   0.0000000E+00   0.0000000E+00
   1.1084699E-01   9.4127229E+05   9.4127229E+05   2.1089535E+01   2.0292081E-01   2.6909840E+03   9.3747943E+05   9.4127229E+05   0.0000000E+00   0.0000000E+00   0.0000000E+00   0.0000000E+00   0.0000000E+00
   1.1462943E-01   9.0704767E+05   9.0704767E+05   1.8757502E+01   1.8283293E-01   2.5545736E+03   9.0339141E+05   9.0704767E+05   0.0000000E+00   0.0000000E+00   0.0000000E+00   0.0000000E+00   0.0000000E+00
   1.1852473E-01   8.7627382E+05   8.7627382E+05   1.6707442E+01   1.6514084E-01   2.4339974E+03   8.7274042E+05   8.7627382E+05   0.0000000E+00   0.0000000E+00   0.0000000E+00   0.0000000E+00   0.0000000E+00
   1.2253851E-01   8.4811164E+05   8.4811164E+05   1.4951016E+01   1.4943971E-01   2.3275264E+03   8.4469072E+05   8.4811164E+05   0.0000000E+00   0.0000000E+00   0.0000000E+00   0.0000000E+00   0.0000000E+00
   1.2667639E-01   8.2150391E+05   8.2150391E+05   1.4145530E+01   1.3536864E-01   2.2262046E+03   8.1818933E+05   8.2150391E+05   0.0000000E+00   0.0000000E+00   0.0000000E+00   0.0000000E+00   0.0000000E+00
   1.3094406E-01   7.9531706E+05   7.9531706E+05   1.2264843E+01   1.2259520E-01   2.1256034E+03   7.9210725E+05   7.9531706E+05   0.0000000E+00   0.0000000E+00   0.0000000E+00   0.0000000E+00   0.0000000E+00
   1.3534722E-01   7.6851802E+05   7.6851802E+05   1.1591527E+01   1.1086487E-01   2.0304288E+03   7.6541555E+05   7.6851802E+05   0.0000000E+00   0.0000000E+00   0.0000000E+00   0.0000000E+00   0.0000000E+00
   1.3989167E-01   7.4035900E+05   7.4035900E+05   1.0298721E+01   1.0000127E-01   1.9378929E+03   7.3736946E+05   7.4035900E+05   0.0000000E+00   0.0000000E+00   0.0000000E+00   0.0000000E+00   0.0000000E+00
   1.4458324E-01   7.1053354E+05   7.1053354E+05   9.0772461E+00   8.9909101E-02   1.8398172E+03   7.0766376E+05   7.1053354E+05   0.0000000E+00   0.0000000E+00   0.0000000E+00   0.0000000E+00   0.0000000E+00
   1.4942783E-01   6.7926347E+05   6.7926347E+05   8.1137651E+00   8.0558665E-02   1.7408346E+03   6.7651939E+05   6.7926347E+05   0.0000000E+00   0.0000000E+00   0.0000000E+00   0.0000000E+00   0.0000000E+00
   1.5443143E-01   6.4728233E+05   6.4728233E+05   7.3670440E+00   7.1969229E-02   1.6430838E+03   6.4466690E+05   6.4728233E+05   0.0000000E+00   0.0000000E+00   0.0000000E+00   0.0000000E+00   0.0000000E+00
   1.5960008E-01   6.1569811E+05   6.1569811E+05   6.6428000E+00   6.4184402E-02   1.5461090E+03   6.1320982E+05   6.1569811E+05   0.0000000E+00   0.0000000E+00   0.0000000E+00   0.0000000E+00   0.0000000E+00
   1.6493994E-01   5.8574661E+05   5.8574661E+05   5.7704200E+00   5.7239612E-02   1.4577016E+03   5.8337893E+05   5.8574661E+05   0.0000000E+00   0.0000000E+00   0.0000000E+00   0.0000000E+00   0.0000000E+00
   1.7045723E-01   5.5848107E+05   5.5848107E+05   5.2247644E+00   5.1136146E-02   1.3801429E+03   5.5622321E+05   5.5848107E+05   0.0000000E+00   0.0000000E+00   0.0000000E+00   0.0000000E+00   0.0000000E+00
   1.7615829E-01   5.3447510E+05   5.3447510E+05   4.5634801E+00   4.5829045E-02   1.3089103E+03   5.3231394E+05   5.3447510E+05   0.0000000E+00   0.0000000E+00   0.0000000E+00   0.0000000E+00   0.0000000E+00
   1.8204957E-01   5.1363096E+05   5.1363096E+05   4.1679204E+00   4.1219811E-02   1.2476063E+03   5.1155377E+05   5.1363096E+05   0.0000000E+00   0.0000000E+00   0.0000000E+00   0.0000000E+00   0.0000000E+00
   1.8813763E-01   4.9517311E+05   4.9517311E+05   3.7558825E+00   3.7180348E-02   1.1944232E+03   4.9317027E+05   4.9517311E+05   0.0000000E+00   0.0000000E+00   0.0000000E+00   0.0000000E+00   0.0000000E+00
   1.9442918E-01   4.7786052E+05   4.7786052E+05   3.3577461E+00   3.3569661E-02   1.1458339E+03   4.7592745E+05   4.7786052E+05   0.0000000E+00   0.0000000E+00   0.0000000E+00   0.0000000E+00   0.0000000E+00
   2.0093110E-01   4.6037853E+05   4.6037853E+05   3.1131740E+00   3.0268714E-02   1.0975190E+03   4.5851593E+05   4.6037853E+05   0.0000000E+00   0.0000000E+00   0.0000000E+00   0.0000000E+00   0.0000000E+00
   2.0765045E-01   4.4179176E+05   4.4179176E+05   2.7430379E+00   2.7199071E-02   1.0459631E+03   4.4000415E+05   4.4179176E+05   0.0000000E+00   0.0000000E+00   0.0000000E+00   0.0000000E+00   0.0000000E+00
   2.1459450E-01   4.2188962E+05   4.2188962E+05   2.4986199E+00   2.4335089E-02   9.9338702E+02   4.2018234E+05   4.2188962E+05   0.0000000E+00   0.0000000E+00   0.0000000E+00   0.0000000E+00   0.0000000E+00
   2.2177078E-01   4.0126619E+05   4.0126619E+05   2.2192406E+00   2.1693319E-02   9.4015250E+02   3.9964220E+05   4.0126619E+05   0.0000000E+00   0.0000000E+00   0.0000000E+00   0.0000000E+00   0.0000000E+00
   2.2918710E-01   3.8106534E+05   3.8106534E+05   1.9821447E+00   1.9308748E-02   8.8806260E+02   3.7952294E+05   3.8106534E+05   0.0000000E+00   0.0000000E+00   0.0000000E+00   0.0000000E+00   0.0000000E+00
   2.3685161E-01   3.6246663E+05   3.6246663E+05   1.7494259E+00   1.7207725E-02   8.3988575E+02   3.6099938E+05   3.6246663E+05   0.0000000E+00   0.0000000E+00   0.0000000E+00   0.0000000E+00   0.0000000E+00
   2.4477286E-01   3.4613075E+05   3.4613075E+05   1.5616473E+00   1.5386343E-02   7.9916451E+02   3.4472950E+05   3.4613075E+05   0.0000000E+00   0.0000000E+00   0.0000000E+00   0.0000000E+00   0.0000000E+00
   2.5295983E-01   3.3188106E+05   3.3188106E+05   1.3890124E+00   1.3807314E-02   7.6264177E+02   3.3053738E+05   3.3188106E+05   0.0000000E+00   0.0000000E+00   0.0000000E+00   0.0000000E+00   0.0000000E+00
   2.6142205E-01   3.1881345E+05   3.1881345E+05   1.2543645E+00   1.2411722E-02   7.2940526E+02   3.1752258E+05   3.1881345E+05   0.0000000E+00   0.0000000E+00   0.0000000E+00   0.0000000E+00   0.0000000E+00
   2.7016965E-01   3.0580849E+05   3.0580849E+05   1.1214874E+00   1.1143258E-02   6.9707568E+02   3.0457018E+05   3.0580849E+05   0.0000000E+00   0.0000000E+00   0.0000000E+00   0.0000000E+00   0.0000000E+00
   2.7921346E-01   2.9217291E+05   2.9217291E+05   1.0197788E+00   9.9697130E-03   6.6366444E+02   2.9098973E+05   2.9217291E+05   0.0000000E+00   0.0000000E+00   0.0000000E+00   0.0000000E+00   0.0000000E+00
   2.8856512E-01   2.7801981E+05   2.7801981E+05   8.9689847E-01   8.8870922E-03   6.2931991E+02   2.7689387E+05   2.7801981E+05   0.0000000E+00   0.0000000E+00   0.0000000E+00   0.0000000E+00   0.0000000E+00
   2.9823721E-01   2.6412473E+05   2.6412473E+05   7.9849862E-01   7.9091366E-03   5.9590123E+02   2.6305500E+05   2.6412473E+05   0.0000000E+00   0.0000000E+00   0.0000000E+00   0.0000000E+00   0.0000000E+00
   3.0824340E-01   2.5133457E+05   2.5133457E+05   7.1493619E-01   7.0474738E-03   5.6526430E+02   2.5031658E+05   2.5133457E+05   0.0000000E+00   0.0000000E+00   0.0000000E+00   0.0000000E+00   0.0000000E+00
   3.1859857E-01   2.3994432E+05   2.3994432E+05   6.3992055E-01   6.2968809E-03   5.3791848E+02   2.3897241E+05   2.3994432E+05   0.0000000E+00   0.0000000E+00   0.0000000E+00   0.0000000E+00   0.0000000E+00
   3.2931908E-01   2.2951760E+05   2.2951760E+05   5.7474516E-01   5.6355636E-03   5.1324992E+02   2.2858788E+05   2.2951760E+05   0.0000000E+00   0.0000000E+00   0.0000000E+00   0.0000000E+00   0.0000000E+00
   3.4042293E-01   2.1930060E+05   2.1930060E+05   5.1248450E-01   5.0383382E-03   4.8906799E+02   2.1841222E+05   2.1930060E+05   0.0000000E+00   0.0000000E+00   0.0000000E+00   0.0000000E+00   0.0000000E+00
   3.5193004E-01   2.0887718E+05   2.0887718E+05   4.5475244E-01   4.4910201E-03   4.6476998E+02   2.0803099E+05   2.0887718E+05   0.0000000E+00   0.0000000E+00   0.0000000E+00   0.0000000E+00   0.0000000E+00
   3.6386260E-01   1.9847508E+05   1.9847508E+05   4.0445168E-01   3.9936092E-03   4.4054538E+02   1.9767100E+05   1.9847508E+05   0.0000000E+00   0.0000000E+00   0.0000000E+00   0.0000000E+00   0.0000000E+00
   3.7624538E-01   1.8864103E+05   1.8864103E+05   3.5875922E-01   3.5507805E-03   4.1781551E+02   1.8787676E+05   1.8864103E+05   0.0000000E+00   0.0000000E+00   0.0000000E+00   0.0000000E+00   0.0000000E+00
   3.8910622E-01   1.7963104E+05   1.7963104E+05   3.2124907E-01   3.1611380E-03   3.9704962E+02   1.7890324E+05   1.7963104E+05   0.0000000E+00   0.0000000E+00   0.0000000E+00   0.0000000E+00   0.0000000E+00
   4.0247657E-01   1.7117286E+05   1.7117286E+05   2.8581248E-01   2.8151177E-03   3.7755799E+02   1.7047930E+05   1.7117286E+05   0.0000000E+00   0.0000000E+00   0.0000000E+00   0.0000000E+00   0.0000000E+00
   4.1639212E-01   1.6284475E+05   1.6284475E+05   2.5329372E-01   2.5021773E-03   3.5858462E+02   1.6218492E+05   1.6284475E+05   0.0000000E+00   0.0000000E+00   0.0000000E+00   0.0000000E+00   0.0000000E+00
   4.3089361E-01   1.5457960E+05   1.5457960E+05   2.2476548E-01   2.2184306E-03   3.3979470E+02   1.5395324E+05   1.5457960E+05   0.0000000E+00   0.0000000E+00   0.0000000E+00   0.0000000E+00   0.0000000E+00
   4.4602782E-01   1.4665271E+05   1.4665271E+05   1.9915295E-01   1.9645483E-03   3.2182841E+02   1.4605845E+05   1.4665271E+05   0.0000000E+00   0.0000000E+00   0.0000000E+00   0.0000000E+00   0.0000000E+00
   4.6184884E-01   1.3921921E+05   1.3921921E+05   1.7616697E-01   1.7393610E-03   3.0503043E+02   1.3865505E+05   1.3921921E+05   0.0000000E+00   0.0000000E+00   0.0000000E+00   0.0000000E+00   0.0000000E+00
   4.7841955E-01   1.3210260E+05   1.3210260E+05   1.5586847E-01   1.5380122E-03   2.8904144E+02   1.3156727E+05   1.3210260E+05   0.0000000E+00   0.0000000E+00   0.0000000E+00   0.0000000E+00   0.0000000E+00
   4.9581361E-01   1.2511873E+05   1.2511873E+05   1.3741445E-01   1.3564157E-03   2.7338461E+02   1.2461168E+05   1.2511873E+05   0.0000000E+00   0.0000000E+00   0.0000000E+00   0.0000000E+00   0.0000000E+00
   5.1411796E-01   1.1834289E+05   1.1834289E+05   1.2084105E-01   1.1933096E-03   2.5821532E+02   1.1786329E+05   1.1834289E+05   0.0000000E+00   0.0000000E+00   0.0000000E+00   0.0000000E+00   0.0000000E+00
   5.3343593E-01   1.1187821E+05   1.1187821E+05   1.0614205E-01   1.0478755E-03   2.4382208E+02   1.1142480E+05   1.1187821E+05   0.0000000E+00   0.0000000E+00   0.0000000E+00   0.0000000E+00   0.0000000E+00
   5.5389137E-01   1.0563377E+05   1.0563377E+05   9.3009348E-02   9.1773335E-04   2.2991525E+02   1.0520566E+05   1.0563377E+05   0.0000000E+00   0.0000000E+00   0.0000000E+00   0.0000000E+00   0.0000000E+00
   5.7563388E-01   9.9533942E+04   9.9533942E+04   8.1154166E-02   8.0066986E-04   2.1639319E+02   9.9130545E+04   9.9533942E+04   0.0000000E+00   0.0000000E+00   0.0000000E+00   0.0000000E+00   0.0000000E+00
   5.9884563E-01   9.3631097E+04   9.3631097E+04   7.0525452E-02   6.9595199E-04   2.0334775E+02   9.3251616E+04   9.3631097E+04   0.0000000E+00   0.0000000E+00   0.0000000E+00   0.0000000E+00   0.0000000E+00
   6.2374997E-01   8.7906810E+04   8.7906810E+04   6.1012067E-02   6.0231498E-04   1.9070812E+02   8.7550522E+04   8.7906810E+04   0.0000000E+00   0.0000000E+00   0.0000000E+00   0.0000000E+00   0.0000000E+00
   6.5062249E-01   8.2309598E+04   8.2309598E+04   5.2509178E-02   5.1833286E-04   1.7838845E+02   8.1975989E+04   8.2309598E+04   0.0000000E+00   0.0000000E+00   0.0000000E+00   0.0000000E+00   0.0000000E+00
   6.7980446E-01   7.6853160E+04   7.6853160E+04   4.4911269E-02   4.4333851E-04   1.6640717E+02   7.6541661E+04   7.6853160E+04   0.0000000E+00   0.0000000E+00   0.0000000E+00   0.0000000E+00   0.0000000E+00
   7.1171826E-01   7.1512234E+04   7.1512234E+04   3.8126551E-02   3.7635659E-04   1.5471418E+02   7.1222378E+04   7.1512234E+04   0.0000000E+00   0.0000000E+00   0.0000000E+00   0.0000000E+00   0.0000000E+00
   7.4688294E-01   6.6276264E+04   6.6276264E+04   3.2085992E-02   3.1674399E-04   1.4325607E+02   6.6007627E+04   6.6276264E+04   0.0000000E+00   0.0000000E+00   0.0000000E+00   0.0000000E+00   0.0000000E+00
   7.8592456E-01   6.1140536E+04   6.1140536E+04   2.6732117E-02   2.6390370E-04   1.3203810E+02   6.0892712E+04   6.1140536E+04   0.0000000E+00   0.0000000E+00   0.0000000E+00   0.0000000E+00   0.0000000E+00
   8.2957102E-01   5.6106050E+04   5.6106050E+04   2.2017411E-02   2.1736964E-04   1.2107067E+02   5.5878629E+04   5.6106050E+04   0.0000000E+00   0.0000000E+00   0.0000000E+00   0.0000000E+00   0.0000000E+00
   8.7861455E-01   5.1187886E+04   5.1187886E+04   1.7907369E-02   1.7679330E-04   1.1037393E+02   5.0980398E+04   5.1187886E+04   0.0000000E+00   0.0000000E+00   0.0000000E+00   0.0000000E+00   0.0000000E+00
   9.3382580E-01   4.6419186E+04   4.6419186E+04   1.4375538E-02   1.4193116E-04   1.0001894E+02   4.6231025E+04   4.6419186E+04   0.0000000E+00   0.0000000E+00   0.0000000E+00   0.0000000E+00   0.0000000E+00
   9.9582485E-01   4.1849877E+04   4.1849877E+04   1.1396793E-02   1.1252676E-04   9.0113497E+01   4.1680236E+04   4.1849877E+04   0.0000000E+00   0.0000000E+00   0.0000000E+00   0.0000000E+00   0.0000000E+00
   1.0649655E+00   3.7538640E+04   3.7538640E+04   8.9383640E-03   8.8259783E-05   8.0772971E+01   3.7386473E+04   3.7538640E+04   0.0000000E+00   0.0000000E+00   0.0000000E+00   0.0000000E+00   0.0000000E+00
   1.1413235E+00   3.3537891E+04   3.3537891E+04   6.9528861E-03   6.8655882E-05   7.2128685E+01   3.3401940E+04   3.3537891E+04   0.0000000E+00   0.0000000E+00   0.0000000E+00   0.0000000E+00   0.0000000E+00
   1.2248248E+00   2.9880908E+04   2.9880908E+04   5.3788746E-03   5.3115264E-05   6.4231496E+01   2.9759780E+04   2.9880908E+04   0.0000000E+00   0.0000000E+00   0.0000000E+00   0.0000000E+00   0.0000000E+00
   1.3154276E+00   2.6575857E+04   2.6575857E+04   4.1473754E-03   4.0959225E-05   5.7099045E+01   2.6468126E+04   2.6575857E+04   0.0000000E+00   0.0000000E+00   0.0000000E+00   0.0000000E+00   0.0000000E+00
   1.4132439E+00   2.3609704E+04   2.3609704E+04   3.1939296E-03   3.1525755E-05   5.0708148E+01   2.3513996E+04   2.3609704E+04   0.0000000E+00   0.0000000E+00   0.0000000E+00   0.0000000E+00   0.0000000E+00
   1.5185633E+00   2.0958737E+04   2.0958737E+04   2.4546061E-03   2.4239409E-05   4.5000340E+01   2.0873775E+04   2.0958737E+04   0.0000000E+00   0.0000000E+00   0.0000000E+00   0.0000000E+00   0.0000000E+00
   1.6318214E+00   1.8594521E+04   1.8594521E+04   1.8858040E-03   1.8624580E-05   3.9912079E+01   1.8519143E+04   1.8594521E+04   0.0000000E+00   0.0000000E+00   0.0000000E+00   0.0000000E+00   0.0000000E+00
   1.7535571E+00   1.6488571E+04   1.6488571E+04   1.4480656E-03   1.4302556E-05   3.5382973E+01   1.6421729E+04   1.6488571E+04   0.0000000E+00   0.0000000E+00   0.0000000E+00   0.0000000E+00   0.0000000E+00
   1.8843836E+00   1.4614255E+04   1.4614255E+04   1.1114159E-03   1.0978290E-05   3.1352927E+01   1.4555012E+04   1.4614255E+04   0.0000000E+00   0.0000000E+00   0.0000000E+00   0.0000000E+00   0.0000000E+00
   2.0249728E+00   1.2947145E+04   1.2947145E+04   8.5264796E-04   8.4229295E-06   2.7771235E+01   1.2894659E+04   1.2947145E+04   0.0000000E+00   0.0000000E+00   0.0000000E+00   0.0000000E+00   0.0000000E+00
   2.1760515E+00   1.1465206E+04   1.1465206E+04   6.5384453E-04   6.4595756E-06   2.4588536E+01   1.1418728E+04   1.1465206E+04   0.0000000E+00   0.0000000E+00   0.0000000E+00   0.0000000E+00   0.0000000E+00
   2.3384020E+00   1.0148628E+04   1.0148628E+04   5.0118562E-04   4.9517942E-06   2.1762093E+01   1.0107486E+04   1.0148628E+04   0.0000000E+00   0.0000000E+00   0.0000000E+00   0.0000000E+00   0.0000000E+00
   2.5128651E+00   8.9795575E+03   8.9795575E+03   3.8400406E-04   3.7944590E-06   1.9252659E+01   8.9431555E+03   8.9795575E+03   0.0000000E+00   0.0000000E+00   0.0000000E+00   0.0000000E+00   0.0000000E+00
   2.7003445E+00   7.9420169E+03   7.9420169E+03   2.9410891E-04   2.9065690E-06   1.7026200E+01   7.9098208E+03   7.9420169E+03   0.0000000E+00   0.0000000E+00   0.0000000E+00   0.0000000E+00   0.0000000E+00
   2.9018113E+00   7.0216682E+03   7.0216682E+03   2.2503654E-04   2.2255589E-06   1.5052196E+01   6.9932031E+03   7.0216682E+03   0.0000000E+00   0.0000000E+00   0.0000000E+00   0.0000000E+00   0.0000000E+00
   3.1183091E+00   6.2056653E+03   6.2056653E+03   1.7236660E-04   1.7035485E-06   1.3301355E+01   6.1805081E+03   6.2056653E+03   0.0000000E+00   0.0000000E+00   0.0000000E+00   0.0000000E+00   0.0000000E+00
   3.3509594E+00   5.4825146E+03   5.4825146E+03   1.3185668E-04   1.3035203E-06   1.1750730E+01   5.4602890E+03   5.4825146E+03   0.0000000E+00   0.0000000E+00   0.0000000E+00   0.0000000E+00   0.0000000E+00
   3.6009672E+00   4.8419396E+03   4.8419396E+03   1.0084060E-04   9.9710338E-07   1.0377025E+01   4.8223108E+03   4.8419396E+03   0.0000000E+00   0.0000000E+00   0.0000000E+00   0.0000000E+00   0.0000000E+00
   3.8696276E+00   4.2747583E+03   4.2747583E+03   7.7095302E-05   7.6248203E-07   9.1610597E+00   4.2574288E+03   4.2747583E+03   0.0000000E+00   0.0000000E+00   0.0000000E+00   0.0000000E+00   0.0000000E+00
   4.1583321E+00   3.7727735E+03   3.7727735E+03   5.8942815E-05   5.8289902E-07   8.0848003E+00   3.7574790E+03   3.7727735E+03   0.0000000E+00   0.0000000E+00   0.0000000E+00   0.0000000E+00   0.0000000E+00
   4.4685762E+00   3.3286723E+03   3.3286723E+03   4.5018790E-05   4.4548275E-07   7.1328415E+00   3.3151781E+03   3.3286723E+03   0.0000000E+00   0.0000000E+00   0.0000000E+00   0.0000000E+00   0.0000000E+00
   4.8019670E+00   2.9359353E+03   2.9359353E+03   3.4383796E-05   3.4037352E-07   6.2910132E+00   2.9240332E+03   2.9359353E+03   0.0000000E+00   0.0000000E+00   0.0000000E+00   0.0000000E+00   0.0000000E+00
   5.1602313E+00   2.5887546E+03   2.5887546E+03   2.6254641E-05   2.5999709E-07   5.5470299E+00   2.5782600E+03   2.5887546E+03   0.0000000E+00   0.0000000E+00   0.0000000E+00   0.0000000E+00   0.0000000E+00
   5.5452249E+00   2.2819598E+03   2.2819598E+03   2.0043661E-05   1.9855633E-07   4.8894532E+00   2.2727089E+03   2.2819598E+03   0.0000000E+00   0.0000000E+00   0.0000000E+00   0.0000000E+00   0.0000000E+00
   5.9589421E+00   2.0109502E+03   2.0109502E+03   1.5291634E-05   1.5160123E-07   4.3087071E+00   2.0027979E+03   2.0109502E+03   0.0000000E+00   0.0000000E+00   0.0000000E+00   0.0000000E+00   0.0000000E+00
   6.4035259E+00   1.7716352E+03   1.7716352E+03   1.1667956E-05   1.1572824E-07   3.7958947E+00   1.7644531E+03   1.7716352E+03   0.0000000E+00   0.0000000E+00   0.0000000E+00   0.0000000E+00   0.0000000E+00
   6.8812790E+00   1.5603796E+03   1.5603796E+03   8.8993361E-06   8.8328349E-08   3.3431824E+00   1.5540539E+03   1.5603796E+03   0.0000000E+00   0.0000000E+00   0.0000000E+00   0.0000000E+00   0.0000000E+00
   7.3946763E+00   1.3739544E+03   1.3739544E+03   6.7857215E-06   6.7404617E-08   2.9437060E+00   1.3683845E+03   1.3739544E+03   0.0000000E+00   0.0000000E+00   0.0000000E+00   0.0000000E+00   0.0000000E+00
   7.9463771E+00   1.2094935E+03   1.2094935E+03   5.1725944E-06   5.1431280E-08   2.5912810E+00   1.2045903E+03   1.2094935E+03   0.0000000E+00   0.0000000E+00   0.0000000E+00   0.0000000E+00   0.0000000E+00
   8.5392390E+00   1.0644538E+03   1.0644538E+03   3.9417098E-06   3.9238634E-08   2.2805125E+00   1.0601385E+03   1.0644538E+03   0.0000000E+00   0.0000000E+00   0.0000000E+00   0.0000000E+00   0.0000000E+00
