#           k/h    CDM            baryon         photon         nu             mass_nu        total          no_nu          total_de       Weyl           v_CDM          v_b            v_b-v_c     
   9.8810675E-06   1.1341750E+07   1.1341750E+07   1.5118540E+07   1.3802449E+04   2.7507419E+06   1.1341838E+07   1.1341750E+07   0.0000000E+00   0.0000000E+00   0.0000000E+00   0.0000000E+00   0.0000000E+00
   1.0618272E-05   1.1341748E+07   1.1341748E+07   1.5117950E+07   1.3802108E+04   2.7507130E+06   1.1341836E+07   1.1341748E+07   0.0000000E+00   0.0000000E+00   0.0000000E+00   0.0000000E+00   0.0000000E+00
   1.1410479E-05   1.1341745E+07   1.1341745E+07   1.5117268E+07   1.3801714E+04   2.7506797E+06   1.1341833E+07   1.1341745E+07   0.0000000E+00   0.0000000E+00   0.0000000E+00   0.0000000E+00   0.0000000E+00
   1.2261790E-05   1.1341742E+07   1.1341742E+07   1.5116481E+07   1.3801258E+04   2.7506412E+06   1.1341829E+07   1.1341742E+07   0.0000000E+00   0.0000000E+00   0.0000000E+00   0.0000000E+00   0.0000000E+00
   1.3176615E-05   1.1341738E+07   1.1341738E+07   1.5115572E+07   1.3800733E+04   2.7505968E+06   1.1341826E+07   1.1341738E+07   0.0000000E+00   0.0000000E+00   0.0000000E+00   0.0000000E+00   0.0000000E+00
   1.4159694E-05   1.1341734E+07   1.1341734E+07   1.5114523E+07   1.3800126E+04   2.7505455E+06   1.1341821E+07   1.1341734E+07   0.0000000E+00   0.0000000E+00   0.0000000E+00   0.0000000E+00   0.0000000E+00
   1.5216118E-05   1.1341729E+07   1.1341729E+07   1.5113311E+07   1.3799425E+04   2.7504862E+06   1.1341816E+07   1.1341729E+07   0.0000000E+00   0.0000000E+00   0.0000000E+00   0.0000000E+00   0.0000000E+00
   1.6351359E-05   1.1341724E+07   1.1341724E+07   1.5111912E+07   1.3798616E+04   2.7504178E+06   1.1341810E+07   1.1341724E+07   0.0000000E+00   0.0000000E+00   0.0000000E+00   0.0000000E+00   0.0000000E+00
   1.7571299E-05   1.1341717E+07   1.1341717E+07   1.5110296E+07   1.3797681E+04   2.7503388E+06   1.1341803E+07   1.1341717E+07   0.0000000E+00   0.0000000E+00   0.0000000E+00   0.0000000E+00   0.0000000E+00
   1.8882255E-05   1.1341710E+07   1.1341710E+07   1.5108431E+07   1.3796602E+04   2.7502476E+06   1.1341795E+07   1.1341710E+07   0.0000000E+00   0.0000000E+00   0.0000000E+00   0.0000000E+00   0.0000000E+00
   2.0291019E-05   1.1341701E+07   1.1341701E+07   1.5106277E+07   1.3795357E+04   2.7501423E+06   1.1341786E+07   1.1341701E+07   0.0000000E+00   0.0000000E+00   0.0000000E+00   0.0000000E+00   0.0000000E+00
   2.1804888E-05   1.1341691E+07   1.1341691E+07   1.5103789E+07   1.3793918E+04   2.7500208E+06   1.1341775E+07   1.1341691E+07   0.0000000E+00   0.0000000E+00   0.0000000E+00   0.0000000E+00   0.0000000E+00
   2.3431704E-05   1.1341679E+07   1.1341679E+07   1.5100918E+07   1.3792257E+04   2.7498805E+06   1.1341763E+07   1.1341679E+07   0.0000000E+00   0.0000000E+00   0.0000000E+00   0.0000000E+00   0.0000000E+00
   2.5179892E-05   1.1341666E+07   1.1341666E+07   1.5097602E+07   1.3790339E+04   2.7497184E+06   1.1341749E+07   1.1341666E+07   0.0000000E+00   0.0000000E+00   0.0000000E+00   0.0000000E+00   0.0000000E+00
   2.7058509E-05   1.1341650E+07   1.1341650E+07   1.5093775E+07   1.3788125E+04   2.7495314E+06   1.1341732E+07   1.1341650E+07   0.0000000E+00   0.0000000E+00   0.0000000E+00   0.0000000E+00   0.0000000E+00
   2.9077286E-05   1.1341633E+07   1.1341633E+07   1.5089356E+07   1.3785569E+04   2.7493156E+06   1.1341713E+07   1.1341633E+07   0.0000000E+00   0.0000000E+00   0.0000000E+00   0.0000000E+00   0.0000000E+00
   3.1246679E-05   1.1341612E+07   1.1341612E+07   1.5084254E+07   1.3782617E+04   2.7490664E+06   1.1341691E+07   1.1341612E+07   0.0000000E+00   0.0000000E+00   0.0000000E+00   0.0000000E+00   0.0000000E+00
   3.3577926E-05   1.1341588E+07   1.1341588E+07   1.5078365E+07   1.3779210E+04   2.7487788E+06   1.1341666E+07   1.1341588E+07   0.0000000E+00   0.0000000E+00   0.0000000E+00   0.0000000E+00   0.0000000E+00
   3.6083102E-05   1.1341561E+07   1.1341561E+07   1.5071567E+07   1.3775276E+04   2.7484470E+06   1.1341637E+07   1.1341561E+07   0.0000000E+00   0.0000000E+00   0.0000000E+00   0.0000000E+00   0.0000000E+00
   3.8775184E-05   1.1341529E+07   1.1341529E+07   1.5063721E+07   1.3770736E+04   2.7480641E+06   1.1341603E+07   1.1341529E+07   0.0000000E+00   0.0000000E+00   0.0000000E+00   0.0000000E+00   0.0000000E+00
   4.1668116E-05   1.1341492E+07   1.1341492E+07   1.5054665E+07   1.3765494E+04   2.7476222E+06   1.1341564E+07   1.1341492E+07   0.0000000E+00   0.0000000E+00   0.0000000E+00   0.0000000E+00   0.0000000E+00
   4.4776884E-05   1.1341450E+07   1.1341450E+07   1.5044214E+07   1.3759444E+04   2.7471125E+06   1.1341519E+07   1.1341450E+07   0.0000000E+00   0.0000000E+00   0.0000000E+00   0.0000000E+00   0.0000000E+00
   4.8117590E-05   1.1341401E+07   1.1341401E+07   1.5032154E+07   1.3752461E+04   2.7465246E+06   1.1341467E+07   1.1341401E+07   0.0000000E+00   0.0000000E+00   0.0000000E+00   0.0000000E+00   0.0000000E+00
   5.1707539E-05   1.1341345E+07   1.1341345E+07   1.5018238E+07   1.3744403E+04   2.7458467E+06   1.1341408E+07   1.1341345E+07   0.0000000E+00   0.0000000E+00   0.0000000E+00   0.0000000E+00   0.0000000E+00
   5.5565326E-05   1.1341280E+07   1.1341280E+07   1.5002184E+07   1.3735104E+04   2.7450649E+06   1.1341338E+07   1.1341280E+07   0.0000000E+00   0.0000000E+00   0.0000000E+00   0.0000000E+00   0.0000000E+00
   5.9710934E-05   1.1341205E+07   1.1341205E+07   1.4983665E+07   1.3724375E+04   2.7441638E+06   1.1341259E+07   1.1341205E+07   0.0000000E+00   0.0000000E+00   0.0000000E+00   0.0000000E+00   0.0000000E+00
   6.4165837E-05   1.1341118E+07   1.1341118E+07   1.4962308E+07   1.3711997E+04   2.7431254E+06   1.1341166E+07   1.1341118E+07   0.0000000E+00   0.0000000E+00   0.0000000E+00   0.0000000E+00   0.0000000E+00
   6.8953111E-05   1.1341018E+07   1.1341018E+07   1.4937680E+07   1.3697719E+04   2.7419290E+06   1.1341060E+07   1.1341018E+07   0.0000000E+00   0.0000000E+00   0.0000000E+00   0.0000000E+00   0.0000000E+00
   7.4097553E-05   1.1340902E+07   1.1340902E+07   1.4909289E+07   1.3681253E+04   2.7405513E+06   1.1340937E+07   1.1340902E+07   0.0000000E+00   0.0000000E+00   0.0000000E+00   0.0000000E+00   0.0000000E+00
   7.9625811E-05   1.1340769E+07   1.1340769E+07   1.4876567E+07   1.3662266E+04   2.7389654E+06   1.1340796E+07   1.1340769E+07   0.0000000E+00   0.0000000E+00   0.0000000E+00   0.0000000E+00   0.0000000E+00
   8.5566519E-05   1.1340614E+07   1.1340614E+07   1.4838867E+07   1.3640377E+04   2.7371408E+06   1.1340632E+07   1.1340614E+07   0.0000000E+00   0.0000000E+00   0.0000000E+00   0.0000000E+00   0.0000000E+00
   9.1950452E-05   1.1340437E+07   1.1340437E+07   1.4795444E+07   1.3615151E+04   2.7350426E+06   1.1340443E+07   1.1340437E+07   0.0000000E+00   0.0000000E+00   0.0000000E+00   0.0000000E+00   0.0000000E+00
   9.8810675E-05   1.1340231E+07   1.1340231E+07   1.4745451E+07   1.3586087E+04   2.7326316E+06   1.1340225E+07   1.1340231E+07   0.0000000E+00   0.0000000E+00   0.0000000E+00   0.0000000E+00   0.0000000E+00
   1.0618272E-04   1.1339995E+07   1.1339995E+07   1.4687921E+07   1.3552613E+04   2.7298631E+06   1.1339974E+07   1.1339995E+07   0.0000000E+00   0.0000000E+00   0.0000000E+00   0.0000000E+00   0.0000000E+00
   1.1410479E-04   1.1339721E+07   1.1339721E+07   1.4621754E+07   1.3514076E+04   2.7266869E+06   1.1339683E+07   1.1339721E+07   0.0000000E+00   0.0000000E+00   0.0000000E+00   0.0000000E+00   0.0000000E+00
   1.2261790E-04   1.1339406E+07   1.1339406E+07   1.4545699E+07   1.3469731E+04   2.7230469E+06   1.1339348E+07   1.1339406E+07   0.0000000E+00   0.0000000E+00   0.0000000E+00   0.0000000E+00   0.0000000E+00
   1.3176615E-04   1.1339042E+07   1.1339042E+07   1.4458344E+07   1.3418730E+04   2.7188800E+06   1.1338962E+07   1.1339042E+07   0.0000000E+00   0.0000000E+00   0.0000000E+00   0.0000000E+00   0.0000000E+00
   1.4159694E-04   1.1338623E+07   1.1338623E+07   1.4358092E+07   1.3360112E+04   2.7141168E+06   1.1338517E+07   1.1338623E+07   0.0000000E+00   0.0000000E+00   0.0000000E+00   0.0000000E+00   0.0000000E+00
   1.5216118E-04   1.1338139E+07   1.1338139E+07   1.4243151E+07   1.3292788E+04   2.7086803E+06   1.1338003E+07   1.1338139E+07   0.0000000E+00   0.0000000E+00   0.0000000E+00   0.0000000E+00   0.0000000E+00
   1.6351359E-04   1.1337581E+07   1.1337581E+07   1.4111516E+07   1.3215531E+04   2.7024870E+06   1.1337410E+07   1.1337581E+07   0.0000000E+00   0.0000000E+00   0.0000000E+00   0.0000000E+00   0.0000000E+00
   1.7571299E-04   1.1336938E+07   1.1336938E+07   1.3960958E+07   1.3126962E+04   2.6954466E+06   1.1336728E+07   1.1336938E+07   0.0000000E+00   0.0000000E+00   0.0000000E+00   0.0000000E+00   0.0000000E+00
   1.8882255E-04   1.1336197E+07   1.1336197E+07   1.3789015E+07   1.3025538E+04   2.6874629E+06   1.1335941E+07   1.1336197E+07   0.0000000E+00   0.0000000E+00   0.0000000E+00   0.0000000E+00   0.0000000E+00
   2.0291019E-04   1.1335343E+07   1.1335343E+07   1.3592989E+07   1.2909545E+04   2.6784357E+06   1.1335034E+07   1.1335343E+07   0.0000000E+00   0.0000000E+00   0.0000000E+00   0.0000000E+00   0.0000000E+00
   2.1804888E-04   1.1334360E+07   1.1334360E+07   1.3369956E+07   1.2777090E+04   2.6682628E+06   1.1333991E+07   1.1334360E+07   0.0000000E+00   0.0000000E+00   0.0000000E+00   0.0000000E+00   0.0000000E+00
   2.3431704E-04   1.1333229E+07   1.1333229E+07   1.3116787E+07   1.2626101E+04   2.6568435E+06   1.1332789E+07   1.1333229E+07   0.0000000E+00   0.0000000E+00   0.0000000E+00   0.0000000E+00   0.0000000E+00
   2.5179892E-04   1.1331927E+07   1.1331927E+07   1.2830186E+07   1.2454331E+04   2.6440833E+06   1.1331407E+07   1.1331927E+07   0.0000000E+00   0.0000000E+00   0.0000000E+00   0.0000000E+00   0.0000000E+00
   2.7058509E-04   1.1330430E+07   1.1330430E+07   1.2506755E+07   1.2259374E+04   2.6299003E+06   1.1329817E+07   1.1330430E+07   0.0000000E+00   0.0000000E+00   0.0000000E+00   0.0000000E+00   0.0000000E+00
   2.9077286E-04   1.1328709E+07   1.1328709E+07   1.2143088E+07   1.2038699E+04   2.6142336E+06   1.1327991E+07   1.1328709E+07   0.0000000E+00   0.0000000E+00   0.0000000E+00   0.0000000E+00   0.0000000E+00
   3.1246679E-04   1.1326734E+07   1.1326734E+07   1.1735912E+07   1.1789691E+04   2.5970535E+06   1.1325893E+07   1.1326734E+07   0.0000000E+00   0.0000000E+00   0.0000000E+00   0.0000000E+00   0.0000000E+00
   3.3577926E-04   1.1324466E+07   1.1324466E+07   1.1282263E+07   1.1509729E+04   2.5783741E+06   1.1323487E+07   1.1324466E+07   0.0000000E+00   0.0000000E+00   0.0000000E+00   0.0000000E+00   0.0000000E+00
   3.6083102E-04   1.1321867E+07   1.1321867E+07   1.0779735E+07   1.1196279E+04   2.5582679E+06   1.1320728E+07   1.1321867E+07   0.0000000E+00   0.0000000E+00   0.0000000E+00   0.0000000E+00   0.0000000E+00
   3.8775184E-04   1.1318890E+07   1.1318890E+07   1.0226788E+07   1.0847040E+04   2.5368812E+06   1.1317568E+07   1.1318890E+07   0.0000000E+00   0.0000000E+00   0.0000000E+00   0.0000000E+00   0.0000000E+00
   4.1668116E-04   1.1315484E+07   1.1315484E+07   9.6231187E+06   1.0460108E+04   2.5144496E+06   1.1313954E+07   1.1315484E+07   0.0000000E+00   0.0000000E+00   0.0000000E+00   0.0000000E+00   0.0000000E+00
   4.4776884E-04   1.1311593E+07   1.1311593E+07   8.9701094E+06   1.0034208E+04   2.4913101E+06   1.1309825E+07   1.1311593E+07   0.0000000E+00   0.0000000E+00   0.0000000E+00   0.0000000E+00   0.0000000E+00
   4.8117590E-04   1.1307154E+07   1.1307154E+07   8.2713195E+06   9.5689568E+03   2.4679073E+06   1.1305115E+07   1.1307154E+07   0.0000000E+00   0.0000000E+00   0.0000000E+00   0.0000000E+00   0.0000000E+00
   5.1707539E-04   1.1302097E+07   1.1302097E+07   7.5329999E+06   9.0651709E+03   2.4447862E+06   1.1299751E+07   1.1302097E+07   0.0000000E+00   0.0000000E+00   0.0000000E+00   0.0000000E+00   0.0000000E+00
   5.5565326E-04   1.1296345E+07   1.1296345E+07   6.7645697E+06   8.5252068E+03   2.4225662E+06   1.1293653E+07   1.1296345E+07   0.0000000E+00   0.0000000E+00   0.0000000E+00   0.0000000E+00   0.0000000E+00
   5.9710934E-04   1.1289817E+07   1.1289817E+07   5.9789678E+06   7.9532965E+03   2.4018855E+06   1.1286733E+07   1.1289817E+07   0.0000000E+00   0.0000000E+00   0.0000000E+00   0.0000000E+00   0.0000000E+00
   6.4165837E-04   1.1282421E+07   1.1282421E+07   5.1927543E+06   7.3558444E+03   2.3833094E+06   1.1278896E+07   1.1282421E+07   0.0000000E+00   0.0000000E+00   0.0000000E+00   0.0000000E+00   0.0000000E+00
   6.8953111E-04   1.1274059E+07   1.1274059E+07   4.4258029E+06   6.7416148E+03   2.3671941E+06   1.1270042E+07   1.1274059E+07   0.0000000E+00   0.0000000E+00   0.0000000E+00   0.0000000E+00   0.0000000E+00
   7.4097553E-04   1.1264627E+07   1.1264627E+07   3.7004036E+06   6.1217281E+03   2.3535098E+06   1.1260061E+07   1.1264627E+07   0.0000000E+00   0.0000000E+00   0.0000000E+00   0.0000000E+00   0.0000000E+00
   7.9625811E-04   1.1254011E+07   1.1254011E+07   3.0396096E+06   5.5093615E+03   2.3416385E+06   1.1248835E+07   1.1254011E+07   0.0000000E+00   0.0000000E+00   0.0000000E+00   0.0000000E+00   0.0000000E+00
   8.5566519E-04   1.1242088E+07   1.1242088E+07   2.4647409E+06   4.9190515E+03   2.3301869E+06   1.1236241E+07   1.1242088E+07   0.0000000E+00   0.0000000E+00   0.0000000E+00   0.0000000E+00   0.0000000E+00
   9.1950452E-04   1.1228728E+07   1.1228728E+07   1.9921315E+06   4.3655254E+03   2.3168859E+06   1.1222146E+07   1.1228728E+07   0.0000000E+00   0.0000000E+00   0.0000000E+00   0.0000000E+00   0.0000000E+00
   9.8810675E-04   1.1213789E+07   1.1213789E+07   1.6295065E+06   3.8620634E+03   2.2986789E+06   1.1206407E+07   1.1213789E+07   0.0000000E+00   0.0000000E+00   0.0000000E+00   0.0000000E+00   0.0000000E+00
   1.0618272E-03   1.1197115E+07   1.1197115E+07   1.3727748E+06   3.4185318E+03   2.2721147E+06   1.1188874E+07   1.1197115E+07   0.0000000E+00   0.0000000E+00   0.0000000E+00   0.0000000E+00   0.0000000E+00
   1.1410479E-03   1.1178540E+07   1.1178540E+07   1.2044481E+06   3.0394236E+03   2.2341237E+06   1.1169381E+07   1.1178540E+07   0.0000000E+00   0.0000000E+00   0.0000000E+00   0.0000000E+00   0.0000000E+00
   1.2261790E-03   1.1157881E+07   1.1157881E+07   1.0951107E+06   2.7224595E+03   2.1831368E+06   1.1147753E+07   1.1157881E+07   0.0000000E+00   0.0000000E+00   0.0000000E+00   0.0000000E+00   0.0000000E+00
   1.3176615E-03   1.1134941E+07   1.1134941E+07   1.0090434E+06   2.4584481E+03   2.1202688E+06   1.1123801E+07   1.1134941E+07   0.0000000E+00   0.0000000E+00   0.0000000E+00   0.0000000E+00   0.0000000E+00
   1.4159694E-03   1.1109508E+07   1.1109508E+07   9.1386329E+05   2.2330188E+03   2.0499905E+06   1.1097325E+07   1.1109508E+07   0.0000000E+00   0.0000000E+00   0.0000000E+00   0.0000000E+00   0.0000000E+00
   1.5216118E-03   1.1081359E+07   1.1081359E+07   7.9177389E+05   2.0303637E+03   1.9795067E+06   1.1068115E+07   1.1081359E+07   0.0000000E+00   0.0000000E+00   0.0000000E+00   0.0000000E+00   0.0000000E+00
   1.6351359E-03   1.1050268E+07   1.1050268E+07   6.4738830E+05   1.8381816E+03   1.9162752E+06   1.1035954E+07   1.1050268E+07   0.0000000E+00   0.0000000E+00   0.0000000E+00   0.0000000E+00   0.0000000E+00
   1.7571299E-03   1.1016003E+07   1.1016003E+07   5.0593305E+05   1.6518755E+03   1.8640770E+06   1.1000625E+07   1.1016003E+07   0.0000000E+00   0.0000000E+00   0.0000000E+00   0.0000000E+00   0.0000000E+00
   1.8882255E-03   1.0978335E+07   1.0978335E+07   3.9863572E+05   1.4754454E+03   1.8197176E+06   1.0961908E+07   1.0978335E+07   0.0000000E+00   0.0000000E+00   0.0000000E+00   0.0000000E+00   0.0000000E+00
   2.0291019E-03   1.0937033E+07   1.0937033E+07   3.4061026E+05   1.3174954E+03   1.7736898E+06   1.0919578E+07   1.0937033E+07   0.0000000E+00   0.0000000E+00   0.0000000E+00   0.0000000E+00   0.0000000E+00
   2.1804888E-03   1.0891860E+07   1.0891860E+07   3.1680280E+05   1.1838351E+03   1.7167549E+06   1.0873398E+07   1.0891860E+07   0.0000000E+00   0.0000000E+00   0.0000000E+00   0.0000000E+00   0.0000000E+00
   2.3431704E-03   1.0842568E+07   1.0842568E+07   2.9262634E+05   1.0718475E+03   1.6489466E+06   1.0823119E+07   1.0842568E+07   0.0000000E+00   0.0000000E+00   0.0000000E+00   0.0000000E+00   0.0000000E+00
   2.5179892E-03   1.0788897E+07   1.0788897E+07   2.4697590E+05   9.7225373E+02   1.5813451E+06   1.0768473E+07   1.0788897E+07   0.0000000E+00   0.0000000E+00   0.0000000E+00   0.0000000E+00   0.0000000E+00
   2.7058509E-03   1.0730579E+07   1.0730579E+07   1.9504312E+05   8.7783770E+02   1.5239595E+06   1.0709188E+07   1.0730579E+07   0.0000000E+00   0.0000000E+00   0.0000000E+00   0.0000000E+00   0.0000000E+00
   2.9077286E-03   1.0667344E+07   1.0667344E+07   1.6608255E+05   7.8977704E+02   1.4708512E+06   1.0644989E+07   1.0667344E+07   0.0000000E+00   0.0000000E+00   0.0000000E+00   0.0000000E+00   0.0000000E+00
   3.1246679E-03   1.0598916E+07   1.0598916E+07   1.5708933E+05   7.1266470E+02   1.4069888E+06   1.0575598E+07   1.0598916E+07   0.0000000E+00   0.0000000E+00   0.0000000E+00   0.0000000E+00   0.0000000E+00
   3.3577926E-03   1.0525001E+07   1.0525001E+07   1.3655687E+05   6.4481878E+02   1.3346132E+06   1.0500726E+07   1.0525001E+07   0.0000000E+00   0.0000000E+00   0.0000000E+00   0.0000000E+00   0.0000000E+00
   3.6083102E-03   1.0445296E+07   1.0445296E+07   1.0391640E+05   5.8047343E+02   1.2718015E+06   1.0420078E+07   1.0445296E+07   0.0000000E+00   0.0000000E+00   0.0000000E+00   0.0000000E+00   0.0000000E+00
   3.8775184E-03   1.0359502E+07   1.0359502E+07   8.9443833E+04   5.2026490E+02   1.2145174E+06   1.0333359E+07   1.0359502E+07   0.0000000E+00   0.0000000E+00   0.0000000E+00   0.0000000E+00   0.0000000E+00
   4.1668116E-03   1.0267317E+07   1.0267317E+07   8.3548239E+04   4.6752300E+02   1.1454587E+06   1.0240281E+07   1.0267317E+07   0.0000000E+00   0.0000000E+00   0.0000000E+00   0.0000000E+00   0.0000000E+00
   4.4776884E-03   1.0168446E+07   1.0168446E+07   6.5334257E+04   4.1895477E+02   1.0797820E+06   1.0140561E+07   1.0168446E+07   0.0000000E+00   0.0000000E+00   0.0000000E+00   0.0000000E+00   0.0000000E+00
   4.8117590E-03   1.0062596E+07   1.0062596E+07   5.8288607E+04   3.7353583E+02   1.0214894E+06   1.0033923E+07   1.0062596E+07   0.0000000E+00   0.0000000E+00   0.0000000E+00   0.0000000E+00   0.0000000E+00
   5.1707539E-03   9.9494757E+06   9.9494757E+06   5.1958597E+04   3.3368242E+02   9.5382746E+05   9.9200848E+06   9.9494757E+06   0.0000000E+00   0.0000000E+00   0.0000000E+00   0.0000000E+00   0.0000000E+00
   5.5565326E-03   9.8287925E+06   9.8287925E+06   3.9868359E+04   2.9686142E+02   8.9679114E+05   9.7987408E+06   9.8287925E+06   0.0000000E+00   0.0000000E+00   0.0000000E+00   0.0000000E+00   0.0000000E+00
   5.9710934E-03   9.7002477E+06   9.7002477E+06   3.7657580E+04   2.6400957E+02   8.3492935E+05   9.6695834E+06   9.7002477E+06   0.0000000E+00   0.0000000E+00   0.0000000E+00   0.0000000E+00   0.0000000E+00
   6.4165837E-03   9.5635396E+06   9.5635396E+06   2.8988867E+04   2.3378898E+02   7.7733351E+05   9.5323272E+06   9.5635396E+06   0.0000000E+00   0.0000000E+00   0.0000000E+00   0.0000000E+00   0.0000000E+00
   6.8953111E-03   9.4183720E+06   9.4183720E+06   2.7550870E+04   2.0650820E+02   7.1875052E+05   9.3867061E+06   9.4183720E+06   0.0000000E+00   0.0000000E+00   0.0000000E+00   0.0000000E+00   0.0000000E+00
   7.4097553E-03   9.2644523E+06   9.2644523E+06   2.1303671E+04   1.8193059E+02   6.6683471E+05   9.2324276E+06   9.2644523E+06   0.0000000E+00   0.0000000E+00   0.0000000E+00   0.0000000E+00   0.0000000E+00
   7.9625811E-03   9.1014873E+06   9.1014873E+06   1.8599873E+04   1.6011819E+02   6.1168491E+05   9.0691814E+06   9.1014873E+06   0.0000000E+00   0.0000000E+00   0.0000000E+00   0.0000000E+00   0.0000000E+00
   8.5566519E-03   8.9291785E+06   8.9291785E+06   1.6765511E+04   1.4021602E+02   5.6300698E+05   8.8966805E+06   8.9291785E+06   0.0000000E+00   0.0000000E+00   0.0000000E+00   0.0000000E+00   0.0000000E+00
   9.1950452E-03   8.7472245E+06   8.7472245E+06   1.2988179E+04   1.2251334E+02   5.1548195E+05   8.7146368E+06   8.7472245E+06   0.0000000E+00   0.0000000E+00   0.0000000E+00   0.0000000E+00   0.0000000E+00
   9.8810675E-03   8.5553256E+06   8.5553256E+06   1.0851018E+04   1.0678696E+02   4.6861474E+05   8.5227466E+06   8.5553256E+06   0.0000000E+00   0.0000000E+00   0.0000000E+00   0.0000000E+00   0.0000000E+00
   1.0618272E-02   8.3531864E+06   8.3531864E+06   9.6951318E+03   9.2758411E+01   4.2480851E+05   8.3207147E+06   8.3531864E+06   0.0000000E+00   0.0000000E+00   0.0000000E+00   0.0000000E+00   0.0000000E+00
   1.1410479E-02   8.1405167E+06   8.1405167E+06   8.3757687E+03   8.0255525E+01   3.8470763E+05   8.1082602E+06   8.1405167E+06   0.0000000E+00   0.0000000E+00   0.0000000E+00   0.0000000E+00   0.0000000E+00
   1.2261790E-02   7.9170475E+06   7.9170475E+06   7.1392962E+03   6.9243891E+01   3.4695955E+05   7.8851118E+06   7.9170475E+06   0.0000000E+00   0.0000000E+00   0.0000000E+00   0.0000000E+00   0.0000000E+00
   1.3176615E-02   7.6825367E+06   7.6825367E+06   5.9351830E+03   5.9498833E+01   3.1127413E+05   7.6510245E+06   7.6825367E+06   0.0000000E+00   0.0000000E+00   0.0000000E+00   0.0000000E+00   0.0000000E+00
   1.4159694E-02   7.4367927E+06   7.4367927E+06   4.8700254E+03   5.0959325E+01   2.7811618E+05   7.4058154E+06   7.4367927E+06   0.0000000E+00   0.0000000E+00   0.0000000E+00   0.0000000E+00   0.0000000E+00
   1.5216118E-02   7.1797017E+06   7.1797017E+06   3.8427577E+03   4.3452495E+01   2.4774573E+05   7.1493632E+06   7.1797017E+06   0.0000000E+00   0.0000000E+00   0.0000000E+00   0.0000000E+00   0.0000000E+00
   1.6351359E-02   6.9112633E+06   6.9112633E+06   3.2279728E+03   3.6901022E+01   2.2031079E+05   6.8816699E+06   6.9112633E+06   0.0000000E+00   0.0000000E+00   0.0000000E+00   0.0000000E+00   0.0000000E+00
   1.7571299E-02   6.6316372E+06   6.6316372E+06   2.8812456E+03   3.1206062E+01   1.9391446E+05   6.6028912E+06   6.6316372E+06   0.0000000E+00   0.0000000E+00   0.0000000E+00   0.0000000E+00   0.0000000E+00
   1.8882255E-02   6.3412051E+06   6.3412051E+06   2.1756677E+03   2.6271152E+01   1.7038994E+05   6.3134066E+06   6.3412051E+06   0.0000000E+00   0.0000000E+00   0.0000000E+00   0.0000000E+00   0.0000000E+00
   2.0291018E-02   6.0406418E+06   6.0406418E+06   1.9431977E+03   2.2006737E+01   1.4868477E+05   6.0138853E+06   6.0406418E+06   0.0000000E+00   0.0000000E+00   0.0000000E+00   0.0000000E+00   0.0000000E+00
   2.1804881E-02   5.7310008E+06   5.7310008E+06   1.5613053E+03   1.8337801E+01   1.2968010E+05   5.7053729E+06   5.7310008E+06   0.0000000E+00   0.0000000E+00   0.0000000E+00   0.0000000E+00   0.0000000E+00
   2.3431662E-02   5.4138097E+06   5.4138097E+06   1.2221943E+03   1.5204115E+01   1.1210281E+05   5.3893879E+06   5.4138097E+06   0.0000000E+00   0.0000000E+00   0.0000000E+00   0.0000000E+00   0.0000000E+00
   2.5179686E-02   5.0911737E+06   5.0911737E+06   9.8811972E+02   1.2537893E+01   9.6428154E+04   5.0680235E+06   5.0911737E+06   0.0000000E+00   0.0000000E+00   0.0000000E+00   0.0000000E+00   0.0000000E+00
   2.7057628E-02   4.7658890E+06   4.7658890E+06   8.1822677E+02   1.0282190E+01   8.2620302E+04   4.7440597E+06   4.7658890E+06   0.0000000E+00   0.0000000E+00   0.0000000E+00   0.0000000E+00   0.0000000E+00
   2.9073986E-02   4.4415682E+06   4.4415682E+06   6.9526366E+02   8.3891277E+00   7.0304914E+04   4.4210892E+06   4.4415682E+06   0.0000000E+00   0.0000000E+00   0.0000000E+00   0.0000000E+00   0.0000000E+00
   3.1235763E-02   4.1227735E+06   4.1227735E+06   5.2218271E+02   6.8138728E+00   5.9561102E+04   4.1036498E+06   4.1227735E+06   0.0000000E+00   0.0000000E+00   0.0000000E+00   0.0000000E+00   0.0000000E+00
   3.3545788E-02   3.8151049E+06   3.8151049E+06   4.4825300E+02   5.5157383E+00   5.0513844E+04   3.7973119E+06   3.8151049E+06   0.0000000E+00   0.0000000E+00   0.0000000E+00   0.0000000E+00   0.0000000E+00
   3.5998490E-02   3.5250761E+06   3.5250761E+06   3.4291969E+02   4.4610111E+00   4.2836716E+04   3.5085554E+06   3.5250761E+06   0.0000000E+00   0.0000000E+00   0.0000000E+00   0.0000000E+00   0.0000000E+00
   3.8575362E-02   3.2594882E+06   3.2594882E+06   2.6892401E+02   3.6172388E+00   3.6350506E+04   3.2441459E+06   3.2594882E+06   0.0000000E+00   0.0000000E+00   0.0000000E+00   0.0000000E+00   0.0000000E+00
   4.1243661E-02   3.0241132E+06   3.0241132E+06   2.1750161E+02   2.9532419E+00   3.1076316E+04   3.0098247E+06   3.0241132E+06   0.0000000E+00   0.0000000E+00   0.0000000E+00   0.0000000E+00   0.0000000E+00
   4.3962078E-02   2.8220775E+06   2.8220775E+06   1.7978811E+02   2.4371660E+00   2.6859515E+04   2.8086994E+06   2.8220775E+06   0.0000000E+00   0.0000000E+00   0.0000000E+00   0.0000000E+00   0.0000000E+00
   4.6692030E-02   2.6529521E+06   2.6529521E+06   1.5166140E+02   2.0383933E+00   2.3511244E+04   2.6403399E+06   2.6529521E+06   0.0000000E+00   0.0000000E+00   0.0000000E+00   0.0000000E+00   0.0000000E+00
   4.9407237E-02   2.5132116E+06   2.5132116E+06   1.2969660E+02   1.7294879E+00   2.0845720E+04   2.5012345E+06   2.5132116E+06   0.0000000E+00   0.0000000E+00   0.0000000E+00   0.0000000E+00   0.0000000E+00
   5.2096159E-02   2.3975914E+06   2.3975914E+06   1.1196030E+02   1.4872387E+00   1.8702618E+04   2.3861411E+06   2.3975914E+06   0.0000000E+00   0.0000000E+00   0.0000000E+00   0.0000000E+00   0.0000000E+00
   5.4758715E-02   2.3003997E+06   2.3003997E+06   9.7484487E+01   1.2936564E+00   1.6954510E+04   2.2893934E+06   2.3003997E+06   0.0000000E+00   0.0000000E+00   0.0000000E+00   0.0000000E+00   0.0000000E+00
   5.7401536E-02   2.2163175E+06   2.2163175E+06   8.5511447E+01   1.1357553E+00   1.5498198E+04   2.2056963E+06   2.2163175E+06   0.0000000E+00   0.0000000E+00   0.0000000E+00   0.0000000E+00   0.0000000E+00
   6.0034283E-02   2.1407373E+06   2.1407373E+06   7.5327312E+01   1.0041638E+00   1.4253900E+04   2.1304637E+06   2.1407373E+06   0.0000000E+00   0.0000000E+00   0.0000000E+00   0.0000000E+00   0.0000000E+00
   6.2667456E-02   2.0698501E+06   2.0698501E+06   6.6431935E+01   8.9207973E-01   1.3163323E+04   2.0599039E+06   2.0698501E+06   0.0000000E+00   0.0000000E+00   0.0000000E+00   0.0000000E+00   0.0000000E+00
   6.5311318E-02   2.0006333E+06   2.0006333E+06   5.8671612E+01   7.9479852E-01   1.2183750E+04   1.9910087E+06   2.0006333E+06   0.0000000E+00   0.0000000E+00   0.0000000E+00   0.0000000E+00   0.0000000E+00
   6.7975453E-02   1.9308172E+06   1.9308172E+06   5.2007128E+01   7.0906864E-01   1.1286319E+04   1.9215188E+06   1.9308172E+06   0.0000000E+00   0.0000000E+00   0.0000000E+00   0.0000000E+00   0.0000000E+00
   7.0668660E-02   1.8588539E+06   1.8588539E+06   4.6375884E+01   6.3255569E-01   1.0451596E+04   1.8498936E+06   1.8588539E+06   0.0000000E+00   0.0000000E+00   0.0000000E+00   0.0000000E+00   0.0000000E+00
   7.3398988E-02   1.7838927E+06   1.7838927E+06   4.1742661E+01   5.6364836E-01   9.6657679E+03   1.7752862E+06   1.7838927E+06   0.0000000E+00   0.0000000E+00   0.0000000E+00   0.0000000E+00   0.0000000E+00
   7.6173828E-02   1.7057520E+06   1.7057520E+06   3.7982936E+01   5.0132177E-01   8.9167403E+03   1.6975158E+06   1.7057520E+06   0.0000000E+00   0.0000000E+00   0.0000000E+00   0.0000000E+00   0.0000000E+00
   7.9000029E-02   1.6248788E+06   1.6248788E+06   3.4332787E+01   4.4490597E-01   8.1927413E+03   1.6170272E+06   1.6248788E+06   0.0000000E+00   0.0000000E+00   0.0000000E+00   0.0000000E+00   0.0000000E+00
   8.1883993E-02   1.5422838E+06   1.5422838E+06   2.9416563E+01   3.9390823E-01   7.5066652E+03   1.5348262E+06   1.5422838E+06   0.0000000E+00   0.0000000E+00   0.0000000E+00   0.0000000E+00   0.0000000E+00
   8.4831776E-02   1.4594450E+06   1.4594450E+06   2.4652964E+01   3.4804627E-01   6.9005805E+03   1.4523835E+06   1.4594450E+06   0.0000000E+00   0.0000000E+00   0.0000000E+00   0.0000000E+00   0.0000000E+00
   8.7849161E-02   1.3781731E+06   1.3781731E+06   2.3245217E+01   3.0714106E-01   6.3294147E+03   1.3715008E+06   1.3781731E+06   0.0000000E+00   0.0000000E+00   0.0000000E+00   0.0000000E+00   0.0000000E+00
   9.0941723E-02   1.3004394E+06   1.3004394E+06   1.9374410E+01   2.7099520E-01   5.7860584E+03   1.2941400E+06   1.3004394E+06   0.0000000E+00   0.0000000E+00   0.0000000E+00   0.0000000E+00   0.0000000E+00
   9.4114889E-02   1.2281721E+06   1.2281721E+06   1.8085438E+01   2.3940033E-01   5.3208226E+03   1.2222196E+06   1.2281721E+06   0.0000000E+00   0.0000000E+00   0.0000000E+00   0.0000000E+00   0.0000000E+00
   9.7373976E-02   1.1630325E+06   1.1630325E+06   1.5275287E+01   2.1207966E-01   4.9117621E+03   1.1573929E+06   1.1630325E+06   0.0000000E+00   0.0000000E+00   0.0000000E+00   0.0000000E+00   0.0000000E+00
   1.0072423E-01   1.1061937E+06   1.1061937E+06   1.3325977E+01   1.8870277E-01   4.5403537E+03   1.1008273E+06   1.1061937E+06   0.0000000E+00   0.0000000E+00   0.0000000E+00   0.0000000E+00   0.0000000E+00
   1.0417086E-01   1.0581470E+06   1.0581470E+06   1.2184393E+01   1.6883408E-01   4.2302152E+03   1.0530115E+06   1.0581470E+06   0.0000000E+00   0.0000000E+00   0.0000000E+00   0.0000000E+00   0.0000000E+00
   1.0771905E-01   1.0185689E+06   1.0185689E+06   1.1046956E+01   1.5197057E-01   3.9745606E+03   1.0136234E+06   1.0185689E+06   0.0000000E+00   0.0000000E+00   0.0000000E+00   0.0000000E+00   0.0000000E+00
   1.1137400E-01   9.8628050E+05   9.8628050E+05   9.8239445E+00   1.3758302E-01   3.7617221E+03   9.8149002E+05   9.8628050E+05   0.0000000E+00   0.0000000E+00   0.0000000E+00   0.0000000E+00   0.0000000E+00
   1.1514090E-01   9.5932611E+05   9.5932611E+05   8.8678460E+00   1.2511681E-01   3.5858915E+03   9.5466488E+05   9.5932611E+05   0.0000000E+00   0.0000000E+00   0.0000000E+00   0.0000000E+00   0.0000000E+00
   1.1902500E-01   9.3518394E+05   9.3518394E+05   8.5756452E+00   1.1404861E-01   3.4207472E+03   9.3063848E+05   9.3518394E+05   0.0000000E+00   0.0000000E+00   0.0000000E+00   0.0000000E+00   0.0000000E+00
   1.2303157E-01   9.1110267E+05   9.1110267E+05   7.4037232E+00   1.0393285E-01   3.2590556E+03   9.0667284E+05   9.1110267E+05   0.0000000E+00   0.0000000E+00   0.0000000E+00   0.0000000E+00   0.0000000E+00
   1.2716593E-01   8.8452903E+05   8.8452903E+05   7.0807523E+00   9.4424913E-02   3.1011875E+03   8.8022713E+05   8.8452903E+05   0.0000000E+00   0.0000000E+00   0.0000000E+00   0.0000000E+00   0.0000000E+00
   1.3143346E-01   8.5356388E+05   8.5356388E+05   6.3795888E+00   8.5319405E-02   2.9399445E+03   8.4941140E+05   8.5356388E+05   0.0000000E+00   0.0000000E+00   0.0000000E+00   0.0000000E+00   0.0000000E+00
   1.3583960E-01   8.1735885E+05   8.1735885E+05   5.7081956E+00   7.6547077E-02   2.7640005E+03   8.1338144E+05   8.1735885E+05   0.0000000E+00   0.0000000E+00   0.0000000E+00   0.0000000E+00   0.0000000E+00
   1.4038985E-01   7.7635497E+05   7.7635497E+05   5.1183958E+00   6.8157735E-02   2.5770640E+03   7.7257615E+05   7.7635497E+05   0.0000000E+00   0.0000000E+00   0.0000000E+00   0.0000000E+00   0.0000000E+00
   1.4508978E-01   7.3227460E+05   7.3227460E+05   4.3982174E+00   6.0289635E-02   2.3860030E+03   7.2870949E+05   7.3227460E+05   0.0000000E+00   0.0000000E+00   0.0000000E+00   0.0000000E+00   0.0000000E+00
   1.4994503E-01   6.8781723E+05   6.8781723E+05   3.8197772E+00   5.3114457E-02   2.2104248E+03   6.8446781E+05   6.8781723E+05   0.0000000E+00   0.0000000E+00   0.0000000E+00   0.0000000E+00   0.0000000E+00
   1.5496133E-01   6.4607618E+05   6.4607618E+05   3.3686653E+00   4.6785791E-02   2.0391413E+03   6.4292936E+05   6.4607618E+05   0.0000000E+00   0.0000000E+00   0.0000000E+00   0.0000000E+00   0.0000000E+00
   1.6014449E-01   6.0977776E+05   6.0977776E+05   3.0592221E+00   4.1386989E-02   1.8965699E+03   6.0680715E+05   6.0977776E+05   0.0000000E+00   0.0000000E+00   0.0000000E+00   0.0000000E+00   0.0000000E+00
   1.6550043E-01   5.8052510E+05   5.8052510E+05   2.7119094E+00   3.6901462E-02   1.7795077E+03   5.7769647E+05   5.8052510E+05   0.0000000E+00   0.0000000E+00   0.0000000E+00   0.0000000E+00   0.0000000E+00
   1.7103516E-01   5.5827511E+05   5.5827511E+05   2.3657171E+00   3.3210413E-02   1.6888168E+03   5.5555441E+05   5.5827511E+05   0.0000000E+00   0.0000000E+00   0.0000000E+00   0.0000000E+00   0.0000000E+00
   1.7675483E-01   5.4125774E+05   5.4125774E+05   2.2149821E+00   3.0117197E-02   1.6181599E+03   5.3861954E+05   5.4125774E+05   0.0000000E+00   0.0000000E+00   0.0000000E+00   0.0000000E+00   0.0000000E+00
   1.8266571E-01   5.2644383E+05   5.2644383E+05   1.9506599E+00   2.7398708E-02   1.5527262E+03   5.2387743E+05   5.2644383E+05   0.0000000E+00   0.0000000E+00   0.0000000E+00   0.0000000E+00   0.0000000E+00
   1.8877425E-01   5.1049112E+05   5.1049112E+05   1.7951895E+00   2.4860149E-02   1.4869696E+03   5.0800213E+05   5.1049112E+05   0.0000000E+00   0.0000000E+00   0.0000000E+00   0.0000000E+00   0.0000000E+00
   1.9508706E-01   4.9089605E+05   4.9089605E+05   1.6045604E+00   2.2384116E-02   1.4140779E+03   4.8850226E+05   4.9089605E+05   0.0000000E+00   0.0000000E+00   0.0000000E+00   0.0000000E+00   0.0000000E+00
   2.0161098E-01   4.6693260E+05   4.6693260E+05   1.4469077E+00   1.9950854E-02   1.3321944E+03   4.6465538E+05   4.6693260E+05   0.0000000E+00   0.0000000E+00   0.0000000E+00   0.0000000E+00   0.0000000E+00
   2.0835309E-01   4.3995873E+05   4.3995873E+05   1.2681246E+00   1.7624276E-02   1.2407895E+03   4.3781279E+05   4.3995873E+05   0.0000000E+00   0.0000000E+00   0.0000000E+00   0.0000000E+00   0.0000000E+00
   2.1532075E-01   4.1286577E+05   4.1286577E+05   1.1316316E+00   1.5507136E-02   1.1529043E+03   4.1085174E+05   4.1286577E+05   0.0000000E+00   0.0000000E+00   0.0000000E+00   0.0000000E+00   0.0000000E+00
   2.2252167E-01   3.8880635E+05   3.8880635E+05   9.9112468E-01   1.3686214E-02   1.0756223E+03   3.8690948E+05   3.8880635E+05   0.0000000E+00   0.0000000E+00   0.0000000E+00   0.0000000E+00   0.0000000E+00
   2.2996392E-01   3.6972141E+05   3.6972141E+05   8.7136791E-01   1.2186973E-02   1.0146533E+03   3.6791747E+05   3.6972141E+05   0.0000000E+00   0.0000000E+00   0.0000000E+00   0.0000000E+00   0.0000000E+00
   2.3765603E-01   3.5538976E+05   3.5538976E+05   7.9488301E-01   1.0961622E-02   9.6638548E+02   3.5365558E+05   3.5538976E+05   0.0000000E+00   0.0000000E+00   0.0000000E+00   0.0000000E+00   0.0000000E+00
   2.4560706E-01   3.4356645E+05   3.4356645E+05   7.2033283E-01   9.9130243E-03   9.2694232E+02   3.4188981E+05   3.4356645E+05   0.0000000E+00   0.0000000E+00   0.0000000E+00   0.0000000E+00   0.0000000E+00
   2.5382664E-01   3.3124370E+05   3.3124370E+05   6.4156733E-01   8.9437418E-03   8.8714302E+02   3.2962705E+05   3.3124370E+05   0.0000000E+00   0.0000000E+00   0.0000000E+00   0.0000000E+00   0.0000000E+00
   2.6232512E-01   3.1639215E+05   3.1639215E+05   5.8623455E-01   7.9995358E-03   8.4145453E+02   3.1484786E+05   3.1639215E+05   0.0000000E+00   0.0000000E+00   0.0000000E+00   0.0000000E+00   0.0000000E+00
   2.7111363E-01   2.9913565E+05   2.9913565E+05   5.1636851E-01   7.0867930E-03   7.9033344E+02   2.9767549E+05   2.9913565E+05   0.0000000E+00   0.0000000E+00   0.0000000E+00   0.0000000E+00   0.0000000E+00
   2.8020423E-01   2.8154346E+05   2.8154346E+05   4.5553672E-01   6.2498703E-03   7.3878526E+02   2.8016907E+05   2.8154346E+05   0.0000000E+00   0.0000000E+00   0.0000000E+00   0.0000000E+00   0.0000000E+00
   2.8961003E-01   2.6609152E+05   2.6609152E+05   3.9913758E-01   5.5322713E-03   6.9421439E+02   2.6479247E+05   2.6609152E+05   0.0000000E+00   0.0000000E+00   0.0000000E+00   0.0000000E+00   0.0000000E+00
   2.9934537E-01   2.5384109E+05   2.5384109E+05   3.5523932E-01   4.9386614E-03   6.5841167E+02   2.5260176E+05   2.5384109E+05   0.0000000E+00   0.0000000E+00   0.0000000E+00   0.0000000E+00   0.0000000E+00
   3.0942601E-01   2.4372543E+05   2.4372543E+05   3.2313618E-01   4.4355069E-03   6.2868016E+02   2.4253543E+05   2.4372543E+05   0.0000000E+00   0.0000000E+00   0.0000000E+00   0.0000000E+00   0.0000000E+00
   3.1986935E-01   2.3356869E+05   2.3356869E+05   2.8752404E-01   3.9763694E-03   5.9936987E+02   2.3242821E+05   2.3356869E+05   0.0000000E+00   0.0000000E+00   0.0000000E+00   0.0000000E+00   0.0000000E+00
   3.3069467E-01   2.2201388E+05   2.2201388E+05   2.5705479E-01   3.5370807E-03   5.6692708E+02   2.2092976E+05   2.2201388E+05   0.0000000E+00   0.0000000E+00   0.0000000E+00   0.0000000E+00   0.0000000E+00
   3.4192349E-01   2.0962990E+05   2.0962990E+05   2.2511624E-01   3.1259474E-03   5.3281049E+02   2.0860621E+05   2.0962990E+05   0.0000000E+00   0.0000000E+00   0.0000000E+00   0.0000000E+00   0.0000000E+00
   3.5357989E-01   1.9812700E+05   1.9812700E+05   1.9923673E-01   2.7639234E-03   5.0126595E+02   1.9715943E+05   1.9812700E+05   0.0000000E+00   0.0000000E+00   0.0000000E+00   0.0000000E+00   0.0000000E+00
   3.6569100E-01   1.8847304E+05   1.8847304E+05   1.7784088E-01   2.4575493E-03   4.7483115E+02   1.8755258E+05   1.8847304E+05   0.0000000E+00   0.0000000E+00   0.0000000E+00   0.0000000E+00   0.0000000E+00
   3.7828751E-01   1.7994157E+05   1.7994157E+05   1.5830554E-01   2.1921293E-03   4.5159061E+02   1.7906274E+05   1.7994157E+05   0.0000000E+00   0.0000000E+00   0.0000000E+00   0.0000000E+00   0.0000000E+00
   3.9140433E-01   1.7115668E+05   1.7115668E+05   1.4116822E-01   1.9476483E-03   4.2791317E+02   1.7032072E+05   1.7115668E+05   0.0000000E+00   0.0000000E+00   0.0000000E+00   0.0000000E+00   0.0000000E+00
   4.0508143E-01   1.6181768E+05   1.6181768E+05   1.2408829E-01   1.7196562E-03   4.0323143E+02   1.6102731E+05   1.6181768E+05   0.0000000E+00   0.0000000E+00   0.0000000E+00   0.0000000E+00   0.0000000E+00
   4.1936481E-01   1.5286981E+05   1.5286981E+05   1.0940537E-01   1.5162090E-03   3.7962872E+02   1.5212311E+05   1.5286981E+05   0.0000000E+00   0.0000000E+00   0.0000000E+00   0.0000000E+00   0.0000000E+00
   4.3430779E-01   1.4496909E+05   1.4496909E+05   9.6821723E-02   1.3404092E-03   3.5884899E+02   1.4426096E+05   1.4496909E+05   0.0000000E+00   0.0000000E+00   0.0000000E+00   0.0000000E+00   0.0000000E+00
   4.4997254E-01   1.3756939E+05   1.3756939E+05   8.5804872E-02   1.1848514E-03   3.3950546E+02   1.3689738E+05   1.3756939E+05   0.0000000E+00   0.0000000E+00   0.0000000E+00   0.0000000E+00   0.0000000E+00
   4.6643213E-01   1.2998772E+05   1.2998772E+05   7.5275995E-02   1.0420774E-03   3.1989672E+02   1.2935273E+05   1.2998772E+05   0.0000000E+00   0.0000000E+00   0.0000000E+00   0.0000000E+00   0.0000000E+00
   4.8377303E-01   1.2251674E+05   1.2251674E+05   6.6078728E-02   9.1320197E-04   3.0066827E+02   1.2191823E+05   1.2251674E+05   0.0000000E+00   0.0000000E+00   0.0000000E+00   0.0000000E+00   0.0000000E+00
   5.0209837E-01   1.1563515E+05   1.1563515E+05   5.7816358E-02   8.0014250E-04   2.8302788E+02   1.1507024E+05   1.1563515E+05   0.0000000E+00   0.0000000E+00   0.0000000E+00   0.0000000E+00   0.0000000E+00
   5.2153217E-01   1.0903673E+05   1.0903673E+05   5.0524303E-02   6.9927242E-04   2.6620891E+02   1.0850404E+05   1.0903673E+05   0.0000000E+00   0.0000000E+00   0.0000000E+00   0.0000000E+00   0.0000000E+00
   5.4222474E-01   1.0243496E+05   1.0243496E+05   4.3937585E-02   6.0785083E-04   2.4951375E+02   1.0193452E+05   1.0243496E+05   0.0000000E+00   0.0000000E+00   0.0000000E+00   0.0000000E+00   0.0000000E+00
   5.6435965E-01   9.6114500E+04   9.6114500E+04   3.8045329E-02   5.2646039E-04   2.3360151E+02   9.5644921E+04   9.6114500E+04   0.0000000E+00   0.0000000E+00   0.0000000E+00   0.0000000E+00   0.0000000E+00
   5.8816261E-01   9.0048662E+04   9.0048662E+04   3.2816771E-02   4.5414391E-04   2.1839044E+02   8.9608709E+04   9.0048662E+04   0.0000000E+00   0.0000000E+00   0.0000000E+00   0.0000000E+00   0.0000000E+00
   6.1391264E-01   8.4051344E+04   8.4051344E+04   2.8116893E-02   3.8911994E-04   2.0340970E+02   8.3640683E+04   8.4051344E+04   0.0000000E+00   0.0000000E+00   0.0000000E+00   0.0000000E+00   0.0000000E+00
   6.4195538E-01   7.8254922E+04   7.8254922E+04   2.3945941E-02   3.3131514E-04   1.8902403E+02   7.7872574E+04   7.8254922E+04   0.0000000E+00   0.0000000E+00   0.0000000E+00   0.0000000E+00   0.0000000E+00
   6.7271784E-01   7.2576640E+04   7.2576640E+04   2.0219667E-02   2.7983463E-04   1.7496403E+02   7.2222029E+04   7.2576640E+04   0.0000000E+00   0.0000000E+00   0.0000000E+00   0.0000000E+00   0.0000000E+00
   7.0672155E-01   6.7022050E+04   6.7022050E+04   1.6919758E-02   2.3415156E-04   1.6128553E+02   6.6694573E+04   6.7022050E+04   0.0000000E+00   0.0000000E+00   0.0000000E+00   0.0000000E+00   0.0000000E+00
   7.4458777E-01   6.1586827E+04   6.1586827E+04   1.4005434E-02   1.9384601E-04   1.4793460E+02   6.1285902E+04   6.1586827E+04   0.0000000E+00   0.0000000E+00   0.0000000E+00   0.0000000E+00   0.0000000E+00
   7.8702237E-01   5.6279713E+04   5.6279713E+04   1.1455652E-02   1.5856259E-04   1.3496256E+02   5.6004714E+04   5.6279713E+04   0.0000000E+00   0.0000000E+00   0.0000000E+00   0.0000000E+00   0.0000000E+00
   8.3476374E-01   5.1119419E+04   5.1119419E+04   9.2489348E-03   1.2802565E-04   1.2238852E+02   5.0869631E+04   5.1119419E+04   0.0000000E+00   0.0000000E+00   0.0000000E+00   0.0000000E+00   0.0000000E+00
   8.8848378E-01   4.6151767E+04   4.6151767E+04   7.3706986E-03   1.0203435E-04   1.1032375E+02   4.5926249E+04   4.6151767E+04   0.0000000E+00   0.0000000E+00   0.0000000E+00   0.0000000E+00   0.0000000E+00
   9.4866413E-01   4.1433465E+04   4.1433465E+04   5.8040771E-03   8.0351477E-05   9.8908030E+01   4.1231000E+04   4.1433465E+04   0.0000000E+00   0.0000000E+00   0.0000000E+00   0.0000000E+00   0.0000000E+00
   1.0155192E+00   3.7024161E+04   3.7024161E+04   4.5280637E-03   6.2661584E-05   8.8267942E+01   3.6843240E+04   3.7024161E+04   0.0000000E+00   0.0000000E+00   0.0000000E+00   0.0000000E+00   0.0000000E+00
   1.0890416E+00   3.2970152E+04   3.2970152E+04   3.5051830E-03   4.8522917E-05   7.8509171E+01   3.2809039E+04   3.2970152E+04   0.0000000E+00   0.0000000E+00   0.0000000E+00   0.0000000E+00   0.0000000E+00
   1.1691559E+00   2.9293539E+04   2.9293539E+04   2.7017289E-03   3.7407552E-05   6.9685225E+01   2.9150391E+04   2.9293539E+04   0.0000000E+00   0.0000000E+00   0.0000000E+00   0.0000000E+00   0.0000000E+00
   1.2558743E+00   2.5990477E+04   2.5990477E+04   2.0773752E-03   2.8765589E-05   6.1773405E+01   2.5863468E+04   2.5990477E+04   0.0000000E+00   0.0000000E+00   0.0000000E+00   0.0000000E+00   0.0000000E+00
   1.3493703E+00   2.3039288E+04   2.3039288E+04   1.5950941E-03   2.2089036E-05   5.4715877E+01   2.2926701E+04   2.3039288E+04   0.0000000E+00   0.0000000E+00   0.0000000E+00   0.0000000E+00   0.0000000E+00
   1.4499734E+00   2.0410894E+04   2.0410894E+04   1.2238022E-03   1.6948735E-05   4.8441216E+01   2.0311151E+04   2.0410894E+04   0.0000000E+00   0.0000000E+00   0.0000000E+00   0.0000000E+00   0.0000000E+00
   1.5581312E+00   1.8073452E+04   1.8073452E+04   9.3841284E-04   1.2997412E-05   4.2867238E+01   1.7985130E+04   1.8073452E+04   0.0000000E+00   0.0000000E+00   0.0000000E+00   0.0000000E+00   0.0000000E+00
   1.6743743E+00   1.5996819E+04   1.5996819E+04   7.1925348E-04   9.9628461E-06   3.7921679E+01   1.5918645E+04   1.5996819E+04   0.0000000E+00   0.0000000E+00   0.0000000E+00   0.0000000E+00   0.0000000E+00
   1.7992944E+00   1.4152985E+04   1.4152985E+04   5.5104600E-04   7.6336610E-06   3.3536158E+01   1.4083821E+04   1.4152985E+04   0.0000000E+00   0.0000000E+00   0.0000000E+00   0.0000000E+00   0.0000000E+00
   1.9335356E+00   1.2516814E+04   1.2516814E+04   4.2198077E-04   5.8466675E-06   2.9648048E+01   1.2455646E+04   1.2516814E+04   0.0000000E+00   0.0000000E+00   0.0000000E+00   0.0000000E+00   0.0000000E+00
   2.0777925E+00   1.1065568E+04   1.1065568E+04   3.2305106E-04   4.4764505E-06   2.6201533E+01   1.1011492E+04   1.1065568E+04   0.0000000E+00   0.0000000E+00   0.0000000E+00   0.0000000E+00   0.0000000E+00
   2.2328121E+00   9.7790128E+03   9.7790128E+03   2.4728344E-04   3.4261464E-06   2.3148647E+01   9.7312236E+03   9.7790128E+03   0.0000000E+00   0.0000000E+00   0.0000000E+00   0.0000000E+00   0.0000000E+00
   2.3993973E+00   8.6389594E+03   8.6389594E+03   1.8916439E-04   2.6213619E-06   2.0444413E+01   8.5967414E+03   8.6389594E+03   0.0000000E+00   0.0000000E+00   0.0000000E+00   0.0000000E+00   0.0000000E+00
   2.5784111E+00   7.6291711E+03   7.6291711E+03   1.4465782E-04   2.0049475E-06   1.8050973E+01   7.5918878E+03   7.6291711E+03   0.0000000E+00   0.0000000E+00   0.0000000E+00   0.0000000E+00   0.0000000E+00
   2.7707808E+00   6.7351545E+03   6.7351545E+03   1.1058645E-04   1.5330223E-06   1.5932660E+01   6.7022401E+03   6.7351545E+03   0.0000000E+00   0.0000000E+00   0.0000000E+00   0.0000000E+00   0.0000000E+00
   2.9775027E+00   5.9439653E+03   5.9439653E+03   8.4510464E-05   1.1718164E-06   1.4058384E+01   5.9149174E+03   5.9439653E+03   0.0000000E+00   0.0000000E+00   0.0000000E+00   0.0000000E+00   0.0000000E+00
   3.1996477E+00   5.2440576E+03   5.2440576E+03   6.4571419E-05   8.9545697E-07   1.2401455E+01   5.2184300E+03   5.2440576E+03   0.0000000E+00   0.0000000E+00   0.0000000E+00   0.0000000E+00   0.0000000E+00
   3.4383665E+00   4.6251414E+03   4.6251414E+03   4.9314260E-05   6.8409360E-07   1.0936438E+01   4.6025384E+03   4.6251414E+03   0.0000000E+00   0.0000000E+00   0.0000000E+00   0.0000000E+00   0.0000000E+00
   3.6948956E+00   4.0780516E+03   4.0780516E+03   3.7652073E-05   5.2247778E-07   9.6417760E+00   4.0581223E+03   4.0780516E+03   0.0000000E+00   0.0000000E+00   0.0000000E+00   0.0000000E+00   0.0000000E+00
   3.9705637E+00   3.5946299E+03   3.5946299E+03   2.8730771E-05   3.9894546E-07   8.4980777E+00   3.5770631E+03   3.5946299E+03   0.0000000E+00   0.0000000E+00   0.0000000E+00   0.0000000E+00   0.0000000E+00
   4.2667988E+00   3.1676187E+03   3.1676187E+03   2.1931542E-05   3.0455395E-07   7.4879812E+00   3.1521386E+03   3.1676187E+03   0.0000000E+00   0.0000000E+00   0.0000000E+00   0.0000000E+00   0.0000000E+00
   4.5851354E+00   2.7905653E+03   2.7905653E+03   1.6732333E-05   2.3244417E-07   6.5961085E+00   2.7769279E+03   2.7905653E+03   0.0000000E+00   0.0000000E+00   0.0000000E+00   0.0000000E+00   0.0000000E+00
   4.9272224E+00   2.4577365E+03   2.4577365E+03   1.2760173E-05   1.7737363E-07   5.8089645E+00   2.4457255E+03   2.4577365E+03   0.0000000E+00   0.0000000E+00   0.0000000E+00   0.0000000E+00   0.0000000E+00
   5.2948318E+00   2.1640403E+03   2.1640403E+03   9.7303879E-06   1.3532446E-07   5.1144998E+00   2.1534647E+03   2.1640403E+03   0.0000000E+00   0.0000000E+00   0.0000000E+00   0.0000000E+00   0.0000000E+00
   5.6898677E+00   1.9049575E+03   1.9049575E+03   7.4171943E-06   1.0322786E-07   4.5020103E+00   1.8956480E+03   1.9049575E+03   0.0000000E+00   0.0000000E+00   0.0000000E+00   0.0000000E+00   0.0000000E+00
   6.1143764E+00   1.6764786E+03   1.6764786E+03   5.6520560E-06   7.8732290E-08   3.9618594E+00   1.6682856E+03   1.6764786E+03   0.0000000E+00   0.0000000E+00   0.0000000E+00   0.0000000E+00   0.0000000E+00
   6.5705567E+00   1.4750483E+03   1.4750483E+03   4.3069561E-06   6.0042606E-08   3.4857189E+00   1.4678398E+03   1.4750483E+03   0.0000000E+00   0.0000000E+00   0.0000000E+00   0.0000000E+00   0.0000000E+00
   7.0607717E+00   1.2975159E+03   1.2975159E+03   3.2830762E-06   4.5785143E-08   3.0660795E+00   1.2911749E+03   1.2975159E+03   0.0000000E+00   0.0000000E+00   0.0000000E+00   0.0000000E+00   0.0000000E+00
   7.5875605E+00   1.1410898E+03   1.1410898E+03   2.4985902E-06   3.4911236E-08   2.6963486E+00   1.1355133E+03   1.1410898E+03   0.0000000E+00   0.0000000E+00   0.0000000E+00   0.0000000E+00   0.0000000E+00
   8.1536520E+00   1.0032984E+03   1.0032984E+03   1.9022499E-06   2.6618508E-08   2.3707212E+00   9.9839523E+02   1.0032984E+03   0.0000000E+00   0.0000000E+00   0.0000000E+00   0.0000000E+00   0.0000000E+00
