#           k/h    CDM            baryon         photon         nu             mass_nu        total          no_nu          total_de       Weyl           v_CDM          v_b            v_b-v_c     
   1.1259309E-05   1.1426505E+06   1.1426505E+06   1.5234942E+06   1.1615960E+04   1.5461008E+03   1.1431277E+06   1.1426505E+06   0.0000000E+00   0.0000000E+00   0.0000000E+00   0.0000000E+00   0.0000000E+00
   1.2099342E-05   1.1426504E+06   1.1426504E+06   1.5234879E+06   1.1615928E+04   1.5460840E+03   1.1431275E+06   1.1426504E+06   0.0000000E+00   0.0000000E+00   0.0000000E+00   0.0000000E+00   0.0000000E+00
   1.3002047E-05   1.1426503E+06   1.1426503E+06   1.5234805E+06   1.1615892E+04   1.5460647E+03   1.1431274E+06   1.1426503E+06   0.0000000E+00   0.0000000E+00   0.0000000E+00   0.0000000E+00   0.0000000E+00
   1.3972102E-05   1.1426501E+06   1.1426501E+06   1.5234721E+06   1.1615850E+04   1.5460423E+03   1.1431272E+06   1.1426501E+06   0.0000000E+00   0.0000000E+00   0.0000000E+00   0.0000000E+00   0.0000000E+00
   1.5014530E-05   1.1426499E+06   1.1426499E+06   1.5234623E+06   1.1615801E+04   1.5460165E+03   1.1431270E+06   1.1426499E+06   0.0000000E+00   0.0000000E+00   0.0000000E+00   0.0000000E+00   0.0000000E+00
   1.6134732E-05   1.1426497E+06   1.1426497E+06   1.5234511E+06   1.1615745E+04   1.5459867E+03   1.1431267E+06   1.1426497E+06   0.0000000E+00   0.0000000E+00   0.0000000E+00   0.0000000E+00   0.0000000E+00
   1.7338509E-05   1.1426495E+06   1.1426495E+06   1.5234381E+06   1.1615680E+04   1.5459524E+03   1.1431265E+06   1.1426495E+06   0.0000000E+00   0.0000000E+00   0.0000000E+00   0.0000000E+00   0.0000000E+00
   1.8632097E-05   1.1426492E+06   1.1426492E+06   1.5234231E+06   1.1615605E+04   1.5459126E+03   1.1431261E+06   1.1426492E+06   0.0000000E+00   0.0000000E+00   0.0000000E+00   0.0000000E+00   0.0000000E+00
   2.0022198E-05   1.1426489E+06   1.1426489E+06   1.5234057E+06   1.1615519E+04   1.5458668E+03   1.1431258E+06   1.1426489E+06   0.0000000E+00   0.0000000E+00   0.0000000E+00   0.0000000E+00   0.0000000E+00
   2.1516010E-05   1.1426485E+06   1.1426485E+06   1.5233857E+06   1.1615419E+04   1.5458138E+03   1.1431253E+06   1.1426485E+06   0.0000000E+00   0.0000000E+00   0.0000000E+00   0.0000000E+00   0.0000000E+00
   2.3121273E-05   1.1426481E+06   1.1426481E+06   1.5233626E+06   1.1615304E+04   1.5457527E+03   1.1431249E+06   1.1426481E+06   0.0000000E+00   0.0000000E+00   0.0000000E+00   0.0000000E+00   0.0000000E+00
   2.4846301E-05   1.1426476E+06   1.1426476E+06   1.5233359E+06   1.1615171E+04   1.5456820E+03   1.1431243E+06   1.1426476E+06   0.0000000E+00   0.0000000E+00   0.0000000E+00   0.0000000E+00   0.0000000E+00
   2.6700030E-05   1.1426470E+06   1.1426470E+06   1.5233051E+06   1.1615017E+04   1.5456005E+03   1.1431236E+06   1.1426470E+06   0.0000000E+00   0.0000000E+00   0.0000000E+00   0.0000000E+00   0.0000000E+00
   2.8692061E-05   1.1426463E+06   1.1426463E+06   1.5232695E+06   1.1614839E+04   1.5455063E+03   1.1431229E+06   1.1426463E+06   0.0000000E+00   0.0000000E+00   0.0000000E+00   0.0000000E+00   0.0000000E+00
   3.0832713E-05   1.1426455E+06   1.1426455E+06   1.5232283E+06   1.1614634E+04   1.5453976E+03   1.1431220E+06   1.1426455E+06   0.0000000E+00   0.0000000E+00   0.0000000E+00   0.0000000E+00   0.0000000E+00
   3.3133075E-05   1.1426446E+06   1.1426446E+06   1.5231809E+06   1.1614398E+04   1.5452720E+03   1.1431210E+06   1.1426446E+06   0.0000000E+00   0.0000000E+00   0.0000000E+00   0.0000000E+00   0.0000000E+00
   3.5605062E-05   1.1426436E+06   1.1426436E+06   1.5231260E+06   1.1614124E+04   1.5451271E+03   1.1431198E+06   1.1426436E+06   0.0000000E+00   0.0000000E+00   0.0000000E+00   0.0000000E+00   0.0000000E+00
   3.8261478E-05   1.1426424E+06   1.1426424E+06   1.5230627E+06   1.1613808E+04   1.5449597E+03   1.1431185E+06   1.1426424E+06   0.0000000E+00   0.0000000E+00   0.0000000E+00   0.0000000E+00   0.0000000E+00
   4.1116084E-05   1.1426410E+06   1.1426410E+06   1.5229896E+06   1.1613444E+04   1.5447663E+03   1.1431169E+06   1.1426410E+06   0.0000000E+00   0.0000000E+00   0.0000000E+00   0.0000000E+00   0.0000000E+00
   4.4183666E-05   1.1426395E+06   1.1426395E+06   1.5229052E+06   1.1613023E+04   1.5445431E+03   1.1431151E+06   1.1426395E+06   0.0000000E+00   0.0000000E+00   0.0000000E+00   0.0000000E+00   0.0000000E+00
   4.7480113E-05   1.1426376E+06   1.1426376E+06   1.5228078E+06   1.1612537E+04   1.5442854E+03   1.1431130E+06   1.1426376E+06   0.0000000E+00   0.0000000E+00   0.0000000E+00   0.0000000E+00   0.0000000E+00
   5.1022501E-05   1.1426355E+06   1.1426355E+06   1.5226952E+06   1.1611976E+04   1.5439878E+03   1.1431107E+06   1.1426355E+06   0.0000000E+00   0.0000000E+00   0.0000000E+00   0.0000000E+00   0.0000000E+00
   5.4829179E-05   1.1426331E+06   1.1426331E+06   1.5225653E+06   1.1611327E+04   1.5436443E+03   1.1431079E+06   1.1426331E+06   0.0000000E+00   0.0000000E+00   0.0000000E+00   0.0000000E+00   0.0000000E+00
   5.8919865E-05   1.1426302E+06   1.1426302E+06   1.5224152E+06   1.1610579E+04   1.5432476E+03   1.1431047E+06   1.1426302E+06   0.0000000E+00   0.0000000E+00   0.0000000E+00   0.0000000E+00   0.0000000E+00
   6.3315748E-05   1.1426270E+06   1.1426270E+06   1.5222419E+06   1.1609715E+04   1.5427895E+03   1.1431010E+06   1.1426270E+06   0.0000000E+00   0.0000000E+00   0.0000000E+00   0.0000000E+00   0.0000000E+00
   6.8039599E-05   1.1426232E+06   1.1426232E+06   1.5220419E+06   1.1608717E+04   1.5422608E+03   1.1430967E+06   1.1426232E+06   0.0000000E+00   0.0000000E+00   0.0000000E+00   0.0000000E+00   0.0000000E+00
   7.3115886E-05   1.1426188E+06   1.1426188E+06   1.5218108E+06   1.1607565E+04   1.5416503E+03   1.1430918E+06   1.1426188E+06   0.0000000E+00   0.0000000E+00   0.0000000E+00   0.0000000E+00   0.0000000E+00
   7.8570903E-05   1.1426138E+06   1.1426138E+06   1.5215441E+06   1.1606234E+04   1.5409455E+03   1.1430862E+06   1.1426138E+06   0.0000000E+00   0.0000000E+00   0.0000000E+00   0.0000000E+00   0.0000000E+00
   8.4432908E-05   1.1426080E+06   1.1426080E+06   1.5212362E+06   1.1604698E+04   1.5401320E+03   1.1430796E+06   1.1426080E+06   0.0000000E+00   0.0000000E+00   0.0000000E+00   0.0000000E+00   0.0000000E+00
   9.0732263E-05   1.1426013E+06   1.1426013E+06   1.5208806E+06   1.1602924E+04   1.5391929E+03   1.1430720E+06   1.1426013E+06   0.0000000E+00   0.0000000E+00   0.0000000E+00   0.0000000E+00   0.0000000E+00
   9.7501601E-05   1.1425936E+06   1.1425936E+06   1.5204701E+06   1.1600876E+04   1.5381090E+03   1.1430633E+06   1.1425936E+06   0.0000000E+00   0.0000000E+00   0.0000000E+00   0.0000000E+00   0.0000000E+00
   1.0477598E-04   1.1425846E+06   1.1425846E+06   1.5199962E+06   1.1598512E+04   1.5368579E+03   1.1430532E+06   1.1425846E+06   0.0000000E+00   0.0000000E+00   0.0000000E+00   0.0000000E+00   0.0000000E+00
   1.1259309E-04   1.1425743E+06   1.1425743E+06   1.5194492E+06   1.1595782E+04   1.5354142E+03   1.1430415E+06   1.1425743E+06   0.0000000E+00   0.0000000E+00   0.0000000E+00   0.0000000E+00   0.0000000E+00
   1.2099342E-04   1.1425624E+06   1.1425624E+06   1.5188176E+06   1.1592631E+04   1.5337482E+03   1.1430281E+06   1.1425624E+06   0.0000000E+00   0.0000000E+00   0.0000000E+00   0.0000000E+00   0.0000000E+00
   1.3002047E-04   1.1425487E+06   1.1425487E+06   1.5180887E+06   1.1588992E+04   1.5318258E+03   1.1430125E+06   1.1425487E+06   0.0000000E+00   0.0000000E+00   0.0000000E+00   0.0000000E+00   0.0000000E+00
   1.3972102E-04   1.1425328E+06   1.1425328E+06   1.5172472E+06   1.1584793E+04   1.5296081E+03   1.1429946E+06   1.1425328E+06   0.0000000E+00   0.0000000E+00   0.0000000E+00   0.0000000E+00   0.0000000E+00
   1.5014530E-04   1.1425144E+06   1.1425144E+06   1.5162761E+06   1.1579945E+04   1.5270500E+03   1.1429739E+06   1.1425144E+06   0.0000000E+00   0.0000000E+00   0.0000000E+00   0.0000000E+00   0.0000000E+00
   1.6134732E-04   1.1424933E+06   1.1424933E+06   1.5151554E+06   1.1574349E+04   1.5240997E+03   1.1429500E+06   1.1424933E+06   0.0000000E+00   0.0000000E+00   0.0000000E+00   0.0000000E+00   0.0000000E+00
   1.7338509E-04   1.1424688E+06   1.1424688E+06   1.5138622E+06   1.1567891E+04   1.5206978E+03   1.1429224E+06   1.1424688E+06   0.0000000E+00   0.0000000E+00   0.0000000E+00   0.0000000E+00   0.0000000E+00
   1.8632097E-04   1.1424406E+06   1.1424406E+06   1.5123700E+06   1.1560438E+04   1.5167761E+03   1.1428905E+06   1.1424406E+06   0.0000000E+00   0.0000000E+00   0.0000000E+00   0.0000000E+00   0.0000000E+00
   2.0022198E-04   1.1424081E+06   1.1424081E+06   1.5106485E+06   1.1551837E+04   1.5122563E+03   1.1428537E+06   1.1424081E+06   0.0000000E+00   0.0000000E+00   0.0000000E+00   0.0000000E+00   0.0000000E+00
   2.1516010E-04   1.1423704E+06   1.1423704E+06   1.5086629E+06   1.1541913E+04   1.5070489E+03   1.1428112E+06   1.1423704E+06   0.0000000E+00   0.0000000E+00   0.0000000E+00   0.0000000E+00   0.0000000E+00
   2.3121273E-04   1.1423270E+06   1.1423270E+06   1.5063729E+06   1.1530464E+04   1.5010513E+03   1.1427622E+06   1.1423270E+06   0.0000000E+00   0.0000000E+00   0.0000000E+00   0.0000000E+00   0.0000000E+00
   2.4846301E-04   1.1422769E+06   1.1422769E+06   1.5037323E+06   1.1517258E+04   1.4941465E+03   1.1427057E+06   1.1422769E+06   0.0000000E+00   0.0000000E+00   0.0000000E+00   0.0000000E+00   0.0000000E+00
   2.6700030E-04   1.1422191E+06   1.1422191E+06   1.5006884E+06   1.1502027E+04   1.4862011E+03   1.1426404E+06   1.1422191E+06   0.0000000E+00   0.0000000E+00   0.0000000E+00   0.0000000E+00   0.0000000E+00
   2.8692061E-04   1.1421524E+06   1.1421524E+06   1.4971803E+06   1.1484464E+04   1.4770632E+03   1.1425650E+06   1.1421524E+06   0.0000000E+00   0.0000000E+00   0.0000000E+00   0.0000000E+00   0.0000000E+00
   3.0832713E-04   1.1420754E+06   1.1420754E+06   1.4931386E+06   1.1464217E+04   1.4665607E+03   1.1424781E+06   1.1420754E+06   0.0000000E+00   0.0000000E+00   0.0000000E+00   0.0000000E+00   0.0000000E+00
   3.3133075E-04   1.1419866E+06   1.1419866E+06   1.4884838E+06   1.1440883E+04   1.4544987E+03   1.1423779E+06   1.1419866E+06   0.0000000E+00   0.0000000E+00   0.0000000E+00   0.0000000E+00   0.0000000E+00
   3.5605062E-04   1.1418841E+06   1.1418841E+06   1.4831250E+06   1.1413998E+04   1.4406575E+03   1.1422622E+06   1.1418841E+06   0.0000000E+00   0.0000000E+00   0.0000000E+00   0.0000000E+00   0.0000000E+00
   3.8261478E-04   1.1417658E+06   1.1417658E+06   1.4769588E+06   1.1383032E+04   1.4247904E+03   1.1421288E+06   1.1417658E+06   0.0000000E+00   0.0000000E+00   0.0000000E+00   0.0000000E+00   0.0000000E+00
   4.1116084E-04   1.1416295E+06   1.1416295E+06   1.4698674E+06   1.1347382E+04   1.4066220E+03   1.1419750E+06   1.1416295E+06   0.0000000E+00   0.0000000E+00   0.0000000E+00   0.0000000E+00   0.0000000E+00
   4.4183666E-04   1.1414722E+06   1.1414722E+06   1.4617172E+06   1.1306358E+04   1.3858462E+03   1.1417977E+06   1.1414722E+06   0.0000000E+00   0.0000000E+00   0.0000000E+00   0.0000000E+00   0.0000000E+00
   4.7480113E-04   1.1412910E+06   1.1412910E+06   1.4523572E+06   1.1259174E+04   1.3621261E+03   1.1415934E+06   1.1412910E+06   0.0000000E+00   0.0000000E+00   0.0000000E+00   0.0000000E+00   0.0000000E+00
   5.1022501E-04   1.1410821E+06   1.1410821E+06   1.4416168E+06   1.1204941E+04   1.3350934E+03   1.1413579E+06   1.1410821E+06   0.0000000E+00   0.0000000E+00   0.0000000E+00   0.0000000E+00   0.0000000E+00
   5.4829179E-04   1.1408414E+06   1.1408414E+06   1.4293048E+06   1.1142650E+04   1.3043508E+03   1.1410868E+06   1.1408414E+06   0.0000000E+00   0.0000000E+00   0.0000000E+00   0.0000000E+00   0.0000000E+00
   5.8919865E-04   1.1405641E+06   1.1405641E+06   1.4152073E+06   1.1071164E+04   1.2694752E+03   1.1407747E+06   1.1405641E+06   0.0000000E+00   0.0000000E+00   0.0000000E+00   0.0000000E+00   0.0000000E+00
   6.3315748E-04   1.1402449E+06   1.1402449E+06   1.3990869E+06   1.0989205E+04   1.2300252E+03   1.1404155E+06   1.1402449E+06   0.0000000E+00   0.0000000E+00   0.0000000E+00   0.0000000E+00   0.0000000E+00
   6.8039599E-04   1.1398776E+06   1.1398776E+06   1.3806814E+06   1.0895344E+04   1.1855518E+03   1.1400025E+06   1.1398776E+06   0.0000000E+00   0.0000000E+00   0.0000000E+00   0.0000000E+00   0.0000000E+00
   7.3115886E-04   1.1394551E+06   1.1394551E+06   1.3597044E+06   1.0787990E+04   1.1356145E+03   1.1395277E+06   1.1394551E+06   0.0000000E+00   0.0000000E+00   0.0000000E+00   0.0000000E+00   0.0000000E+00
   7.8570903E-04   1.1389695E+06   1.1389695E+06   1.3358459E+06   1.0665390E+04   1.0798045E+03   1.1389825E+06   1.1389695E+06   0.0000000E+00   0.0000000E+00   0.0000000E+00   0.0000000E+00   0.0000000E+00
   8.4432908E-04   1.1384117E+06   1.1384117E+06   1.3087750E+06   1.0525618E+04   1.0177767E+03   1.1383568E+06   1.1384117E+06   0.0000000E+00   0.0000000E+00   0.0000000E+00   0.0000000E+00   0.0000000E+00
   9.0732263E-04   1.1377714E+06   1.1377714E+06   1.2781443E+06   1.0366588E+04   9.4929228E+02   1.1376394E+06   1.1377714E+06   0.0000000E+00   0.0000000E+00   0.0000000E+00   0.0000000E+00   0.0000000E+00
   9.7501601E-04   1.1370372E+06   1.1370372E+06   1.2435975E+06   1.0186068E+04   8.7427422E+02   1.1368178E+06   1.1370372E+06   0.0000000E+00   0.0000000E+00   0.0000000E+00   0.0000000E+00   0.0000000E+00
   1.0477598E-03   1.1361961E+06   1.1361961E+06   1.2047798E+06   9.9817012E+03   7.9287779E+02   1.1358780E+06   1.1361961E+06   0.0000000E+00   0.0000000E+00   0.0000000E+00   0.0000000E+00   0.0000000E+00
   1.1259309E-03   1.1352337E+06   1.1352337E+06   1.1613534E+06   9.7510574E+03   7.0557711E+02   1.1348045E+06   1.1352337E+06   0.0000000E+00   0.0000000E+00   0.0000000E+00   0.0000000E+00   0.0000000E+00
   1.2099342E-03   1.1341341E+06   1.1341341E+06   1.1130179E+06   9.4916946E+03   6.1326800E+02   1.1335804E+06   1.1341341E+06   0.0000000E+00   0.0000000E+00   0.0000000E+00   0.0000000E+00   0.0000000E+00
   1.3002047E-03   1.1328796E+06   1.1328796E+06   1.0595374E+06   9.2012542E+03   5.1738470E+02   1.1321868E+06   1.1328796E+06   0.0000000E+00   0.0000000E+00   0.0000000E+00   0.0000000E+00   0.0000000E+00
   1.3972102E-03   1.1314509E+06   1.1314509E+06   1.0007745E+06   8.8775873E+03   4.2002417E+02   1.1306038E+06   1.1314509E+06   0.0000000E+00   0.0000000E+00   0.0000000E+00   0.0000000E+00   0.0000000E+00
   1.5014530E-03   1.1298270E+06   1.1298270E+06   9.3673183E+05   8.5189204E+03   3.2406592E+02   1.1288098E+06   1.1298270E+06   0.0000000E+00   0.0000000E+00   0.0000000E+00   0.0000000E+00   0.0000000E+00
   1.6134732E-03   1.1279853E+06   1.1279853E+06   8.6760109E+05   8.1240643E+03   2.3326648E+02   1.1267818E+06   1.1279853E+06   0.0000000E+00   0.0000000E+00   0.0000000E+00   0.0000000E+00   0.0000000E+00
   1.7338509E-03   1.1259019E+06   1.1259019E+06   7.9381713E+05   7.6926689E+03   1.5229692E+02   1.1244963E+06   1.1259019E+06   0.0000000E+00   0.0000000E+00   0.0000000E+00   0.0000000E+00   0.0000000E+00
   1.8632097E-03   1.1235516E+06   1.1235516E+06   7.1611411E+05   7.2255188E+03   8.6677738E+01   1.1219288E+06   1.1235516E+06   0.0000000E+00   0.0000000E+00   0.0000000E+00   0.0000000E+00   0.0000000E+00
   2.0022198E-03   1.1209083E+06   1.1209083E+06   6.3557689E+05   6.7248602E+03   4.2551478E+01   1.1190550E+06   1.1209083E+06   0.0000000E+00   0.0000000E+00   0.0000000E+00   0.0000000E+00   0.0000000E+00
   2.1516010E-03   1.1179456E+06   1.1179456E+06   5.5367800E+05   6.1947347E+03   2.6222035E+01   1.1158509E+06   1.1179456E+06   0.0000000E+00   0.0000000E+00   0.0000000E+00   0.0000000E+00   0.0000000E+00
   2.3121273E-03   1.1146371E+06   1.1146371E+06   4.7228579E+05   5.6412810E+03   4.3388903E+01   1.1122938E+06   1.1146371E+06   0.0000000E+00   0.0000000E+00   0.0000000E+00   0.0000000E+00   0.0000000E+00
   2.4846301E-03   1.1109568E+06   1.1109568E+06   3.9362589E+05   5.0729438E+03   9.8025975E+01   1.1083627E+06   1.1109568E+06   0.0000000E+00   0.0000000E+00   0.0000000E+00   0.0000000E+00   0.0000000E+00
   2.6700030E-03   1.1068802E+06   1.1068802E+06   3.2017546E+05   4.5005116E+03   1.9091452E+02   1.1040385E+06   1.1068802E+06   0.0000000E+00   0.0000000E+00   0.0000000E+00   0.0000000E+00   0.0000000E+00
   2.8692061E-03   1.1023838E+06   1.1023838E+06   2.5447122E+05   3.9368799E+03   3.1795789E+02   1.0993048E+06   1.1023838E+06   0.0000000E+00   0.0000000E+00   0.0000000E+00   0.0000000E+00   0.0000000E+00
   3.0832713E-03   1.0974461E+06   1.0974461E+06   1.9882126E+05   3.3964389E+03   4.6859543E+02   1.0941470E+06   1.0974461E+06   0.0000000E+00   0.0000000E+00   0.0000000E+00   0.0000000E+00   0.0000000E+00
   3.3133075E-03   1.0920468E+06   1.0920468E+06   1.5493041E+05   2.8939971E+03   6.2488761E+02   1.0885515E+06   1.0920468E+06   0.0000000E+00   0.0000000E+00   0.0000000E+00   0.0000000E+00   0.0000000E+00
   3.5605062E-03   1.0861661E+06   1.0861661E+06   1.2348323E+05   2.4432215E+03   7.6210855E+02   1.0825045E+06   1.0861661E+06   0.0000000E+00   0.0000000E+00   0.0000000E+00   0.0000000E+00   0.0000000E+00
   3.8261478E-03   1.0797841E+06   1.0797841E+06   1.0377581E+05   2.0546939E+03   8.5181489E+02   1.0759893E+06   1.0797841E+06   0.0000000E+00   0.0000000E+00   0.0000000E+00   0.0000000E+00   0.0000000E+00
   4.1116084E-03   1.0728782E+06   1.0728782E+06   9.3537306E+04   1.7338687E+03   8.6811305E+02   1.0689838E+06   1.0728782E+06   0.0000000E+00   0.0000000E+00   0.0000000E+00   0.0000000E+00   0.0000000E+00
   4.4183666E-03   1.0654224E+06   1.0654224E+06   8.9110710E+04   1.4794385E+03   7.9689616E+02   1.0614585E+06   1.0654224E+06   0.0000000E+00   0.0000000E+00   0.0000000E+00   0.0000000E+00   0.0000000E+00
   4.7480113E-03   1.0573855E+06   1.0573855E+06   8.6128734E+04   1.2827955E+03   6.4593377E+02   1.0533754E+06   1.0573855E+06   0.0000000E+00   0.0000000E+00   0.0000000E+00   0.0000000E+00   0.0000000E+00
   5.1022501E-03   1.0487314E+06   1.0487314E+06   8.0678589E+04   1.1292687E+03   4.5111925E+02   1.0446888E+06   1.0487314E+06   0.0000000E+00   0.0000000E+00   0.0000000E+00   0.0000000E+00   0.0000000E+00
   5.4829179E-03   1.0394203E+06   1.0394203E+06   7.0680691E+04   1.0014602E+03   2.7219202E+02   1.0353499E+06   1.0394203E+06   0.0000000E+00   0.0000000E+00   0.0000000E+00   0.0000000E+00   0.0000000E+00
   5.8919865E-03   1.0294121E+06   1.0294121E+06   5.6878293E+04   8.8416500E+02   1.7250714E+02   1.0253126E+06   1.0294121E+06   0.0000000E+00   0.0000000E+00   0.0000000E+00   0.0000000E+00   0.0000000E+00
   6.3315748E-03   1.0186701E+06   1.0186701E+06   4.2661586E+04   7.6920060E+02   1.8507576E+02   1.0145395E+06   1.0186701E+06   0.0000000E+00   0.0000000E+00   0.0000000E+00   0.0000000E+00   0.0000000E+00
   6.8039599E-03   1.0071632E+06   1.0071632E+06   3.2264341E+04   6.5759677E+02   2.8144732E+02   1.0030053E+06   1.0071632E+06   0.0000000E+00   0.0000000E+00   0.0000000E+00   0.0000000E+00   0.0000000E+00
   7.3115886E-03   9.9486566E+05   9.9486566E+05   2.7893269E+04   5.5702800E+02   3.7291453E+02   9.9069169E+05   9.9486566E+05   0.0000000E+00   0.0000000E+00   0.0000000E+00   0.0000000E+00   0.0000000E+00
   7.8570903E-03   9.8175207E+05   9.8175207E+05   2.7708221E+04   4.7491684E+02   3.6601980E+02   9.7757902E+05   9.8175207E+05   0.0000000E+00   0.0000000E+00   0.0000000E+00   0.0000000E+00   0.0000000E+00
   8.4432908E-03   9.6779270E+05   9.6779270E+05   2.6952269E+04   4.1151015E+02   2.4949293E+02   9.6363625E+05   9.6779270E+05   0.0000000E+00   0.0000000E+00   0.0000000E+00   0.0000000E+00   0.0000000E+00
   9.0732263E-03   9.5295200E+05   9.5295200E+05   2.2370632E+04   3.5910782E+02   1.2788574E+02   9.4882098E+05   9.5295200E+05   0.0000000E+00   0.0000000E+00   0.0000000E+00   0.0000000E+00   0.0000000E+00
   9.7501601E-03   9.3719330E+05   9.3719330E+05   1.5923018E+04   3.0943130E+02   1.2212700E+02   9.3309083E+05   9.3719330E+05   0.0000000E+00   0.0000000E+00   0.0000000E+00   0.0000000E+00   0.0000000E+00
   1.0477598E-02   9.2048528E+05   9.2048528E+05   1.2468515E+04   2.6192749E+02   2.0615192E+02   9.1641593E+05   9.2048528E+05   0.0000000E+00   0.0000000E+00   0.0000000E+00   0.0000000E+00   0.0000000E+00
   1.1259309E-02   9.0280183E+05   9.0280183E+05   1.2747741E+04   2.2214825E+02   2.1753760E+02   8.9877651E+05   9.0280183E+05   0.0000000E+00   0.0000000E+00   0.0000000E+00   0.0000000E+00   0.0000000E+00
   1.2099342E-02   8.8411516E+05   8.8411516E+05   1.1983176E+04   1.9140219E+02   1.1601362E+02   8.8014696E+05   8.8411516E+05   0.0000000E+00   0.0000000E+00   0.0000000E+00   0.0000000E+00   0.0000000E+00
   1.3002047E-02   8.6439392E+05   8.6439392E+05   8.4133765E+03   1.6413142E+02   7.9756210E+01   8.6049103E+05   8.6439392E+05   0.0000000E+00   0.0000000E+00   0.0000000E+00   0.0000000E+00   0.0000000E+00
   1.3972102E-02   8.4361123E+05   8.4361123E+05   6.6435169E+03   1.3824710E+02   1.4823038E+02   8.3977837E+05   8.4361123E+05   0.0000000E+00   0.0000000E+00   0.0000000E+00   0.0000000E+00   0.0000000E+00
   1.5014530E-02   8.2174816E+05   8.2174816E+05   7.0853139E+03   1.1737158E+02   1.1772627E+02   8.1799319E+05   8.2174816E+05   0.0000000E+00   0.0000000E+00   0.0000000E+00   0.0000000E+00   0.0000000E+00
   1.6134732E-02   7.9878785E+05   7.9878785E+05   5.3111287E+03   1.0020437E+02   5.4892617E+01   7.9512114E+05   7.9878785E+05   0.0000000E+00   0.0000000E+00   0.0000000E+00   0.0000000E+00   0.0000000E+00
   1.7338509E-02   7.7472035E+05   7.7472035E+05   4.0258008E+03   8.3996808E+01   1.0905544E+02   7.7114961E+05   7.7472035E+05   0.0000000E+00   0.0000000E+00   0.0000000E+00   0.0000000E+00   0.0000000E+00
   1.8632097E-02   7.4955073E+05   7.4955073E+05   4.2279551E+03   7.1129521E+01   6.8564871E+01   7.4608184E+05   7.4955073E+05   0.0000000E+00   0.0000000E+00   0.0000000E+00   0.0000000E+00   0.0000000E+00
   2.0022198E-02   7.2329636E+05   7.2329636E+05   2.7811939E+03   5.9864941E+01   5.9092622E+01   7.1993731E+05   7.2329636E+05   0.0000000E+00   0.0000000E+00   0.0000000E+00   0.0000000E+00   0.0000000E+00
   2.1516010E-02   6.9599612E+05   6.9599612E+05   2.8301526E+03   5.0046660E+01   7.3115590E+01   6.9275441E+05   6.9599612E+05   0.0000000E+00   0.0000000E+00   0.0000000E+00   0.0000000E+00   0.0000000E+00
   2.3121270E-02   6.6771592E+05   6.6771592E+05   2.0037460E+03   4.2066721E+01   4.1138133E+01   6.6459677E+05   6.6771592E+05   0.0000000E+00   0.0000000E+00   0.0000000E+00   0.0000000E+00   0.0000000E+00
   2.4846281E-02   6.3855387E+05   6.3855387E+05   1.9409980E+03   3.4941718E+01   5.7410608E+01   6.3556409E+05   6.3855387E+05   0.0000000E+00   0.0000000E+00   0.0000000E+00   0.0000000E+00   0.0000000E+00
   2.6699923E-02   6.0865021E+05   6.0865021E+05   1.3352145E+03   2.9123877E+01   4.0815935E+01   6.0579372E+05   6.0865021E+05   0.0000000E+00   0.0000000E+00   0.0000000E+00   0.0000000E+00   0.0000000E+00
   2.8691574E-02   5.7819399E+05   5.7819399E+05   1.3252070E+03   2.4151399E+01   3.3064923E+01   5.7547559E+05   5.7819399E+05   0.0000000E+00   0.0000000E+00   0.0000000E+00   0.0000000E+00   0.0000000E+00
   3.0830771E-02   5.4743402E+05   5.4743402E+05   9.8192006E+02   1.9869949E+01   4.5154719E+01   5.4485549E+05   5.4743402E+05   0.0000000E+00   0.0000000E+00   0.0000000E+00   0.0000000E+00   0.0000000E+00
   3.3126259E-02   5.1669119E+05   5.1669119E+05   7.5149846E+02   1.6422219E+01   2.7335661E+01   5.1425374E+05   5.1669119E+05   0.0000000E+00   0.0000000E+00   0.0000000E+00   0.0000000E+00   0.0000000E+00
   3.5583845E-02   4.8637204E+05   4.8637204E+05   6.8732330E+02   1.3476367E+01   2.1576016E+01   4.8407476E+05   4.8637204E+05   0.0000000E+00   0.0000000E+00   0.0000000E+00   0.0000000E+00   0.0000000E+00
   3.8202539E-02   4.5697796E+05   4.5697796E+05   5.8775339E+02   1.1014793E+01   2.5870329E+01   4.5481679E+05   4.5697796E+05   0.0000000E+00   0.0000000E+00   0.0000000E+00   0.0000000E+00   0.0000000E+00
   4.0969417E-02   4.2908764E+05   4.2908764E+05   4.6220251E+02   9.0149465E+00   2.6774434E+01   4.2705620E+05   4.2908764E+05   0.0000000E+00   0.0000000E+00   0.0000000E+00   0.0000000E+00   0.0000000E+00
   4.3855851E-02   4.0328545E+05   4.0328545E+05   3.5814331E+02   7.4040345E+00   2.4117883E+01   4.0137447E+05   4.0328545E+05   0.0000000E+00   0.0000000E+00   0.0000000E+00   0.0000000E+00   0.0000000E+00
   4.6819735E-02   3.8003081E+05   3.8003081E+05   2.8580870E+02   6.1145008E+00   2.0775838E+01   3.7822873E+05   3.8003081E+05   0.0000000E+00   0.0000000E+00   0.0000000E+00   0.0000000E+00   0.0000000E+00
   4.9815612E-02   3.5952709E+05   3.5952709E+05   2.3793036E+02   5.0907032E+00   1.7941901E+01   3.5782113E+05   3.5952709E+05   0.0000000E+00   0.0000000E+00   0.0000000E+00   0.0000000E+00   0.0000000E+00
   5.2807218E-02   3.4168048E+05   3.4168048E+05   2.0526716E+02   4.2817936E+00   1.5842290E+01   3.4005827E+05   3.4168048E+05   0.0000000E+00   0.0000000E+00   0.0000000E+00   0.0000000E+00   0.0000000E+00
   5.5774217E-02   3.2617156E+05   3.2617156E+05   1.8017820E+02   3.6392976E+00   1.4522693E+01   3.2462226E+05   3.2617156E+05   0.0000000E+00   0.0000000E+00   0.0000000E+00   0.0000000E+00   0.0000000E+00
   5.8711076E-02   3.1257357E+05   3.1257357E+05   1.5785241E+02   3.1238546E+00   1.3842977E+01   3.1108828E+05   3.1257357E+05   0.0000000E+00   0.0000000E+00   0.0000000E+00   0.0000000E+00   0.0000000E+00
   6.1622117E-02   3.0044791E+05   3.0044791E+05   1.3688037E+02   2.7049884E+00   1.3525056E+01   2.9901977E+05   3.0044791E+05   0.0000000E+00   0.0000000E+00   0.0000000E+00   0.0000000E+00   0.0000000E+00
   6.4516731E-02   2.8939627E+05   2.8939627E+05   1.1791505E+02   2.3602940E+00   1.3093398E+01   2.8802026E+05   2.8939627E+05   0.0000000E+00   0.0000000E+00   0.0000000E+00   0.0000000E+00   0.0000000E+00
   6.7406212E-02   2.7908100E+05   2.7908100E+05   1.0214556E+02   2.0742660E+00   1.2078676E+01   2.7775366E+05   2.7908100E+05   0.0000000E+00   0.0000000E+00   0.0000000E+00   0.0000000E+00   0.0000000E+00
   7.0302047E-02   2.6922928E+05   2.6922928E+05   9.0693630E+01   1.8336007E+00   1.0649355E+01   2.6794849E+05   2.6922928E+05   0.0000000E+00   0.0000000E+00   0.0000000E+00   0.0000000E+00   0.0000000E+00
   7.3215151E-02   2.5963135E+05   2.5963135E+05   8.3417019E+01   1.6276973E+00   9.5253055E+00   2.5839597E+05   2.5963135E+05   0.0000000E+00   0.0000000E+00   0.0000000E+00   0.0000000E+00   0.0000000E+00
   7.6155605E-02   2.5013722E+05   2.5013722E+05   7.8111093E+01   1.4491287E+00   9.2351753E+00   2.4894680E+05   2.5013722E+05   0.0000000E+00   0.0000000E+00   0.0000000E+00   0.0000000E+00   0.0000000E+00
   7.9132633E-02   2.4065337E+05   2.4065337E+05   7.2164576E+01   1.2929137E+00   9.5786545E+00   2.3950790E+05   2.4065337E+05   0.0000000E+00   0.0000000E+00   0.0000000E+00   0.0000000E+00   0.0000000E+00
   8.2154687E-02   2.3113930E+05   2.3113930E+05   6.4725822E+01   1.1558801E+00   9.9256974E+00   2.3003893E+05   2.3113930E+05   0.0000000E+00   0.0000000E+00   0.0000000E+00   0.0000000E+00   0.0000000E+00
   8.5229559E-02   2.2160344E+05   2.2160344E+05   5.6706632E+01   1.0350052E+00   9.9120768E+00   2.2054831E+05   2.2160344E+05   0.0000000E+00   0.0000000E+00   0.0000000E+00   0.0000000E+00   0.0000000E+00
   8.8364504E-02   2.1209757E+05   2.1209757E+05   4.9342480E+01   9.2759060E-01   9.5628017E+00   2.1108757E+05   2.1209757E+05   0.0000000E+00   0.0000000E+00   0.0000000E+00   0.0000000E+00   0.0000000E+00
   9.1566343E-02   2.0270932E+05   2.0270932E+05   4.3248862E+01   8.3167433E-01   9.0464576E+00   2.0174391E+05   2.0270932E+05   0.0000000E+00   0.0000000E+00   0.0000000E+00   0.0000000E+00   0.0000000E+00
   9.4841560E-02   1.9355213E+05   1.9355213E+05   3.8429729E+01   7.4567706E-01   8.5008263E+00   1.9263024E+05   1.9355213E+05   0.0000000E+00   0.0000000E+00   0.0000000E+00   0.0000000E+00   0.0000000E+00
   9.8196379E-02   1.8475281E+05   1.8475281E+05   3.4618535E+01   6.6843170E-01   7.9551900E+00   1.8387274E+05   1.8475281E+05   0.0000000E+00   0.0000000E+00   0.0000000E+00   0.0000000E+00   0.0000000E+00
   1.0163683E-01   1.7643689E+05   1.7643689E+05   3.1458453E+01   5.9910274E-01   7.3617880E+00   1.7559635E+05   1.7643689E+05   0.0000000E+00   0.0000000E+00   0.0000000E+00   0.0000000E+00   0.0000000E+00
   1.0516881E-01   1.6871286E+05   1.6871286E+05   2.8485917E+01   5.3693960E-01   6.6832665E+00   1.6790904E+05   1.6871286E+05   0.0000000E+00   0.0000000E+00   0.0000000E+00   0.0000000E+00   0.0000000E+00
   1.0879810E-01   1.6165652E+05   1.6165652E+05   2.5159517E+01   4.8124309E-01   5.9834707E+00   1.6088626E+05   1.6165652E+05   0.0000000E+00   0.0000000E+00   0.0000000E+00   0.0000000E+00   0.0000000E+00
   1.1253045E-01   1.5529742E+05   1.5529742E+05   2.1277879E+01   4.3137576E-01   5.5089961E+00   1.5455740E+05   1.5529742E+05   0.0000000E+00   0.0000000E+00   0.0000000E+00   0.0000000E+00   0.0000000E+00
   1.1637155E-01   1.4960954E+05   1.4960954E+05   1.7745111E+01   3.8675353E-01   5.5569314E+00   1.4889658E+05   1.4960954E+05   0.0000000E+00   0.0000000E+00   0.0000000E+00   0.0000000E+00   0.0000000E+00
   1.2032710E-01   1.4450851E+05   1.4450851E+05   1.6271530E+01   3.4694239E-01   5.9186435E+00   1.4381980E+05   1.4450851E+05   0.0000000E+00   0.0000000E+00   0.0000000E+00   0.0000000E+00   0.0000000E+00
   1.2440280E-01   1.3985698E+05   1.3985698E+05   1.6452416E+01   3.1166167E-01   5.6981575E+00   1.3919040E+05   1.3985698E+05   0.0000000E+00   0.0000000E+00   0.0000000E+00   0.0000000E+00   0.0000000E+00
   1.2860440E-01   1.3547932E+05   1.3547932E+05   1.4769256E+01   2.8039664E-01   4.9058512E+00   1.3483357E+05   1.3547932E+05   0.0000000E+00   0.0000000E+00   0.0000000E+00   0.0000000E+00   0.0000000E+00
   1.3293765E-01   1.3118480E+05   1.3118480E+05   1.1975436E+01   2.5235274E-01   4.9839336E+00   1.3055949E+05   1.3118480E+05   0.0000000E+00   0.0000000E+00   0.0000000E+00   0.0000000E+00   0.0000000E+00
   1.3740838E-01   1.2679703E+05   1.2679703E+05   1.2115093E+01   2.2726148E-01   5.0093339E+00   1.2619260E+05   1.2679703E+05   0.0000000E+00   0.0000000E+00   0.0000000E+00   0.0000000E+00   0.0000000E+00
   1.4202246E-01   1.2218517E+05   1.2218517E+05   1.0370088E+01   2.0479137E-01   4.4129319E+00   1.2160270E+05   1.2218517E+05   0.0000000E+00   0.0000000E+00   0.0000000E+00   0.0000000E+00   0.0000000E+00
   1.4678583E-01   1.1729086E+05   1.1729086E+05   9.3718269E+00   1.8437937E-01   4.7151778E+00   1.1673169E+05   1.1729086E+05   0.0000000E+00   0.0000000E+00   0.0000000E+00   0.0000000E+00   0.0000000E+00
   1.5170449E-01   1.1214401E+05   1.1214401E+05   8.4618310E+00   1.6603147E-01   3.9791343E+00   1.1160935E+05   1.1214401E+05   0.0000000E+00   0.0000000E+00   0.0000000E+00   0.0000000E+00   0.0000000E+00
   1.5678452E-01   1.0686166E+05   1.0686166E+05   7.6556795E+00   1.4915292E-01   4.2279211E+00   1.0635217E+05   1.0686166E+05   0.0000000E+00   0.0000000E+00   0.0000000E+00   0.0000000E+00   0.0000000E+00
   1.6203208E-01   1.0162655E+05   1.0162655E+05   6.4375157E+00   1.3392186E-01   3.7787985E+00   1.0114200E+05   1.0162655E+05   0.0000000E+00   0.0000000E+00   0.0000000E+00   0.0000000E+00   0.0000000E+00
   1.6745341E-01   9.6646884E+04   9.6646884E+04   6.1315268E+00   1.2003652E-01   3.5496822E+00   9.6186057E+04   9.6646884E+04   0.0000000E+00   0.0000000E+00   0.0000000E+00   0.0000000E+00   0.0000000E+00
   1.7305485E-01   9.2104562E+04   9.2104562E+04   5.3357725E+00   1.0749211E-01   3.4514496E+00   9.1665382E+04   9.2104562E+04   0.0000000E+00   0.0000000E+00   0.0000000E+00   0.0000000E+00   0.0000000E+00
   1.7884283E-01   8.8104412E+04   8.8104412E+04   4.7828981E+00   9.6205736E-02   3.3522326E+00   8.7684291E+04   8.8104412E+04   0.0000000E+00   0.0000000E+00   0.0000000E+00   0.0000000E+00   0.0000000E+00
   1.8482391E-01   8.4639864E+04   8.4639864E+04   4.3885252E+00   8.6161773E-02   3.1950387E+00   8.4236252E+04   8.4639864E+04   0.0000000E+00   0.0000000E+00   0.0000000E+00   0.0000000E+00   0.0000000E+00
   1.9100475E-01   8.1588923E+04   8.1588923E+04   3.9353064E+00   7.7207017E-02   3.1147353E+00   8.1199849E+04   8.1588923E+04   0.0000000E+00   0.0000000E+00   0.0000000E+00   0.0000000E+00   0.0000000E+00
   1.9739219E-01   7.8746931E+04   7.8746931E+04   3.5117807E+00   6.9248302E-02   3.0322029E+00   7.8371400E+04   7.8746931E+04   0.0000000E+00   0.0000000E+00   0.0000000E+00   0.0000000E+00   0.0000000E+00
   2.0399320E-01   7.5890632E+04   7.5890632E+04   3.1802706E+00   6.2166545E-02   2.9072072E+00   7.5528712E+04   7.5890632E+04   0.0000000E+00   0.0000000E+00   0.0000000E+00   0.0000000E+00   0.0000000E+00
   2.1081495E-01   7.2854618E+04   7.2854618E+04   2.9174546E+00   5.5814352E-02   2.7572653E+00   7.2507169E+04   7.2854618E+04   0.0000000E+00   0.0000000E+00   0.0000000E+00   0.0000000E+00   0.0000000E+00
   2.1786483E-01   6.9592135E+04   6.9592135E+04   2.6407737E+00   5.0076173E-02   2.5653211E+00   6.9260238E+04   6.9592135E+04   0.0000000E+00   0.0000000E+00   0.0000000E+00   0.0000000E+00   0.0000000E+00
   2.2515047E-01   6.6192998E+04   6.6192998E+04   2.2556272E+00   4.4866395E-02   2.3815406E+00   6.5877306E+04   6.6192998E+04   0.0000000E+00   0.0000000E+00   0.0000000E+00   0.0000000E+00   0.0000000E+00
   2.3267980E-01   6.2845213E+04   6.2845213E+04   1.9406056E+00   4.0127990E-02   2.3450179E+00   6.2545482E+04   6.2845213E+04   0.0000000E+00   0.0000000E+00   0.0000000E+00   0.0000000E+00   0.0000000E+00
   2.4046110E-01   5.9750866E+04   5.9750866E+04   1.8482833E+00   3.5856338E-02   2.2337985E+00   5.9465888E+04   5.9750866E+04   0.0000000E+00   0.0000000E+00   0.0000000E+00   0.0000000E+00   0.0000000E+00
   2.4850302E-01   5.7031439E+04   5.7031439E+04   1.5527385E+00   3.2035190E-02   2.0879479E+00   5.6759427E+04   5.7031439E+04   0.0000000E+00   0.0000000E+00   0.0000000E+00   0.0000000E+00   0.0000000E+00
   2.5681468E-01   5.4669238E+04   5.4669238E+04   1.4777584E+00   2.8634883E-02   2.0333141E+00   5.4408489E+04   5.4669238E+04   0.0000000E+00   0.0000000E+00   0.0000000E+00   0.0000000E+00   0.0000000E+00
   2.6540573E-01   5.2519451E+04   5.2519451E+04   1.2633631E+00   2.5621177E-02   1.9466460E+00   5.2268951E+04   5.2519451E+04   0.0000000E+00   0.0000000E+00   0.0000000E+00   0.0000000E+00   0.0000000E+00
   2.7428644E-01   5.0392114E+04   5.0392114E+04   1.1430349E+00   2.2936491E-02   1.8347874E+00   5.0151758E+04   5.0392114E+04   0.0000000E+00   0.0000000E+00   0.0000000E+00   0.0000000E+00   0.0000000E+00
   2.8346776E-01   4.8160970E+04   4.8160970E+04   1.0428416E+00   2.0528794E-02   1.7583239E+00   4.7931253E+04   4.8160970E+04   0.0000000E+00   0.0000000E+00   0.0000000E+00   0.0000000E+00   0.0000000E+00
   2.9296150E-01   4.5833549E+04   4.5833549E+04   9.2664753E-01   1.8349800E-02   1.7006703E+00   4.5614930E+04   4.5833549E+04   0.0000000E+00   0.0000000E+00   0.0000000E+00   0.0000000E+00   0.0000000E+00
   3.0278037E-01   4.3534676E+04   4.3534676E+04   8.1833812E-01   1.6382356E-02   1.6209769E+00   4.3327020E+04   4.3534676E+04   0.0000000E+00   0.0000000E+00   0.0000000E+00   0.0000000E+00   0.0000000E+00
   3.1293819E-01   4.1410916E+04   4.1410916E+04   7.3190237E-01   1.4614288E-02   1.5391895E+00   4.1213388E+04   4.1410916E+04   0.0000000E+00   0.0000000E+00   0.0000000E+00   0.0000000E+00   0.0000000E+00
   3.2345004E-01   3.9522413E+04   3.9522413E+04   6.6425172E-01   1.3036825E-02   1.4529503E+00   3.9333891E+04   3.9522413E+04   0.0000000E+00   0.0000000E+00   0.0000000E+00   0.0000000E+00   0.0000000E+00
   3.3433243E-01   3.7804261E+04   3.7804261E+04   5.8369466E-01   1.1635532E-02   1.3703493E+00   3.7623933E+04   3.7804261E+04   0.0000000E+00   0.0000000E+00   0.0000000E+00   0.0000000E+00   0.0000000E+00
   3.4560355E-01   3.6129262E+04   3.6129262E+04   5.2316349E-01   1.0384631E-02   1.3445835E+00   3.5956923E+04   3.6129262E+04   0.0000000E+00   0.0000000E+00   0.0000000E+00   0.0000000E+00   0.0000000E+00
   3.5728355E-01   3.4419080E+04   3.4419080E+04   4.6405312E-01   9.2649669E-03   1.2496704E+00   3.4254897E+04   3.4419080E+04   0.0000000E+00   0.0000000E+00   0.0000000E+00   0.0000000E+00   0.0000000E+00
   3.6939482E-01   3.2704045E+04   3.2704045E+04   4.1898343E-01   8.2541125E-03   1.1938751E+00   3.2548042E+04   3.2704045E+04   0.0000000E+00   0.0000000E+00   0.0000000E+00   0.0000000E+00   0.0000000E+00
   3.8196236E-01   3.1076288E+04   3.1076288E+04   3.7172506E-01   7.3445286E-03   1.1430382E+00   3.0928048E+04   3.1076288E+04   0.0000000E+00   0.0000000E+00   0.0000000E+00   0.0000000E+00   0.0000000E+00
   3.9501429E-01   2.9586283E+04   2.9586283E+04   3.3017048E-01   6.5333558E-03   1.0755376E+00   2.9445149E+04   2.9586283E+04   0.0000000E+00   0.0000000E+00   0.0000000E+00   0.0000000E+00   0.0000000E+00
   4.0858232E-01   2.8194113E+04   2.8194113E+04   2.9262021E-01   5.8098114E-03   1.0234310E+00   2.8059621E+04   2.8194113E+04   0.0000000E+00   0.0000000E+00   0.0000000E+00   0.0000000E+00   0.0000000E+00
   4.2270245E-01   2.6826660E+04   2.6826660E+04   2.6057875E-01   5.1624204E-03   9.8317818E-01   2.6698690E+04   2.6826660E+04   0.0000000E+00   0.0000000E+00   0.0000000E+00   0.0000000E+00   0.0000000E+00
   4.3741574E-01   2.5466187E+04   2.5466187E+04   2.2925055E-01   4.5811241E-03   9.3453002E-01   2.5344706E+04   2.5466187E+04   0.0000000E+00   0.0000000E+00   0.0000000E+00   0.0000000E+00   0.0000000E+00
   4.5276934E-01   2.4157311E+04   2.4157311E+04   2.0429280E-01   4.0592047E-03   8.8187933E-01   2.4042073E+04   2.4157311E+04   0.0000000E+00   0.0000000E+00   0.0000000E+00   0.0000000E+00   0.0000000E+00
   4.6881771E-01   2.2930825E+04   2.2930825E+04   1.8102781E-01   3.5919318E-03   8.3657563E-01   2.2821437E+04   2.2930825E+04   0.0000000E+00   0.0000000E+00   0.0000000E+00   0.0000000E+00   0.0000000E+00
   4.8562417E-01   2.1760246E+04   2.1760246E+04   1.5958426E-01   3.1747294E-03   7.9219495E-01   2.1656442E+04   2.1760246E+04   0.0000000E+00   0.0000000E+00   0.0000000E+00   0.0000000E+00   0.0000000E+00
   5.0326284E-01   2.0611718E+04   2.0611718E+04   1.4083744E-01   2.8004945E-03   7.5722872E-01   2.0513392E+04   2.0611718E+04   0.0000000E+00   0.0000000E+00   0.0000000E+00   0.0000000E+00   0.0000000E+00
   5.2182113E-01   1.9495054E+04   1.9495054E+04   1.2381715E-01   2.4649538E-03   7.1182504E-01   1.9402055E+04   1.9495054E+04   0.0000000E+00   0.0000000E+00   0.0000000E+00   0.0000000E+00   0.0000000E+00
   5.4140293E-01   1.8429862E+04   1.8429862E+04   1.0889294E-01   2.1642585E-03   6.7436088E-01   1.8341944E+04   1.8429862E+04   0.0000000E+00   0.0000000E+00   0.0000000E+00   0.0000000E+00   0.0000000E+00
   5.6213264E-01   1.7402829E+04   1.7402829E+04   9.5240337E-02   1.8952926E-03   6.3260091E-01   1.7319810E+04   1.7402829E+04   0.0000000E+00   0.0000000E+00   0.0000000E+00   0.0000000E+00   0.0000000E+00
   5.8416049E-01   1.6399210E+04   1.6399210E+04   8.3226811E-02   1.6540625E-03   6.0284020E-01   1.6320978E+04   1.6399210E+04   0.0000000E+00   0.0000000E+00   0.0000000E+00   0.0000000E+00   0.0000000E+00
   6.0766926E-01   1.5427405E+04   1.5427405E+04   7.2275589E-02   1.4380986E-03   5.6356537E-01   1.5353809E+04   1.5427405E+04   0.0000000E+00   0.0000000E+00   0.0000000E+00   0.0000000E+00   0.0000000E+00
   6.3288299E-01   1.4485999E+04   1.4485999E+04   6.2601008E-02   1.2448011E-03   5.2882067E-01   1.4416894E+04   1.4485999E+04   0.0000000E+00   0.0000000E+00   0.0000000E+00   0.0000000E+00   0.0000000E+00
   6.6007802E-01   1.3565510E+04   1.3565510E+04   5.3891688E-02   1.0716047E-03   4.9619930E-01   1.3500795E+04   1.3565510E+04   0.0000000E+00   0.0000000E+00   0.0000000E+00   0.0000000E+00   0.0000000E+00
   6.8959646E-01   1.2668150E+04   1.2668150E+04   4.6113430E-02   9.1692330E-04   4.5998920E-01   1.2607716E+04   1.2668150E+04   0.0000000E+00   0.0000000E+00   0.0000000E+00   0.0000000E+00   0.0000000E+00
   7.2186186E-01   1.1790255E+04   1.1790255E+04   3.9165048E-02   7.7872644E-04   4.3049246E-01   1.1734009E+04   1.1790255E+04   0.0000000E+00   0.0000000E+00   0.0000000E+00   0.0000000E+00   0.0000000E+00
   7.5739511E-01   1.0929558E+04   1.0929558E+04   3.2975271E-02   6.5569056E-04   4.0098117E-01   1.0877418E+04   1.0929558E+04   0.0000000E+00   0.0000000E+00   0.0000000E+00   0.0000000E+00   0.0000000E+00
   7.9682562E-01   1.0085539E+04   1.0085539E+04   2.7490483E-02   5.4670416E-04   3.6721760E-01   1.0037425E+04   1.0085539E+04   0.0000000E+00   0.0000000E+00   0.0000000E+00   0.0000000E+00   0.0000000E+00
   8.4088761E-01   9.2580633E+03   9.2580633E+03   2.2660055E-02   4.5062707E-04   3.3637005E-01   9.2138969E+03   9.2580633E+03   0.0000000E+00   0.0000000E+00   0.0000000E+00   0.0000000E+00   0.0000000E+00
   8.9038489E-01   8.4495051E+03   8.4495051E+03   1.8445527E-02   3.6680961E-04   3.0706426E-01   8.4091959E+03   8.4495051E+03   0.0000000E+00   0.0000000E+00   0.0000000E+00   0.0000000E+00   0.0000000E+00
   9.4610706E-01   7.6650720E+03   7.6650720E+03   1.4820078E-02   2.9472306E-04   2.7821714E-01   7.6285049E+03   7.6650720E+03   0.0000000E+00   0.0000000E+00   0.0000000E+00   0.0000000E+00   0.0000000E+00
   1.0087002E+00   6.9127752E+03   6.9127752E+03   1.1758188E-02   2.3382516E-04   2.5220180E-01   6.8797970E+03   6.9127752E+03   0.0000000E+00   0.0000000E+00   0.0000000E+00   0.0000000E+00   0.0000000E+00
   1.0785452E+00   6.2022222E+03   6.2022222E+03   9.2274288E-03   1.8348692E-04   2.2710926E-01   6.1726336E+03   6.2022222E+03   0.0000000E+00   0.0000000E+00   0.0000000E+00   0.0000000E+00   0.0000000E+00
   1.1557360E+00   5.5421551E+03   5.5421551E+03   7.1807683E-03   1.4279406E-04   2.0196412E-01   5.5157155E+03   5.5421551E+03   0.0000000E+00   0.0000000E+00   0.0000000E+00   0.0000000E+00   0.0000000E+00
   1.2402017E+00   4.9382836E+03   4.9382836E+03   5.5564726E-03   1.1048718E-04   1.8033283E-01   4.9147248E+03   4.9382836E+03   0.0000000E+00   0.0000000E+00   0.0000000E+00   0.0000000E+00   0.0000000E+00
   1.3318924E+00   4.3922248E+03   4.3922248E+03   4.2850285E-03   8.5211892E-05   1.5956817E-01   4.3712710E+03   4.3922248E+03   0.0000000E+00   0.0000000E+00   0.0000000E+00   0.0000000E+00   0.0000000E+00
   1.4309092E+00   3.9020164E+03   3.9020164E+03   3.2981604E-03   6.5590335E-05   1.4153927E-01   3.8834012E+03   3.9020164E+03   0.0000000E+00   0.0000000E+00   0.0000000E+00   0.0000000E+00   0.0000000E+00
   1.5375353E+00   3.4638360E+03   3.4638360E+03   2.5357847E-03   5.0425006E-05   1.2645328E-01   3.4473112E+03   3.4638360E+03   0.0000000E+00   0.0000000E+00   0.0000000E+00   0.0000000E+00   0.0000000E+00
   1.6522047E+00   3.0730455E+03   3.0730455E+03   1.9482541E-03   3.8741637E-05   1.1191446E-01   3.0583850E+03   3.0730455E+03   0.0000000E+00   0.0000000E+00   0.0000000E+00   0.0000000E+00   0.0000000E+00
   1.7754600E+00   2.7249428E+03   2.7249428E+03   1.4960263E-03   2.9749282E-05   9.9518305E-02   2.7119430E+03   2.7249428E+03   0.0000000E+00   0.0000000E+00   0.0000000E+00   0.0000000E+00   0.0000000E+00
   1.9079202E+00   2.4151384E+03   2.4151384E+03   1.1482191E-03   2.2833685E-05   8.7757681E-02   2.4036166E+03   2.4151384E+03   0.0000000E+00   0.0000000E+00   0.0000000E+00   0.0000000E+00   0.0000000E+00
   2.0502654E+00   2.1395876E+03   2.1395876E+03   8.8087101E-04   1.7517111E-05   7.7991697E-02   2.1293803E+03   2.1395876E+03   0.0000000E+00   0.0000000E+00   0.0000000E+00   0.0000000E+00   0.0000000E+00
   2.2032311E+00   1.8946516E+03   1.8946516E+03   6.7547762E-04   1.3432628E-05   6.9162023E-02   1.8856128E+03   1.8946516E+03   0.0000000E+00   0.0000000E+00   0.0000000E+00   0.0000000E+00   0.0000000E+00
   2.3676094E+00   1.6770514E+03   1.6770514E+03   5.1775829E-04   1.0295872E-05   6.1391601E-02   1.6690507E+03   1.6770514E+03   0.0000000E+00   0.0000000E+00   0.0000000E+00   0.0000000E+00   0.0000000E+00
   2.5442516E+00   1.4838357E+03   1.4838357E+03   3.9670345E-04   7.8887027E-06   5.4279585E-02   1.4767568E+03   1.4838357E+03   0.0000000E+00   0.0000000E+00   0.0000000E+00   0.0000000E+00   0.0000000E+00
   2.7340726E+00   1.3123628E+03   1.3123628E+03   3.0383228E-04   6.0421864E-06   4.7834296E-02   1.3061020E+03   1.3123628E+03   0.0000000E+00   0.0000000E+00   0.0000000E+00   0.0000000E+00   0.0000000E+00
   2.9380559E+00   1.1602616E+03   1.1602616E+03   2.3261385E-04   4.6260064E-06   4.2220366E-02   1.1547264E+03   1.1602616E+03   0.0000000E+00   0.0000000E+00   0.0000000E+00   0.0000000E+00   0.0000000E+00
   3.1572578E+00   1.0254081E+03   1.0254081E+03   1.7802307E-04   3.5405369E-06   3.7327304E-02   1.0205162E+03   1.0254081E+03   0.0000000E+00   0.0000000E+00   0.0000000E+00   0.0000000E+00   0.0000000E+00
   3.3928140E+00   9.0590197E+02   9.0590197E+02   1.3619574E-04   2.7087118E-06   3.2913610E-02   9.0158019E+02   9.0590197E+02   0.0000000E+00   0.0000000E+00   0.0000000E+00   0.0000000E+00   0.0000000E+00
   3.6459445E+00   8.0004436E+02   8.0004436E+02   1.0415610E-04   2.0716355E-06   2.9024202E-02   7.9622759E+02   8.0004436E+02   0.0000000E+00   0.0000000E+00   0.0000000E+00   0.0000000E+00   0.0000000E+00
   3.9179605E+00   7.0631726E+02   7.0631726E+02   7.9814476E-05   1.5837891E-06   2.5685361E-02   7.0294764E+02   7.0631726E+02   0.0000000E+00   0.0000000E+00   0.0000000E+00   0.0000000E+00   0.0000000E+00
   4.2102710E+00   6.2336555E+02   6.2336555E+02   6.0879390E-05   1.2104663E-06   2.2750101E-02   6.2039166E+02   6.2336555E+02   0.0000000E+00   0.0000000E+00   0.0000000E+00   0.0000000E+00   0.0000000E+00
   4.5243901E+00   5.4998034E+02   5.4998034E+02   4.6505421E-05   9.2486558E-07   2.0058166E-02   5.4735655E+02   5.4998034E+02   0.0000000E+00   0.0000000E+00   0.0000000E+00   0.0000000E+00   0.0000000E+00
   4.8619451E+00   4.8508396E+02   4.8508396E+02   3.5517822E-05   7.0639444E-07   1.7765313E-02   4.8276977E+02   4.8508396E+02   0.0000000E+00   0.0000000E+00   0.0000000E+00   0.0000000E+00   0.0000000E+00
   5.2246842E+00   4.2771639E+02   4.2771639E+02   2.7118856E-05   5.3945019E-07   1.5562641E-02   4.2567588E+02   4.2771639E+02   0.0000000E+00   0.0000000E+00   0.0000000E+00   0.0000000E+00   0.0000000E+00
   5.6144866E+00   3.7702296E+02   3.7702296E+02   2.0700173E-05   4.1179469E-07   1.3762568E-02   3.7522430E+02   3.7702296E+02   0.0000000E+00   0.0000000E+00   0.0000000E+00   0.0000000E+00   0.0000000E+00
   6.0333712E+00   3.3224328E+02   3.3224328E+02   1.5796341E-05   3.1427293E-07   1.2121816E-02   3.3065825E+02   3.3224328E+02   0.0000000E+00   0.0000000E+00   0.0000000E+00   0.0000000E+00   0.0000000E+00
   6.4835080E+00   2.9270122E+02   2.9270122E+02   1.2050945E-05   2.3979103E-07   1.0623399E-02   2.9130483E+02   2.9270122E+02   0.0000000E+00   0.0000000E+00   0.0000000E+00   0.0000000E+00   0.0000000E+00
   6.9672284E+00   2.5779594E+02   2.5779594E+02   9.1910194E-06   1.8290678E-07   9.3780061E-03   2.5656608E+02   2.5779594E+02   0.0000000E+00   0.0000000E+00   0.0000000E+00   0.0000000E+00   0.0000000E+00
   7.4870382E+00   2.2699381E+02   2.2699381E+02   7.0079193E-06   1.3948615E-07   8.2487144E-03   2.2591090E+02   2.2699381E+02   0.0000000E+00   0.0000000E+00   0.0000000E+00   0.0000000E+00   0.0000000E+00
   8.0456298E+00   1.9982113E+02   1.9982113E+02   5.3430587E-06   1.0634339E-07   7.2828422E-03   1.9886785E+02   1.9982113E+02   0.0000000E+00   0.0000000E+00   0.0000000E+00   0.0000000E+00   0.0000000E+00
