#           k/h    CDM            baryon         photon         nu             mass_nu        total          no_nu          total_de       Weyl           v_CDM          v_b            v_b-v_c     
   1.0828966E-05   9.7916237E+06   9.7916237E+06   1.3052348E+07   9.9921581E+03   2.3551611E+06   9.7916886E+06   9.7916237E+06   0.0000000E+00   0.0000000E+00   0.0000000E+00   0.0000000E+00   0.0000000E+00
   1.1636891E-05   9.7916220E+06   9.7916220E+06   1.3051858E+07   9.9919203E+03   2.3551389E+06   9.7916868E+06   9.7916220E+06   0.0000000E+00   0.0000000E+00   0.0000000E+00   0.0000000E+00   0.0000000E+00
   1.2505095E-05   9.7916200E+06   9.7916200E+06   1.3051293E+07   9.9916458E+03   2.3551134E+06   9.7916847E+06   9.7916200E+06   0.0000000E+00   0.0000000E+00   0.0000000E+00   0.0000000E+00   0.0000000E+00
   1.3438073E-05   9.7916177E+06   9.7916177E+06   1.3050639E+07   9.9913289E+03   2.3550839E+06   9.7916822E+06   9.7916177E+06   0.0000000E+00   0.0000000E+00   0.0000000E+00   0.0000000E+00   0.0000000E+00
   1.4440658E-05   9.7916150E+06   9.7916150E+06   1.3049885E+07   9.9909628E+03   2.3550499E+06   9.7916794E+06   9.7916150E+06   0.0000000E+00   0.0000000E+00   0.0000000E+00   0.0000000E+00   0.0000000E+00
   1.5518044E-05   9.7916119E+06   9.7916119E+06   1.3049014E+07   9.9905402E+03   2.3550105E+06   9.7916761E+06   9.7916119E+06   0.0000000E+00   0.0000000E+00   0.0000000E+00   0.0000000E+00   0.0000000E+00
   1.6675812E-05   9.7916084E+06   9.7916084E+06   1.3048009E+07   9.9900521E+03   2.3549651E+06   9.7916724E+06   9.7916084E+06   0.0000000E+00   0.0000000E+00   0.0000000E+00   0.0000000E+00   0.0000000E+00
   1.7919958E-05   9.7916043E+06   9.7916043E+06   1.3046847E+07   9.9894885E+03   2.3549127E+06   9.7916680E+06   9.7916043E+06   0.0000000E+00   0.0000000E+00   0.0000000E+00   0.0000000E+00   0.0000000E+00
   1.9256927E-05   9.7915995E+06   9.7915995E+06   1.3045507E+07   9.9888378E+03   2.3548522E+06   9.7916630E+06   9.7915995E+06   0.0000000E+00   0.0000000E+00   0.0000000E+00   0.0000000E+00   0.0000000E+00
   2.0693644E-05   9.7915941E+06   9.7915941E+06   1.3043958E+07   9.9880864E+03   2.3547823E+06   9.7916572E+06   9.7915941E+06   0.0000000E+00   0.0000000E+00   0.0000000E+00   0.0000000E+00   0.0000000E+00
   2.2237552E-05   9.7915877E+06   9.7915877E+06   1.3042171E+07   9.9872187E+03   2.3547016E+06   9.7916505E+06   9.7915877E+06   0.0000000E+00   0.0000000E+00   0.0000000E+00   0.0000000E+00   0.0000000E+00
   2.3896648E-05   9.7915804E+06   9.7915804E+06   1.3040107E+07   9.9862169E+03   2.3546085E+06   9.7916427E+06   9.7915804E+06   0.0000000E+00   0.0000000E+00   0.0000000E+00   0.0000000E+00   0.0000000E+00
   2.5679525E-05   9.7915720E+06   9.7915720E+06   1.3037724E+07   9.9850601E+03   2.3545009E+06   9.7916338E+06   9.7915720E+06   0.0000000E+00   0.0000000E+00   0.0000000E+00   0.0000000E+00   0.0000000E+00
   2.7595418E-05   9.7915623E+06   9.7915623E+06   1.3034972E+07   9.9837245E+03   2.3543768E+06   9.7916235E+06   9.7915623E+06   0.0000000E+00   0.0000000E+00   0.0000000E+00   0.0000000E+00   0.0000000E+00
   2.9654252E-05   9.7915510E+06   9.7915510E+06   1.3031796E+07   9.9821824E+03   2.3542335E+06   9.7916116E+06   9.7915510E+06   0.0000000E+00   0.0000000E+00   0.0000000E+00   0.0000000E+00   0.0000000E+00
   3.1866692E-05   9.7915380E+06   9.7915380E+06   1.3028128E+07   9.9804020E+03   2.3540680E+06   9.7915978E+06   9.7915380E+06   0.0000000E+00   0.0000000E+00   0.0000000E+00   0.0000000E+00   0.0000000E+00
   3.4244196E-05   9.7915231E+06   9.7915231E+06   1.3023895E+07   9.9783465E+03   2.3538771E+06   9.7915819E+06   9.7915231E+06   0.0000000E+00   0.0000000E+00   0.0000000E+00   0.0000000E+00   0.0000000E+00
   3.6799082E-05   9.7915058E+06   9.7915058E+06   1.3019007E+07   9.9759734E+03   2.3536567E+06   9.7915636E+06   9.7915058E+06   0.0000000E+00   0.0000000E+00   0.0000000E+00   0.0000000E+00   0.0000000E+00
   3.9544581E-05   9.7914858E+06   9.7914858E+06   1.3013366E+07   9.9732337E+03   2.3534024E+06   9.7915424E+06   9.7914858E+06   0.0000000E+00   0.0000000E+00   0.0000000E+00   0.0000000E+00   0.0000000E+00
   4.2494917E-05   9.7914627E+06   9.7914627E+06   1.3006853E+07   9.9700712E+03   2.3531089E+06   9.7915179E+06   9.7914627E+06   0.0000000E+00   0.0000000E+00   0.0000000E+00   0.0000000E+00   0.0000000E+00
   4.5665370E-05   9.7914361E+06   9.7914361E+06   1.2999337E+07   9.9664205E+03   2.3527703E+06   9.7914897E+06   9.7914361E+06   0.0000000E+00   0.0000000E+00   0.0000000E+00   0.0000000E+00   0.0000000E+00
   4.9072364E-05   9.7914053E+06   9.7914053E+06   1.2990663E+07   9.9622067E+03   2.3523797E+06   9.7914570E+06   9.7914053E+06   0.0000000E+00   0.0000000E+00   0.0000000E+00   0.0000000E+00   0.0000000E+00
   5.2733547E-05   9.7913698E+06   9.7913698E+06   1.2980653E+07   9.9573432E+03   2.3519291E+06   9.7914194E+06   9.7913698E+06   0.0000000E+00   0.0000000E+00   0.0000000E+00   0.0000000E+00   0.0000000E+00
   5.6667882E-05   9.7913288E+06   9.7913288E+06   1.2969103E+07   9.9517303E+03   2.3514095E+06   9.7913759E+06   9.7913288E+06   0.0000000E+00   0.0000000E+00   0.0000000E+00   0.0000000E+00   0.0000000E+00
   6.0895750E-05   9.7912814E+06   9.7912814E+06   1.2955777E+07   9.9452531E+03   2.3508103E+06   9.7913257E+06   9.7912814E+06   0.0000000E+00   0.0000000E+00   0.0000000E+00   0.0000000E+00   0.0000000E+00
   6.5439049E-05   9.7912267E+06   9.7912267E+06   1.2940405E+07   9.9377795E+03   2.3501196E+06   9.7912677E+06   9.7912267E+06   0.0000000E+00   0.0000000E+00   0.0000000E+00   0.0000000E+00   0.0000000E+00
   7.0321315E-05   9.7911636E+06   9.7911636E+06   1.2922675E+07   9.9291570E+03   2.3493236E+06   9.7912008E+06   9.7911636E+06   0.0000000E+00   0.0000000E+00   0.0000000E+00   0.0000000E+00   0.0000000E+00
   7.5567835E-05   9.7910908E+06   9.7910908E+06   1.2902230E+07   9.9192107E+03   2.3484065E+06   9.7911236E+06   9.7910908E+06   0.0000000E+00   0.0000000E+00   0.0000000E+00   0.0000000E+00   0.0000000E+00
   8.1205787E-05   9.7910066E+06   9.7910066E+06   1.2878658E+07   9.9077391E+03   2.3473502E+06   9.7910344E+06   9.7910066E+06   0.0000000E+00   0.0000000E+00   0.0000000E+00   0.0000000E+00   0.0000000E+00
   8.7264375E-05   9.7909095E+06   9.7909095E+06   1.2851490E+07   9.8945108E+03   2.3461343E+06   9.7909314E+06   9.7909095E+06   0.0000000E+00   0.0000000E+00   0.0000000E+00   0.0000000E+00   0.0000000E+00
   9.3774980E-05   9.7907975E+06   9.7907975E+06   1.2820184E+07   9.8792603E+03   2.3447353E+06   9.7908126E+06   9.7907975E+06   0.0000000E+00   0.0000000E+00   0.0000000E+00   0.0000000E+00   0.0000000E+00
   1.0077133E-04   9.7906681E+06   9.7906681E+06   1.2784124E+07   9.8616829E+03   2.3431263E+06   9.7906754E+06   9.7906681E+06   0.0000000E+00   0.0000000E+00   0.0000000E+00   0.0000000E+00   0.0000000E+00
   1.0828966E-04   9.7905188E+06   9.7905188E+06   1.2742603E+07   9.8414296E+03   2.3412772E+06   9.7905171E+06   9.7905188E+06   0.0000000E+00   0.0000000E+00   0.0000000E+00   0.0000000E+00   0.0000000E+00
   1.1636891E-04   9.7903464E+06   9.7903464E+06   1.2694816E+07   9.8181010E+03   2.3391536E+06   9.7903344E+06   9.7903464E+06   0.0000000E+00   0.0000000E+00   0.0000000E+00   0.0000000E+00   0.0000000E+00
   1.2505095E-04   9.7901476E+06   9.7901476E+06   1.2639846E+07   9.7912407E+03   2.3367170E+06   9.7901236E+06   9.7901476E+06   0.0000000E+00   0.0000000E+00   0.0000000E+00   0.0000000E+00   0.0000000E+00
   1.3438073E-04   9.7899181E+06   9.7899181E+06   1.2576651E+07   9.7603282E+03   2.3339240E+06   9.7898804E+06   9.7899181E+06   0.0000000E+00   0.0000000E+00   0.0000000E+00   0.0000000E+00   0.0000000E+00
   1.4440658E-04   9.7896535E+06   9.7896535E+06   1.2504051E+07   9.7247709E+03   2.3307261E+06   9.7895997E+06   9.7896535E+06   0.0000000E+00   0.0000000E+00   0.0000000E+00   0.0000000E+00   0.0000000E+00
   1.5518044E-04   9.7893481E+06   9.7893481E+06   1.2420714E+07   9.6838958E+03   2.3270697E+06   9.7892760E+06   9.7893481E+06   0.0000000E+00   0.0000000E+00   0.0000000E+00   0.0000000E+00   0.0000000E+00
   1.6675812E-04   9.7889960E+06   9.7889960E+06   1.2325141E+07   9.6369407E+03   2.3228953E+06   9.7889027E+06   9.7889960E+06   0.0000000E+00   0.0000000E+00   0.0000000E+00   0.0000000E+00   0.0000000E+00
   1.7919958E-04   9.7885900E+06   9.7885900E+06   1.2215652E+07   9.5830450E+03   2.3181382E+06   9.7884723E+06   9.7885900E+06   0.0000000E+00   0.0000000E+00   0.0000000E+00   0.0000000E+00   0.0000000E+00
   1.9256927E-04   9.7881219E+06   9.7881219E+06   1.2090378E+07   9.5212409E+03   2.3127283E+06   9.7879761E+06   9.7881219E+06   0.0000000E+00   0.0000000E+00   0.0000000E+00   0.0000000E+00   0.0000000E+00
   2.0693644E-04   9.7875824E+06   9.7875824E+06   1.1947250E+07   9.4504449E+03   2.3065910E+06   9.7874042E+06   9.7875824E+06   0.0000000E+00   0.0000000E+00   0.0000000E+00   0.0000000E+00   0.0000000E+00
   2.2237552E-04   9.7869609E+06   9.7869609E+06   1.1783997E+07   9.3694506E+03   2.2996481E+06   9.7867453E+06   9.7869609E+06   0.0000000E+00   0.0000000E+00   0.0000000E+00   0.0000000E+00   0.0000000E+00
   2.3896648E-04   9.7862450E+06   9.7862450E+06   1.1598148E+07   9.2769233E+03   2.2918194E+06   9.7859864E+06   9.7862450E+06   0.0000000E+00   0.0000000E+00   0.0000000E+00   0.0000000E+00   0.0000000E+00
   2.5679525E-04   9.7854207E+06   9.7854207E+06   1.1387049E+07   9.1713981E+03   2.2830254E+06   9.7851127E+06   9.7854207E+06   0.0000000E+00   0.0000000E+00   0.0000000E+00   0.0000000E+00   0.0000000E+00
   2.7595418E-04   9.7844722E+06   9.7844722E+06   1.1147892E+07   9.0512824E+03   2.2731911E+06   9.7841072E+06   9.7844722E+06   0.0000000E+00   0.0000000E+00   0.0000000E+00   0.0000000E+00   0.0000000E+00
   2.9654252E-04   9.7833811E+06   9.7833811E+06   1.0877765E+07   8.9148658E+03   2.2622500E+06   9.7829507E+06   9.7833811E+06   0.0000000E+00   0.0000000E+00   0.0000000E+00   0.0000000E+00   0.0000000E+00
   3.1866692E-04   9.7821269E+06   9.7821269E+06   1.0573724E+07   8.7603380E+03   2.2501513E+06   9.7816214E+06   9.7821269E+06   0.0000000E+00   0.0000000E+00   0.0000000E+00   0.0000000E+00   0.0000000E+00
   3.4244196E-04   9.7806860E+06   9.7806860E+06   1.0232902E+07   8.5858205E+03   2.2368671E+06   9.7800942E+06   9.7806860E+06   0.0000000E+00   0.0000000E+00   0.0000000E+00   0.0000000E+00   0.0000000E+00
   3.6799082E-04   9.7790319E+06   9.7790319E+06   9.8526546E+06   8.3894124E+03   2.2224023E+06   9.7783413E+06   9.7790319E+06   0.0000000E+00   0.0000000E+00   0.0000000E+00   0.0000000E+00   0.0000000E+00
   3.9544581E-04   9.7771347E+06   9.7771347E+06   9.4307569E+06   8.1692579E+03   2.2068054E+06   9.7763308E+06   9.7771347E+06   0.0000000E+00   0.0000000E+00   0.0000000E+00   0.0000000E+00   0.0000000E+00
   4.2494917E-04   9.7749606E+06   9.7749606E+06   8.9656515E+06   7.9236368E+03   2.1901814E+06   9.7740273E+06   9.7749606E+06   0.0000000E+00   0.0000000E+00   0.0000000E+00   0.0000000E+00   0.0000000E+00
   4.5665370E-04   9.7724721E+06   9.7724721E+06   8.4567580E+06   7.6510840E+03   2.1727030E+06   9.7713909E+06   9.7724721E+06   0.0000000E+00   0.0000000E+00   0.0000000E+00   0.0000000E+00   0.0000000E+00
   4.9072364E-04   9.7696270E+06   9.7696270E+06   7.9048398E+06   7.3505409E+03   2.1546216E+06   9.7683772E+06   9.7696270E+06   0.0000000E+00   0.0000000E+00   0.0000000E+00   0.0000000E+00   0.0000000E+00
   5.2733547E-04   9.7663785E+06   9.7663785E+06   7.3124198E+06   7.0215404E+03   2.1362727E+06   9.7649367E+06   9.7663785E+06   0.0000000E+00   0.0000000E+00   0.0000000E+00   0.0000000E+00   0.0000000E+00
   5.6667882E-04   9.7626749E+06   9.7626749E+06   6.6842226E+06   6.6644228E+03   2.1180723E+06   9.7610152E+06   9.7626749E+06   0.0000000E+00   0.0000000E+00   0.0000000E+00   0.0000000E+00   0.0000000E+00
   6.0895750E-04   9.7584592E+06   9.7584592E+06   6.0275987E+06   6.2805754E+03   2.1004987E+06   9.7565527E+06   9.7584592E+06   0.0000000E+00   0.0000000E+00   0.0000000E+00   0.0000000E+00   0.0000000E+00
   6.5439049E-04   9.7536691E+06   9.7536691E+06   5.3528646E+06   5.8726792E+03   2.0840535E+06   9.7514838E+06   9.7536691E+06   0.0000000E+00   0.0000000E+00   0.0000000E+00   0.0000000E+00   0.0000000E+00
   7.0321315E-04   9.7482363E+06   9.7482363E+06   4.6734586E+06   5.4449335E+03   2.0691923E+06   9.7457373E+06   9.7482363E+06   0.0000000E+00   0.0000000E+00   0.0000000E+00   0.0000000E+00   0.0000000E+00
   7.5567835E-04   9.7420871E+06   9.7420871E+06   4.0057828E+06   5.0032181E+03   2.0562228E+06   9.7392365E+06   9.7420871E+06   0.0000000E+00   0.0000000E+00   0.0000000E+00   0.0000000E+00   0.0000000E+00
   8.1205787E-04   9.7351416E+06   9.7351416E+06   3.3685792E+06   4.5551324E+03   2.0451675E+06   9.7318983E+06   9.7351416E+06   0.0000000E+00   0.0000000E+00   0.0000000E+00   0.0000000E+00   0.0000000E+00
   8.7264375E-04   9.7273132E+06   9.7273132E+06   2.7816896E+06   4.1098422E+03   2.0356024E+06   9.7236340E+06   9.7273132E+06   0.0000000E+00   0.0000000E+00   0.0000000E+00   0.0000000E+00   0.0000000E+00
   9.3774980E-04   9.7185091E+06   9.7185091E+06   2.2640989E+06   3.6776566E+03   2.0264994E+06   9.7143486E+06   9.7185091E+06   0.0000000E+00   0.0000000E+00   0.0000000E+00   0.0000000E+00   0.0000000E+00
   1.0077133E-03   9.7086287E+06   9.7086287E+06   1.8312906E+06   3.2692758E+03   2.0161249E+06   9.7039401E+06   9.7086287E+06   0.0000000E+00   0.0000000E+00   0.0000000E+00   0.0000000E+00   0.0000000E+00
   1.0828966E-03   9.6975632E+06   9.6975632E+06   1.4921667E+06   2.8946911E+03   2.0020722E+06   9.6922995E+06   9.6975632E+06   0.0000000E+00   0.0000000E+00   0.0000000E+00   0.0000000E+00   0.0000000E+00
   1.1636891E-03   9.6851945E+06   9.6851945E+06   1.2461162E+06   2.5618104E+03   1.9815230E+06   9.6793098E+06   9.6851945E+06   0.0000000E+00   0.0000000E+00   0.0000000E+00   0.0000000E+00   0.0000000E+00
   1.2505095E-03   9.6713938E+06   9.6713938E+06   1.0811807E+06   2.2750115E+03   1.9518134E+06   9.6648446E+06   9.6713938E+06   0.0000000E+00   0.0000000E+00   0.0000000E+00   0.0000000E+00   0.0000000E+00
   1.3438073E-03   9.6560210E+06   9.6560210E+06   9.7452649E+05   2.0339828E+03   1.9113006E+06   9.6487678E+06   9.6560210E+06   0.0000000E+00   0.0000000E+00   0.0000000E+00   0.0000000E+00   0.0000000E+00
   1.4440658E-03   9.6389235E+06   9.6389235E+06   8.9630337E+05   1.8333415E+03   1.8603549E+06   9.6309329E+06   9.6389235E+06   0.0000000E+00   0.0000000E+00   0.0000000E+00   0.0000000E+00   0.0000000E+00
   1.5518044E-03   9.6199372E+06   9.6199372E+06   8.1713058E+05   1.6635065E+03   1.8020609E+06   9.6111831E+06   9.6199372E+06   0.0000000E+00   0.0000000E+00   0.0000000E+00   0.0000000E+00   0.0000000E+00
   1.6675812E-03   9.5988883E+06   9.5988883E+06   7.1771254E+05   1.5130482E+03   1.7420036E+06   9.5893532E+06   9.5988883E+06   0.0000000E+00   0.0000000E+00   0.0000000E+00   0.0000000E+00   0.0000000E+00
   1.7919958E-03   9.5755957E+06   9.5755957E+06   5.9680068E+05   1.3721318E+03   1.6865861E+06   9.5652713E+06   9.5755957E+06   0.0000000E+00   0.0000000E+00   0.0000000E+00   0.0000000E+00   0.0000000E+00
   1.9256927E-03   9.5498747E+06   9.5498747E+06   4.7219687E+05   1.2358500E+03   1.6399627E+06   9.5387617E+06   9.5498747E+06   0.0000000E+00   0.0000000E+00   0.0000000E+00   0.0000000E+00   0.0000000E+00
   2.0693644E-03   9.5215386E+06   9.5215386E+06   3.7095064E+05   1.1056362E+03   1.6009544E+06   9.5096450E+06   9.5215386E+06   0.0000000E+00   0.0000000E+00   0.0000000E+00   0.0000000E+00   0.0000000E+00
   2.2237552E-03   9.4903987E+06   9.4903987E+06   3.1107078E+05   9.8729127E+02   1.5625714E+06   9.4777374E+06   9.4903987E+06   0.0000000E+00   0.0000000E+00   0.0000000E+00   0.0000000E+00   0.0000000E+00
   2.3896648E-03   9.4562604E+06   9.4562604E+06   2.8615118E+05   8.8601278E+02   1.5163396E+06   9.4428461E+06   9.4562604E+06   0.0000000E+00   0.0000000E+00   0.0000000E+00   0.0000000E+00   0.0000000E+00
   2.5679525E-03   9.4189195E+06   9.4189195E+06   2.6834185E+05   8.0156376E+02   1.4598945E+06   9.4047653E+06   9.4189195E+06   0.0000000E+00   0.0000000E+00   0.0000000E+00   0.0000000E+00   0.0000000E+00
   2.7595418E-03   9.3781604E+06   9.3781604E+06   2.3352107E+05   7.2795877E+02   1.4007609E+06   9.3632754E+06   9.3781604E+06   0.0000000E+00   0.0000000E+00   0.0000000E+00   0.0000000E+00   0.0000000E+00
   2.9654252E-03   9.3337592E+06   9.3337592E+06   1.8674945E+05   6.5889865E+02   1.3489954E+06   9.3181475E+06   9.3337592E+06   0.0000000E+00   0.0000000E+00   0.0000000E+00   0.0000000E+00   0.0000000E+00
   3.1866692E-03   9.2854866E+06   9.2854866E+06   1.5406544E+05   5.9361714E+02   1.3035287E+06   9.2691487E+06   9.2854866E+06   0.0000000E+00   0.0000000E+00   0.0000000E+00   0.0000000E+00   0.0000000E+00
   3.4244196E-03   9.2331070E+06   9.2331070E+06   1.4269329E+05   5.3550703E+02   1.2519206E+06   9.2160426E+06   9.2331070E+06   0.0000000E+00   0.0000000E+00   0.0000000E+00   0.0000000E+00   0.0000000E+00
   3.6799082E-03   9.1763731E+06   9.1763731E+06   1.2815865E+05   4.8485812E+02   1.1908656E+06   9.1585834E+06   9.1763731E+06   0.0000000E+00   0.0000000E+00   0.0000000E+00   0.0000000E+00   0.0000000E+00
   3.9544581E-03   9.1150249E+06   9.1150249E+06   9.9695484E+04   4.3756451E+02   1.1345111E+06   9.0965154E+06   9.1150249E+06   0.0000000E+00   0.0000000E+00   0.0000000E+00   0.0000000E+00   0.0000000E+00
   4.2494917E-03   9.0487974E+06   9.0487974E+06   8.2015779E+04   3.9264137E+02   1.0859429E+06   9.0295789E+06   9.0487974E+06   0.0000000E+00   0.0000000E+00   0.0000000E+00   0.0000000E+00   0.0000000E+00
   4.5665370E-03   8.9774248E+06   8.9774248E+06   7.8176852E+04   3.5294743E+02   1.0289487E+06   8.9575152E+06   8.9774248E+06   0.0000000E+00   0.0000000E+00   0.0000000E+00   0.0000000E+00   0.0000000E+00
   4.9072364E-03   8.9006383E+06   8.9006383E+06   6.4079883E+04   3.1718833E+02   9.6939872E+05   8.8800656E+06   8.9006383E+06   0.0000000E+00   0.0000000E+00   0.0000000E+00   0.0000000E+00   0.0000000E+00
   5.2733547E-03   8.8181699E+06   8.8181699E+06   5.3513544E+04   2.8332601E+02   9.1908003E+05   8.7969744E+06   8.8181699E+06   0.0000000E+00   0.0000000E+00   0.0000000E+00   0.0000000E+00   0.0000000E+00
   5.6667882E-03   8.7297530E+06   8.7297530E+06   4.9825498E+04   2.5331989E+02   8.6209408E+05   8.7079824E+06   8.7297530E+06   0.0000000E+00   0.0000000E+00   0.0000000E+00   0.0000000E+00   0.0000000E+00
   6.0895750E-03   8.6351159E+06   8.6351159E+06   3.7748599E+04   2.2593337E+02   8.1017862E+05   8.6128133E+06   8.6351159E+06   0.0000000E+00   0.0000000E+00   0.0000000E+00   0.0000000E+00   0.0000000E+00
   6.5439049E-03   8.5339785E+06   8.5339785E+06   3.5608101E+04   2.0109340E+02   7.5936980E+05   8.5111783E+06   8.5339785E+06   0.0000000E+00   0.0000000E+00   0.0000000E+00   0.0000000E+00   0.0000000E+00
   7.0321315E-03   8.4260544E+06   8.4260544E+06   2.8138186E+04   1.7870093E+02   7.0601456E+05   8.4027972E+06   8.4260544E+06   0.0000000E+00   0.0000000E+00   0.0000000E+00   0.0000000E+00   0.0000000E+00
   7.5567835E-03   8.3110578E+06   8.3110578E+06   2.6220840E+04   1.5804566E+02   6.5720249E+05   8.2874069E+06   8.3110578E+06   0.0000000E+00   0.0000000E+00   0.0000000E+00   0.0000000E+00   0.0000000E+00
   8.1205787E-03   8.1887066E+06   8.1887066E+06   1.9997748E+04   1.3961031E+02   6.0929832E+05   8.1647328E+06   8.1887066E+06   0.0000000E+00   0.0000000E+00   0.0000000E+00   0.0000000E+00   0.0000000E+00
   8.7264375E-03   8.0587143E+06   8.0587143E+06   1.8771117E+04   1.2309765E+02   5.6235525E+05   8.0344754E+06   8.0587143E+06   0.0000000E+00   0.0000000E+00   0.0000000E+00   0.0000000E+00   0.0000000E+00
   9.3774980E-03   7.9207889E+06   7.9207889E+06   1.5433867E+04   1.0807660E+02   5.1948280E+05   7.8963455E+06   7.9207889E+06   0.0000000E+00   0.0000000E+00   0.0000000E+00   0.0000000E+00   0.0000000E+00
   1.0077133E-02   7.7746372E+06   7.7746372E+06   1.2336283E+04   9.4711678E+01   4.7563917E+05   7.7500631E+06   7.7746372E+06   0.0000000E+00   0.0000000E+00   0.0000000E+00   0.0000000E+00   0.0000000E+00
   1.0828966E-02   7.6199652E+06   7.6199652E+06   1.1190686E+04   8.2753540E+01   4.3460682E+05   7.5953332E+06   7.6199652E+06   0.0000000E+00   0.0000000E+00   0.0000000E+00   0.0000000E+00   0.0000000E+00
   1.1636891E-02   7.4564821E+06   7.4564821E+06   9.7913010E+03   7.2056705E+01   3.9673240E+05   7.4318640E+06   7.4564821E+06   0.0000000E+00   0.0000000E+00   0.0000000E+00   0.0000000E+00   0.0000000E+00
   1.2505095E-02   7.2839057E+06   7.2839057E+06   8.1501324E+03   6.2523715E+01   3.6114916E+05   7.2593788E+06   7.2839057E+06   0.0000000E+00   0.0000000E+00   0.0000000E+00   0.0000000E+00   0.0000000E+00
   1.3438073E-02   7.1019688E+06   7.1019688E+06   6.7904000E+03   5.4102520E+01   3.2716337E+05   7.0776132E+06   7.1019688E+06   0.0000000E+00   0.0000000E+00   0.0000000E+00   0.0000000E+00   0.0000000E+00
   1.4440658E-02   6.9104323E+06   6.9104323E+06   5.7001034E+03   4.6649699E+01   2.9501672E+05   6.8863223E+06   6.9104323E+06   0.0000000E+00   0.0000000E+00   0.0000000E+00   0.0000000E+00   0.0000000E+00
   1.5518044E-02   6.7090988E+06   6.7090988E+06   4.8757064E+03   4.0083534E+01   2.6494049E+05   6.6853178E+06   6.7090988E+06   0.0000000E+00   0.0000000E+00   0.0000000E+00   0.0000000E+00   0.0000000E+00
   1.6675812E-02   6.4978397E+06   6.4978397E+06   4.0988357E+03   3.4314319E+01   2.3668965E+05   6.4744645E+06   6.4978397E+06   0.0000000E+00   0.0000000E+00   0.0000000E+00   0.0000000E+00   0.0000000E+00
   1.7919958E-02   6.2766214E+06   6.2766214E+06   3.2266545E+03   2.9261093E+01   2.1085948E+05   6.2537323E+06   6.2766214E+06   0.0000000E+00   0.0000000E+00   0.0000000E+00   0.0000000E+00   0.0000000E+00
   1.9256927E-02   6.0455466E+06   6.0455466E+06   2.6863385E+03   2.4842054E+01   1.8783888E+05   6.0232197E+06   6.0455466E+06   0.0000000E+00   0.0000000E+00   0.0000000E+00   0.0000000E+00   0.0000000E+00
   2.0693644E-02   5.8049016E+06   5.8049016E+06   2.3462245E+03   2.1010297E+01   1.6563925E+05   5.7832134E+06   5.8049016E+06   0.0000000E+00   0.0000000E+00   0.0000000E+00   0.0000000E+00   0.0000000E+00
   2.2237550E-02   5.5552158E+06   5.5552158E+06   1.8536813E+03   1.7681703E+01   1.4627236E+05   5.5342369E+06   5.5552158E+06   0.0000000E+00   0.0000000E+00   0.0000000E+00   0.0000000E+00   0.0000000E+00
   2.3896635E-02   5.2973290E+06   5.2973290E+06   1.5203855E+03   1.4818606E+01   1.2782411E+05   5.2771262E+06   5.2973290E+06   0.0000000E+00   0.0000000E+00   0.0000000E+00   0.0000000E+00   0.0000000E+00
   2.5679453E-02   5.0324680E+06   5.0324680E+06   1.3070749E+03   1.2358798E+01   1.1156257E+05   5.0131017E+06   5.0324680E+06   0.0000000E+00   0.0000000E+00   0.0000000E+00   0.0000000E+00   0.0000000E+00
   2.7595081E-02   4.7623311E+06   4.7623311E+06   1.0810723E+03   1.0256734E+01   9.7030814E+04   4.7438527E+06   4.7623311E+06   0.0000000E+00   0.0000000E+00   0.0000000E+00   0.0000000E+00   0.0000000E+00
   2.9652866E-02   4.4891830E+06   4.4891830E+06   8.7360560E+02   8.4720620E+00   8.3937741E+04   4.4716328E+06   4.4891830E+06   0.0000000E+00   0.0000000E+00   0.0000000E+00   0.0000000E+00   0.0000000E+00
   3.1861682E-02   4.2159677E+06   4.2159677E+06   6.8012499E+02   6.9664739E+00   7.2392996E+04   4.1993722E+06   4.2159677E+06   0.0000000E+00   0.0000000E+00   0.0000000E+00   0.0000000E+00   0.0000000E+00
   3.4228163E-02   3.9464343E+06   3.9464343E+06   5.6189616E+02   5.7061747E+00   6.2436227E+04   3.9308028E+06   3.9464343E+06   0.0000000E+00   0.0000000E+00   0.0000000E+00   0.0000000E+00   0.0000000E+00
   3.6753345E-02   3.6852213E+06   3.6852213E+06   4.5384958E+02   4.6637986E+00   5.3439028E+04   3.6705422E+06   3.6852213E+06   0.0000000E+00   0.0000000E+00   0.0000000E+00   0.0000000E+00   0.0000000E+00
   3.9427797E-02   3.4377346E+06   3.4377346E+06   3.8139904E+02   3.8104731E+00   4.6016139E+04   3.4239721E+06   3.4377346E+06   0.0000000E+00   0.0000000E+00   0.0000000E+00   0.0000000E+00   0.0000000E+00
   4.2227242E-02   3.2095621E+06   3.2095621E+06   3.0184680E+02   3.1230311E+00   3.9739680E+04   3.1966556E+06   3.2095621E+06   0.0000000E+00   0.0000000E+00   0.0000000E+00   0.0000000E+00   0.0000000E+00
   4.5112969E-02   3.0053134E+06   3.0053134E+06   2.4213538E+02   2.5770303E+00   3.4505656E+04   2.9931809E+06   3.0053134E+06   0.0000000E+00   0.0000000E+00   0.0000000E+00   0.0000000E+00   0.0000000E+00
   4.8040114E-02   2.8273214E+06   2.8273214E+06   1.9884256E+02   2.1482668E+00   3.0237980E+04   2.8158687E+06   2.8273214E+06   0.0000000E+00   0.0000000E+00   0.0000000E+00   0.0000000E+00   0.0000000E+00
   5.0970173E-02   2.6750627E+06   2.6750627E+06   1.6644480E+02   1.8126542E+00   2.6785745E+04   2.6641950E+06   2.6750627E+06   0.0000000E+00   0.0000000E+00   0.0000000E+00   0.0000000E+00   0.0000000E+00
   5.3879418E-02   2.5456818E+06   2.5456818E+06   1.4210880E+02   1.5484172E+00   2.3987971E+04   2.5353137E+06   2.5456818E+06   0.0000000E+00   0.0000000E+00   0.0000000E+00   0.0000000E+00   0.0000000E+00
   5.6759390E-02   2.4351001E+06   2.4351001E+06   1.2387447E+02   1.3379045E+00   2.1701222E+04   2.4251608E+06   2.4351001E+06   0.0000000E+00   0.0000000E+00   0.0000000E+00   0.0000000E+00   0.0000000E+00
   5.9612504E-02   2.3389928E+06   2.3389928E+06   1.0967223E+02   1.1673812E+00   1.9809020E+04   2.3294276E+06   2.3389928E+06   0.0000000E+00   0.0000000E+00   0.0000000E+00   0.0000000E+00   0.0000000E+00
   6.2447119E-02   2.2533540E+06   2.2533540E+06   9.7735038E+01   1.0266199E+00   1.8212949E+04   2.2441236E+06   2.2533540E+06   0.0000000E+00   0.0000000E+00   0.0000000E+00   0.0000000E+00   0.0000000E+00
   6.5274037E-02   2.1747295E+06   2.1747295E+06   8.7126691E+01   9.0826580E-01   1.6836895E+04   2.1658079E+06   2.1747295E+06   0.0000000E+00   0.0000000E+00   0.0000000E+00   0.0000000E+00   0.0000000E+00
   6.8104546E-02   2.1002742E+06   2.1002742E+06   7.6965746E+01   8.0694878E-01   1.5624970E+04   2.0916466E+06   2.1002742E+06   0.0000000E+00   0.0000000E+00   0.0000000E+00   0.0000000E+00   0.0000000E+00
   7.0949492E-02   2.0277432E+06   2.0277432E+06   6.7032247E+01   7.1892219E-01   1.4523582E+04   2.0194035E+06   2.0277432E+06   0.0000000E+00   0.0000000E+00   0.0000000E+00   0.0000000E+00   0.0000000E+00
   7.3818939E-02   1.9554674E+06   1.9554674E+06   5.8371725E+01   6.4146974E-01   1.3498974E+04   1.9474162E+06   1.9554674E+06   0.0000000E+00   0.0000000E+00   0.0000000E+00   0.0000000E+00   0.0000000E+00
   7.6722103E-02   1.8823304E+06   1.8823304E+06   5.1481104E+01   5.7259036E-01   1.2541276E+04   1.8745726E+06   1.8823304E+06   0.0000000E+00   0.0000000E+00   0.0000000E+00   0.0000000E+00   0.0000000E+00
   7.9667423E-02   1.8077472E+06   1.8077472E+06   4.5819367E+01   5.1090036E-01   1.1646941E+04   1.8002899E+06   1.8077472E+06   0.0000000E+00   0.0000000E+00   0.0000000E+00   0.0000000E+00   0.0000000E+00
   8.2662662E-02   1.7316386E+06   1.7316386E+06   4.0772582E+01   4.5542300E-01   1.0811886E+04   1.7244892E+06   1.7316386E+06   0.0000000E+00   0.0000000E+00   0.0000000E+00   0.0000000E+00   0.0000000E+00
   8.5715033E-02   1.6543942E+06   1.6543942E+06   3.6223321E+01   4.0547081E-01   1.0031005E+04   1.6475584E+06   1.6543942E+06   0.0000000E+00   0.0000000E+00   0.0000000E+00   0.0000000E+00   0.0000000E+00
   8.8831299E-02   1.5768152E+06   1.5768152E+06   3.2549898E+01   3.6054090E-01   9.3001917E+03   1.5702952E+06   1.5768152E+06   0.0000000E+00   0.0000000E+00   0.0000000E+00   0.0000000E+00   0.0000000E+00
   9.2017875E-02   1.5000325E+06   1.5000325E+06   2.9935468E+01   3.2028323E-01   8.6088868E+03   1.4938257E+06   1.5000325E+06   0.0000000E+00   0.0000000E+00   0.0000000E+00   0.0000000E+00   0.0000000E+00
   9.5280905E-02   1.4253958E+06   1.4253958E+06   2.6729986E+01   2.8442544E-01   7.9490829E+03   1.4194942E+06   1.4253958E+06   0.0000000E+00   0.0000000E+00   0.0000000E+00   0.0000000E+00   0.0000000E+00
   9.8626326E-02   1.3543366E+06   1.3543366E+06   2.2540984E+01   2.5266754E-01   7.3708779E+03   1.3487259E+06   1.3543366E+06   0.0000000E+00   0.0000000E+00   0.0000000E+00   0.0000000E+00   0.0000000E+00
   1.0205993E-01   1.2882087E+06   1.2882087E+06   2.1111335E+01   2.2477797E-01   6.8445502E+03   1.2828689E+06   1.2882087E+06   0.0000000E+00   0.0000000E+00   0.0000000E+00   0.0000000E+00   0.0000000E+00
   1.0558741E-01   1.2281187E+06   1.2281187E+06   1.7895884E+01   2.0044912E-01   6.3762674E+03   1.2230254E+06   1.2281187E+06   0.0000000E+00   0.0000000E+00   0.0000000E+00   0.0000000E+00   0.0000000E+00
   1.0921438E-01   1.1747644E+06   1.1747644E+06   1.6493331E+01   1.7936453E-01   5.9538807E+03   1.1698900E+06   1.1747644E+06   0.0000000E+00   0.0000000E+00   0.0000000E+00   0.0000000E+00   0.0000000E+00
   1.1294642E-01   1.1283011E+06   1.1283011E+06   1.5136545E+01   1.6112879E-01   5.6058464E+03   1.1236173E+06   1.1283011E+06   0.0000000E+00   0.0000000E+00   0.0000000E+00   0.0000000E+00   0.0000000E+00
   1.1678911E-01   1.0882613E+06   1.0882613E+06   1.3421817E+01   1.4535205E-01   5.3010336E+03   1.0837418E+06   1.0882613E+06   0.0000000E+00   0.0000000E+00   0.0000000E+00   0.0000000E+00   0.0000000E+00
   1.2074802E-01   1.0535513E+06   1.0535513E+06   1.2085769E+01   1.3160364E-01   5.0311640E+03   1.0491742E+06   1.0535513E+06   0.0000000E+00   0.0000000E+00   0.0000000E+00   0.0000000E+00   0.0000000E+00
   1.2482876E-01   1.0225410E+06   1.0225410E+06   1.1117913E+01   1.1946489E-01   4.7886904E+03   1.0182911E+06   1.0225410E+06   0.0000000E+00   0.0000000E+00   0.0000000E+00   0.0000000E+00   0.0000000E+00
   1.2903697E-01   9.9325431E+05   9.9325431E+05   1.0120254E+01   1.0855502E-01   4.5602748E+03   9.8912466E+05   9.9325431E+05   0.0000000E+00   0.0000000E+00   0.0000000E+00   0.0000000E+00   0.0000000E+00
   1.3337831E-01   9.6364703E+05   9.6364703E+05   8.8051124E+00   9.8554436E-02   4.3489840E+03   9.5963912E+05   9.6364703E+05   0.0000000E+00   0.0000000E+00   0.0000000E+00   0.0000000E+00   0.0000000E+00
   1.3785853E-01   9.3194027E+05   9.3194027E+05   8.3485176E+00   8.9226359E-02   4.1368386E+03   9.2806299E+05   9.3194027E+05   0.0000000E+00   0.0000000E+00   0.0000000E+00   0.0000000E+00   0.0000000E+00
   1.4248341E-01   8.9695468E+05   8.9695468E+05   7.2646989E+00   8.0432996E-02   3.9204382E+03   8.9322184E+05   8.9695468E+05   0.0000000E+00   0.0000000E+00   0.0000000E+00   0.0000000E+00   0.0000000E+00
   1.4725882E-01   8.5837537E+05   8.5837537E+05   6.4469158E+00   7.2127883E-02   3.6909021E+03   8.5480207E+05   8.5837537E+05   0.0000000E+00   0.0000000E+00   0.0000000E+00   0.0000000E+00   0.0000000E+00
   1.5219068E-01   8.1687351E+05   8.1687351E+05   5.7398903E+00   6.4344112E-02   3.4599994E+03   8.1347207E+05   8.1687351E+05   0.0000000E+00   0.0000000E+00   0.0000000E+00   0.0000000E+00   0.0000000E+00
   1.5728500E-01   7.7402552E+05   7.7402552E+05   5.0978124E+00   5.7166402E-02   3.2342184E+03   7.7080168E+05   7.7402552E+05   0.0000000E+00   0.0000000E+00   0.0000000E+00   0.0000000E+00   0.0000000E+00
   1.6254787E-01   7.3200756E+05   7.3200756E+05   4.6637622E+00   5.0691806E-02   3.0182693E+03   7.2895800E+05   7.3200756E+05   0.0000000E+00   0.0000000E+00   0.0000000E+00   0.0000000E+00   0.0000000E+00
   1.6798546E-01   6.9309934E+05   6.9309934E+05   4.0548986E+00   4.4992732E-02   2.8169044E+03   6.9021122E+05   6.9309934E+05   0.0000000E+00   0.0000000E+00   0.0000000E+00   0.0000000E+00   0.0000000E+00
   1.7360405E-01   6.5909620E+05   6.5909620E+05   3.7071665E+00   4.0086445E-02   2.6481811E+03   6.5634920E+05   6.5909620E+05   0.0000000E+00   0.0000000E+00   0.0000000E+00   0.0000000E+00   0.0000000E+00
   1.7941001E-01   6.3078325E+05   6.3078325E+05   3.2817810E+00   3.5923902E-02   2.5057029E+03   6.2815373E+05   6.3078325E+05   0.0000000E+00   0.0000000E+00   0.0000000E+00   0.0000000E+00   0.0000000E+00
   1.8540985E-01   6.0764502E+05   6.0764502E+05   2.9741519E+00   3.2386941E-02   2.3861947E+03   6.0511148E+05   6.0764502E+05   0.0000000E+00   0.0000000E+00   0.0000000E+00   0.0000000E+00   0.0000000E+00
   1.9161021E-01   5.8794842E+05   5.8794842E+05   2.6908561E+00   2.9320707E-02   2.2819931E+03   5.8549656E+05   5.8794842E+05   0.0000000E+00   0.0000000E+00   0.0000000E+00   0.0000000E+00   0.0000000E+00
   1.9801786E-01   5.6923670E+05   5.6923670E+05   2.3784166E+00   2.6562759E-02   2.1884203E+03   5.6686248E+05   5.6923670E+05   0.0000000E+00   0.0000000E+00   0.0000000E+00   0.0000000E+00   0.0000000E+00
   2.0463979E-01   5.4912667E+05   5.4912667E+05   2.1856581E+00   2.3986837E-02   2.0889919E+03   5.4683596E+05   5.4912667E+05   0.0000000E+00   0.0000000E+00   0.0000000E+00   0.0000000E+00   0.0000000E+00
   2.1148316E-01   5.2615572E+05   5.2615572E+05   1.9796381E+00   2.1526635E-02   1.9835599E+03   5.2396052E+05   5.2615572E+05   0.0000000E+00   0.0000000E+00   0.0000000E+00   0.0000000E+00   0.0000000E+00
   2.1855539E-01   5.0034765E+05   5.0034765E+05   1.7471210E+00   1.9183395E-02   1.8693034E+03   4.9825983E+05   5.0034765E+05   0.0000000E+00   0.0000000E+00   0.0000000E+00   0.0000000E+00   0.0000000E+00
   2.2586416E-01   4.7321646E+05   4.7321646E+05   1.5268696E+00   1.7006901E-02   1.7544166E+03   4.7124160E+05   4.7321646E+05   0.0000000E+00   0.0000000E+00   0.0000000E+00   0.0000000E+00   0.0000000E+00
   2.3341747E-01   4.4712744E+05   4.4712744E+05   1.3660547E+00   1.5061393E-02   1.6435224E+03   4.4526122E+05   4.4712744E+05   0.0000000E+00   0.0000000E+00   0.0000000E+00   0.0000000E+00   0.0000000E+00
   2.4122370E-01   4.2422815E+05   4.2422815E+05   1.2250932E+00   1.3387313E-02   1.5479294E+03   4.2245730E+05   4.2422815E+05   0.0000000E+00   0.0000000E+00   0.0000000E+00   0.0000000E+00   0.0000000E+00
   2.4929167E-01   4.0542189E+05   4.0542189E+05   1.0899510E+00   1.1978007E-02   1.4685377E+03   4.0372936E+05   4.0542189E+05   0.0000000E+00   0.0000000E+00   0.0000000E+00   0.0000000E+00   0.0000000E+00
   2.5763068E-01   3.8992019E+05   3.8992019E+05   9.6651989E-01   1.0780310E-02   1.4034449E+03   3.8829220E+05   3.8992019E+05   0.0000000E+00   0.0000000E+00   0.0000000E+00   0.0000000E+00   0.0000000E+00
   2.6625062E-01   3.7568069E+05   3.7568069E+05   8.8006820E-01   9.7194478E-03   1.3430088E+03   3.7411201E+05   3.7568069E+05   0.0000000E+00   0.0000000E+00   0.0000000E+00   0.0000000E+00   0.0000000E+00
   2.7516205E-01   3.6056609E+05   3.6056609E+05   7.9065392E-01   8.7325376E-03   1.2811758E+03   3.5906037E+05   3.6056609E+05   0.0000000E+00   0.0000000E+00   0.0000000E+00   0.0000000E+00   0.0000000E+00
   2.8437630E-01   3.4358749E+05   3.4358749E+05   7.0048391E-01   7.7938331E-03   1.2140508E+03   3.4215256E+05   3.4358749E+05   0.0000000E+00   0.0000000E+00   0.0000000E+00   0.0000000E+00   0.0000000E+00
   2.9390559E-01   3.2544687E+05   3.2544687E+05   6.3022389E-01   6.9164338E-03   1.1435448E+03   3.2408759E+05   3.2544687E+05   0.0000000E+00   0.0000000E+00   0.0000000E+00   0.0000000E+00   0.0000000E+00
   3.0376317E-01   3.0796460E+05   3.0796460E+05   5.5840976E-01   6.1310888E-03   1.0766029E+03   3.0667824E+05   3.0796460E+05   0.0000000E+00   0.0000000E+00   0.0000000E+00   0.0000000E+00   0.0000000E+00
   3.1396349E-01   2.9272854E+05   2.9272854E+05   4.9193901E-01   5.4564065E-03   1.0183134E+03   2.9150573E+05   2.9272854E+05   0.0000000E+00   0.0000000E+00   0.0000000E+00   0.0000000E+00   0.0000000E+00
   3.2452234E-01   2.7993129E+05   2.7993129E+05   4.4422449E-01   4.8824011E-03   9.6943947E+02   2.7876186E+05   2.7993129E+05   0.0000000E+00   0.0000000E+00   0.0000000E+00   0.0000000E+00   0.0000000E+00
   3.3545711E-01   2.6831828E+05   2.6831828E+05   3.9826443E-01   4.3782524E-03   9.2514069E+02   2.6719730E+05   2.6831828E+05   0.0000000E+00   0.0000000E+00   0.0000000E+00   0.0000000E+00   0.0000000E+00
   3.4678704E-01   2.5632654E+05   2.5632654E+05   3.5309430E-01   3.9134648E-03   8.8005220E+02   2.5525559E+05   2.5632654E+05   0.0000000E+00   0.0000000E+00   0.0000000E+00   0.0000000E+00   0.0000000E+00
   3.5853346E-01   2.4344487E+05   2.4344487E+05   3.1472354E-01   3.4784964E-03   8.3254104E+02   2.4242768E+05   2.4344487E+05   0.0000000E+00   0.0000000E+00   0.0000000E+00   0.0000000E+00   0.0000000E+00
   3.7072023E-01   2.3054033E+05   2.3054033E+05   2.7777274E-01   3.0826039E-03   7.8547468E+02   2.2957701E+05   2.3054033E+05   0.0000000E+00   0.0000000E+00   0.0000000E+00   0.0000000E+00   0.0000000E+00
   3.8337405E-01   2.1882758E+05   2.1882758E+05   2.4750354E-01   2.7365095E-03   7.4303819E+02   2.1791316E+05   2.1882758E+05   0.0000000E+00   0.0000000E+00   0.0000000E+00   0.0000000E+00   0.0000000E+00
   3.9652508E-01   2.0855509E+05   2.0855509E+05   2.1988869E-01   2.4373839E-03   7.0579262E+02   2.0768355E+05   2.0855509E+05   0.0000000E+00   0.0000000E+00   0.0000000E+00   0.0000000E+00   0.0000000E+00
   4.1020748E-01   1.9885055E+05   1.9885055E+05   1.9630553E-01   2.1712418E-03   6.7087441E+02   1.9801953E+05   1.9885055E+05   0.0000000E+00   0.0000000E+00   0.0000000E+00   0.0000000E+00   0.0000000E+00
   4.2446015E-01   1.8887359E+05   1.8887359E+05   1.7394554E-01   1.9262846E-03   6.3533449E+02   1.8808423E+05   1.8887359E+05   0.0000000E+00   0.0000000E+00   0.0000000E+00   0.0000000E+00   0.0000000E+00
   4.3932774E-01   1.7880928E+05   1.7880928E+05   1.5379780E-01   1.7029154E-03   5.9976686E+02   1.7806195E+05   1.7880928E+05   0.0000000E+00   0.0000000E+00   0.0000000E+00   0.0000000E+00   0.0000000E+00
   4.5486168E-01   1.6941427E+05   1.6941427E+05   1.3604722E-01   1.5052032E-03   5.6670144E+02   1.6870618E+05   1.6941427E+05   0.0000000E+00   0.0000000E+00   0.0000000E+00   0.0000000E+00   0.0000000E+00
   4.7112173E-01   1.6083410E+05   1.6083410E+05   1.2032981E-01   1.3319621E-03   5.3666295E+02   1.6016185E+05   1.6083410E+05   0.0000000E+00   0.0000000E+00   0.0000000E+00   0.0000000E+00   0.0000000E+00
   4.8817769E-01   1.5248901E+05   1.5248901E+05   1.0637863E-01   1.1761432E-03   5.0756814E+02   1.5185162E+05   1.5248901E+05   0.0000000E+00   0.0000000E+00   0.0000000E+00   0.0000000E+00   0.0000000E+00
   5.0611175E-01   1.4411095E+05   1.4411095E+05   9.3540350E-02   1.0342758E-03   4.7861664E+02   1.4350856E+05   1.4411095E+05   0.0000000E+00   0.0000000E+00   0.0000000E+00   0.0000000E+00   0.0000000E+00
   5.2502141E-01   1.3607691E+05   1.3607691E+05   8.2069023E-02   9.0766044E-04   4.5093805E+02   1.3550808E+05   1.3607691E+05   0.0000000E+00   0.0000000E+00   0.0000000E+00   0.0000000E+00   0.0000000E+00
   5.4502320E-01   1.2853356E+05   1.2853356E+05   7.1915347E-02   7.9554344E-04   4.2504272E+02   1.2799625E+05   1.2853356E+05   0.0000000E+00   0.0000000E+00   0.0000000E+00   0.0000000E+00   0.0000000E+00
   5.6625758E-01   1.2115169E+05   1.2115169E+05   6.2751574E-02   6.9471798E-04   3.9985392E+02   1.2064522E+05   1.2115169E+05   0.0000000E+00   0.0000000E+00   0.0000000E+00   0.0000000E+00   0.0000000E+00
   5.8889513E-01   1.1389696E+05   1.1389696E+05   5.4552999E-02   6.0391244E-04   3.7521921E+02   1.1342081E+05   1.1389696E+05   0.0000000E+00   0.0000000E+00   0.0000000E+00   0.0000000E+00   0.0000000E+00
   6.1314460E-01   1.0695425E+05   1.0695425E+05   4.7266707E-02   5.2314911E-04   3.5171651E+02   1.0650712E+05   1.0695425E+05   0.0000000E+00   0.0000000E+00   0.0000000E+00   0.0000000E+00   0.0000000E+00
   6.3926313E-01   1.0018425E+05   1.0018425E+05   4.0730423E-02   4.5082624E-04   3.2889105E+02   9.9765405E+04   1.0018425E+05   0.0000000E+00   0.0000000E+00   0.0000000E+00   0.0000000E+00   0.0000000E+00
   6.6756884E-01   9.3547173E+04   9.3547173E+04   3.4869937E-02   3.8604401E-04   3.0658512E+02   9.3156069E+04   9.3547173E+04   0.0000000E+00   0.0000000E+00   0.0000000E+00   0.0000000E+00   0.0000000E+00
   6.9845581E-01   8.7101513E+04   8.7101513E+04   2.9661117E-02   3.2837333E-04   2.8500033E+02   8.6737349E+04   8.7101513E+04   0.0000000E+00   0.0000000E+00   0.0000000E+00   0.0000000E+00   0.0000000E+00
   7.3240981E-01   8.0767225E+04   8.0767225E+04   2.5013019E-02   2.7691617E-04   2.6389268E+02   8.0429537E+04   8.0767225E+04   0.0000000E+00   0.0000000E+00   0.0000000E+00   0.0000000E+00   0.0000000E+00
   7.7002102E-01   7.4573160E+04   7.4573160E+04   2.0893052E-02   2.3132020E-04   2.4329869E+02   7.4261363E+04   7.4573160E+04   0.0000000E+00   0.0000000E+00   0.0000000E+00   0.0000000E+00   0.0000000E+00
   8.1198513E-01   6.8497084E+04   6.8497084E+04   1.7257637E-02   1.9108929E-04   2.2315712E+02   6.8210687E+04   6.8497084E+04   0.0000000E+00   0.0000000E+00   0.0000000E+00   0.0000000E+00   0.0000000E+00
   8.5907783E-01   6.2562586E+04   6.2562586E+04   1.4081530E-02   1.5592906E-04   2.0354752E+02   6.2300997E+04   6.2562586E+04   0.0000000E+00   0.0000000E+00   0.0000000E+00   0.0000000E+00   0.0000000E+00
   9.1208505E-01   5.6797402E+04   5.6797402E+04   1.1340963E-02   1.2558989E-04   1.8455937E+02   5.6559914E+04   5.6797402E+04   0.0000000E+00   0.0000000E+00   0.0000000E+00   0.0000000E+00   0.0000000E+00
   9.7168448E-01   5.1256170E+04   5.1256170E+04   9.0173683E-03   9.9866432E-05   1.6635062E+02   5.1041848E+04   5.1256170E+04   0.0000000E+00   0.0000000E+00   0.0000000E+00   0.0000000E+00   0.0000000E+00
   1.0383171E+00   4.6007451E+04   4.6007451E+04   7.0883518E-03   7.8505252E-05   1.4915520E+02   4.5815073E+04   4.6007451E+04   0.0000000E+00   0.0000000E+00   0.0000000E+00   0.0000000E+00   0.0000000E+00
   1.1121353E+00   4.1117233E+04   4.1117233E+04   5.5215051E-03   6.1159880E-05   1.3316282E+02   4.0945301E+04   4.1117233E+04   0.0000000E+00   0.0000000E+00   0.0000000E+00   0.0000000E+00   0.0000000E+00
   1.1930916E+00   3.6632628E+04   3.6632628E+04   4.2753362E-03   4.7347548E-05   1.1853474E+02   3.6479447E+04   3.6632628E+04   0.0000000E+00   0.0000000E+00   0.0000000E+00   0.0000000E+00   0.0000000E+00
   1.2811174E+00   3.2571577E+04   3.2571577E+04   3.2964810E-03   3.6513799E-05   1.0531017E+02   3.2435375E+04   3.2571577E+04   0.0000000E+00   0.0000000E+00   0.0000000E+00   0.0000000E+00   0.0000000E+00
   1.3762706E+00   2.8924051E+04   2.8924051E+04   2.5364121E-03   2.8097363E-05   9.3452833E+01   2.8803101E+04   2.8924051E+04   0.0000000E+00   0.0000000E+00   0.0000000E+00   0.0000000E+00   0.0000000E+00
   1.4787872E+00   2.5663877E+04   2.5663877E+04   1.9492512E-03   2.1594982E-05   8.2867986E+01   2.5556559E+04   2.5663877E+04   0.0000000E+00   0.0000000E+00   0.0000000E+00   0.0000000E+00   0.0000000E+00
   1.5890612E+00   2.2757551E+04   2.2757551E+04   1.4969008E-03   1.6584869E-05   7.3444598E+01   2.2662385E+04   2.2757551E+04   0.0000000E+00   0.0000000E+00   0.0000000E+00   0.0000000E+00   0.0000000E+00
   1.7076014E+00   2.0170105E+04   2.0170105E+04   1.1488874E-03   1.2729930E-05   6.5065490E+01   2.0085760E+04   2.0170105E+04   0.0000000E+00   0.0000000E+00   0.0000000E+00   0.0000000E+00   0.0000000E+00
   1.8349977E+00   1.7868725E+04   1.7868725E+04   8.8137255E-04   9.7665603E-06   5.7618312E+01   1.7794002E+04   1.7868725E+04   0.0000000E+00   0.0000000E+00   0.0000000E+00   0.0000000E+00   0.0000000E+00
   1.9719020E+00   1.5822988E+04   1.5822988E+04   6.7584079E-04   7.4898603E-06   5.1003687E+01   1.5756820E+04   1.5822988E+04   0.0000000E+00   0.0000000E+00   0.0000000E+00   0.0000000E+00   0.0000000E+00
   2.1190211E+00   1.4005604E+04   1.4005604E+04   5.1778854E-04   5.7414332E-06   4.5132660E+01   1.3947036E+04   1.4005604E+04   0.0000000E+00   0.0000000E+00   0.0000000E+00   0.0000000E+00   0.0000000E+00
   2.2771167E+00   1.2391932E+04   1.2391932E+04   3.9702896E-04   4.3994742E-06   3.9922214E+01   1.2340111E+04   1.2391932E+04   0.0000000E+00   0.0000000E+00   0.0000000E+00   0.0000000E+00   0.0000000E+00
   2.4470074E+00   1.0959854E+04   1.0959854E+04   3.0404086E-04   3.3698645E-06   3.5300716E+01   1.0914022E+04   1.0959854E+04   0.0000000E+00   0.0000000E+00   0.0000000E+00   0.0000000E+00   0.0000000E+00
   2.6295733E+00   9.6895854E+03   9.6895854E+03   2.3275660E-04   2.5802942E-06   3.1202758E+01   9.6490652E+03   9.6895854E+03   0.0000000E+00   0.0000000E+00   0.0000000E+00   0.0000000E+00   0.0000000E+00
   2.8257601E+00   8.5633770E+03   8.5633770E+03   1.7812626E-04   1.9749944E-06   2.7571983E+01   8.5275663E+03   8.5633770E+03   0.0000000E+00   0.0000000E+00   0.0000000E+00   0.0000000E+00   0.0000000E+00
   3.0365839E+00   7.5653499E+03   7.5653499E+03   1.3627081E-04   1.5111977E-06   2.4354965E+01   7.5337128E+03   7.5653499E+03   0.0000000E+00   0.0000000E+00   0.0000000E+00   0.0000000E+00   0.0000000E+00
   3.2631368E+00   6.6813120E+03   6.6813120E+03   1.0421501E-04   1.1559485E-06   2.1506210E+01   6.6533717E+03   6.6813120E+03   0.0000000E+00   0.0000000E+00   0.0000000E+00   0.0000000E+00   0.0000000E+00
   3.5065924E+00   5.8985836E+03   5.8985836E+03   7.9682216E-05   8.8393003E-07   1.8984644E+01   5.8739166E+03   5.8985836E+03   0.0000000E+00   0.0000000E+00   0.0000000E+00   0.0000000E+00   0.0000000E+00
   3.7682116E+00   5.2058455E+03   5.2058455E+03   6.0892215E-05   6.7572658E-07   1.6753358E+01   5.1840754E+03   5.2058455E+03   0.0000000E+00   0.0000000E+00   0.0000000E+00   0.0000000E+00   0.0000000E+00
   4.0493497E+00   4.5930002E+03   4.5930002E+03   4.6522238E-05   5.1641422E-07   1.4779825E+01   4.5737929E+03   4.5930002E+03   0.0000000E+00   0.0000000E+00   0.0000000E+00   0.0000000E+00   0.0000000E+00
   4.3514629E+00   4.0510469E+03   4.0510469E+03   3.5517945E-05   3.9455844E-07   1.3035030E+01   4.0341060E+03   4.0510469E+03   0.0000000E+00   0.0000000E+00   0.0000000E+00   0.0000000E+00   0.0000000E+00
   4.6761161E+00   3.5719675E+03   3.5719675E+03   2.7134144E-05   3.0138324E-07   1.1492772E+01   3.5570300E+03   3.5719675E+03   0.0000000E+00   0.0000000E+00   0.0000000E+00   0.0000000E+00   0.0000000E+00
   5.0249909E+00   3.1486241E+03   3.1486241E+03   2.0711116E-05   2.3015672E-07   1.0130013E+01   3.1354569E+03   3.1486241E+03   0.0000000E+00   0.0000000E+00   0.0000000E+00   0.0000000E+00   0.0000000E+00
   5.3998946E+00   2.7746660E+03   2.7746660E+03   1.5804711E-05   1.7572557E-07   8.9264383E+00   2.7630627E+03   2.7746660E+03   0.0000000E+00   0.0000000E+00   0.0000000E+00   0.0000000E+00   0.0000000E+00
   5.8027690E+00   2.4444469E+03   2.4444469E+03   1.2058525E-05   1.3413962E-07   7.8637681E+00   2.4342245E+03   2.4444469E+03   0.0000000E+00   0.0000000E+00   0.0000000E+00   0.0000000E+00   0.0000000E+00
   6.2357010E+00   2.1529490E+03   2.1529490E+03   9.1959408E-06   1.0237682E-07   6.9258018E+00   2.1439457E+03   2.1529490E+03   0.0000000E+00   0.0000000E+00   0.0000000E+00   0.0000000E+00   0.0000000E+00
   6.7009331E+00   1.8957159E+03   1.8957159E+03   7.0113100E-06   7.8123244E-08   6.0981197E+00   1.8877883E+03   1.8957159E+03   0.0000000E+00   0.0000000E+00   0.0000000E+00   0.0000000E+00   0.0000000E+00
   7.2008752E+00   1.6687918E+03   1.6687918E+03   5.3456091E-06   5.9607348E-08   5.3679588E+00   1.6618131E+03   1.6687918E+03   0.0000000E+00   0.0000000E+00   0.0000000E+00   0.0000000E+00   0.0000000E+00
   7.7381168E+00   1.4686670E+03   1.4686670E+03   4.0737958E-06   4.5474616E-08   4.7241332E+00   1.4625252E+03   1.4686670E+03   0.0000000E+00   0.0000000E+00   0.0000000E+00   0.0000000E+00   0.0000000E+00
   8.3154409E+00   1.2922292E+03   1.2922292E+03   3.1039869E-06   3.4689979E-08   4.1564974E+00   1.2868253E+03   1.2922292E+03   0.0000000E+00   0.0000000E+00   0.0000000E+00   0.0000000E+00   0.0000000E+00
