#           k/h    CDM            baryon         photon         nu             mass_nu        total          no_nu          total_de       Weyl           v_CDM          v_b            v_b-v_c     
   9.8840248E-06   5.8048829E+06   5.8048829E+06   7.7389813E+06   1.8508165E+04   2.2253402E+05   5.8051745E+06   5.8048829E+06   0.0000000E+00   0.0000000E+00   0.0000000E+00   0.0000000E+00   0.0000000E+00
   1.0621450E-05   5.8048818E+06   5.8048818E+06   7.7388463E+06   1.8507967E+04   2.2253201E+05   5.8051733E+06   5.8048818E+06   0.0000000E+00   0.0000000E+00   0.0000000E+00   0.0000000E+00   0.0000000E+00
   1.1413894E-05   5.8048805E+06   5.8048805E+06   7.7386904E+06   1.8507737E+04   2.2252969E+05   5.8051718E+06   5.8048805E+06   0.0000000E+00   0.0000000E+00   0.0000000E+00   0.0000000E+00   0.0000000E+00
   1.2265460E-05   5.8048790E+06   5.8048790E+06   7.7385104E+06   1.8507473E+04   2.2252700E+05   5.8051702E+06   5.8048790E+06   0.0000000E+00   0.0000000E+00   0.0000000E+00   0.0000000E+00   0.0000000E+00
   1.3180559E-05   5.8048772E+06   5.8048772E+06   7.7383024E+06   1.8507167E+04   2.2252391E+05   5.8051683E+06   5.8048772E+06   0.0000000E+00   0.0000000E+00   0.0000000E+00   0.0000000E+00   0.0000000E+00
   1.4163932E-05   5.8048752E+06   5.8048752E+06   7.7380624E+06   1.8506814E+04   2.2252033E+05   5.8051661E+06   5.8048752E+06   0.0000000E+00   0.0000000E+00   0.0000000E+00   0.0000000E+00   0.0000000E+00
   1.5220672E-05   5.8048728E+06   5.8048728E+06   7.7377851E+06   1.8506406E+04   2.2251620E+05   5.8051635E+06   5.8048728E+06   0.0000000E+00   0.0000000E+00   0.0000000E+00   0.0000000E+00   0.0000000E+00
   1.6356253E-05   5.8048702E+06   5.8048702E+06   7.7374650E+06   1.8505935E+04   2.2251143E+05   5.8051605E+06   5.8048702E+06   0.0000000E+00   0.0000000E+00   0.0000000E+00   0.0000000E+00   0.0000000E+00
   1.7576558E-05   5.8048670E+06   5.8048670E+06   7.7370954E+06   1.8505392E+04   2.2250592E+05   5.8051571E+06   5.8048670E+06   0.0000000E+00   0.0000000E+00   0.0000000E+00   0.0000000E+00   0.0000000E+00
   1.8887907E-05   5.8048634E+06   5.8048634E+06   7.7366685E+06   1.8504764E+04   2.2249956E+05   5.8051532E+06   5.8048634E+06   0.0000000E+00   0.0000000E+00   0.0000000E+00   0.0000000E+00   0.0000000E+00
   2.0297092E-05   5.8048593E+06   5.8048593E+06   7.7361756E+06   1.8504039E+04   2.2249221E+05   5.8051487E+06   5.8048593E+06   0.0000000E+00   0.0000000E+00   0.0000000E+00   0.0000000E+00   0.0000000E+00
   2.1811414E-05   5.8048545E+06   5.8048545E+06   7.7356065E+06   1.8503202E+04   2.2248373E+05   5.8051434E+06   5.8048545E+06   0.0000000E+00   0.0000000E+00   0.0000000E+00   0.0000000E+00   0.0000000E+00
   2.3438716E-05   5.8048490E+06   5.8048490E+06   7.7349493E+06   1.8502235E+04   2.2247394E+05   5.8051374E+06   5.8048490E+06   0.0000000E+00   0.0000000E+00   0.0000000E+00   0.0000000E+00   0.0000000E+00
   2.5187428E-05   5.8048426E+06   5.8048426E+06   7.7341904E+06   1.8501119E+04   2.2246264E+05   5.8051304E+06   5.8048426E+06   0.0000000E+00   0.0000000E+00   0.0000000E+00   0.0000000E+00   0.0000000E+00
   2.7066607E-05   5.8048352E+06   5.8048352E+06   7.7333142E+06   1.8499831E+04   2.2244958E+05   5.8051223E+06   5.8048352E+06   0.0000000E+00   0.0000000E+00   0.0000000E+00   0.0000000E+00   0.0000000E+00
   2.9085988E-05   5.8048267E+06   5.8048267E+06   7.7323024E+06   1.8498343E+04   2.2243451E+05   5.8051129E+06   5.8048267E+06   0.0000000E+00   0.0000000E+00   0.0000000E+00   0.0000000E+00   0.0000000E+00
   3.1256031E-05   5.8048168E+06   5.8048168E+06   7.7311343E+06   1.8496624E+04   2.2241711E+05   5.8051022E+06   5.8048168E+06   0.0000000E+00   0.0000000E+00   0.0000000E+00   0.0000000E+00   0.0000000E+00
   3.3587975E-05   5.8048055E+06   5.8048055E+06   7.7297855E+06   1.8494640E+04   2.2239703E+05   5.8050897E+06   5.8048055E+06   0.0000000E+00   0.0000000E+00   0.0000000E+00   0.0000000E+00   0.0000000E+00
   3.6093901E-05   5.8047923E+06   5.8047923E+06   7.7282282E+06   1.8492350E+04   2.2237384E+05   5.8050754E+06   5.8047923E+06   0.0000000E+00   0.0000000E+00   0.0000000E+00   0.0000000E+00   0.0000000E+00
   3.8786789E-05   5.8047772E+06   5.8047772E+06   7.7264303E+06   1.8489705E+04   2.2234707E+05   5.8050588E+06   5.8047772E+06   0.0000000E+00   0.0000000E+00   0.0000000E+00   0.0000000E+00   0.0000000E+00
   4.1680587E-05   5.8047597E+06   5.8047597E+06   7.7243545E+06   1.8486651E+04   2.2231617E+05   5.8050396E+06   5.8047597E+06   0.0000000E+00   0.0000000E+00   0.0000000E+00   0.0000000E+00   0.0000000E+00
   4.4790285E-05   5.8047395E+06   5.8047395E+06   7.7219582E+06   1.8483125E+04   2.2228051E+05   5.8050175E+06   5.8047395E+06   0.0000000E+00   0.0000000E+00   0.0000000E+00   0.0000000E+00   0.0000000E+00
   4.8131991E-05   5.8047162E+06   5.8047162E+06   7.7191918E+06   1.8479054E+04   2.2223934E+05   5.8049920E+06   5.8047162E+06   0.0000000E+00   0.0000000E+00   0.0000000E+00   0.0000000E+00   0.0000000E+00
   5.1723014E-05   5.8046892E+06   5.8046892E+06   7.7159983E+06   1.8474355E+04   2.2219184E+05   5.8049625E+06   5.8046892E+06   0.0000000E+00   0.0000000E+00   0.0000000E+00   0.0000000E+00   0.0000000E+00
   5.5581956E-05   5.8046581E+06   5.8046581E+06   7.7123121E+06   1.8468930E+04   2.2213702E+05   5.8049284E+06   5.8046581E+06   0.0000000E+00   0.0000000E+00   0.0000000E+00   0.0000000E+00   0.0000000E+00
   5.9728805E-05   5.8046222E+06   5.8046222E+06   7.7080575E+06   1.8462668E+04   2.2207377E+05   5.8048891E+06   5.8046222E+06   0.0000000E+00   0.0000000E+00   0.0000000E+00   0.0000000E+00   0.0000000E+00
   6.4185041E-05   5.8045807E+06   5.8045807E+06   7.7031470E+06   1.8455439E+04   2.2200081E+05   5.8048437E+06   5.8045807E+06   0.0000000E+00   0.0000000E+00   0.0000000E+00   0.0000000E+00   0.0000000E+00
   6.8973748E-05   5.8045328E+06   5.8045328E+06   7.6974802E+06   1.8447095E+04   2.2191664E+05   5.8047913E+06   5.8045328E+06   0.0000000E+00   0.0000000E+00   0.0000000E+00   0.0000000E+00   0.0000000E+00
   7.4119729E-05   5.8044776E+06   5.8044776E+06   7.6909411E+06   1.8437465E+04   2.2181957E+05   5.8047308E+06   5.8044776E+06   0.0000000E+00   0.0000000E+00   0.0000000E+00   0.0000000E+00   0.0000000E+00
   7.9649641E-05   5.8044137E+06   5.8044137E+06   7.6833964E+06   1.8426352E+04   2.2170765E+05   5.8046609E+06   5.8044137E+06   0.0000000E+00   0.0000000E+00   0.0000000E+00   0.0000000E+00   0.0000000E+00
   8.5592128E-05   5.8043400E+06   5.8043400E+06   7.6746926E+06   1.8413528E+04   2.2157862E+05   5.8045802E+06   5.8043400E+06   0.0000000E+00   0.0000000E+00   0.0000000E+00   0.0000000E+00   0.0000000E+00
   9.1977971E-05   5.8042550E+06   5.8042550E+06   7.6646532E+06   1.8398731E+04   2.2142992E+05   5.8044871E+06   5.8042550E+06   0.0000000E+00   0.0000000E+00   0.0000000E+00   0.0000000E+00   0.0000000E+00
   9.8840248E-05   5.8041568E+06   5.8041568E+06   7.6530753E+06   1.8381661E+04   2.2125860E+05   5.8043796E+06   5.8041568E+06   0.0000000E+00   0.0000000E+00   0.0000000E+00   0.0000000E+00   0.0000000E+00
   1.0621450E-04   5.8040434E+06   5.8040434E+06   7.6397259E+06   1.8361971E+04   2.2106128E+05   5.8042555E+06   5.8040434E+06   0.0000000E+00   0.0000000E+00   0.0000000E+00   0.0000000E+00   0.0000000E+00
   1.1413894E-04   5.8039125E+06   5.8039125E+06   7.6243376E+06   1.8339263E+04   2.2083413E+05   5.8041123E+06   5.8039125E+06   0.0000000E+00   0.0000000E+00   0.0000000E+00   0.0000000E+00   0.0000000E+00
   1.2265460E-04   5.8037615E+06   5.8037615E+06   7.6066038E+06   1.8313080E+04   2.2057275E+05   5.8039470E+06   5.8037615E+06   0.0000000E+00   0.0000000E+00   0.0000000E+00   0.0000000E+00   0.0000000E+00
   1.3180559E-04   5.8035871E+06   5.8035871E+06   7.5861735E+06   1.8282896E+04   2.2027214E+05   5.8037562E+06   5.8035871E+06   0.0000000E+00   0.0000000E+00   0.0000000E+00   0.0000000E+00   0.0000000E+00
   1.4163932E-04   5.8033860E+06   5.8033860E+06   7.5626455E+06   1.8248111E+04   2.1992666E+05   5.8035360E+06   5.8033860E+06   0.0000000E+00   0.0000000E+00   0.0000000E+00   0.0000000E+00   0.0000000E+00
   1.5220672E-04   5.8031538E+06   5.8031538E+06   7.5355615E+06   1.8208034E+04   2.1952988E+05   5.8032819E+06   5.8031538E+06   0.0000000E+00   0.0000000E+00   0.0000000E+00   0.0000000E+00   0.0000000E+00
   1.6356253E-04   5.8028859E+06   5.8028859E+06   7.5043993E+06   1.8161879E+04   2.1907459E+05   5.8029888E+06   5.8028859E+06   0.0000000E+00   0.0000000E+00   0.0000000E+00   0.0000000E+00   0.0000000E+00
   1.7576558E-04   5.8025769E+06   5.8025769E+06   7.4685653E+06   1.8108744E+04   2.1855267E+05   5.8026507E+06   5.8025769E+06   0.0000000E+00   0.0000000E+00   0.0000000E+00   0.0000000E+00   0.0000000E+00
   1.8887907E-04   5.8022205E+06   5.8022205E+06   7.4273860E+06   1.8047603E+04   2.1795506E+05   5.8022607E+06   5.8022205E+06   0.0000000E+00   0.0000000E+00   0.0000000E+00   0.0000000E+00   0.0000000E+00
   2.0297092E-04   5.8018094E+06   5.8018094E+06   7.3801000E+06   1.7977290E+04   2.1727170E+05   5.8018109E+06   5.8018094E+06   0.0000000E+00   0.0000000E+00   0.0000000E+00   0.0000000E+00   0.0000000E+00
   2.1811414E-04   5.8013354E+06   5.8013354E+06   7.3258492E+06   1.7896481E+04   2.1649149E+05   5.8012923E+06   5.8013354E+06   0.0000000E+00   0.0000000E+00   0.0000000E+00   0.0000000E+00   0.0000000E+00
   2.3438716E-04   5.8007889E+06   5.8007889E+06   7.2636709E+06   1.7803676E+04   2.1560229E+05   5.8006946E+06   5.8007889E+06   0.0000000E+00   0.0000000E+00   0.0000000E+00   0.0000000E+00   0.0000000E+00
   2.5187428E-04   5.8001592E+06   5.8001592E+06   7.1924903E+06   1.7697186E+04   2.1459100E+05   5.8000059E+06   5.8001592E+06   0.0000000E+00   0.0000000E+00   0.0000000E+00   0.0000000E+00   0.0000000E+00
   2.7066607E-04   5.7994337E+06   5.7994337E+06   7.1111147E+06   1.7575115E+04   2.1344362E+05   5.7992124E+06   5.7994337E+06   0.0000000E+00   0.0000000E+00   0.0000000E+00   0.0000000E+00   0.0000000E+00
   2.9085988E-04   5.7985980E+06   5.7985980E+06   7.0182301E+06   1.7435342E+04   2.1214552E+05   5.7982988E+06   5.7985980E+06   0.0000000E+00   0.0000000E+00   0.0000000E+00   0.0000000E+00   0.0000000E+00
   3.1256031E-04   5.7976360E+06   5.7976360E+06   6.9124018E+06   1.7275511E+04   2.1068169E+05   5.7972471E+06   5.7976360E+06   0.0000000E+00   0.0000000E+00   0.0000000E+00   0.0000000E+00   0.0000000E+00
   3.3587975E-04   5.7965289E+06   5.7965289E+06   6.7920805E+06   1.7093022E+04   2.0903729E+05   5.7960372E+06   5.7965289E+06   0.0000000E+00   0.0000000E+00   0.0000000E+00   0.0000000E+00   0.0000000E+00
   3.6093901E-04   5.7952556E+06   5.7952556E+06   6.6556160E+06   1.6885032E+04   2.0719828E+05   5.7946459E+06   5.7952556E+06   0.0000000E+00   0.0000000E+00   0.0000000E+00   0.0000000E+00   0.0000000E+00
   3.8786789E-04   5.7937921E+06   5.7937921E+06   6.5012816E+06   1.6648458E+04   2.0515239E+05   5.7930473E+06   5.7937921E+06   0.0000000E+00   0.0000000E+00   0.0000000E+00   0.0000000E+00   0.0000000E+00
   4.1680587E-04   5.7921109E+06   5.7921109E+06   6.3273125E+06   1.6380008E+04   2.0289030E+05   5.7912116E+06   5.7921109E+06   0.0000000E+00   0.0000000E+00   0.0000000E+00   0.0000000E+00   0.0000000E+00
   4.4790285E-04   5.7901814E+06   5.7901814E+06   6.1319616E+06   1.6076218E+04   2.0040717E+05   5.7891055E+06   5.7901814E+06   0.0000000E+00   0.0000000E+00   0.0000000E+00   0.0000000E+00   0.0000000E+00
   4.8131991E-04   5.7879687E+06   5.7879687E+06   5.9135781E+06   1.5733521E+04   1.9770462E+05   5.7866916E+06   5.7879687E+06   0.0000000E+00   0.0000000E+00   0.0000000E+00   0.0000000E+00   0.0000000E+00
   5.1723014E-04   5.7854340E+06   5.7854340E+06   5.6707127E+06   1.5348344E+04   1.9479290E+05   5.7839277E+06   5.7854340E+06   0.0000000E+00   0.0000000E+00   0.0000000E+00   0.0000000E+00   0.0000000E+00
   5.5581956E-04   5.7825336E+06   5.7825336E+06   5.4022554E+06   1.4917254E+04   1.9169343E+05   5.7807672E+06   5.7825336E+06   0.0000000E+00   0.0000000E+00   0.0000000E+00   0.0000000E+00   0.0000000E+00
   5.9728805E-04   5.7792192E+06   5.7792192E+06   5.1076068E+06   1.4437141E+04   1.8844146E+05   5.7771581E+06   5.7792192E+06   0.0000000E+00   0.0000000E+00   0.0000000E+00   0.0000000E+00   0.0000000E+00
   6.4185041E-04   5.7754371E+06   5.7754371E+06   4.7868880E+06   1.3905462E+04   1.8508841E+05   5.7730433E+06   5.7754371E+06   0.0000000E+00   0.0000000E+00   0.0000000E+00   0.0000000E+00   0.0000000E+00
   6.8973748E-04   5.7711285E+06   5.7711285E+06   4.4411815E+06   1.3320550E+04   1.8170362E+05   5.7683602E+06   5.7711285E+06   0.0000000E+00   0.0000000E+00   0.0000000E+00   0.0000000E+00   0.0000000E+00
   7.4119729E-04   5.7662289E+06   5.7662289E+06   4.0727976E+06   1.2681978E+04   1.7837444E+05   5.7630410E+06   5.7662289E+06   0.0000000E+00   0.0000000E+00   0.0000000E+00   0.0000000E+00   0.0000000E+00
   7.9649641E-04   5.7606685E+06   5.7606685E+06   3.6855428E+06   1.1990983E+04   1.7520390E+05   5.7570124E+06   5.7606685E+06   0.0000000E+00   0.0000000E+00   0.0000000E+00   0.0000000E+00   0.0000000E+00
   8.5592128E-04   5.7543723E+06   5.7543723E+06   3.2849577E+06   1.1250917E+04   1.7230429E+05   5.7501965E+06   5.7543723E+06   0.0000000E+00   0.0000000E+00   0.0000000E+00   0.0000000E+00   0.0000000E+00
   9.1977971E-04   5.7472602E+06   5.7472602E+06   2.8784721E+06   1.0467708E+04   1.6978542E+05   5.7425111E+06   5.7472602E+06   0.0000000E+00   0.0000000E+00   0.0000000E+00   0.0000000E+00   0.0000000E+00
   9.8840248E-04   5.7392472E+06   5.7392472E+06   2.4754056E+06   9.6502414E+03   1.6773590E+05   5.7338701E+06   5.7392472E+06   0.0000000E+00   0.0000000E+00   0.0000000E+00   0.0000000E+00   0.0000000E+00
   1.0621450E-03   5.7302443E+06   5.7302443E+06   2.0867242E+06   8.8105979E+03   1.6619705E+05   5.7241849E+06   5.7302443E+06   0.0000000E+00   0.0000000E+00   0.0000000E+00   0.0000000E+00   0.0000000E+00
   1.1413894E-03   5.7201588E+06   5.7201588E+06   1.7244575E+06   7.9640155E+03   1.6513051E+05   5.7133647E+06   5.7201588E+06   0.0000000E+00   0.0000000E+00   0.0000000E+00   0.0000000E+00   0.0000000E+00
   1.2265460E-03   5.7088943E+06   5.7088943E+06   1.4006918E+06   7.1284452E+03   1.6438374E+05   5.7013176E+06   5.7088943E+06   0.0000000E+00   0.0000000E+00   0.0000000E+00   0.0000000E+00   0.0000000E+00
   1.3180559E-03   5.6963513E+06   5.6963513E+06   1.1261132E+06   6.3235654E+03   1.6366241E+05   5.6879506E+06   5.6963513E+06   0.0000000E+00   0.0000000E+00   0.0000000E+00   0.0000000E+00   0.0000000E+00
   1.4163932E-03   5.6824264E+06   5.6824264E+06   9.0817896E+05   5.5691671E+03   1.6252433E+05   5.6731699E+06   5.6824264E+06   0.0000000E+00   0.0000000E+00   0.0000000E+00   0.0000000E+00   0.0000000E+00
   1.5220672E-03   5.6670119E+06   5.6670119E+06   7.4917699E+05   4.8829347E+03   1.6041436E+05   5.6568801E+06   5.6670119E+06   0.0000000E+00   0.0000000E+00   0.0000000E+00   0.0000000E+00   0.0000000E+00
   1.6356253E-03   5.6499946E+06   5.6499946E+06   6.4465542E+05   4.2778366E+03   1.5675967E+05   5.6389824E+06   5.6499946E+06   0.0000000E+00   0.0000000E+00   0.0000000E+00   0.0000000E+00   0.0000000E+00
   1.7576558E-03   5.6312543E+06   5.6312543E+06   5.8292297E+05   3.7596057E+03   1.5113408E+05   5.6193725E+06   5.6312543E+06   0.0000000E+00   0.0000000E+00   0.0000000E+00   0.0000000E+00   0.0000000E+00
   1.8887907E-03   5.6106631E+06   5.6106631E+06   5.4638684E+05   3.3250659E+03   1.4347087E+05   5.5979386E+06   5.6106631E+06   0.0000000E+00   0.0000000E+00   0.0000000E+00   0.0000000E+00   0.0000000E+00
   2.0297092E-03   5.5880852E+06   5.5880852E+06   5.1521780E+05   2.9622111E+03   1.3425583E+05   5.5745594E+06   5.5880852E+06   0.0000000E+00   0.0000000E+00   0.0000000E+00   0.0000000E+00   0.0000000E+00
   2.1811414E-03   5.5633786E+06   5.5633786E+06   4.7301898E+05   2.6527633E+03   1.2457734E+05   5.5491041E+06   5.5633786E+06   0.0000000E+00   0.0000000E+00   0.0000000E+00   0.0000000E+00   0.0000000E+00
   2.3438716E-03   5.5363988E+06   5.5363988E+06   4.1283503E+05   2.3772103E+03   1.1588991E+05   5.5214337E+06   5.5363988E+06   0.0000000E+00   0.0000000E+00   0.0000000E+00   0.0000000E+00   0.0000000E+00
   2.5187428E-03   5.5070032E+06   5.5070032E+06   3.4046440E+05   2.1210353E+03   1.0942681E+05   5.4914046E+06   5.5070032E+06   0.0000000E+00   0.0000000E+00   0.0000000E+00   0.0000000E+00   0.0000000E+00
   2.7066607E-03   5.4750549E+06   5.4750549E+06   2.7179220E+05   1.8794333E+03   1.0542964E+05   5.4588726E+06   5.4750549E+06   0.0000000E+00   0.0000000E+00   0.0000000E+00   0.0000000E+00   0.0000000E+00
   2.9085988E-03   5.4404225E+06   5.4404225E+06   2.2320604E+05   1.6573405E+03   1.0269123E+05   5.4236948E+06   5.4404225E+06   0.0000000E+00   0.0000000E+00   0.0000000E+00   0.0000000E+00   0.0000000E+00
   3.1256031E-03   5.4029757E+06   5.4029757E+06   1.9942390E+05   1.4633920E+03   9.9054272E+04   5.3857283E+06   5.4029757E+06   0.0000000E+00   0.0000000E+00   0.0000000E+00   0.0000000E+00   0.0000000E+00
   3.3587975E-03   5.3625768E+06   5.3625768E+06   1.8827727E+05   1.3007554E+03   9.3022872E+04   5.3448266E+06   5.3625768E+06   0.0000000E+00   0.0000000E+00   0.0000000E+00   0.0000000E+00   0.0000000E+00
   3.6093901E-03   5.3190769E+06   5.3190769E+06   1.7045600E+05   1.1620738E+03   8.5403095E+04   5.3008380E+06   5.3190769E+06   0.0000000E+00   0.0000000E+00   0.0000000E+00   0.0000000E+00   0.0000000E+00
   3.8786789E-03   5.2723191E+06   5.2723191E+06   1.3911354E+05   1.0346371E+03   7.8912625E+04   5.2536100E+06   5.2723191E+06   0.0000000E+00   0.0000000E+00   0.0000000E+00   0.0000000E+00   0.0000000E+00
   4.1680587E-03   5.2221507E+06   5.2221507E+06   1.0814856E+05   9.1233582E+02   7.5078265E+04   5.2029987E+06   5.2221507E+06   0.0000000E+00   0.0000000E+00   0.0000000E+00   0.0000000E+00   0.0000000E+00
   4.4790285E-03   5.1684304E+06   5.1684304E+06   9.3378038E+04   8.0052524E+02   7.1776301E+04   5.1488727E+06   5.1684304E+06   0.0000000E+00   0.0000000E+00   0.0000000E+00   0.0000000E+00   0.0000000E+00
   4.8131991E-03   5.1110230E+06   5.1110230E+06   8.7819401E+04   7.0540806E+02   6.6132272E+04   5.0911056E+06   5.1110230E+06   0.0000000E+00   0.0000000E+00   0.0000000E+00   0.0000000E+00   0.0000000E+00
   5.1723014E-03   5.0497888E+06   5.0497888E+06   7.3348279E+04   6.2247295E+02   5.9837172E+04   5.0295650E+06   5.0497888E+06   0.0000000E+00   0.0000000E+00   0.0000000E+00   0.0000000E+00   0.0000000E+00
   5.5581956E-03   4.9845889E+06   4.9845889E+06   5.5299761E+04   5.4446916E+02   5.6422672E+04   4.9641152E+06   4.9845889E+06   0.0000000E+00   0.0000000E+00   0.0000000E+00   0.0000000E+00   0.0000000E+00
   5.9728805E-03   4.9152950E+06   4.9152950E+06   4.9735044E+04   4.7465622E+02   5.3434206E+04   4.8946229E+06   4.9152950E+06   0.0000000E+00   0.0000000E+00   0.0000000E+00   0.0000000E+00   0.0000000E+00
   6.4185041E-03   4.8417807E+06   4.8417807E+06   4.4981559E+04   4.1634808E+02   4.7926523E+04   4.8209503E+06   4.8417807E+06   0.0000000E+00   0.0000000E+00   0.0000000E+00   0.0000000E+00   0.0000000E+00
   6.8973748E-03   4.7639128E+06   4.7639128E+06   3.3587417E+04   3.6303296E+02   4.4212329E+04   4.7429628E+06   4.7639128E+06   0.0000000E+00   0.0000000E+00   0.0000000E+00   0.0000000E+00   0.0000000E+00
   7.4119729E-03   4.6815637E+06   4.6815637E+06   3.1206303E+04   3.1439301E+02   4.1305769E+04   4.6605523E+06   4.6815637E+06   0.0000000E+00   0.0000000E+00   0.0000000E+00   0.0000000E+00   0.0000000E+00
   7.9649641E-03   4.5946129E+06   4.5946129E+06   2.6656518E+04   2.7316393E+02   3.6579712E+04   4.5736139E+06   4.5946129E+06   0.0000000E+00   0.0000000E+00   0.0000000E+00   0.0000000E+00   0.0000000E+00
   8.5592128E-03   4.5029410E+06   4.5029410E+06   2.1450279E+04   2.3599615E+02   3.4318906E+04   4.4820104E+06   4.5029410E+06   0.0000000E+00   0.0000000E+00   0.0000000E+00   0.0000000E+00   0.0000000E+00
   9.1977971E-03   4.4064310E+06   4.4064310E+06   2.0095654E+04   2.0426893E+02   3.0166965E+04   4.3856100E+06   4.4064310E+06   0.0000000E+00   0.0000000E+00   0.0000000E+00   0.0000000E+00   0.0000000E+00
   9.8840248E-03   4.3049615E+06   4.3049615E+06   1.5381575E+04   1.7532151E+02   2.7898065E+04   4.2843126E+06   4.3049615E+06   0.0000000E+00   0.0000000E+00   0.0000000E+00   0.0000000E+00   0.0000000E+00
   1.0621450E-02   4.1984203E+06   4.1984203E+06   1.4111670E+04   1.5084096E+02   2.4423949E+04   4.1780074E+06   4.1984203E+06   0.0000000E+00   0.0000000E+00   0.0000000E+00   0.0000000E+00   0.0000000E+00
   1.1413894E-02   4.0866986E+06   4.0866986E+06   1.1273417E+04   1.2889722E+02   2.2626773E+04   4.0665708E+06   4.0866986E+06   0.0000000E+00   0.0000000E+00   0.0000000E+00   0.0000000E+00   0.0000000E+00
   1.2265460E-02   3.9696978E+06   3.9696978E+06   9.1228559E+03   1.1011510E+02   1.9715856E+04   3.9499160E+06   3.9696978E+06   0.0000000E+00   0.0000000E+00   0.0000000E+00   0.0000000E+00   0.0000000E+00
   1.3180559E-02   3.8473346E+06   3.8473346E+06   8.4716668E+03   9.3636994E+01   1.7776495E+04   3.8279559E+06   3.8473346E+06   0.0000000E+00   0.0000000E+00   0.0000000E+00   0.0000000E+00   0.0000000E+00
   1.4163932E-02   3.7195505E+06   3.7195505E+06   6.6831829E+03   7.9341511E+01   1.6110863E+04   3.7006262E+06   3.7195505E+06   0.0000000E+00   0.0000000E+00   0.0000000E+00   0.0000000E+00   0.0000000E+00
   1.5220672E-02   3.5863235E+06   3.5863235E+06   5.2839299E+03   6.7058366E+01   1.4093818E+04   3.5679120E+06   3.5863235E+06   0.0000000E+00   0.0000000E+00   0.0000000E+00   0.0000000E+00   0.0000000E+00
   1.6356253E-02   3.4476875E+06   3.4476875E+06   4.5222876E+03   5.6523816E+01   1.2233817E+04   3.4298388E+06   3.4476875E+06   0.0000000E+00   0.0000000E+00   0.0000000E+00   0.0000000E+00   0.0000000E+00
   1.7576558E-02   3.3037524E+06   3.3037524E+06   3.8825860E+03   4.7386526E+01   1.0756903E+04   3.2865194E+06   3.3037524E+06   0.0000000E+00   0.0000000E+00   0.0000000E+00   0.0000000E+00   0.0000000E+00
   1.8887906E-02   3.1547347E+06   3.1547347E+06   3.2521299E+03   3.9575191E+01   9.4565090E+03   3.1381636E+06   3.1547347E+06   0.0000000E+00   0.0000000E+00   0.0000000E+00   0.0000000E+00   0.0000000E+00
   2.0297092E-02   3.0009913E+06   3.0009913E+06   2.6637781E+03   3.2919760E+01   8.2730498E+03   2.9851291E+06   3.0009913E+06   0.0000000E+00   0.0000000E+00   0.0000000E+00   0.0000000E+00   0.0000000E+00
   2.1811410E-02   2.8430610E+06   2.8430610E+06   2.1313922E+03   2.7244290E+01   7.2182372E+03   2.8279471E+06   2.8430610E+06   0.0000000E+00   0.0000000E+00   0.0000000E+00   0.0000000E+00   0.0000000E+00
   2.3438689E-02   2.6817099E+06   2.6817099E+06   1.6986010E+03   2.2444930E+01   6.3181386E+03   2.6673797E+06   2.6817099E+06   0.0000000E+00   0.0000000E+00   0.0000000E+00   0.0000000E+00   0.0000000E+00
   2.5187287E-02   2.5179814E+06   2.5179814E+06   1.4141166E+03   1.8395793E+01   5.5143217E+03   2.5044631E+06   2.5179814E+06   0.0000000E+00   0.0000000E+00   0.0000000E+00   0.0000000E+00   0.0000000E+00
   2.7065983E-02   2.3532487E+06   2.3532487E+06   1.1946632E+03   1.5006989E+01   4.7135658E+03   2.3405615E+06   2.3532487E+06   0.0000000E+00   0.0000000E+00   0.0000000E+00   0.0000000E+00   0.0000000E+00
   2.9083571E-02   2.1892717E+06   2.1892717E+06   8.9907331E+02   1.2179226E+01   4.0428830E+03   2.1774235E+06   2.1892717E+06   0.0000000E+00   0.0000000E+00   0.0000000E+00   0.0000000E+00   0.0000000E+00
   3.1247779E-02   2.0282562E+06   2.0282562E+06   7.7886246E+02   9.8409943E+00   3.4702657E+03   2.0172417E+06   2.0282562E+06   0.0000000E+00   0.0000000E+00   0.0000000E+00   0.0000000E+00   0.0000000E+00
   3.3562949E-02   1.8728972E+06   1.8728972E+06   5.9166335E+02   7.9229688E+00   3.0203635E+03   1.8626953E+06   1.8728972E+06   0.0000000E+00   0.0000000E+00   0.0000000E+00   0.0000000E+00   0.0000000E+00
   3.6026099E-02   1.7263385E+06   1.7263385E+06   4.5363368E+02   6.3742493E+00   2.5588986E+03   1.7169093E+06   1.7263385E+06   0.0000000E+00   0.0000000E+00   0.0000000E+00   0.0000000E+00   0.0000000E+00
   3.8622130E-02   1.5919176E+06   1.5919176E+06   3.6510569E+02   5.1370568E+00   2.1827722E+03   1.5832016E+06   1.5919176E+06   0.0000000E+00   0.0000000E+00   0.0000000E+00   0.0000000E+00   0.0000000E+00
   4.1321199E-02   1.4725801E+06   1.4725801E+06   2.9557492E+02   4.1640799E+00   1.8895527E+03   1.4645006E+06   1.4725801E+06   0.0000000E+00   0.0000000E+00   0.0000000E+00   0.0000000E+00   0.0000000E+00
   4.4082498E-02   1.3700805E+06   1.3700805E+06   2.4020120E+02   3.4091808E+00   1.6610851E+03   1.3625498E+06   1.3700805E+06   0.0000000E+00   0.0000000E+00   0.0000000E+00   0.0000000E+00   0.0000000E+00
   4.6864826E-02   1.2844273E+06   1.2844273E+06   1.9831250E+02   2.8280260E+00   1.4832990E+03   1.2773565E+06   1.2844273E+06   0.0000000E+00   0.0000000E+00   0.0000000E+00   0.0000000E+00   0.0000000E+00
   4.9637594E-02   1.2139857E+06   1.2139857E+06   1.6725766E+02   2.3804133E+00   1.3417628E+03   1.2072939E+06   1.2139857E+06   0.0000000E+00   0.0000000E+00   0.0000000E+00   0.0000000E+00   0.0000000E+00
   5.2385309E-02   1.1561175E+06   1.1561175E+06   1.4362286E+02   2.0321864E+00   1.2259752E+03   1.1497375E+06   1.1561175E+06   0.0000000E+00   0.0000000E+00   0.0000000E+00   0.0000000E+00   0.0000000E+00
   5.5105330E-02   1.1078833E+06   1.1078833E+06   1.2491203E+02   1.7563607E+00   1.1306355E+03   1.1017636E+06   1.1078833E+06   0.0000000E+00   0.0000000E+00   0.0000000E+00   0.0000000E+00   0.0000000E+00
   5.7803068E-02   1.0665035E+06   1.0665035E+06   1.0958904E+02   1.5333359E+00   1.0506511E+03   1.0606073E+06   1.0665035E+06   0.0000000E+00   0.0000000E+00   0.0000000E+00   0.0000000E+00   0.0000000E+00
   6.0487838E-02   1.0295647E+06   1.0295647E+06   9.6692109E+01   1.3490641E+00   9.8194176E+02   1.0238685E+06   1.0295647E+06   0.0000000E+00   0.0000000E+00   0.0000000E+00   0.0000000E+00   0.0000000E+00
   6.3170261E-02   9.9507699E+05   9.9507699E+05   8.5617695E+01   1.1936288E+00   9.2128395E+02   9.8956801E+05   9.9507699E+05   0.0000000E+00   0.0000000E+00   0.0000000E+00   0.0000000E+00   0.0000000E+00
   6.5860922E-02   9.6146885E+05   9.6146885E+05   7.6009612E+01   1.0600587E+00   8.6573938E+02   9.5614280E+05   9.6146885E+05   0.0000000E+00   0.0000000E+00   0.0000000E+00   0.0000000E+00   0.0000000E+00
   6.8569788E-02   9.2756619E+05   9.2756619E+05   6.7656451E+01   9.4323986E-01   8.1477446E+02   9.2242523E+05   9.2756619E+05   0.0000000E+00   0.0000000E+00   0.0000000E+00   0.0000000E+00   0.0000000E+00
   7.1306034E-02   8.9257233E+05   8.9257233E+05   6.0413653E+01   8.3975559E-01   7.6613719E+02   8.8762293E+05   8.9257233E+05   0.0000000E+00   0.0000000E+00   0.0000000E+00   0.0000000E+00   0.0000000E+00
   7.4078053E-02   8.5605079E+05   8.5605079E+05   5.4047134E+01   7.4708188E-01   7.1969510E+02   8.5130182E+05   8.5605079E+05   0.0000000E+00   0.0000000E+00   0.0000000E+00   0.0000000E+00   0.0000000E+00
   7.6893541E-02   8.1790769E+05   8.1790769E+05   4.8115419E+01   6.6372598E-01   6.7345573E+02   8.1336850E+05   8.1790769E+05   0.0000000E+00   0.0000000E+00   0.0000000E+00   0.0000000E+00   0.0000000E+00
   7.9759609E-02   7.7836812E+05   7.7836812E+05   4.2294755E+01   5.8856451E-01   6.2928066E+02   7.7404678E+05   7.7836812E+05   0.0000000E+00   0.0000000E+00   0.0000000E+00   0.0000000E+00   0.0000000E+00
   8.2682893E-02   7.3794132E+05   7.3794132E+05   3.7154852E+01   5.2085503E-01   5.8932980E+02   7.3384302E+05   7.3794132E+05   0.0000000E+00   0.0000000E+00   0.0000000E+00   0.0000000E+00   0.0000000E+00
   8.5669647E-02   6.9737028E+05   6.9737028E+05   3.3927652E+01   4.6004962E-01   5.5160994E+02   6.9349606E+05   6.9737028E+05   0.0000000E+00   0.0000000E+00   0.0000000E+00   0.0000000E+00   0.0000000E+00
   8.8725828E-02   6.5756322E+05   6.5756322E+05   3.1439031E+01   4.0586836E-01   5.0782049E+02   6.5390909E+05   6.5756322E+05   0.0000000E+00   0.0000000E+00   0.0000000E+00   0.0000000E+00   0.0000000E+00
   9.1857169E-02   6.1950692E+05   6.1950692E+05   2.6236147E+01   3.5803242E-01   4.6493027E+02   6.1606333E+05   6.1950692E+05   0.0000000E+00   0.0000000E+00   0.0000000E+00   0.0000000E+00   0.0000000E+00
   9.5069234E-02   5.8416462E+05   5.8416462E+05   2.2477770E+01   3.1603836E-01   4.4042478E+02   5.8091665E+05   5.8416462E+05   0.0000000E+00   0.0000000E+00   0.0000000E+00   0.0000000E+00   0.0000000E+00
   9.8367469E-02   5.5236511E+05   5.5236511E+05   2.1383965E+01   2.7972320E-01   4.0600008E+02   5.4929323E+05   5.5236511E+05   0.0000000E+00   0.0000000E+00   0.0000000E+00   0.0000000E+00   0.0000000E+00
   1.0175723E-01   5.2469305E+05   5.2469305E+05   1.7365927E+01   2.4850381E-01   3.8426095E+02   5.2177440E+05   5.2469305E+05   0.0000000E+00   0.0000000E+00   0.0000000E+00   0.0000000E+00   0.0000000E+00
   1.0524385E-01   5.0139388E+05   5.0139388E+05   1.6811922E+01   2.2191527E-01   3.5850841E+02   4.9860427E+05   5.0139388E+05   0.0000000E+00   0.0000000E+00   0.0000000E+00   0.0000000E+00   0.0000000E+00
   1.0883259E-01   4.8230897E+05   4.8230897E+05   1.4693861E+01   1.9925543E-01   3.4720374E+02   4.7962501E+05   4.8230897E+05   0.0000000E+00   0.0000000E+00   0.0000000E+00   0.0000000E+00   0.0000000E+00
   1.1252876E-01   4.6685646E+05   4.6685646E+05   1.2585978E+01   1.7993327E-01   3.2878457E+02   4.6425802E+05   4.6685646E+05   0.0000000E+00   0.0000000E+00   0.0000000E+00   0.0000000E+00   0.0000000E+00
   1.1633766E-01   4.5407079E+05   4.5407079E+05   1.1923741E+01   1.6318641E-01   3.1413306E+02   4.5154308E+05   4.5407079E+05   0.0000000E+00   0.0000000E+00   0.0000000E+00   0.0000000E+00   0.0000000E+00
   1.2026460E-01   4.4270714E+05   4.4270714E+05   1.1168802E+01   1.4838266E-01   3.0384985E+02   4.4024229E+05   4.4270714E+05   0.0000000E+00   0.0000000E+00   0.0000000E+00   0.0000000E+00   0.0000000E+00
   1.2431496E-01   4.3140704E+05   4.3140704E+05   1.0192327E+01   1.3494338E-01   2.9409883E+02   4.2900474E+05   4.3140704E+05   0.0000000E+00   0.0000000E+00   0.0000000E+00   0.0000000E+00   0.0000000E+00
   1.2849415E-01   4.1890810E+05   4.1890810E+05   9.2408255E+00   1.2241674E-01   2.8369349E+02   4.1657508E+05   4.1890810E+05   0.0000000E+00   0.0000000E+00   0.0000000E+00   0.0000000E+00   0.0000000E+00
   1.3280763E-01   4.0426728E+05   4.0426728E+05   8.2821155E+00   1.1053375E-01   2.7103277E+02   4.0201550E+05   4.0426728E+05   0.0000000E+00   0.0000000E+00   0.0000000E+00   0.0000000E+00   0.0000000E+00
   1.3726092E-01   3.8705459E+05   3.8705459E+05   7.1174851E+00   9.9169399E-02   2.5788257E+02   3.8489841E+05   3.8705459E+05   0.0000000E+00   0.0000000E+00   0.0000000E+00   0.0000000E+00   0.0000000E+00
   1.4185962E-01   3.6746971E+05   3.6746971E+05   6.6149673E+00   8.8347336E-02   2.4531778E+02   3.6542238E+05   3.6746971E+05   0.0000000E+00   0.0000000E+00   0.0000000E+00   0.0000000E+00   0.0000000E+00
   1.4660939E-01   3.4633864E+05   3.4633864E+05   5.7540364E+00   7.8231167E-02   2.2663227E+02   3.4440884E+05   3.4633864E+05   0.0000000E+00   0.0000000E+00   0.0000000E+00   0.0000000E+00   0.0000000E+00
   1.5151595E-01   3.2496696E+05   3.2496696E+05   5.2160144E+00   6.8984567E-02   2.1335442E+02   3.2315605E+05   3.2496696E+05   0.0000000E+00   0.0000000E+00   0.0000000E+00   0.0000000E+00   0.0000000E+00
   1.5658512E-01   3.0485807E+05   3.0485807E+05   4.3400779E+00   6.0796131E-02   1.9886091E+02   3.0315905E+05   3.0485807E+05   0.0000000E+00   0.0000000E+00   0.0000000E+00   0.0000000E+00   0.0000000E+00
   1.6182281E-01   2.8734570E+05   2.8734570E+05   3.8027005E+00   5.3762582E-02   1.8552537E+02   2.8574413E+05   2.8734570E+05   0.0000000E+00   0.0000000E+00   0.0000000E+00   0.0000000E+00   0.0000000E+00
   1.6723500E-01   2.7322825E+05   2.7322825E+05   3.3891950E+00   4.7867927E-02   1.7542686E+02   2.7170524E+05   2.7322825E+05   0.0000000E+00   0.0000000E+00   0.0000000E+00   0.0000000E+00   0.0000000E+00
   1.7282781E-01   2.6251434E+05   2.6251434E+05   3.0820041E+00   4.2981068E-02   1.6816126E+02   2.6105092E+05   2.6251434E+05   0.0000000E+00   0.0000000E+00   0.0000000E+00   0.0000000E+00   0.0000000E+00
   1.7860745E-01   2.5437959E+05   2.5437959E+05   2.8667154E+00   3.8871409E-02   1.6208694E+02   2.5296141E+05   2.5437959E+05   0.0000000E+00   0.0000000E+00   0.0000000E+00   0.0000000E+00   0.0000000E+00
   1.8458030E-01   2.4738553E+05   2.4738553E+05   2.6587869E+00   3.5277475E-02   1.5646216E+02   2.4600625E+05   2.4738553E+05   0.0000000E+00   0.0000000E+00   0.0000000E+00   0.0000000E+00   0.0000000E+00
   1.9075286E-01   2.3992753E+05   2.3992753E+05   2.3008113E+00   3.1955819E-02   1.5126259E+02   2.3858974E+05   2.3992753E+05   0.0000000E+00   0.0000000E+00   0.0000000E+00   0.0000000E+00   0.0000000E+00
   1.9713184E-01   2.3078305E+05   2.3078305E+05   2.1551034E+00   2.8763295E-02   1.4432824E+02   2.2949617E+05   2.3078305E+05   0.0000000E+00   0.0000000E+00   0.0000000E+00   0.0000000E+00   0.0000000E+00
   2.0372414E-01   2.1956271E+05   2.1956271E+05   1.9432348E+00   2.5655527E-02   1.3714506E+02   2.1833831E+05   2.1956271E+05   0.0000000E+00   0.0000000E+00   0.0000000E+00   0.0000000E+00   0.0000000E+00
   2.1053690E-01   2.0686541E+05   2.0686541E+05   1.7119733E+00   2.2695637E-02   1.2869048E+02   2.0571175E+05   2.0686541E+05   0.0000000E+00   0.0000000E+00   0.0000000E+00   0.0000000E+00   0.0000000E+00
   2.1757756E-01   1.9403075E+05   1.9403075E+05   1.4717058E+00   1.9994370E-02   1.2002308E+02   1.9294862E+05   1.9403075E+05   0.0000000E+00   0.0000000E+00   0.0000000E+00   0.0000000E+00   0.0000000E+00
   2.2485387E-01   1.8254926E+05   1.8254926E+05   1.2789025E+00   1.7649277E-02   1.1300024E+02   1.8153111E+05   1.8254926E+05   0.0000000E+00   0.0000000E+00   0.0000000E+00   0.0000000E+00   0.0000000E+00
   2.3237395E-01   1.7337115E+05   1.7337115E+05   1.1640903E+00   1.5695790E-02   1.0684242E+02   1.7240415E+05   1.7337115E+05   0.0000000E+00   0.0000000E+00   0.0000000E+00   0.0000000E+00   0.0000000E+00
   2.4014638E-01   1.6644984E+05   1.6644984E+05   1.0233076E+00   1.4083416E-02   1.0240676E+02   1.6552140E+05   1.6644984E+05   0.0000000E+00   0.0000000E+00   0.0000000E+00   0.0000000E+00   0.0000000E+00
   2.4818022E-01   1.6078541E+05   1.6078541E+05   9.1865512E-01   1.2704453E-02   9.8512036E+01   1.5988853E+05   1.6078541E+05   0.0000000E+00   0.0000000E+00   0.0000000E+00   0.0000000E+00   0.0000000E+00
   2.5648515E-01   1.5499029E+05   1.5499029E+05   8.3434775E-01   1.1446015E-02   9.4811860E+01   1.5412570E+05   1.5499029E+05   0.0000000E+00   0.0000000E+00   0.0000000E+00   0.0000000E+00   0.0000000E+00
   2.6507151E-01   1.4808874E+05   1.4808874E+05   7.6619137E-01   1.0239471E-02   9.0306910E+01   1.4726262E+05   1.4808874E+05   0.0000000E+00   0.0000000E+00   0.0000000E+00   0.0000000E+00   0.0000000E+00
   2.7395043E-01   1.4007361E+05   1.4007361E+05   6.6166589E-01   9.0823659E-03   8.5169819E+01   1.3929217E+05   1.4007361E+05   0.0000000E+00   0.0000000E+00   0.0000000E+00   0.0000000E+00   0.0000000E+00
   2.8313392E-01   1.3184232E+05   1.3184232E+05   5.9210466E-01   8.0198707E-03   7.9949976E+01   1.3110678E+05   1.3184232E+05   0.0000000E+00   0.0000000E+00   0.0000000E+00   0.0000000E+00   0.0000000E+00
   2.9263508E-01   1.2452204E+05   1.2452204E+05   5.2702356E-01   7.0984417E-03   7.5378545E+01   1.2382731E+05   1.2452204E+05   0.0000000E+00   0.0000000E+00   0.0000000E+00   0.0000000E+00   0.0000000E+00
   3.0246816E-01   1.1864367E+05   1.1864367E+05   4.6702280E-01   6.3267177E-03   7.1639540E+01   1.1798173E+05   1.1864367E+05   0.0000000E+00   0.0000000E+00   0.0000000E+00   0.0000000E+00   0.0000000E+00
   3.1264883E-01   1.1378876E+05   1.1378876E+05   4.1605122E-01   5.6697832E-03   6.8694075E+01   1.1315388E+05   1.1378876E+05   0.0000000E+00   0.0000000E+00   0.0000000E+00   0.0000000E+00   0.0000000E+00
   3.2319437E-01   1.0900486E+05   1.0900486E+05   3.7135922E-01   5.0777153E-03   6.5608617E+01   1.0839667E+05   1.0900486E+05   0.0000000E+00   0.0000000E+00   0.0000000E+00   0.0000000E+00   0.0000000E+00
   3.3412391E-01   1.0364984E+05   1.0364984E+05   3.3178840E-01   4.5188862E-03   6.2283242E+01   1.0307151E+05   1.0364984E+05   0.0000000E+00   0.0000000E+00   0.0000000E+00   0.0000000E+00   0.0000000E+00
   3.4545874E-01   9.7912037E+04   9.7912037E+04   2.9311348E-01   3.9981519E-03   5.8770456E+01   9.7365707E+04   9.7912037E+04   0.0000000E+00   0.0000000E+00   0.0000000E+00   0.0000000E+00   0.0000000E+00
   3.5722270E-01   9.2516113E+04   9.2516113E+04   2.6004225E-01   3.5357638E-03   5.5433849E+01   9.1999880E+04   9.2516113E+04   0.0000000E+00   0.0000000E+00   0.0000000E+00   0.0000000E+00   0.0000000E+00
   3.6944258E-01   8.7920042E+04   8.7920042E+04   2.3085771E-01   3.1404433E-03   5.2604847E+01   8.7429444E+04   8.7920042E+04   0.0000000E+00   0.0000000E+00   0.0000000E+00   0.0000000E+00   0.0000000E+00
   3.8214864E-01   8.3864382E+04   8.3864382E+04   2.0557337E-01   2.7973311E-03   5.0125664E+01   8.3396405E+04   8.3864382E+04   0.0000000E+00   0.0000000E+00   0.0000000E+00   0.0000000E+00   0.0000000E+00
   3.9537530E-01   7.9765448E+04   7.9765448E+04   1.8327824E-01   2.4848745E-03   4.7629793E+01   7.9320338E+04   7.9765448E+04   0.0000000E+00   0.0000000E+00   0.0000000E+00   0.0000000E+00   0.0000000E+00
   4.0916184E-01   7.5447036E+04   7.5447036E+04   1.6163844E-01   2.1959087E-03   4.4965585E+01   7.5026016E+04   7.5447036E+04   0.0000000E+00   0.0000000E+00   0.0000000E+00   0.0000000E+00   0.0000000E+00
   4.2355346E-01   7.1271407E+04   7.1271407E+04   1.4276340E-01   1.9368399E-03   4.2458440E+01   7.0873683E+04   7.1271407E+04   0.0000000E+00   0.0000000E+00   0.0000000E+00   0.0000000E+00   0.0000000E+00
   4.3860241E-01   6.7537327E+04   6.7537327E+04   1.2599492E-01   1.7108123E-03   4.0199874E+01   6.7160435E+04   6.7537327E+04   0.0000000E+00   0.0000000E+00   0.0000000E+00   0.0000000E+00   0.0000000E+00
   4.5436955E-01   6.4059619E+04   6.4059619E+04   1.1116244E-01   1.5115329E-03   3.8079973E+01   6.3702129E+04   6.4059619E+04   0.0000000E+00   0.0000000E+00   0.0000000E+00   0.0000000E+00   0.0000000E+00
   4.7092624E-01   6.0545856E+04   6.0545856E+04   9.7744292E-02   1.3301991E-03   3.5964435E+01   6.0207971E+04   6.0545856E+04   0.0000000E+00   0.0000000E+00   0.0000000E+00   0.0000000E+00   0.0000000E+00
   4.8835675E-01   5.7074961E+04   5.7074961E+04   8.5801758E-02   1.1663327E-03   3.3871926E+01   5.6756442E+04   5.7074961E+04   0.0000000E+00   0.0000000E+00   0.0000000E+00   0.0000000E+00   0.0000000E+00
   5.0676145E-01   5.3846835E+04   5.3846835E+04   7.5152803E-02   1.0219257E-03   3.1923743E+01   5.3546327E+04   5.3846835E+04   0.0000000E+00   0.0000000E+00   0.0000000E+00   0.0000000E+00   0.0000000E+00
   5.2626073E-01   5.0769706E+04   5.0769706E+04   6.5782606E-02   8.9331392E-04   3.0069614E+01   5.0486368E+04   5.0769706E+04   0.0000000E+00   0.0000000E+00   0.0000000E+00   0.0000000E+00   0.0000000E+00
   5.4700022E-01   4.7713273E+04   4.7713273E+04   5.7194006E-02   7.7706789E-04   2.8257420E+01   4.7446990E+04   4.7713273E+04   0.0000000E+00   0.0000000E+00   0.0000000E+00   0.0000000E+00   0.0000000E+00
   5.6915741E-01   4.4769529E+04   4.4769529E+04   4.9541838E-02   6.7354915E-04   2.6481891E+01   4.4519672E+04   4.4769529E+04   0.0000000E+00   0.0000000E+00   0.0000000E+00   0.0000000E+00   0.0000000E+00
   5.9295022E-01   4.1949632E+04   4.1949632E+04   4.2787417E-02   5.8142817E-04   2.4795196E+01   4.1715511E+04   4.1949632E+04   0.0000000E+00   0.0000000E+00   0.0000000E+00   0.0000000E+00   0.0000000E+00
   6.1864769E-01   3.9174894E+04   3.9174894E+04   3.6694185E-02   4.9879924E-04   2.3156815E+01   3.8956257E+04   3.9174894E+04   0.0000000E+00   0.0000000E+00   0.0000000E+00   0.0000000E+00   0.0000000E+00
   6.4658307E-01   3.6484789E+04   3.6484789E+04   3.1294594E-02   4.2528895E-04   2.1539755E+01   3.6281163E+04   3.6484789E+04   0.0000000E+00   0.0000000E+00   0.0000000E+00   0.0000000E+00   0.0000000E+00
   6.7716860E-01   3.3859517E+04   3.3859517E+04   2.6473594E-02   3.5984050E-04   1.9976493E+01   3.3670541E+04   3.3859517E+04   0.0000000E+00   0.0000000E+00   0.0000000E+00   0.0000000E+00   0.0000000E+00
   7.1090981E-01   3.1289613E+04   3.1289613E+04   2.2200080E-02   3.0173207E-04   1.8452605E+01   3.1114979E+04   3.1289613E+04   0.0000000E+00   0.0000000E+00   0.0000000E+00   0.0000000E+00   0.0000000E+00
   7.4841388E-01   2.8778592E+04   2.8778592E+04   1.8422568E-02   2.5041105E-04   1.6961474E+01   2.8617971E+04   2.8778592E+04   0.0000000E+00   0.0000000E+00   0.0000000E+00   0.0000000E+00   0.0000000E+00
   7.9038108E-01   2.6325061E+04   2.6325061E+04   1.5109634E-02   2.0538373E-04   1.5503607E+01   2.6178133E+04   2.6325061E+04   0.0000000E+00   0.0000000E+00   0.0000000E+00   0.0000000E+00   0.0000000E+00
   8.3756313E-01   2.3937680E+04   2.3937680E+04   1.2235132E-02   1.6630720E-04   1.4091550E+01   2.3804076E+04   2.3937680E+04   0.0000000E+00   0.0000000E+00   0.0000000E+00   0.0000000E+00   0.0000000E+00
   8.9067435E-01   2.1634250E+04   2.1634250E+04   9.7782072E-03   1.3291422E-04   1.2733240E+01   2.1513501E+04   2.1634250E+04   0.0000000E+00   0.0000000E+00   0.0000000E+00   0.0000000E+00   0.0000000E+00
   9.5026698E-01   1.9439130E+04   1.9439130E+04   7.7185398E-03   1.0491668E-04   1.1436939E+01   1.9330632E+04   1.9439130E+04   0.0000000E+00   0.0000000E+00   0.0000000E+00   0.0000000E+00   0.0000000E+00
   1.0166315E+00   1.7380383E+04   1.7380383E+04   6.0294566E-03   8.1959534E-05   1.0218402E+01   1.7283375E+04   1.7380383E+04   0.0000000E+00   0.0000000E+00   0.0000000E+00   0.0000000E+00   0.0000000E+00
   1.0898070E+00   1.5481246E+04   1.5481246E+04   4.6735713E-03   6.3529792E-05   9.1015325E+00   1.5394838E+04   1.5481246E+04   0.0000000E+00   0.0000000E+00   0.0000000E+00   0.0000000E+00   0.0000000E+00
   1.1697170E+00   1.3754447E+04   1.3754447E+04   3.6042929E-03   4.8996343E-05   8.0820741E+00   1.3677677E+04   1.3754447E+04   0.0000000E+00   0.0000000E+00   0.0000000E+00   0.0000000E+00   0.0000000E+00
   1.2563399E+00   1.2201029E+04   1.2201029E+04   2.7715158E-03   3.7676767E-05   7.1662999E+00   1.2132929E+04   1.2201029E+04   0.0000000E+00   0.0000000E+00   0.0000000E+00   0.0000000E+00   0.0000000E+00
   1.3498078E+00   1.0812463E+04   1.0812463E+04   2.1277105E-03   2.8924672E-05   6.3502953E+00   1.0752113E+04   1.0812463E+04   0.0000000E+00   0.0000000E+00   0.0000000E+00   0.0000000E+00   0.0000000E+00
   1.4504184E+00   9.5756622E+03   9.5756622E+03   1.6320670E-03   2.2186266E-05   5.6230572E+00   9.5222152E+03   9.5756622E+03   0.0000000E+00   0.0000000E+00   0.0000000E+00   0.0000000E+00   0.0000000E+00
   1.5586007E+00   8.4762008E+03   8.4762008E+03   1.2523529E-03   1.7007738E-05   4.9756086E+00   8.4288903E+03   8.4762008E+03   0.0000000E+00   0.0000000E+00   0.0000000E+00   0.0000000E+00   0.0000000E+00
   1.6748762E+00   7.4996983E+03   7.4996983E+03   9.5875905E-04   1.3031050E-05   4.4034402E+00   7.4578381E+03   7.4996983E+03   0.0000000E+00   0.0000000E+00   0.0000000E+00   0.0000000E+00   0.0000000E+00
   1.7998331E+00   6.6330938E+03   6.6330938E+03   7.3420965E-04   9.9811604E-06   3.8930557E+00   6.5960706E+03   6.6330938E+03   0.0000000E+00   0.0000000E+00   0.0000000E+00   0.0000000E+00   0.0000000E+00
   1.9341143E+00   5.8643556E+03   5.8643556E+03   5.6208730E-04   7.6417400E-06   3.4414940E+00   5.8316231E+03   5.8643556E+03   0.0000000E+00   0.0000000E+00   0.0000000E+00   0.0000000E+00   0.0000000E+00
   2.0784143E+00   5.1828140E+03   5.1828140E+03   4.3016814E-04   5.8487266E-06   3.0409560E+00   5.1538855E+03   5.1828140E+03   0.0000000E+00   0.0000000E+00   0.0000000E+00   0.0000000E+00   0.0000000E+00
   2.2334803E+00   4.5788343E+03   4.5788343E+03   3.2909452E-04   4.4747247E-06   2.6862317E+00   4.5532770E+03   4.5788343E+03   0.0000000E+00   0.0000000E+00   0.0000000E+00   0.0000000E+00   0.0000000E+00
   2.4001154E+00   4.0438317E+03   4.0438317E+03   2.5168308E-04   3.4223520E-06   2.3724643E+00   4.0212605E+03   4.0438317E+03   0.0000000E+00   0.0000000E+00   0.0000000E+00   0.0000000E+00   0.0000000E+00
   2.5791828E+00   3.5701402E+03   3.5701402E+03   1.9241660E-04   2.6165703E-06   2.0947021E+00   3.5502130E+03   3.5701402E+03   0.0000000E+00   0.0000000E+00   0.0000000E+00   0.0000000E+00   0.0000000E+00
   2.7716100E+00   3.1509042E+03   3.1509042E+03   1.4705851E-04   1.9999858E-06   1.8482595E+00   3.1333170E+03   3.1509042E+03   0.0000000E+00   0.0000000E+00   0.0000000E+00   0.0000000E+00   0.0000000E+00
   2.9783939E+00   2.7800135E+03   2.7800135E+03   1.1234506E-04   1.5281729E-06   1.6303348E+00   2.7644965E+03   2.7800135E+03   0.0000000E+00   0.0000000E+00   0.0000000E+00   0.0000000E+00   0.0000000E+00
   3.2006054E+00   2.4520226E+03   2.4520226E+03   8.5839965E-05   1.1672939E-06   1.4382164E+00   2.4383363E+03   2.4520226E+03   0.0000000E+00   0.0000000E+00   0.0000000E+00   0.0000000E+00   0.0000000E+00
   3.4393956E+00   2.1620796E+03   2.1620796E+03   6.5532440E-05   8.9137852E-07   1.2683773E+00   2.1500116E+03   2.1620796E+03   0.0000000E+00   0.0000000E+00   0.0000000E+00   0.0000000E+00   0.0000000E+00
   3.6960014E+00   1.9058652E+03   1.9058652E+03   5.0021795E-05   6.8051602E-07   1.1177373E+00   1.8952273E+03   1.9058652E+03   0.0000000E+00   0.0000000E+00   0.0000000E+00   0.0000000E+00   0.0000000E+00
   3.9717520E+00   1.6795366E+03   1.6795366E+03   3.8172286E-05   5.1938871E-07   9.8496006E-01   1.6701620E+03   1.6795366E+03   0.0000000E+00   0.0000000E+00   0.0000000E+00   0.0000000E+00   0.0000000E+00
   4.2680758E+00   1.4796771E+03   1.4796771E+03   2.9121987E-05   3.9631542E-07   8.6765768E-01   1.4714181E+03   1.4796771E+03   0.0000000E+00   0.0000000E+00   0.0000000E+00   0.0000000E+00   0.0000000E+00
   4.5865077E+00   1.3032504E+03   1.3032504E+03   2.2218352E-05   3.0232936E-07   7.6424838E-01   1.2959761E+03   1.3032504E+03   0.0000000E+00   0.0000000E+00   0.0000000E+00   0.0000000E+00   0.0000000E+00
   4.9286971E+00   1.1475599E+03   1.1475599E+03   1.6938293E-05   2.3057970E-07   6.7279961E-01   1.1411546E+03   1.1475599E+03   0.0000000E+00   0.0000000E+00   0.0000000E+00   0.0000000E+00   0.0000000E+00
   5.2964165E+00   1.0102118E+03   1.0102118E+03   1.2911350E-05   1.7581516E-07   5.9240414E-01   1.0045731E+03   1.0102118E+03   0.0000000E+00   0.0000000E+00   0.0000000E+00   0.0000000E+00   0.0000000E+00
   5.6915706E+00   8.8908236E+02   8.8908236E+02   9.8385849E-06   1.3402957E-07   5.2136560E-01   8.8411981E+02   8.8908236E+02   0.0000000E+00   0.0000000E+00   0.0000000E+00   0.0000000E+00   0.0000000E+00
   6.1162063E+00   7.8228833E+02   7.8228833E+02   7.4972186E-06   1.0215616E-07   4.5876667E-01   7.7792186E+02   7.8228833E+02   0.0000000E+00   0.0000000E+00   0.0000000E+00   0.0000000E+00   0.0000000E+00
   6.5725232E+00   6.8816041E+02   6.8816041E+02   5.7103567E-06   7.7847269E-08   4.0351921E-01   6.8431934E+02   6.8816041E+02   0.0000000E+00   0.0000000E+00   0.0000000E+00   0.0000000E+00   0.0000000E+00
   7.0628849E+00   6.0521974E+02   6.0521974E+02   4.3495756E-06   5.9313340E-08   3.5491228E-01   6.0184161E+02   6.0521974E+02   0.0000000E+00   0.0000000E+00   0.0000000E+00   0.0000000E+00   0.0000000E+00
   7.5898314E+00   5.3215670E+02   5.3215670E+02   3.3123792E-06   4.5184700E-08   3.1205824E-01   5.2918639E+02   5.3215670E+02   0.0000000E+00   0.0000000E+00   0.0000000E+00   0.0000000E+00   0.0000000E+00
   8.1560922E+00   4.6781208E+02   4.6781208E+02   2.5215493E-06   3.4416225E-08   2.7434141E-01   4.6520092E+02   4.6781208E+02   0.0000000E+00   0.0000000E+00   0.0000000E+00   0.0000000E+00   0.0000000E+00
