#           k/h    CDM            baryon         photon         nu             mass_nu        total          no_nu          total_de       Weyl           v_CDM          v_b            v_b-v_c     
   9.8879962E-06   5.8447823E+06   5.8447823E+06   7.7920985E+06   1.5643610E+04   2.7501878E+05   5.8450099E+06   5.8447823E+06   0.0000000E+00   0.0000000E+00   0.0000000E+00   0.0000000E+00   0.0000000E+00
   1.0625718E-05   5.8447812E+06   5.8447812E+06   7.7919508E+06   1.5643427E+04   2.7501630E+05   5.8450087E+06   5.8447812E+06   0.0000000E+00   0.0000000E+00   0.0000000E+00   0.0000000E+00   0.0000000E+00
   1.1418480E-05   5.8447799E+06   5.8447799E+06   7.7917803E+06   1.5643216E+04   2.7501344E+05   5.8450073E+06   5.8447799E+06   0.0000000E+00   0.0000000E+00   0.0000000E+00   0.0000000E+00   0.0000000E+00
   1.2270388E-05   5.8447785E+06   5.8447785E+06   7.7915834E+06   1.5642973E+04   2.7501013E+05   5.8450057E+06   5.8447785E+06   0.0000000E+00   0.0000000E+00   0.0000000E+00   0.0000000E+00   0.0000000E+00
   1.3185855E-05   5.8447768E+06   5.8447768E+06   7.7913561E+06   1.5642691E+04   2.7500631E+05   5.8450039E+06   5.8447768E+06   0.0000000E+00   0.0000000E+00   0.0000000E+00   0.0000000E+00   0.0000000E+00
   1.4169623E-05   5.8447748E+06   5.8447748E+06   7.7910935E+06   1.5642366E+04   2.7500190E+05   5.8450018E+06   5.8447748E+06   0.0000000E+00   0.0000000E+00   0.0000000E+00   0.0000000E+00   0.0000000E+00
   1.5226788E-05   5.8447726E+06   5.8447726E+06   7.7907903E+06   1.5641991E+04   2.7499681E+05   5.8449993E+06   5.8447726E+06   0.0000000E+00   0.0000000E+00   0.0000000E+00   0.0000000E+00   0.0000000E+00
   1.6362825E-05   5.8447700E+06   5.8447700E+06   7.7904403E+06   1.5641558E+04   2.7499093E+05   5.8449965E+06   5.8447700E+06   0.0000000E+00   0.0000000E+00   0.0000000E+00   0.0000000E+00   0.0000000E+00
   1.7583620E-05   5.8447670E+06   5.8447670E+06   7.7900360E+06   1.5641057E+04   2.7498414E+05   5.8449932E+06   5.8447670E+06   0.0000000E+00   0.0000000E+00   0.0000000E+00   0.0000000E+00   0.0000000E+00
   1.8895496E-05   5.8447635E+06   5.8447635E+06   7.7895692E+06   1.5640479E+04   2.7497630E+05   5.8449894E+06   5.8447635E+06   0.0000000E+00   0.0000000E+00   0.0000000E+00   0.0000000E+00   0.0000000E+00
   2.0305248E-05   5.8447595E+06   5.8447595E+06   7.7890302E+06   1.5639812E+04   2.7496724E+05   5.8449851E+06   5.8447595E+06   0.0000000E+00   0.0000000E+00   0.0000000E+00   0.0000000E+00   0.0000000E+00
   2.1820178E-05   5.8447549E+06   5.8447549E+06   7.7884078E+06   1.5639041E+04   2.7495679E+05   5.8449800E+06   5.8447549E+06   0.0000000E+00   0.0000000E+00   0.0000000E+00   0.0000000E+00   0.0000000E+00
   2.3448134E-05   5.8447495E+06   5.8447495E+06   7.7876891E+06   1.5638152E+04   2.7494472E+05   5.8449742E+06   5.8447495E+06   0.0000000E+00   0.0000000E+00   0.0000000E+00   0.0000000E+00   0.0000000E+00
   2.5197548E-05   5.8447434E+06   5.8447434E+06   7.7868593E+06   1.5637124E+04   2.7493079E+05   5.8449675E+06   5.8447434E+06   0.0000000E+00   0.0000000E+00   0.0000000E+00   0.0000000E+00   0.0000000E+00
   2.7077483E-05   5.8447362E+06   5.8447362E+06   7.7859011E+06   1.5635938E+04   2.7491470E+05   5.8449597E+06   5.8447362E+06   0.0000000E+00   0.0000000E+00   0.0000000E+00   0.0000000E+00   0.0000000E+00
   2.9097675E-05   5.8447280E+06   5.8447280E+06   7.7847948E+06   1.5634568E+04   2.7489612E+05   5.8449508E+06   5.8447280E+06   0.0000000E+00   0.0000000E+00   0.0000000E+00   0.0000000E+00   0.0000000E+00
   3.1268589E-05   5.8447185E+06   5.8447185E+06   7.7835174E+06   1.5632987E+04   2.7487468E+05   5.8449404E+06   5.8447185E+06   0.0000000E+00   0.0000000E+00   0.0000000E+00   0.0000000E+00   0.0000000E+00
   3.3601471E-05   5.8447076E+06   5.8447076E+06   7.7820425E+06   1.5631160E+04   2.7484992E+05   5.8449285E+06   5.8447076E+06   0.0000000E+00   0.0000000E+00   0.0000000E+00   0.0000000E+00   0.0000000E+00
   3.6108404E-05   5.8446949E+06   5.8446949E+06   7.7803397E+06   1.5629052E+04   2.7482134E+05   5.8449147E+06   5.8446949E+06   0.0000000E+00   0.0000000E+00   0.0000000E+00   0.0000000E+00   0.0000000E+00
   3.8802373E-05   5.8446803E+06   5.8446803E+06   7.7783737E+06   1.5626617E+04   2.7478835E+05   5.8448988E+06   5.8446803E+06   0.0000000E+00   0.0000000E+00   0.0000000E+00   0.0000000E+00   0.0000000E+00
   4.1697334E-05   5.8446634E+06   5.8446634E+06   7.7761041E+06   1.5623807E+04   2.7475027E+05   5.8448804E+06   5.8446634E+06   0.0000000E+00   0.0000000E+00   0.0000000E+00   0.0000000E+00   0.0000000E+00
   4.4808282E-05   5.8446439E+06   5.8446439E+06   7.7734839E+06   1.5620561E+04   2.7470631E+05   5.8448591E+06   5.8446439E+06   0.0000000E+00   0.0000000E+00   0.0000000E+00   0.0000000E+00   0.0000000E+00
   4.8151330E-05   5.8446214E+06   5.8446214E+06   7.7704592E+06   1.5616815E+04   2.7465559E+05   5.8448346E+06   5.8446214E+06   0.0000000E+00   0.0000000E+00   0.0000000E+00   0.0000000E+00   0.0000000E+00
   5.1743796E-05   5.8445955E+06   5.8445955E+06   7.7669677E+06   1.5612490E+04   2.7459705E+05   5.8448063E+06   5.8445955E+06   0.0000000E+00   0.0000000E+00   0.0000000E+00   0.0000000E+00   0.0000000E+00
   5.5604289E-05   5.8445655E+06   5.8445655E+06   7.7629376E+06   1.5607497E+04   2.7452951E+05   5.8447736E+06   5.8445655E+06   0.0000000E+00   0.0000000E+00   0.0000000E+00   0.0000000E+00   0.0000000E+00
   5.9752804E-05   5.8445308E+06   5.8445308E+06   7.7582863E+06   1.5601733E+04   2.7445158E+05   5.8447359E+06   5.8445308E+06   0.0000000E+00   0.0000000E+00   0.0000000E+00   0.0000000E+00   0.0000000E+00
   6.4210831E-05   5.8444908E+06   5.8444908E+06   7.7529183E+06   1.5595081E+04   2.7436168E+05   5.8446923E+06   5.8444908E+06   0.0000000E+00   0.0000000E+00   0.0000000E+00   0.0000000E+00   0.0000000E+00
   6.9001462E-05   5.8444447E+06   5.8444447E+06   7.7467238E+06   1.5587403E+04   2.7425800E+05   5.8446420E+06   5.8444447E+06   0.0000000E+00   0.0000000E+00   0.0000000E+00   0.0000000E+00   0.0000000E+00
   7.4149511E-05   5.8443913E+06   5.8443913E+06   7.7395763E+06   1.5578541E+04   2.7413843E+05   5.8445839E+06   5.8443913E+06   0.0000000E+00   0.0000000E+00   0.0000000E+00   0.0000000E+00   0.0000000E+00
   7.9681645E-05   5.8443298E+06   5.8443298E+06   7.7313303E+06   1.5568316E+04   2.7400058E+05   5.8445168E+06   5.8443298E+06   0.0000000E+00   0.0000000E+00   0.0000000E+00   0.0000000E+00   0.0000000E+00
   8.5626519E-05   5.8442587E+06   5.8442587E+06   7.7218184E+06   1.5556517E+04   2.7384169E+05   5.8444393E+06   5.8442587E+06   0.0000000E+00   0.0000000E+00   0.0000000E+00   0.0000000E+00   0.0000000E+00
   9.2014928E-05   5.8441767E+06   5.8441767E+06   7.7108480E+06   1.5542904E+04   2.7365860E+05   5.8443499E+06   5.8441767E+06   0.0000000E+00   0.0000000E+00   0.0000000E+00   0.0000000E+00   0.0000000E+00
   9.8879962E-05   5.8440820E+06   5.8440820E+06   7.6981980E+06   1.5527201E+04   2.7344769E+05   5.8442467E+06   5.8440820E+06   0.0000000E+00   0.0000000E+00   0.0000000E+00   0.0000000E+00   0.0000000E+00
   1.0625718E-04   5.8439727E+06   5.8439727E+06   7.6836145E+06   1.5509091E+04   2.7320485E+05   5.8441276E+06   5.8439727E+06   0.0000000E+00   0.0000000E+00   0.0000000E+00   0.0000000E+00   0.0000000E+00
   1.1418480E-04   5.8438465E+06   5.8438465E+06   7.6668063E+06   1.5488206E+04   2.7292534E+05   5.8439901E+06   5.8438465E+06   0.0000000E+00   0.0000000E+00   0.0000000E+00   0.0000000E+00   0.0000000E+00
   1.2270388E-04   5.8437008E+06   5.8437008E+06   7.6474400E+06   1.5464129E+04   2.7260381E+05   5.8438314E+06   5.8437008E+06   0.0000000E+00   0.0000000E+00   0.0000000E+00   0.0000000E+00   0.0000000E+00
   1.3185855E-04   5.8435327E+06   5.8435327E+06   7.6251339E+06   1.5436379E+04   2.7223415E+05   5.8436482E+06   5.8435327E+06   0.0000000E+00   0.0000000E+00   0.0000000E+00   0.0000000E+00   0.0000000E+00
   1.4169623E-04   5.8433388E+06   5.8433388E+06   7.5994521E+06   1.5404404E+04   2.7180946E+05   5.8434368E+06   5.8433388E+06   0.0000000E+00   0.0000000E+00   0.0000000E+00   0.0000000E+00   0.0000000E+00
   1.5226788E-04   5.8431149E+06   5.8431149E+06   7.5698975E+06   1.5367573E+04   2.7132194E+05   5.8431930E+06   5.8431149E+06   0.0000000E+00   0.0000000E+00   0.0000000E+00   0.0000000E+00   0.0000000E+00
   1.6362825E-04   5.8428567E+06   5.8428567E+06   7.5359042E+06   1.5325166E+04   2.7076280E+05   5.8429116E+06   5.8428567E+06   0.0000000E+00   0.0000000E+00   0.0000000E+00   0.0000000E+00   0.0000000E+00
   1.7583620E-04   5.8425588E+06   5.8425588E+06   7.4968299E+06   1.5276362E+04   2.7012222E+05   5.8425871E+06   5.8425588E+06   0.0000000E+00   0.0000000E+00   0.0000000E+00   0.0000000E+00   0.0000000E+00
   1.8895496E-04   5.8422152E+06   5.8422152E+06   7.4519473E+06   1.5220224E+04   2.6938924E+05   5.8422127E+06   5.8422152E+06   0.0000000E+00   0.0000000E+00   0.0000000E+00   0.0000000E+00   0.0000000E+00
   2.0305248E-04   5.8418189E+06   5.8418189E+06   7.4004357E+06   1.5155689E+04   2.6855174E+05   5.8417811E+06   5.8418189E+06   0.0000000E+00   0.0000000E+00   0.0000000E+00   0.0000000E+00   0.0000000E+00
   2.1820178E-04   5.8413621E+06   5.8413621E+06   7.3413728E+06   1.5081555E+04   2.6759642E+05   5.8412835E+06   5.8413621E+06   0.0000000E+00   0.0000000E+00   0.0000000E+00   0.0000000E+00   0.0000000E+00
   2.3448134E-04   5.8408355E+06   5.8408355E+06   7.2737266E+06   1.4996461E+04   2.6650881E+05   5.8407100E+06   5.8408355E+06   0.0000000E+00   0.0000000E+00   0.0000000E+00   0.0000000E+00   0.0000000E+00
   2.5197548E-04   5.8402287E+06   5.8402287E+06   7.1963491E+06   1.4898880E+04   2.6527338E+05   5.8400492E+06   5.8402287E+06   0.0000000E+00   0.0000000E+00   0.0000000E+00   0.0000000E+00   0.0000000E+00
   2.7077483E-04   5.8395296E+06   5.8395296E+06   7.1079720E+06   1.4787101E+04   2.6387369E+05   5.8392881E+06   5.8395296E+06   0.0000000E+00   0.0000000E+00   0.0000000E+00   0.0000000E+00   0.0000000E+00
   2.9097675E-04   5.8387246E+06   5.8387246E+06   7.0072051E+06   1.4659216E+04   2.6229275E+05   5.8384117E+06   5.8387246E+06   0.0000000E+00   0.0000000E+00   0.0000000E+00   0.0000000E+00   0.0000000E+00
   3.1268589E-04   5.8377980E+06   5.8377980E+06   6.8925406E+06   1.4513119E+04   2.6051341E+05   5.8374031E+06   5.8377980E+06   0.0000000E+00   0.0000000E+00   0.0000000E+00   0.0000000E+00   0.0000000E+00
   3.3601471E-04   5.8367319E+06   5.8367319E+06   6.7623628E+06   1.4346493E+04   2.5851903E+05   5.8362430E+06   5.8367319E+06   0.0000000E+00   0.0000000E+00   0.0000000E+00   0.0000000E+00   0.0000000E+00
   3.6108404E-04   5.8355060E+06   5.8355060E+06   6.6149691E+06   1.4156824E+04   2.5629444E+05   5.8349093E+06   5.8355060E+06   0.0000000E+00   0.0000000E+00   0.0000000E+00   0.0000000E+00   0.0000000E+00
   3.8802373E-04   5.8340973E+06   5.8340973E+06   6.4486012E+06   1.3941405E+04   2.5382708E+05   5.8333771E+06   5.8340973E+06   0.0000000E+00   0.0000000E+00   0.0000000E+00   0.0000000E+00   0.0000000E+00
   4.1697334E-04   5.8324796E+06   5.8324796E+06   6.2614949E+06   1.3697375E+04   2.5110861E+05   5.8316183E+06   5.8324796E+06   0.0000000E+00   0.0000000E+00   0.0000000E+00   0.0000000E+00   0.0000000E+00
   4.4808282E-04   5.8306235E+06   5.8306235E+06   6.0519485E+06   1.3421762E+04   2.4813687E+05   5.8296010E+06   5.8306235E+06   0.0000000E+00   0.0000000E+00   0.0000000E+00   0.0000000E+00   0.0000000E+00
   4.8151330E-04   5.8284958E+06   5.8284958E+06   5.8184175E+06   1.3111555E+04   2.4491818E+05   5.8272895E+06   5.8284958E+06   0.0000000E+00   0.0000000E+00   0.0000000E+00   0.0000000E+00   0.0000000E+00
   5.1743796E-04   5.8260593E+06   5.8260593E+06   5.5596390E+06   1.2763813E+04   2.4147005E+05   5.8246441E+06   5.8260593E+06   0.0000000E+00   0.0000000E+00   0.0000000E+00   0.0000000E+00   0.0000000E+00
   5.5604289E-04   5.8232727E+06   5.8232727E+06   5.2747901E+06   1.2375804E+04   2.3782407E+05   5.8216202E+06   5.8232727E+06   0.0000000E+00   0.0000000E+00   0.0000000E+00   0.0000000E+00   0.0000000E+00
   5.9752804E-04   5.8200899E+06   5.8200899E+06   4.9636818E+06   1.1945192E+04   2.3402871E+05   5.8181688E+06   5.8200899E+06   0.0000000E+00   0.0000000E+00   0.0000000E+00   0.0000000E+00   0.0000000E+00
   6.4210831E-04   5.8164600E+06   5.8164600E+06   4.6269893E+06   1.1470277E+04   2.3015154E+05   5.8142358E+06   5.8164600E+06   0.0000000E+00   0.0000000E+00   0.0000000E+00   0.0000000E+00   0.0000000E+00
   6.9001462E-04   5.8123273E+06   5.8123273E+06   4.2665091E+06   1.0950282E+04   2.2628019E+05   5.8097622E+06   5.8123273E+06   0.0000000E+00   0.0000000E+00   0.0000000E+00   0.0000000E+00   0.0000000E+00
   7.4149511E-04   5.8076307E+06   5.8076307E+06   3.8854291E+06   1.0385691E+04   2.2252088E+05   5.8046839E+06   5.8076307E+06   0.0000000E+00   0.0000000E+00   0.0000000E+00   0.0000000E+00   0.0000000E+00
   7.9681645E-04   5.8023046E+06   5.8023046E+06   3.4885822E+06   9.7786277E+03   2.1899320E+05   5.7989323E+06   5.8023046E+06   0.0000000E+00   0.0000000E+00   0.0000000E+00   0.0000000E+00   0.0000000E+00
   8.5626519E-04   5.7962780E+06   5.7962780E+06   3.0826392E+06   9.1332335E+03   2.1581955E+05   5.7924339E+06   5.7962780E+06   0.0000000E+00   0.0000000E+00   0.0000000E+00   0.0000000E+00   0.0000000E+00
   9.2014928E-04   5.7894754E+06   5.7894754E+06   2.6761769E+06   8.4560255E+03   2.1310738E+05   5.7851115E+06   5.7894754E+06   0.0000000E+00   0.0000000E+00   0.0000000E+00   0.0000000E+00   0.0000000E+00
   9.8879962E-04   5.7818168E+06   5.7818168E+06   2.2795382E+06   7.7561458E+03   2.1092344E+05   5.7768844E+06   5.7818168E+06   0.0000000E+00   0.0000000E+00   0.0000000E+00   0.0000000E+00   0.0000000E+00
   1.0625718E-03   5.7732184E+06   5.7732184E+06   1.9043901E+06   7.0454240E+03   2.0926014E+05   5.7676690E+06   5.7732184E+06   0.0000000E+00   0.0000000E+00   0.0000000E+00   0.0000000E+00   0.0000000E+00
   1.1418480E-03   5.7635922E+06   5.7635922E+06   1.5628869E+06   6.3381392E+03   2.0799750E+05   5.7573795E+06   5.7635922E+06   0.0000000E+00   0.0000000E+00   0.0000000E+00   0.0000000E+00   0.0000000E+00
   1.2270388E-03   5.7528465E+06   5.7528465E+06   1.2663867E+06   5.6503660E+03   2.0686827E+05   5.7459284E+06   5.7528465E+06   0.0000000E+00   0.0000000E+00   0.0000000E+00   0.0000000E+00   0.0000000E+00
   1.3185855E-03   5.7408857E+06   5.7408857E+06   1.0237529E+06   4.9988121E+03   2.0544029E+05   5.7332263E+06   5.7408857E+06   0.0000000E+00   0.0000000E+00   0.0000000E+00   0.0000000E+00   0.0000000E+00
   1.4169623E-03   5.7276098E+06   5.7276098E+06   8.3942386E+05   4.3991278E+03   2.0313568E+05   5.7191817E+06   5.7276098E+06   0.0000000E+00   0.0000000E+00   0.0000000E+00   0.0000000E+00   0.0000000E+00
   1.5226788E-03   5.7129129E+06   5.7129129E+06   7.1164582E+05   3.8638027E+03   1.9930975E+05   5.7037001E+06   5.7129129E+06   0.0000000E+00   0.0000000E+00   0.0000000E+00   0.0000000E+00   0.0000000E+00
   1.6362825E-03   5.6966831E+06   5.6966831E+06   6.3149173E+05   3.3999683E+03   1.9340512E+05   5.6866818E+06   5.6966831E+06   0.0000000E+00   0.0000000E+00   0.0000000E+00   0.0000000E+00   0.0000000E+00
   1.7583620E-03   5.6788004E+06   5.6788004E+06   5.8343183E+05   3.0076648E+03   1.8517336E+05   5.6680209E+06   5.6788004E+06   0.0000000E+00   0.0000000E+00   0.0000000E+00   0.0000000E+00   0.0000000E+00
   1.8895496E-03   5.6591370E+06   5.6591370E+06   5.4809600E+05   2.6793079E+03   1.7490991E+05   5.6476032E+06   5.6591370E+06   0.0000000E+00   0.0000000E+00   0.0000000E+00   0.0000000E+00   0.0000000E+00
   2.0305248E-03   5.6375579E+06   5.6375579E+06   5.0727241E+05   2.4010648E+03   1.6358757E+05   5.6253055E+06   5.6375579E+06   0.0000000E+00   0.0000000E+00   0.0000000E+00   0.0000000E+00   0.0000000E+00
   2.1820178E-03   5.6139237E+06   5.6139237E+06   4.5002573E+05   2.1564136E+03   1.5272950E+05   5.6009968E+06   5.6139237E+06   0.0000000E+00   0.0000000E+00   0.0000000E+00   0.0000000E+00   0.0000000E+00
   2.3448134E-03   5.5880941E+06   5.5880941E+06   3.7737143E+05   1.9312279E+03   1.4390039E+05   5.5745402E+06   5.5880941E+06   0.0000000E+00   0.0000000E+00   0.0000000E+00   0.0000000E+00   0.0000000E+00
   2.5197548E-03   5.5599320E+06   5.5599320E+06   3.0212074E+05   1.7185017E+03   1.3788608E+05   5.5457967E+06   5.5599320E+06   0.0000000E+00   0.0000000E+00   0.0000000E+00   0.0000000E+00   0.0000000E+00
   2.7077483E-03   5.5293050E+06   5.5293050E+06   2.4175189E+05   1.5200168E+03   1.3397567E+05   5.5146267E+06   5.5293050E+06   0.0000000E+00   0.0000000E+00   0.0000000E+00   0.0000000E+00   0.0000000E+00
   2.9097675E-03   5.4960828E+06   5.4960828E+06   2.0643878E+05   1.3429829E+03   1.3004807E+05   5.4808900E+06   5.4960828E+06   0.0000000E+00   0.0000000E+00   0.0000000E+00   0.0000000E+00   0.0000000E+00
   3.1268589E-03   5.4601317E+06   5.4601317E+06   1.9015142E+05   1.1926609E+03   1.2394039E+05   5.4444429E+06   5.4601317E+06   0.0000000E+00   0.0000000E+00   0.0000000E+00   0.0000000E+00   0.0000000E+00
   3.3601471E-03   5.4213078E+06   5.4213078E+06   1.7451481E+05   1.0660459E+03   1.1547160E+05   5.4051355E+06   5.4213078E+06   0.0000000E+00   0.0000000E+00   0.0000000E+00   0.0000000E+00   0.0000000E+00
   3.6108404E-03   5.3794571E+06   5.3794571E+06   1.4630830E+05   9.5292848E+02   1.0708291E+05   5.3628133E+06   5.3794571E+06   0.0000000E+00   0.0000000E+00   0.0000000E+00   0.0000000E+00   0.0000000E+00
   3.8802373E-03   5.3344227E+06   5.3344227E+06   1.1249986E+05   8.4500293E+02   1.0137190E+05   5.3173243E+06   5.3344227E+06   0.0000000E+00   0.0000000E+00   0.0000000E+00   0.0000000E+00   0.0000000E+00
   4.1697334E-03   5.2860538E+06   5.2860538E+06   9.1370122E+04   7.4367783E+02   9.7455716E+04   5.2685254E+06   5.2860538E+06   0.0000000E+00   0.0000000E+00   0.0000000E+00   0.0000000E+00   0.0000000E+00
   4.4808282E-03   5.2342059E+06   5.2342059E+06   8.5333032E+04   6.5555692E+02   9.1709736E+04   5.2162807E+06   5.2342059E+06   0.0000000E+00   0.0000000E+00   0.0000000E+00   0.0000000E+00   0.0000000E+00
   4.8151330E-03   5.1787346E+06   5.1787346E+06   7.6364743E+04   5.8039546E+02   8.3796465E+04   5.1604537E+06   5.1787346E+06   0.0000000E+00   0.0000000E+00   0.0000000E+00   0.0000000E+00   0.0000000E+00
   5.1743796E-03   5.1194941E+06   5.1194941E+06   5.8921913E+04   5.1109163E+02   7.7915001E+04   5.1009055E+06   5.1194941E+06   0.0000000E+00   0.0000000E+00   0.0000000E+00   0.0000000E+00   0.0000000E+00
   5.5604289E-03   5.0563461E+06   5.0563461E+06   4.9973410E+04   4.4681129E+02   7.4188726E+04   5.0375002E+06   5.0563461E+06   0.0000000E+00   0.0000000E+00   0.0000000E+00   0.0000000E+00   0.0000000E+00
   5.9752804E-03   4.9891580E+06   4.9891580E+06   4.8417729E+04   3.9235050E+02   6.7956748E+04   4.9700991E+06   4.9891580E+06   0.0000000E+00   0.0000000E+00   0.0000000E+00   0.0000000E+00   0.0000000E+00
   6.4210831E-03   4.9177908E+06   4.9177908E+06   3.8492679E+04   3.4473640E+02   6.1626403E+04   4.8985532E+06   4.9177908E+06   0.0000000E+00   0.0000000E+00   0.0000000E+00   0.0000000E+00   0.0000000E+00
   6.9001462E-03   4.8421071E+06   4.8421071E+06   3.2337543E+04   3.0032921E+02   5.7843018E+04   4.8227282E+06   4.8421071E+06   0.0000000E+00   0.0000000E+00   0.0000000E+00   0.0000000E+00   0.0000000E+00
   7.4149511E-03   4.7619790E+06   4.7619790E+06   3.0161627E+04   2.6186163E+02   5.1890788E+04   4.7425163E+06   4.7619790E+06   0.0000000E+00   0.0000000E+00   0.0000000E+00   0.0000000E+00   0.0000000E+00
   7.9681645E-03   4.6772795E+06   4.6772795E+06   2.2343233E+04   2.2729465E+02   4.7856004E+04   4.6577990E+06   4.6772795E+06   0.0000000E+00   0.0000000E+00   0.0000000E+00   0.0000000E+00   0.0000000E+00
   8.5626519E-03   4.5878872E+06   4.5878872E+06   2.1287386E+04   1.9720000E+02   4.3792724E+04   4.5684351E+06   4.5878872E+06   0.0000000E+00   0.0000000E+00   0.0000000E+00   0.0000000E+00   0.0000000E+00
   9.2014928E-03   4.4936819E+06   4.4936819E+06   1.5993121E+04   1.7066011E+02   3.9529088E+04   4.4742994E+06   4.4936819E+06   0.0000000E+00   0.0000000E+00   0.0000000E+00   0.0000000E+00   0.0000000E+00
   9.8879962E-03   4.3945456E+06   4.3945456E+06   1.5364482E+04   1.4690897E+02   3.6073251E+04   4.3752937E+06   4.3945456E+06   0.0000000E+00   0.0000000E+00   0.0000000E+00   0.0000000E+00   0.0000000E+00
   1.0625718E-02   4.2903678E+06   4.2903678E+06   1.1585950E+04   1.2648247E+02   3.2561157E+04   4.2713011E+06   4.2903678E+06   0.0000000E+00   0.0000000E+00   0.0000000E+00   0.0000000E+00   0.0000000E+00
   1.1418480E-02   4.1810475E+06   4.1810475E+06   1.0859894E+04   1.0855486E+02   2.8860422E+04   4.1622137E+06   4.1810475E+06   0.0000000E+00   0.0000000E+00   0.0000000E+00   0.0000000E+00   0.0000000E+00
   1.2270388E-02   4.0664954E+06   4.0664954E+06   8.7904216E+03   9.2690766E+01   2.6477340E+04   4.0479517E+06   4.0664954E+06   0.0000000E+00   0.0000000E+00   0.0000000E+00   0.0000000E+00   0.0000000E+00
   1.3185855E-02   3.9466430E+06   3.9466430E+06   6.8350577E+03   7.9094110E+01   2.3443825E+04   3.9284409E+06   3.9466430E+06   0.0000000E+00   0.0000000E+00   0.0000000E+00   0.0000000E+00   0.0000000E+00
   1.4169623E-02   3.8214501E+06   3.8214501E+06   6.1702547E+03   6.7250836E+01   2.0637156E+04   3.8036381E+06   3.8214501E+06   0.0000000E+00   0.0000000E+00   0.0000000E+00   0.0000000E+00   0.0000000E+00
   1.5226788E-02   3.6909178E+06   3.6909178E+06   5.4326857E+03   5.6924482E+01   1.8498448E+04   3.6735505E+06   3.6909178E+06   0.0000000E+00   0.0000000E+00   0.0000000E+00   0.0000000E+00   0.0000000E+00
   1.6362825E-02   3.5551075E+06   3.5551075E+06   4.4714159E+03   4.8035221E+01   1.6529992E+04   3.5382300E+06   3.5551075E+06   0.0000000E+00   0.0000000E+00   0.0000000E+00   0.0000000E+00   0.0000000E+00
   1.7583620E-02   3.4141606E+06   3.4141606E+06   3.6522538E+03   4.0389383E+01   1.4677527E+04   3.3978227E+06   3.4141606E+06   0.0000000E+00   0.0000000E+00   0.0000000E+00   0.0000000E+00   0.0000000E+00
   1.8895495E-02   3.2683270E+06   3.2683270E+06   3.0406490E+03   3.3822981E+01   1.2914203E+04   3.2525713E+06   3.2683270E+06   0.0000000E+00   0.0000000E+00   0.0000000E+00   0.0000000E+00   0.0000000E+00
   2.0305246E-02   3.1179980E+06   3.1179980E+06   2.5406242E+03   2.8230018E+01   1.1271736E+04   3.1028666E+06   3.1179980E+06   0.0000000E+00   0.0000000E+00   0.0000000E+00   0.0000000E+00   0.0000000E+00
   2.1820168E-02   2.9637431E+06   2.9637431E+06   2.0810564E+03   2.3453467E+01   9.7649582E+03   2.9492729E+06   2.9637431E+06   0.0000000E+00   0.0000000E+00   0.0000000E+00   0.0000000E+00   0.0000000E+00
   2.3448077E-02   2.8063515E+06   2.8063515E+06   1.6027796E+03   1.9400956E+01   8.4839671E+03   2.7925739E+06   2.8063515E+06   0.0000000E+00   0.0000000E+00   0.0000000E+00   0.0000000E+00   0.0000000E+00
   2.5197274E-02   2.6468771E+06   2.6468771E+06   1.3087681E+03   1.5969653E+01   7.5108501E+03   2.6338175E+06   2.6468771E+06   0.0000000E+00   0.0000000E+00   0.0000000E+00   0.0000000E+00   0.0000000E+00
   2.7076342E-02   2.4866861E+06   2.4866861E+06   1.1255982E+03   1.3096768E+01   6.4070189E+03   2.4743618E+06   2.4866861E+06   0.0000000E+00   0.0000000E+00   0.0000000E+00   0.0000000E+00   0.0000000E+00
   2.9093511E-02   2.3275132E+06   2.3275132E+06   8.6237007E+02   1.0687303E+01   5.6355414E+03   2.3159309E+06   2.3275132E+06   0.0000000E+00   0.0000000E+00   0.0000000E+00   0.0000000E+00   0.0000000E+00
   3.1255135E-02   2.1715192E+06   2.1715192E+06   6.9733987E+02   8.6970746E+00   4.7829517E+03   2.1606738E+06   2.1715192E+06   0.0000000E+00   0.0000000E+00   0.0000000E+00   0.0000000E+00   0.0000000E+00
   3.3562737E-02   2.0213243E+06   2.0213243E+06   5.9594138E+02   7.0604375E+00   4.1383712E+03   2.0111961E+06   2.0213243E+06   0.0000000E+00   0.0000000E+00   0.0000000E+00   0.0000000E+00   0.0000000E+00
   3.6008615E-02   1.8799257E+06   1.8799257E+06   4.8768321E+02   5.7311081E+00   3.6110769E+03   1.8704786E+06   1.8799257E+06   0.0000000E+00   0.0000000E+00   0.0000000E+00   0.0000000E+00   0.0000000E+00
   3.8571654E-02   1.7503638E+06   1.7503638E+06   3.9586499E+02   4.6675412E+00   3.1511148E+03   1.7415453E+06   1.7503638E+06   0.0000000E+00   0.0000000E+00   0.0000000E+00   0.0000000E+00   0.0000000E+00
   4.1217193E-02   1.6350785E+06   1.6350785E+06   3.2448835E+02   3.8285702E+00   2.7572286E+03   1.6268226E+06   1.6350785E+06   0.0000000E+00   0.0000000E+00   0.0000000E+00   0.0000000E+00   0.0000000E+00
   4.3904059E-02   1.5351944E+06   1.5351944E+06   2.6761331E+02   3.1727851E+00   2.4352536E+03   1.5274282E+06   1.5351944E+06   0.0000000E+00   0.0000000E+00   0.0000000E+00   0.0000000E+00   0.0000000E+00
   4.6596027E-02   1.4502103E+06   1.4502103E+06   2.2161549E+02   2.6625697E+00   2.1758380E+03   1.4428620E+06   1.4502103E+06   0.0000000E+00   0.0000000E+00   0.0000000E+00   0.0000000E+00   0.0000000E+00
   4.9270093E-02   1.3783137E+06   1.3783137E+06   1.8550646E+02   2.2630378E+00   1.9714745E+03   1.3713200E+06   1.3783137E+06   0.0000000E+00   0.0000000E+00   0.0000000E+00   0.0000000E+00   0.0000000E+00
   5.1917465E-02   1.3170296E+06   1.3170296E+06   1.5773511E+02   1.9465234E+00   1.8056683E+03   1.3103389E+06   1.3170296E+06   0.0000000E+00   0.0000000E+00   0.0000000E+00   0.0000000E+00   0.0000000E+00
   5.4539730E-02   1.2637884E+06   1.2637884E+06   1.3609538E+02   1.6910829E+00   1.6702304E+03   1.2573615E+06   1.2637884E+06   0.0000000E+00   0.0000000E+00   0.0000000E+00   0.0000000E+00   0.0000000E+00
   5.7144263E-02   1.2162496E+06   1.2162496E+06   1.1873052E+02   1.4813199E+00   1.5534199E+03   1.2100589E+06   1.2162496E+06   0.0000000E+00   0.0000000E+00   0.0000000E+00   0.0000000E+00   0.0000000E+00
   5.9740886E-02   1.1724301E+06   1.1724301E+06   1.0435620E+02   1.3055606E+00   1.4522941E+03   1.1664577E+06   1.1724301E+06   0.0000000E+00   0.0000000E+00   0.0000000E+00   0.0000000E+00   0.0000000E+00
   6.2339970E-02   1.1307302E+06   1.1307302E+06   9.2122087E+01   1.1559922E+00   1.3601901E+03   1.1249661E+06   1.1307302E+06   0.0000000E+00   0.0000000E+00   0.0000000E+00   0.0000000E+00   0.0000000E+00
   6.4951530E-02   1.0899207E+06   1.0899207E+06   8.1443023E+01   1.0265295E+00   1.2770850E+03   1.0843611E+06   1.0899207E+06   0.0000000E+00   0.0000000E+00   0.0000000E+00   0.0000000E+00   0.0000000E+00
   6.7584869E-02   1.0491222E+06   1.0491222E+06   7.1906515E+01   9.1316987E-01   1.1990903E+03   1.0437676E+06   1.0491222E+06   0.0000000E+00   0.0000000E+00   0.0000000E+00   0.0000000E+00   0.0000000E+00
   7.0248516E-02   1.0077853E+06   1.0077853E+06   6.3270513E+01   8.1274023E-01   1.1272023E+03   1.0026390E+06   1.0077853E+06   0.0000000E+00   0.0000000E+00   0.0000000E+00   0.0000000E+00   0.0000000E+00
   7.2950275E-02   9.6567045E+05   9.6567045E+05   5.5512721E+01   7.2322608E-01   1.0598993E+03   9.6073682E+05   9.6567045E+05   0.0000000E+00   0.0000000E+00   0.0000000E+00   0.0000000E+00   0.0000000E+00
   7.5697323E-02   9.2282608E+05   9.2282608E+05   4.9013193E+01   6.4304180E-01   9.9870578E+02   9.1810925E+05   9.2282608E+05   0.0000000E+00   0.0000000E+00   0.0000000E+00   0.0000000E+00   0.0000000E+00
   7.8496323E-02   8.7955847E+05   8.7955847E+05   4.4491256E+01   5.7125876E-01   9.3975356E+02   8.7506098E+05   8.7955847E+05   0.0000000E+00   0.0000000E+00   0.0000000E+00   0.0000000E+00   0.0000000E+00
   8.1353517E-02   8.3639081E+05   8.3639081E+05   4.1563879E+01   5.0702215E-01   8.7724462E+02   8.3211244E+05   8.3639081E+05   0.0000000E+00   0.0000000E+00   0.0000000E+00   0.0000000E+00   0.0000000E+00
   8.4274819E-02   7.9400801E+05   7.9400801E+05   3.7143533E+01   4.4975691E-01   8.0865538E+02   7.8994501E+05   7.9400801E+05   0.0000000E+00   0.0000000E+00   0.0000000E+00   0.0000000E+00   0.0000000E+00
   8.7265889E-02   7.5318683E+05   7.5318683E+05   3.0593631E+01   3.9886454E-01   7.5493915E+02   7.4933147E+05   7.5318683E+05   0.0000000E+00   0.0000000E+00   0.0000000E+00   0.0000000E+00   0.0000000E+00
   9.0332196E-02   7.1471283E+05   7.1471283E+05   2.8143886E+01   3.5396982E-01   7.1432088E+02   7.1105330E+05   7.1471283E+05   0.0000000E+00   0.0000000E+00   0.0000000E+00   0.0000000E+00   0.0000000E+00
   9.3479067E-02   6.7928868E+05   6.7928868E+05   2.5205538E+01   3.1470042E-01   6.5960449E+02   6.7580954E+05   6.7928868E+05   0.0000000E+00   0.0000000E+00   0.0000000E+00   0.0000000E+00   0.0000000E+00
   9.6711734E-02   6.4744140E+05   6.4744140E+05   2.1836439E+01   2.8045322E-01   6.2878472E+02   6.4412451E+05   6.4744140E+05   0.0000000E+00   0.0000000E+00   0.0000000E+00   0.0000000E+00   0.0000000E+00
   1.0003536E-01   6.1943897E+05   6.1943897E+05   1.9777836E+01   2.5084674E-01   5.8525422E+02   6.1626474E+05   6.1943897E+05   0.0000000E+00   0.0000000E+00   0.0000000E+00   0.0000000E+00   0.0000000E+00
   1.0345508E-01   5.9522863E+05   5.9522863E+05   1.8388899E+01   2.2516630E-01   5.6239866E+02   5.9217777E+05   5.9522863E+05   0.0000000E+00   0.0000000E+00   0.0000000E+00   0.0000000E+00   0.0000000E+00
   1.0697601E-01   5.7441024E+05   5.7441024E+05   1.5493707E+01   2.0292920E-01   5.3601270E+02   5.7146544E+05   5.7441024E+05   0.0000000E+00   0.0000000E+00   0.0000000E+00   0.0000000E+00   0.0000000E+00
   1.1060327E-01   5.5625561E+05   5.5625561E+05   1.4100178E+01   1.8348588E-01   5.0919587E+02   5.5340330E+05   5.5625561E+05   0.0000000E+00   0.0000000E+00   0.0000000E+00   0.0000000E+00   0.0000000E+00
   1.1434201E-01   5.3978096E+05   5.3978096E+05   1.3163905E+01   1.6624786E-01   4.8814457E+02   5.3701259E+05   5.3978096E+05   0.0000000E+00   0.0000000E+00   0.0000000E+00   0.0000000E+00   0.0000000E+00
   1.1819739E-01   5.2387134E+05   5.2387134E+05   1.2043742E+01   1.5071781E-01   4.6937524E+02   5.2118408E+05   5.2387134E+05   0.0000000E+00   0.0000000E+00   0.0000000E+00   0.0000000E+00   0.0000000E+00
   1.2217463E-01   5.0744595E+05   5.0744595E+05   1.0785886E+01   1.3646298E-01   4.5071888E+02   5.0484252E+05   5.0744595E+05   0.0000000E+00   0.0000000E+00   0.0000000E+00   0.0000000E+00   0.0000000E+00
   1.2627899E-01   4.8964156E+05   4.8964156E+05   9.5115851E+00   1.2319321E-01   4.3235984E+02   4.8712907E+05   4.8964156E+05   0.0000000E+00   0.0000000E+00   0.0000000E+00   0.0000000E+00   0.0000000E+00
   1.3051579E-01   4.6998089E+05   4.6998089E+05   8.7285165E+00   1.1074531E-01   4.1403779E+02   4.6756892E+05   4.6998089E+05   0.0000000E+00   0.0000000E+00   0.0000000E+00   0.0000000E+00   0.0000000E+00
   1.3489040E-01   4.4848705E+05   4.4848705E+05   8.1451147E+00   9.9081645E-02   3.8948629E+02   4.4618507E+05   4.4848705E+05   0.0000000E+00   0.0000000E+00   0.0000000E+00   0.0000000E+00   0.0000000E+00
   1.3940826E-01   4.2570719E+05   4.2570719E+05   6.7743686E+00   8.8243096E-02   3.6777851E+02   4.2352185E+05   4.2570719E+05   0.0000000E+00   0.0000000E+00   0.0000000E+00   0.0000000E+00   0.0000000E+00
   1.4407489E-01   4.0262136E+05   4.0262136E+05   6.3467915E+00   7.8334720E-02   3.4394260E+02   4.0055427E+05   4.0262136E+05   0.0000000E+00   0.0000000E+00   0.0000000E+00   0.0000000E+00   0.0000000E+00
   1.4889586E-01   3.8043672E+05   3.8043672E+05   5.5860893E+00   6.9461317E-02   3.2488150E+02   3.7848329E+05   3.8043672E+05   0.0000000E+00   0.0000000E+00   0.0000000E+00   0.0000000E+00   0.0000000E+00
   1.5387684E-01   3.6029937E+05   3.6029937E+05   4.8119164E+00   6.1694691E-02   3.0562606E+02   3.5844914E+05   3.6029937E+05   0.0000000E+00   0.0000000E+00   0.0000000E+00   0.0000000E+00   0.0000000E+00
   1.5902359E-01   3.4298858E+05   3.4298858E+05   4.2709480E+00   5.5015832E-02   2.8895792E+02   3.4122706E+05   3.4298858E+05   0.0000000E+00   0.0000000E+00   0.0000000E+00   0.0000000E+00   0.0000000E+00
   1.6434196E-01   3.2868020E+05   3.2868020E+05   3.9002038E+00   4.9320857E-02   2.7540451E+02   3.2699200E+05   3.2868020E+05   0.0000000E+00   0.0000000E+00   0.0000000E+00   0.0000000E+00   0.0000000E+00
   1.6983791E-01   3.1686465E+05   3.1686465E+05   3.6054945E+00   4.4443551E-02   2.6323030E+02   3.1523699E+05   3.1686465E+05   0.0000000E+00   0.0000000E+00   0.0000000E+00   0.0000000E+00   0.0000000E+00
   1.7551752E-01   3.0647265E+05   3.0647265E+05   3.1372693E+00   4.0163772E-02   2.5266176E+02   3.0489824E+05   3.0647265E+05   0.0000000E+00   0.0000000E+00   0.0000000E+00   0.0000000E+00   0.0000000E+00
   1.8138702E-01   2.9619911E+05   2.9619911E+05   2.9227810E+00   3.6284434E-02   2.4409955E+02   2.9467735E+05   2.9619911E+05   0.0000000E+00   0.0000000E+00   0.0000000E+00   0.0000000E+00   0.0000000E+00
   1.8745280E-01   2.8493825E+05   2.8493825E+05   2.5343125E+00   3.2660442E-02   2.3325861E+02   2.8347423E+05   2.8493825E+05   0.0000000E+00   0.0000000E+00   0.0000000E+00   0.0000000E+00   0.0000000E+00
   1.9372142E-01   2.7218020E+05   2.7218020E+05   2.2887598E+00   2.9227870E-02   2.2142168E+02   2.7078164E+05   2.7218020E+05   0.0000000E+00   0.0000000E+00   0.0000000E+00   0.0000000E+00   0.0000000E+00
   2.0019967E-01   2.5820378E+05   2.5820378E+05   2.0346232E+00   2.6003473E-02   2.0911897E+02   2.5687694E+05   2.5820378E+05   0.0000000E+00   0.0000000E+00   0.0000000E+00   0.0000000E+00   0.0000000E+00
   2.0689460E-01   2.4395713E+05   2.4395713E+05   1.7866783E+00   2.3049604E-02   1.9716841E+02   2.4270342E+05   2.4395713E+05   0.0000000E+00   0.0000000E+00   0.0000000E+00   0.0000000E+00   0.0000000E+00
   2.1381352E-01   2.3064127E+05   2.3064127E+05   1.6311043E+00   2.0434794E-02   1.8593599E+02   2.2945592E+05   2.3064127E+05   0.0000000E+00   0.0000000E+00   0.0000000E+00   0.0000000E+00   0.0000000E+00
   2.2096410E-01   2.1915831E+05   2.1915831E+05   1.4214678E+00   1.8188571E-02   1.7561949E+02   2.1803191E+05   2.1915831E+05   0.0000000E+00   0.0000000E+00   0.0000000E+00   0.0000000E+00   0.0000000E+00
   2.2835440E-01   2.0968308E+05   2.0968308E+05   1.3071944E+00   1.6280880E-02   1.6761838E+02   2.0860532E+05   2.0968308E+05   0.0000000E+00   0.0000000E+00   0.0000000E+00   0.0000000E+00   0.0000000E+00
   2.3599293E-01   2.0159230E+05   2.0159230E+05   1.1730140E+00   1.4634553E-02   1.6081121E+02   2.0055607E+05   2.0159230E+05   0.0000000E+00   0.0000000E+00   0.0000000E+00   0.0000000E+00   0.0000000E+00
   2.4388872E-01   1.9382060E+05   1.9382060E+05   1.0567970E+00   1.3157469E-02   1.5409095E+02   1.9282428E+05   1.9382060E+05   0.0000000E+00   0.0000000E+00   0.0000000E+00   0.0000000E+00   0.0000000E+00
   2.5205143E-01   1.8547018E+05   1.8547018E+05   9.3049976E-01   1.1785629E-02   1.4683985E+02   1.8451674E+05   1.8547018E+05   0.0000000E+00   0.0000000E+00   0.0000000E+00   0.0000000E+00   0.0000000E+00
   2.6049139E-01   1.7632087E+05   1.7632087E+05   8.3450884E-01   1.0497862E-02   1.3950073E+02   1.7541443E+05   1.7632087E+05   0.0000000E+00   0.0000000E+00   0.0000000E+00   0.0000000E+00   0.0000000E+00
   2.6921975E-01   1.6690962E+05   1.6690962E+05   7.2899946E-01   9.3151407E-03   1.3164487E+02   1.6605153E+05   1.6690962E+05   0.0000000E+00   0.0000000E+00   0.0000000E+00   0.0000000E+00   0.0000000E+00
   2.7824862E-01   1.5810671E+05   1.5810671E+05   6.4655472E-01   8.2676966E-03   1.2437082E+02   1.5729385E+05   1.5810671E+05   0.0000000E+00   0.0000000E+00   0.0000000E+00   0.0000000E+00   0.0000000E+00
   2.8759115E-01   1.5047179E+05   1.5047179E+05   5.7885096E-01   7.3650645E-03   1.1817440E+02   1.4969815E+05   1.5047179E+05   0.0000000E+00   0.0000000E+00   0.0000000E+00   0.0000000E+00   0.0000000E+00
   2.9726174E-01   1.4386479E+05   1.4386479E+05   5.2374934E-01   6.5856443E-03   1.1266759E+02   1.4312509E+05   1.4386479E+05   0.0000000E+00   0.0000000E+00   0.0000000E+00   0.0000000E+00   0.0000000E+00
   3.0727626E-01   1.3762105E+05   1.3762105E+05   4.6819409E-01   5.8917286E-03   1.0763154E+02   1.3691344E+05   1.3762105E+05   0.0000000E+00   0.0000000E+00   0.0000000E+00   0.0000000E+00   0.0000000E+00
   3.1765220E-01   1.3114681E+05   1.3114681E+05   4.1711858E-01   5.2534360E-03   1.0238189E+02   1.3047246E+05   1.3114681E+05   0.0000000E+00   0.0000000E+00   0.0000000E+00   0.0000000E+00   0.0000000E+00
   3.2840901E-01   1.2441071E+05   1.2441071E+05   3.7044651E-01   4.6654536E-03   9.6896648E+01   1.2377099E+05   1.2441071E+05   0.0000000E+00   0.0000000E+00   0.0000000E+00   0.0000000E+00   0.0000000E+00
   3.3956838E-01   1.1788000E+05   1.1788000E+05   3.2656274E-01   4.1370417E-03   9.1737211E+01   1.1727384E+05   1.1788000E+05   0.0000000E+00   0.0000000E+00   0.0000000E+00   0.0000000E+00   0.0000000E+00
   3.5115463E-01   1.1198033E+05   1.1198033E+05   2.8971950E-01   3.6751194E-03   8.6987287E+01   1.1140449E+05   1.1198033E+05   0.0000000E+00   0.0000000E+00   0.0000000E+00   0.0000000E+00   0.0000000E+00
   3.6319516E-01   1.0665540E+05   1.0665540E+05   2.5946398E-01   3.2707701E-03   8.2711969E+01   1.0610694E+05   1.0665540E+05   0.0000000E+00   0.0000000E+00   0.0000000E+00   0.0000000E+00   0.0000000E+00
   3.7572102E-01   1.0150047E+05   1.0150047E+05   2.2929921E-01   2.9079391E-03   7.8623418E+01   1.0097850E+05   1.0150047E+05   0.0000000E+00   0.0000000E+00   0.0000000E+00   0.0000000E+00   0.0000000E+00
   3.8876758E-01   9.6278227E+04   9.6278227E+04   2.0332185E-01   2.5768081E-03   7.4499202E+01   9.5783108E+04   9.6278227E+04   0.0000000E+00   0.0000000E+00   0.0000000E+00   0.0000000E+00   0.0000000E+00
   4.0237535E-01   9.1158044E+04   9.1158044E+04   1.8029974E-01   2.2783146E-03   7.0405310E+01   9.0689245E+04   9.1158044E+04   0.0000000E+00   0.0000000E+00   0.0000000E+00   0.0000000E+00   0.0000000E+00
   4.1659105E-01   8.6394331E+04   8.6394331E+04   1.5941357E-01   2.0144403E-03   6.6668870E+01   8.5950023E+04   8.6394331E+04   0.0000000E+00   0.0000000E+00   0.0000000E+00   0.0000000E+00   0.0000000E+00
   4.3146887E-01   8.1944266E+04   8.1944266E+04   1.4053218E-01   1.7805627E-03   6.3169865E+01   8.1522837E+04   8.1944266E+04   0.0000000E+00   0.0000000E+00   0.0000000E+00   0.0000000E+00   0.0000000E+00
   4.4707209E-01   7.7588692E+04   7.7588692E+04   1.2399202E-01   1.5703201E-03   5.9761555E+01   7.7189656E+04   7.7588692E+04   0.0000000E+00   0.0000000E+00   0.0000000E+00   0.0000000E+00   0.0000000E+00
   4.6347520E-01   7.3300244E+04   7.3300244E+04   1.0910333E-01   1.3806827E-03   5.6400651E+01   7.2923259E+04   7.3300244E+04   0.0000000E+00   0.0000000E+00   0.0000000E+00   0.0000000E+00   0.0000000E+00
   4.8076647E-01   6.9214808E+04   6.9214808E+04   9.5680353E-02   1.2116340E-03   5.3207126E+01   6.8858830E+04   6.9214808E+04   0.0000000E+00   0.0000000E+00   0.0000000E+00   0.0000000E+00   0.0000000E+00
   4.9905137E-01   6.5325766E+04   6.5325766E+04   8.3851479E-02   1.0613158E-03   5.0163914E+01   6.4989784E+04   6.5325766E+04   0.0000000E+00   0.0000000E+00   0.0000000E+00   0.0000000E+00   0.0000000E+00
   5.1845692E-01   6.1524917E+04   6.1524917E+04   7.3171101E-02   9.2615994E-04   4.7206893E+01   6.1208480E+04   6.1524917E+04   0.0000000E+00   0.0000000E+00   0.0000000E+00   0.0000000E+00   0.0000000E+00
   5.3913728E-01   5.7830779E+04   5.7830779E+04   6.3596707E-02   8.0505639E-04   4.4338615E+01   5.7533337E+04   5.7830779E+04   0.0000000E+00   0.0000000E+00   0.0000000E+00   0.0000000E+00   0.0000000E+00
   5.6128102E-01   5.4277549E+04   5.4277549E+04   5.5086198E-02   6.9718818E-04   4.1568598E+01   5.3998379E+04   5.4277549E+04   0.0000000E+00   0.0000000E+00   0.0000000E+00   0.0000000E+00   0.0000000E+00
   5.8512028E-01   5.0811408E+04   5.0811408E+04   4.7463762E-02   6.0053890E-04   3.8894392E+01   5.0550064E+04   5.0811408E+04   0.0000000E+00   0.0000000E+00   0.0000000E+00   0.0000000E+00   0.0000000E+00
   6.1094222E-01   4.7432120E+04   4.7432120E+04   4.0638143E-02   5.1421234E-04   3.6286013E+01   4.7188154E+04   4.7432120E+04   0.0000000E+00   0.0000000E+00   0.0000000E+00   0.0000000E+00   0.0000000E+00
   6.3910256E-01   4.4141389E+04   4.4141389E+04   3.4554309E-02   4.3728467E-04   3.3750275E+01   4.3914347E+04   4.4141389E+04   0.0000000E+00   0.0000000E+00   0.0000000E+00   0.0000000E+00   0.0000000E+00
   6.7004008E-01   4.0917931E+04   4.0917931E+04   2.9140367E-02   3.6881965E-04   3.1255494E+01   4.0707467E+04   4.0917931E+04   0.0000000E+00   0.0000000E+00   0.0000000E+00   0.0000000E+00   0.0000000E+00
   7.0428881E-01   3.7765513E+04   3.7765513E+04   2.4344640E-02   3.0808710E-04   2.8843620E+01   3.7571261E+04   3.7765513E+04   0.0000000E+00   0.0000000E+00   0.0000000E+00   0.0000000E+00   0.0000000E+00
   7.4248026E-01   3.4678256E+04   3.4678256E+04   2.0112819E-02   2.5456956E-04   2.6453899E+01   3.4499882E+04   3.4678256E+04   0.0000000E+00   0.0000000E+00   0.0000000E+00   0.0000000E+00   0.0000000E+00
   7.8532265E-01   3.1663955E+04   3.1663955E+04   1.6415553E-02   2.0777214E-04   2.4147065E+01   3.1501084E+04   3.1663955E+04   0.0000000E+00   0.0000000E+00   0.0000000E+00   0.0000000E+00   0.0000000E+00
   8.3354062E-01   2.8737172E+04   2.8737172E+04   1.3224455E-02   1.6738726E-04   2.1902596E+01   2.8589355E+04   2.8737172E+04   0.0000000E+00   0.0000000E+00   0.0000000E+00   0.0000000E+00   0.0000000E+00
   8.8776942E-01   2.5924029E+04   2.5924029E+04   1.0516825E-02   1.3311058E-04   1.9752873E+01   2.5790681E+04   2.5924029E+04   0.0000000E+00   0.0000000E+00   0.0000000E+00   0.0000000E+00   0.0000000E+00
   9.4843506E-01   2.3258894E+04   2.3258894E+04   8.2671053E-03   1.0464775E-04   1.7709189E+01   2.3139254E+04   2.3258894E+04   0.0000000E+00   0.0000000E+00   0.0000000E+00   0.0000000E+00   0.0000000E+00
   1.0156979E+00   2.0775467E+04   2.0775467E+04   6.4386934E-03   8.1499031E-05   1.5814441E+01   2.0668601E+04   2.0775467E+04   0.0000000E+00   0.0000000E+00   0.0000000E+00   0.0000000E+00   0.0000000E+00
   1.0895234E+00   1.8497719E+04   1.8497719E+04   4.9821666E-03   6.3067392E-05   1.4074529E+01   1.8402569E+04   1.8497719E+04   0.0000000E+00   0.0000000E+00   0.0000000E+00   0.0000000E+00   0.0000000E+00
   1.1698440E+00   1.6435443E+04   1.6435443E+04   3.8396852E-03   4.8605916E-05   1.2500512E+01   1.6350900E+04   1.6435443E+04   0.0000000E+00   0.0000000E+00   0.0000000E+00   0.0000000E+00   0.0000000E+00
   1.2567006E+00   1.4584408E+04   1.4584408E+04   2.9525180E-03   3.7376904E-05   1.1089902E+01   1.4509387E+04   1.4584408E+04   0.0000000E+00   0.0000000E+00   0.0000000E+00   0.0000000E+00   0.0000000E+00
   1.3502968E+00   1.2931026E+04   1.2931026E+04   2.2674568E-03   2.8705723E-05   9.8305784E+00   1.2864509E+04   1.2931026E+04   0.0000000E+00   0.0000000E+00   0.0000000E+00   0.0000000E+00   0.0000000E+00
   1.4509838E+00   1.1458397E+04   1.1458397E+04   1.7402950E-03   2.2028804E-05   8.7093800E+00   1.1399455E+04   1.1458397E+04   0.0000000E+00   0.0000000E+00   0.0000000E+00   0.0000000E+00   0.0000000E+00
   1.5592221E+00   1.0148522E+04   1.0148522E+04   1.3350042E-03   1.6897073E-05   7.7112963E+00   1.0096318E+04   1.0148522E+04   0.0000000E+00   0.0000000E+00   0.0000000E+00   0.0000000E+00   0.0000000E+00
   1.6755480E+00   8.9844572E+03   8.9844572E+03   1.0232697E-03   1.2954119E-05   6.8266895E+00   8.9382411E+03   8.9844572E+03   0.0000000E+00   0.0000000E+00   0.0000000E+00   0.0000000E+00   0.0000000E+00
   1.8005560E+00   7.9506102E+03   7.9506102E+03   7.8410355E-04   9.9273262E-06   6.0405616E+00   7.9097121E+03   7.9506102E+03   0.0000000E+00   0.0000000E+00   0.0000000E+00   0.0000000E+00   0.0000000E+00
   1.9348914E+00   7.0329286E+03   7.0329286E+03   6.0061661E-04   7.6049825E-06   5.3414457E+00   6.9967510E+03   7.0329286E+03   0.0000000E+00   0.0000000E+00   0.0000000E+00   0.0000000E+00   0.0000000E+00
   2.0792494E+00   6.2187499E+03   6.2187499E+03   4.5989324E-04   5.8234018E-06   4.7232919E+00   6.1867604E+03   6.2187499E+03   0.0000000E+00   0.0000000E+00   0.0000000E+00   0.0000000E+00   0.0000000E+00
   2.2343777E+00   5.4967775E+03   5.4967775E+03   3.5201210E-04   4.4578186E-06   4.1741370E+00   5.4685019E+03   5.4967775E+03   0.0000000E+00   0.0000000E+00   0.0000000E+00   0.0000000E+00   0.0000000E+00
   2.4010798E+00   4.8568536E+03   4.8568536E+03   2.6934007E-04   3.4110919E-06   3.6881032E+00   4.8318698E+03   4.8568536E+03   0.0000000E+00   0.0000000E+00   0.0000000E+00   0.0000000E+00   0.0000000E+00
   2.5802191E+00   4.2899143E+03   4.2899143E+03   2.0601176E-04   2.6093104E-06   3.2574544E+00   4.2678468E+03   4.2899143E+03   0.0000000E+00   0.0000000E+00   0.0000000E+00   0.0000000E+00   0.0000000E+00
   2.7727237E+00   3.7878590E+03   3.7878590E+03   1.5752005E-04   1.9953330E-06   2.8760046E+00   3.7683741E+03   3.7878590E+03   0.0000000E+00   0.0000000E+00   0.0000000E+00   0.0000000E+00   0.0000000E+00
   2.9795906E+00   3.3434499E+03   3.3434499E+03   1.2055549E-04   1.5253885E-06   2.5379597E+00   3.3262510E+03   3.3434499E+03   0.0000000E+00   0.0000000E+00   0.0000000E+00   0.0000000E+00   0.0000000E+00
   3.2018914E+00   2.9502295E+03   2.9502295E+03   9.2010961E-05   1.1656994E-06   2.2397164E+00   2.9350534E+03   2.9502295E+03   0.0000000E+00   0.0000000E+00   0.0000000E+00   0.0000000E+00   0.0000000E+00
   3.4407775E+00   2.6024404E+03   2.6024404E+03   7.0281246E-05   8.9060926E-07   1.9754138E+00   2.5890533E+03   2.6024404E+03   0.0000000E+00   0.0000000E+00   0.0000000E+00   0.0000000E+00   0.0000000E+00
   3.6974865E+00   2.2949524E+03   2.2949524E+03   5.3669010E-05   6.8021032E-07   1.7422171E+00   2.2831470E+03   2.2949524E+03   0.0000000E+00   0.0000000E+00   0.0000000E+00   0.0000000E+00   0.0000000E+00
   3.9733479E+00   2.0231972E+03   2.0231972E+03   4.0970810E-05   5.1939301E-07   1.5359710E+00   2.0127897E+03   2.0231972E+03   0.0000000E+00   0.0000000E+00   0.0000000E+00   0.0000000E+00   0.0000000E+00
   4.2697908E+00   1.7831094E+03   1.7831094E+03   3.1261932E-05   3.9649465E-07   1.3536173E+00   1.7739369E+03   1.7831094E+03   0.0000000E+00   0.0000000E+00   0.0000000E+00   0.0000000E+00   0.0000000E+00
   4.5883506E+00   1.5710732E+03   1.5710732E+03   2.3850741E-05   3.0260709E-07   1.1924999E+00   1.5629915E+03   1.5710732E+03   0.0000000E+00   0.0000000E+00   0.0000000E+00   0.0000000E+00   0.0000000E+00
   4.9306774E+00   1.3838751E+03   1.3838751E+03   1.8199233E-05   2.3089787E-07   1.0504337E+00   1.3767563E+03   1.3838751E+03   0.0000000E+00   0.0000000E+00   0.0000000E+00   0.0000000E+00   0.0000000E+00
   5.2985446E+00   1.2186600E+03   1.2186600E+03   1.3878830E-05   1.7614044E-07   9.2503922E-01   1.2123912E+03   1.2186600E+03   0.0000000E+00   0.0000000E+00   0.0000000E+00   0.0000000E+00   0.0000000E+00
   5.6938575E+00   1.0728933E+03   1.0728933E+03   1.0580900E-05   1.3434377E-07   8.1433968E-01   1.0673743E+03   1.0728933E+03   0.0000000E+00   0.0000000E+00   0.0000000E+00   0.0000000E+00   0.0000000E+00
   6.1186638E+00   9.4432565E+02   9.4432565E+02   8.0654123E-06   1.0244632E-07   7.1668632E-01   9.3946796E+02   9.4432565E+02   0.0000000E+00   0.0000000E+00   0.0000000E+00   0.0000000E+00   0.0000000E+00
   6.5751640E+00   8.3096196E+02   8.3096196E+02   6.1455256E-06   7.8108150E-08   6.3070243E-01   8.2668742E+02   8.3096196E+02   0.0000000E+00   0.0000000E+00   0.0000000E+00   0.0000000E+00   0.0000000E+00
   7.0657228E+00   7.3103363E+02   7.3103363E+02   4.6816935E-06   5.9543459E-08   5.5485127E-01   7.2727313E+02   7.3103363E+02   0.0000000E+00   0.0000000E+00   0.0000000E+00   0.0000000E+00   0.0000000E+00
   7.5928810E+00   6.4297348E+02   6.4297348E+02   3.5662008E-06   4.5385626E-08   4.8797208E-01   6.3966597E+02   6.4297348E+02   0.0000000E+00   0.0000000E+00   0.0000000E+00   0.0000000E+00   0.0000000E+00
   8.1593693E+00   5.6539347E+02   5.6539347E+02   2.7152824E-06   3.4589392E-08   4.2910836E-01   5.6248504E+02   5.6539347E+02   0.0000000E+00   0.0000000E+00   0.0000000E+00   0.0000000E+00   0.0000000E+00
