#           k/h    CDM            baryon         photon         nu             mass_nu        total          no_nu          total_de       Weyl           v_CDM          v_b            v_b-v_c     
   1.0814482E-05   1.3763843E+07   1.3763843E+07   1.8345418E+07   1.0343457E+04   7.6050582E+06   1.3763877E+07   1.3763843E+07   0.0000000E+00   0.0000000E+00   0.0000000E+00   0.0000000E+00   0.0000000E+00
   1.1621327E-05   1.3763840E+07   1.3763840E+07   1.8344429E+07   1.0343098E+04   7.6049626E+06   1.3763874E+07   1.3763840E+07   0.0000000E+00   0.0000000E+00   0.0000000E+00   0.0000000E+00   0.0000000E+00
   1.2488369E-05   1.3763837E+07   1.3763837E+07   1.8343286E+07   1.0342685E+04   7.6048522E+06   1.3763871E+07   1.3763837E+07   0.0000000E+00   0.0000000E+00   0.0000000E+00   0.0000000E+00   0.0000000E+00
   1.3420099E-05   1.3763834E+07   1.3763834E+07   1.8341966E+07   1.0342207E+04   7.6047247E+06   1.3763867E+07   1.3763834E+07   0.0000000E+00   0.0000000E+00   0.0000000E+00   0.0000000E+00   0.0000000E+00
   1.4421343E-05   1.3763830E+07   1.3763830E+07   1.8340443E+07   1.0341655E+04   7.6045776E+06   1.3763863E+07   1.3763830E+07   0.0000000E+00   0.0000000E+00   0.0000000E+00   0.0000000E+00   0.0000000E+00
   1.5497288E-05   1.3763825E+07   1.3763825E+07   1.8338684E+07   1.0341018E+04   7.6044077E+06   1.3763858E+07   1.3763825E+07   0.0000000E+00   0.0000000E+00   0.0000000E+00   0.0000000E+00   0.0000000E+00
   1.6653507E-05   1.3763820E+07   1.3763820E+07   1.8336652E+07   1.0340283E+04   7.6042115E+06   1.3763853E+07   1.3763820E+07   0.0000000E+00   0.0000000E+00   0.0000000E+00   0.0000000E+00   0.0000000E+00
   1.7895989E-05   1.3763813E+07   1.3763813E+07   1.8334307E+07   1.0339434E+04   7.6039850E+06   1.3763846E+07   1.3763813E+07   0.0000000E+00   0.0000000E+00   0.0000000E+00   0.0000000E+00   0.0000000E+00
   1.9231170E-05   1.3763806E+07   1.3763806E+07   1.8331599E+07   1.0338453E+04   7.6037235E+06   1.3763839E+07   1.3763806E+07   0.0000000E+00   0.0000000E+00   0.0000000E+00   0.0000000E+00   0.0000000E+00
   2.0665966E-05   1.3763798E+07   1.3763798E+07   1.8328472E+07   1.0337321E+04   7.6034215E+06   1.3763830E+07   1.3763798E+07   0.0000000E+00   0.0000000E+00   0.0000000E+00   0.0000000E+00   0.0000000E+00
   2.2207809E-05   1.3763789E+07   1.3763789E+07   1.8324862E+07   1.0336013E+04   7.6030730E+06   1.3763820E+07   1.3763789E+07   0.0000000E+00   0.0000000E+00   0.0000000E+00   0.0000000E+00   0.0000000E+00
   2.3864685E-05   1.3763778E+07   1.3763778E+07   1.8320693E+07   1.0334504E+04   7.6026706E+06   1.3763809E+07   1.3763778E+07   0.0000000E+00   0.0000000E+00   0.0000000E+00   0.0000000E+00   0.0000000E+00
   2.5645178E-05   1.3763765E+07   1.3763765E+07   1.8315881E+07   1.0332761E+04   7.6022061E+06   1.3763795E+07   1.3763765E+07   0.0000000E+00   0.0000000E+00   0.0000000E+00   0.0000000E+00   0.0000000E+00
   2.7558509E-05   1.3763750E+07   1.3763750E+07   1.8310326E+07   1.0330749E+04   7.6016700E+06   1.3763780E+07   1.3763750E+07   0.0000000E+00   0.0000000E+00   0.0000000E+00   0.0000000E+00   0.0000000E+00
   2.9614589E-05   1.3763733E+07   1.3763733E+07   1.8303912E+07   1.0328426E+04   7.6010511E+06   1.3763762E+07   1.3763733E+07   0.0000000E+00   0.0000000E+00   0.0000000E+00   0.0000000E+00   0.0000000E+00
   3.1824069E-05   1.3763714E+07   1.3763714E+07   1.8296509E+07   1.0325745E+04   7.6003369E+06   1.3763742E+07   1.3763714E+07   0.0000000E+00   0.0000000E+00   0.0000000E+00   0.0000000E+00   0.0000000E+00
   3.4198394E-05   1.3763691E+07   1.3763691E+07   1.8287963E+07   1.0322649E+04   7.5995126E+06   1.3763718E+07   1.3763691E+07   0.0000000E+00   0.0000000E+00   0.0000000E+00   0.0000000E+00   0.0000000E+00
   3.6749862E-05   1.3763665E+07   1.3763665E+07   1.8278099E+07   1.0319075E+04   7.5985615E+06   1.3763691E+07   1.3763665E+07   0.0000000E+00   0.0000000E+00   0.0000000E+00   0.0000000E+00   0.0000000E+00
   3.9491689E-05   1.3763635E+07   1.3763635E+07   1.8266714E+07   1.0314950E+04   7.5974642E+06   1.3763659E+07   1.3763635E+07   0.0000000E+00   0.0000000E+00   0.0000000E+00   0.0000000E+00   0.0000000E+00
   4.2438079E-05   1.3763600E+07   1.3763600E+07   1.8253576E+07   1.0310188E+04   7.5961982E+06   1.3763623E+07   1.3763600E+07   0.0000000E+00   0.0000000E+00   0.0000000E+00   0.0000000E+00   0.0000000E+00
   4.5604292E-05   1.3763560E+07   1.3763560E+07   1.8238415E+07   1.0304693E+04   7.5947380E+06   1.3763581E+07   1.3763560E+07   0.0000000E+00   0.0000000E+00   0.0000000E+00   0.0000000E+00   0.0000000E+00
   4.9006729E-05   1.3763514E+07   1.3763514E+07   1.8220922E+07   1.0298351E+04   7.5930541E+06   1.3763532E+07   1.3763514E+07   0.0000000E+00   0.0000000E+00   0.0000000E+00   0.0000000E+00   0.0000000E+00
   5.2663014E-05   1.3763461E+07   1.3763461E+07   1.8200742E+07   1.0291034E+04   7.5911125E+06   1.3763476E+07   1.3763461E+07   0.0000000E+00   0.0000000E+00   0.0000000E+00   0.0000000E+00   0.0000000E+00
   5.6592087E-05   1.3763399E+07   1.3763399E+07   1.8177464E+07   1.0282591E+04   7.5888743E+06   1.3763412E+07   1.3763399E+07   0.0000000E+00   0.0000000E+00   0.0000000E+00   0.0000000E+00   0.0000000E+00
   6.0814300E-05   1.3763328E+07   1.3763328E+07   1.8150619E+07   1.0272850E+04   7.5862951E+06   1.3763337E+07   1.3763328E+07   0.0000000E+00   0.0000000E+00   0.0000000E+00   0.0000000E+00   0.0000000E+00
   6.5351523E-05   1.3763246E+07   1.3763246E+07   1.8119665E+07   1.0261616E+04   7.5833237E+06   1.3763251E+07   1.3763246E+07   0.0000000E+00   0.0000000E+00   0.0000000E+00   0.0000000E+00   0.0000000E+00
   7.0227258E-05   1.3763151E+07   1.3763151E+07   1.8083981E+07   1.0248659E+04   7.5799018E+06   1.3763151E+07   1.3763151E+07   0.0000000E+00   0.0000000E+00   0.0000000E+00   0.0000000E+00   0.0000000E+00
   7.5466761E-05   1.3763041E+07   1.3763041E+07   1.8042858E+07   1.0233721E+04   7.5759629E+06   1.3763036E+07   1.3763041E+07   0.0000000E+00   0.0000000E+00   0.0000000E+00   0.0000000E+00   0.0000000E+00
   8.1097173E-05   1.3762915E+07   1.3762915E+07   1.7995480E+07   1.0216500E+04   7.5714309E+06   1.3762904E+07   1.3762915E+07   0.0000000E+00   0.0000000E+00   0.0000000E+00   0.0000000E+00   0.0000000E+00
   8.7147657E-05   1.3762769E+07   1.3762769E+07   1.7940914E+07   1.0196656E+04   7.5662196E+06   1.3762751E+07   1.3762769E+07   0.0000000E+00   0.0000000E+00   0.0000000E+00   0.0000000E+00   0.0000000E+00
   9.3649554E-05   1.3762601E+07   1.3762601E+07   1.7878098E+07   1.0173794E+04   7.5602311E+06   1.3762574E+07   1.3762601E+07   0.0000000E+00   0.0000000E+00   0.0000000E+00   0.0000000E+00   0.0000000E+00
   1.0063654E-04   1.3762406E+07   1.3762406E+07   1.7805819E+07   1.0147466E+04   7.5533548E+06   1.3762370E+07   1.3762406E+07   0.0000000E+00   0.0000000E+00   0.0000000E+00   0.0000000E+00   0.0000000E+00
   1.0814482E-04   1.3762182E+07   1.3762182E+07   1.7722696E+07   1.0117159E+04   7.5454660E+06   1.3762135E+07   1.3762182E+07   0.0000000E+00   0.0000000E+00   0.0000000E+00   0.0000000E+00   0.0000000E+00
   1.1621327E-04   1.3761923E+07   1.3761923E+07   1.7627164E+07   1.0082289E+04   7.5364249E+06   1.3761864E+07   1.3761923E+07   0.0000000E+00   0.0000000E+00   0.0000000E+00   0.0000000E+00   0.0000000E+00
   1.2488369E-04   1.3761625E+07   1.3761625E+07   1.7517454E+07   1.0042191E+04   7.5260755E+06   1.3761551E+07   1.3761625E+07   0.0000000E+00   0.0000000E+00   0.0000000E+00   0.0000000E+00   0.0000000E+00
   1.3420099E-04   1.3761280E+07   1.3761280E+07   1.7391568E+07   9.9961134E+03   7.5142447E+06   1.3761189E+07   1.3761280E+07   0.0000000E+00   0.0000000E+00   0.0000000E+00   0.0000000E+00   0.0000000E+00
   1.4421343E-04   1.3760883E+07   1.3760883E+07   1.7247266E+07   9.9432031E+03   7.5007420E+06   1.3760773E+07   1.3760883E+07   0.0000000E+00   0.0000000E+00   0.0000000E+00   0.0000000E+00   0.0000000E+00
   1.5497288E-04   1.3760425E+07   1.3760425E+07   1.7082042E+07   9.8825004E+03   7.4853594E+06   1.3760293E+07   1.3760425E+07   0.0000000E+00   0.0000000E+00   0.0000000E+00   0.0000000E+00   0.0000000E+00
   1.6653507E-04   1.3759897E+07   1.3759897E+07   1.6893115E+07   9.8129283E+03   7.4678727E+06   1.3759739E+07   1.3759897E+07   0.0000000E+00   0.0000000E+00   0.0000000E+00   0.0000000E+00   0.0000000E+00
   1.7895989E-04   1.3759289E+07   1.3759289E+07   1.6677418E+07   9.7332842E+03   7.4480435E+06   1.3759101E+07   1.3759289E+07   0.0000000E+00   0.0000000E+00   0.0000000E+00   0.0000000E+00   0.0000000E+00
   1.9231170E-04   1.3758588E+07   1.3758588E+07   1.6431595E+07   9.6422332E+03   7.4256228E+06   1.3758366E+07   1.3758588E+07   0.0000000E+00   0.0000000E+00   0.0000000E+00   0.0000000E+00   0.0000000E+00
   2.0665966E-04   1.3757781E+07   1.3757781E+07   1.6152019E+07   9.5383045E+03   7.4003570E+06   1.3757519E+07   1.3757781E+07   0.0000000E+00   0.0000000E+00   0.0000000E+00   0.0000000E+00   0.0000000E+00
   2.2207809E-04   1.3756851E+07   1.3756851E+07   1.5834814E+07   9.4198914E+03   7.3719963E+06   1.3756544E+07   1.3756851E+07   0.0000000E+00   0.0000000E+00   0.0000000E+00   0.0000000E+00   0.0000000E+00
   2.3864685E-04   1.3755782E+07   1.3755782E+07   1.5475914E+07   9.2852575E+03   7.3403066E+06   1.3755422E+07   1.3755782E+07   0.0000000E+00   0.0000000E+00   0.0000000E+00   0.0000000E+00   0.0000000E+00
   2.5645178E-04   1.3754551E+07   1.3754551E+07   1.5071148E+07   9.1325514E+03   7.3050855E+06   1.3754132E+07   1.3754551E+07   0.0000000E+00   0.0000000E+00   0.0000000E+00   0.0000000E+00   0.0000000E+00
   2.7558509E-04   1.3753137E+07   1.3753137E+07   1.4616360E+07   8.9598326E+03   7.2661831E+06   1.3752648E+07   1.3753137E+07   0.0000000E+00   0.0000000E+00   0.0000000E+00   0.0000000E+00   0.0000000E+00
   2.9614589E-04   1.3751512E+07   1.3751512E+07   1.4107590E+07   8.7651118E+03   7.2235282E+06   1.3750944E+07   1.3751512E+07   0.0000000E+00   0.0000000E+00   0.0000000E+00   0.0000000E+00   0.0000000E+00
   3.1824069E-04   1.3749647E+07   1.3749647E+07   1.3541310E+07   8.5464108E+03   7.1771595E+06   1.3748988E+07   1.3749647E+07   0.0000000E+00   0.0000000E+00   0.0000000E+00   0.0000000E+00   0.0000000E+00
   3.4198394E-04   1.3747508E+07   1.3747508E+07   1.2914733E+07   8.3018451E+03   7.1272630E+06   1.3746744E+07   1.3747508E+07   0.0000000E+00   0.0000000E+00   0.0000000E+00   0.0000000E+00   0.0000000E+00
   3.6749862E-04   1.3745057E+07   1.3745057E+07   1.2226209E+07   8.0297349E+03   7.0742112E+06   1.3744173E+07   1.3745057E+07   0.0000000E+00   0.0000000E+00   0.0000000E+00   0.0000000E+00   0.0000000E+00
   3.9491689E-04   1.3742251E+07   1.3742251E+07   1.1475694E+07   7.7287479E+03   7.0186030E+06   1.3741229E+07   1.3742251E+07   0.0000000E+00   0.0000000E+00   0.0000000E+00   0.0000000E+00   0.0000000E+00
   4.2438079E-04   1.3739043E+07   1.3739043E+07   1.0665313E+07   7.3980775E+03   6.9612975E+06   1.3737864E+07   1.3739043E+07   0.0000000E+00   0.0000000E+00   0.0000000E+00   0.0000000E+00   0.0000000E+00
   4.5604292E-04   1.3735380E+07   1.3735380E+07   9.7999640E+06   7.0376556E+03   6.9034315E+06   1.3734022E+07   1.3735380E+07   0.0000000E+00   0.0000000E+00   0.0000000E+00   0.0000000E+00   0.0000000E+00
   4.9006729E-04   1.3731204E+07   1.3731204E+07   8.8879495E+06   6.6483956E+03   6.8464089E+06   1.3729641E+07   1.3731204E+07   0.0000000E+00   0.0000000E+00   0.0000000E+00   0.0000000E+00   0.0000000E+00
   5.2663014E-04   1.3726449E+07   1.3726449E+07   7.9415374E+06   6.2324527E+03   6.7918428E+06   1.3724653E+07   1.3726449E+07   0.0000000E+00   0.0000000E+00   0.0000000E+00   0.0000000E+00   0.0000000E+00
   5.6592087E-04   1.3721044E+07   1.3721044E+07   6.9773477E+06   5.7934789E+03   6.7414295E+06   1.3718985E+07   1.3721044E+07   0.0000000E+00   0.0000000E+00   0.0000000E+00   0.0000000E+00   0.0000000E+00
   6.0814300E-04   1.3714913E+07   1.3714913E+07   6.0164029E+06   5.3368359E+03   6.6967352E+06   1.3712555E+07   1.3714913E+07   0.0000000E+00   0.0000000E+00   0.0000000E+00   0.0000000E+00   0.0000000E+00
   6.5351523E-04   1.3707969E+07   1.3707969E+07   5.0836396E+06   4.8697116E+03   6.6588777E+06   1.3705274E+07   1.3707969E+07   0.0000000E+00   0.0000000E+00   0.0000000E+00   0.0000000E+00   0.0000000E+00
   7.0227258E-04   1.3700120E+07   1.3700120E+07   4.2066647E+06   4.4010722E+03   6.6281097E+06   1.3697047E+07   1.3700120E+07   0.0000000E+00   0.0000000E+00   0.0000000E+00   0.0000000E+00   0.0000000E+00
   7.5466761E-04   1.3691266E+07   1.3691266E+07   3.4135667E+06   3.9413695E+03   6.6033408E+06   1.3687769E+07   1.3691266E+07   0.0000000E+00   0.0000000E+00   0.0000000E+00   0.0000000E+00   0.0000000E+00
   8.1097173E-04   1.3681297E+07   1.3681297E+07   2.7297054E+06   3.5019267E+03   6.5816911E+06   1.3677327E+07   1.3681297E+07   0.0000000E+00   0.0000000E+00   0.0000000E+00   0.0000000E+00   0.0000000E+00
   8.7147657E-04   1.3670093E+07   1.3670093E+07   2.1736483E+06   3.0939564E+03   6.5582409E+06   1.3665598E+07   1.3670093E+07   0.0000000E+00   0.0000000E+00   0.0000000E+00   0.0000000E+00   0.0000000E+00
   9.3649554E-04   1.3657522E+07   1.3657522E+07   1.7528037E+06   2.7272300E+03   6.5262087E+06   1.3652449E+07   1.3657522E+07   0.0000000E+00   0.0000000E+00   0.0000000E+00   0.0000000E+00   0.0000000E+00
   1.0063654E-03   1.3643440E+07   1.3643440E+07   1.4598043E+06   2.4085376E+03   6.4778137E+06   1.3637734E+07   1.3643440E+07   0.0000000E+00   0.0000000E+00   0.0000000E+00   0.0000000E+00   0.0000000E+00
   1.0814482E-03   1.3627689E+07   1.3627689E+07   1.2711720E+06   2.1402305E+03   6.4059863E+06   1.3621294E+07   1.3627689E+07   0.0000000E+00   0.0000000E+00   0.0000000E+00   0.0000000E+00   0.0000000E+00
   1.1621327E-03   1.3610094E+07   1.3610094E+07   1.1499548E+06   1.9193039E+03   6.3068013E+06   1.3602955E+07   1.3610094E+07   0.0000000E+00   0.0000000E+00   0.0000000E+00   0.0000000E+00   0.0000000E+00
   1.2488369E-03   1.3590465E+07   1.3590465E+07   1.0534380E+06   1.7375592E+03   6.1819808E+06   1.3582531E+07   1.3590465E+07   0.0000000E+00   0.0000000E+00   0.0000000E+00   0.0000000E+00   0.0000000E+00
   1.3420099E-03   1.3568596E+07   1.3568596E+07   9.4527765E+05   1.5832648E+03   6.0401694E+06   1.3559819E+07   1.3568596E+07   0.0000000E+00   0.0000000E+00   0.0000000E+00   0.0000000E+00   0.0000000E+00
   1.4421343E-03   1.3544268E+07   1.3544268E+07   8.0850697E+05   1.4442902E+03   5.8953273E+06   1.3534608E+07   1.3544268E+07   0.0000000E+00   0.0000000E+00   0.0000000E+00   0.0000000E+00   0.0000000E+00
   1.5497288E-03   1.3517254E+07   1.3517254E+07   6.5290075E+05   1.3119116E+03   5.7612448E+06   1.3506679E+07   1.3517254E+07   0.0000000E+00   0.0000000E+00   0.0000000E+00   0.0000000E+00   0.0000000E+00
   1.6653507E-03   1.3487319E+07   1.3487319E+07   5.0964965E+05   1.1836433E+03   5.6434886E+06   1.3475805E+07   1.3487319E+07   0.0000000E+00   0.0000000E+00   0.0000000E+00   0.0000000E+00   0.0000000E+00
   1.7895989E-03   1.3454225E+07   1.3454225E+07   4.1132828E+05   1.0631933E+03   5.5336337E+06   1.3441755E+07   1.3454225E+07   0.0000000E+00   0.0000000E+00   0.0000000E+00   0.0000000E+00   0.0000000E+00
   1.9231170E-03   1.3417726E+07   1.3417726E+07   3.6636724E+05   9.5673464E+02   5.4126205E+06   1.3404292E+07   1.3417726E+07   0.0000000E+00   0.0000000E+00   0.0000000E+00   0.0000000E+00   0.0000000E+00
   2.0665966E-03   1.3377563E+07   1.3377563E+07   3.4821174E+05   8.6726713E+02   5.2657834E+06   1.3363165E+07   1.3377563E+07   0.0000000E+00   0.0000000E+00   0.0000000E+00   0.0000000E+00   0.0000000E+00
   2.2207809E-03   1.3333467E+07   1.3333467E+07   3.1584775E+05   7.9137458E+02   5.0997107E+06   1.3318106E+07   1.3333467E+07   0.0000000E+00   0.0000000E+00   0.0000000E+00   0.0000000E+00   0.0000000E+00
   2.3864685E-03   1.3285155E+07   1.3285155E+07   2.5462611E+05   7.2200778E+02   4.9403636E+06   1.3268833E+07   1.3285155E+07   0.0000000E+00   0.0000000E+00   0.0000000E+00   0.0000000E+00   0.0000000E+00
   2.5645178E-03   1.3232336E+07   1.3232336E+07   1.9314641E+05   6.5535420E+02   4.8039656E+06   1.3215051E+07   1.3232336E+07   0.0000000E+00   0.0000000E+00   0.0000000E+00   0.0000000E+00   0.0000000E+00
   2.7558509E-03   1.3174714E+07   1.3174714E+07   1.6438050E+05   5.9387431E+02   4.6715924E+06   1.3156459E+07   1.3174714E+07   0.0000000E+00   0.0000000E+00   0.0000000E+00   0.0000000E+00   0.0000000E+00
   2.9614589E-03   1.3111979E+07   1.3111979E+07   1.5564262E+05   5.4071865E+02   4.5139851E+06   1.3092747E+07   1.3111979E+07   0.0000000E+00   0.0000000E+00   0.0000000E+00   0.0000000E+00   0.0000000E+00
   3.1824069E-03   1.3043810E+07   1.3043810E+07   1.3193897E+05   4.9349835E+02   4.3419574E+06   1.3023590E+07   1.3043810E+07   0.0000000E+00   0.0000000E+00   0.0000000E+00   0.0000000E+00   0.0000000E+00
   3.4198394E-03   1.2969871E+07   1.2969871E+07   1.0243045E+05   4.4838671E+02   4.1853990E+06   1.2948654E+07   1.2969871E+07   0.0000000E+00   0.0000000E+00   0.0000000E+00   0.0000000E+00   0.0000000E+00
   3.6749862E-03   1.2889819E+07   1.2889819E+07   9.3979754E+04   4.0677844E+02   4.0254682E+06   1.2867599E+07   1.2889819E+07   0.0000000E+00   0.0000000E+00   0.0000000E+00   0.0000000E+00   0.0000000E+00
   3.9491689E-03   1.2803301E+07   1.2803301E+07   8.3329906E+04   3.6999984E+02   3.8421361E+06   1.2780077E+07   1.2803301E+07   0.0000000E+00   0.0000000E+00   0.0000000E+00   0.0000000E+00   0.0000000E+00
   4.2438079E-03   1.2709951E+07   1.2709951E+07   6.1960742E+04   3.3520371E+02   3.6731918E+06   1.2685731E+07   1.2709951E+07   0.0000000E+00   0.0000000E+00   0.0000000E+00   0.0000000E+00   0.0000000E+00
   4.5604292E-03   1.2609404E+07   1.2609404E+07   5.8553074E+04   3.0294454E+02   3.5046930E+06   1.2584203E+07   1.2609404E+07   0.0000000E+00   0.0000000E+00   0.0000000E+00   0.0000000E+00   0.0000000E+00
   4.9006729E-03   1.2501291E+07   1.2501291E+07   4.9344416E+04   2.7398969E+02   3.3185884E+06   1.2475141E+07   1.2501291E+07   0.0000000E+00   0.0000000E+00   0.0000000E+00   0.0000000E+00   0.0000000E+00
   5.2663014E-03   1.2385248E+07   1.2385248E+07   4.0247577E+04   2.4653828E+02   3.1529632E+06   1.2358195E+07   1.2385248E+07   0.0000000E+00   0.0000000E+00   0.0000000E+00   0.0000000E+00   0.0000000E+00
   5.6592087E-03   1.2260916E+07   1.2260916E+07   3.6017608E+04   2.2194211E+02   2.9740527E+06   1.2233010E+07   1.2260916E+07   0.0000000E+00   0.0000000E+00   0.0000000E+00   0.0000000E+00   0.0000000E+00
   6.0814300E-03   1.2127930E+07   1.2127930E+07   2.9089366E+04   1.9918094E+02   2.8095736E+06   1.2099216E+07   1.2127930E+07   0.0000000E+00   0.0000000E+00   0.0000000E+00   0.0000000E+00   0.0000000E+00
   6.5351523E-03   1.1985920E+07   1.1985920E+07   2.5852941E+04   1.7869180E+02   2.6308031E+06   1.1956435E+07   1.1985920E+07   0.0000000E+00   0.0000000E+00   0.0000000E+00   0.0000000E+00   0.0000000E+00
   7.0227258E-03   1.1834502E+07   1.1834502E+07   2.1758371E+04   1.5947992E+02   2.4684316E+06   1.1804306E+07   1.1834502E+07   0.0000000E+00   0.0000000E+00   0.0000000E+00   0.0000000E+00   0.0000000E+00
   7.5466761E-03   1.1673305E+07   1.1673305E+07   1.7476024E+04   1.4213279E+02   2.3008401E+06   1.1642480E+07   1.1673305E+07   0.0000000E+00   0.0000000E+00   0.0000000E+00   0.0000000E+00   0.0000000E+00
   8.1097173E-03   1.1501968E+07   1.1501968E+07   1.6152512E+04   1.2638980E+02   2.1405474E+06   1.1470594E+07   1.1501968E+07   0.0000000E+00   0.0000000E+00   0.0000000E+00   0.0000000E+00   0.0000000E+00
   8.7147657E-03   1.1320130E+07   1.1320130E+07   1.3553833E+04   1.1201531E+02   1.9885534E+06   1.1288279E+07   1.1320130E+07   0.0000000E+00   0.0000000E+00   0.0000000E+00   0.0000000E+00   0.0000000E+00
   9.3649554E-03   1.1127424E+07   1.1127424E+07   1.0654016E+04   9.9009012E+01   1.8370215E+06   1.1095183E+07   1.1127424E+07   0.0000000E+00   0.0000000E+00   0.0000000E+00   0.0000000E+00   0.0000000E+00
   1.0063654E-02   1.0923487E+07   1.0923487E+07   8.9573013E+03   8.7270334E+01   1.6908225E+06   1.0890950E+07   1.0923487E+07   0.0000000E+00   0.0000000E+00   0.0000000E+00   0.0000000E+00   0.0000000E+00
   1.0814482E-02   1.0707971E+07   1.0707971E+07   7.6739705E+03   7.6689388E+01   1.5509148E+06   1.0675235E+07   1.0707971E+07   0.0000000E+00   0.0000000E+00   0.0000000E+00   0.0000000E+00   0.0000000E+00
   1.1621327E-02   1.0480535E+07   1.0480535E+07   6.5901361E+03   6.7170355E+01   1.4178626E+06   1.0447697E+07   1.0480535E+07   0.0000000E+00   0.0000000E+00   0.0000000E+00   0.0000000E+00   0.0000000E+00
   1.2488369E-02   1.0240859E+07   1.0240859E+07   5.4663757E+03   5.8620593E+01   1.2922807E+06   1.0208025E+07   1.0240859E+07   0.0000000E+00   0.0000000E+00   0.0000000E+00   0.0000000E+00   0.0000000E+00
   1.3420099E-02   9.9886555E+06   9.9886555E+06   4.5424446E+03   5.1009487E+01   1.1733403E+06   9.9559320E+06   9.9886555E+06   0.0000000E+00   0.0000000E+00   0.0000000E+00   0.0000000E+00   0.0000000E+00
   1.4421343E-02   9.7236810E+06   9.7236810E+06   3.9551995E+03   4.4207102E+01   1.0612808E+06   9.6911749E+06   9.7236810E+06   0.0000000E+00   0.0000000E+00   0.0000000E+00   0.0000000E+00   0.0000000E+00
   1.5497288E-02   9.4457631E+06   9.4457631E+06   3.4727413E+03   3.8191690E+01   9.5472154E+05   9.4135854E+06   9.4457631E+06   0.0000000E+00   0.0000000E+00   0.0000000E+00   0.0000000E+00   0.0000000E+00
   1.6653507E-02   9.1548279E+06   9.1548279E+06   2.7489992E+03   3.2861978E+01   8.5572629E+05   9.1230882E+06   9.1548279E+06   0.0000000E+00   0.0000000E+00   0.0000000E+00   0.0000000E+00   0.0000000E+00
   1.7895989E-02   8.8509410E+06   8.8509410E+06   2.3818324E+03   2.8166611E+01   7.6395472E+05   8.8197489E+06   8.8509410E+06   0.0000000E+00   0.0000000E+00   0.0000000E+00   0.0000000E+00   0.0000000E+00
   1.9231170E-02   8.5343551E+06   8.5343551E+06   1.9434939E+03   2.4040392E+01   6.7899470E+05   8.5038185E+06   8.5343551E+06   0.0000000E+00   0.0000000E+00   0.0000000E+00   0.0000000E+00   0.0000000E+00
   2.0665966E-02   8.2055749E+06   8.2055749E+06   1.5877424E+03   2.0436147E+01   6.0027162E+05   8.1757983E+06   8.2055749E+06   0.0000000E+00   0.0000000E+00   0.0000000E+00   0.0000000E+00   0.0000000E+00
   2.2207806E-02   7.8654268E+06   7.8654268E+06   1.3085301E+03   1.7295428E+01   5.2823103E+05   7.8365108E+06   7.8654268E+06   0.0000000E+00   0.0000000E+00   0.0000000E+00   0.0000000E+00   0.0000000E+00
   2.3864664E-02   7.5151433E+06   7.5151433E+06   1.0741353E+03   1.4570737E+01   4.6273962E+05   7.4871810E+06   7.5151433E+06   0.0000000E+00   0.0000000E+00   0.0000000E+00   0.0000000E+00   0.0000000E+00
   2.5645067E-02   7.1564547E+06   7.1564547E+06   8.8132616E+02   1.2219460E+01   4.0359689E+05   7.1295302E+06   7.1564547E+06   0.0000000E+00   0.0000000E+00   0.0000000E+00   0.0000000E+00   0.0000000E+00
   2.7558006E-02   6.7916906E+06   6.7916906E+06   7.6645007E+02   1.0201372E+01   3.5021440E+05   6.7658769E+06   6.7916906E+06   0.0000000E+00   0.0000000E+00   0.0000000E+00   0.0000000E+00   0.0000000E+00
   2.9612601E-02   6.4238989E+06   6.4238989E+06   5.9868418E+02   8.4793690E+00   3.0207388E+05   6.3992538E+06   6.4238989E+06   0.0000000E+00   0.0000000E+00   0.0000000E+00   0.0000000E+00   0.0000000E+00
   3.1817135E-02   6.0569927E+06   6.0569927E+06   5.1660654E+02   7.0192692E+00   2.5987492E+05   6.0335557E+06   6.0569927E+06   0.0000000E+00   0.0000000E+00   0.0000000E+00   0.0000000E+00   0.0000000E+00
   3.4176938E-02   5.6959137E+06   5.6959137E+06   4.1464810E+02   5.7915902E+00   2.2282825E+05   5.6737014E+06   5.6959137E+06   0.0000000E+00   0.0000000E+00   0.0000000E+00   0.0000000E+00   0.0000000E+00
   3.6690599E-02   5.3467170E+06   5.3467170E+06   3.3919657E+02   4.7704306E+00   1.9054507E+05   5.3257186E+06   5.3467170E+06   0.0000000E+00   0.0000000E+00   0.0000000E+00   0.0000000E+00   0.0000000E+00
   3.9345036E-02   5.0163271E+06   5.0163271E+06   2.7810694E+02   3.9316656E+00   1.6282700E+05   4.9965007E+06   5.0163271E+06   0.0000000E+00   0.0000000E+00   0.0000000E+00   0.0000000E+00   0.0000000E+00
   4.2112073E-02   4.7116308E+06   4.7116308E+06   2.1277594E+02   3.2525138E+00   1.3968618E+05   4.6929034E+06   4.7116308E+06   0.0000000E+00   0.0000000E+00   0.0000000E+00   0.0000000E+00   0.0000000E+00
   4.4950962E-02   4.4378918E+06   4.4378918E+06   1.8474565E+02   2.7097003E+00   1.2071621E+05   4.4201649E+06   4.4378918E+06   0.0000000E+00   0.0000000E+00   0.0000000E+00   0.0000000E+00   0.0000000E+00
   4.7818380E-02   4.1972323E+06   4.1972323E+06   1.5124249E+02   2.2797811E+00   1.0488421E+05   4.1803943E+06   4.1972323E+06   0.0000000E+00   0.0000000E+00   0.0000000E+00   0.0000000E+00   0.0000000E+00
   5.0680322E-02   3.9882426E+06   3.9882426E+06   1.2730945E+02   1.9393813E+00   9.2310077E+04   3.9721834E+06   3.9882426E+06   0.0000000E+00   0.0000000E+00   0.0000000E+00   0.0000000E+00   0.0000000E+00
   5.3518133E-02   3.8069107E+06   3.8069107E+06   1.1100935E+02   1.6681496E+00   8.1785522E+04   3.7915321E+06   3.8069107E+06   0.0000000E+00   0.0000000E+00   0.0000000E+00   0.0000000E+00   0.0000000E+00
   5.6327128E-02   3.6480422E+06   3.6480422E+06   9.4542748E+01   1.4490750E+00   7.3218909E+04   3.6332640E+06   3.6480422E+06   0.0000000E+00   0.0000000E+00   0.0000000E+00   0.0000000E+00   0.0000000E+00
   5.9111792E-02   3.5063721E+06   3.5063721E+06   8.2762306E+01   1.2692806E+00   6.5913761E+04   3.4921328E+06   3.5063721E+06   0.0000000E+00   0.0000000E+00   0.0000000E+00   0.0000000E+00   0.0000000E+00
   6.1881267E-02   3.3771564E+06   3.3771564E+06   7.1330079E+01   1.1191095E+00   5.9769528E+04   3.3634118E+06   3.3771564E+06   0.0000000E+00   0.0000000E+00   0.0000000E+00   0.0000000E+00   0.0000000E+00
   6.4646399E-02   3.2563953E+06   3.2563953E+06   6.6073694E+01   9.9167380E-01   5.4360036E+04   3.2431163E+06   3.2563953E+06   0.0000000E+00   0.0000000E+00   0.0000000E+00   0.0000000E+00   0.0000000E+00
   6.7418165E-02   3.1408736E+06   3.1408736E+06   5.6161767E+01   8.8189704E-01   4.9548055E+04   3.1280432E+06   3.1408736E+06   0.0000000E+00   0.0000000E+00   0.0000000E+00   0.0000000E+00   0.0000000E+00
   7.0206973E-02   3.0281353E+06   3.0281353E+06   4.9622217E+01   7.8604112E-01   4.5360207E+04   3.0157457E+06   3.0281353E+06   0.0000000E+00   0.0000000E+00   0.0000000E+00   0.0000000E+00   0.0000000E+00
   7.3022425E-02   2.9164424E+06   2.9164424E+06   4.6656345E+01   7.0152644E-01   4.1448726E+04   2.9044924E+06   2.9164424E+06   0.0000000E+00   0.0000000E+00   0.0000000E+00   0.0000000E+00   0.0000000E+00
   7.5873311E-02   2.8047339E+06   2.8047339E+06   3.8444916E+01   6.2640435E-01   3.7933982E+04   2.7932263E+06   2.8047339E+06   0.0000000E+00   0.0000000E+00   0.0000000E+00   0.0000000E+00   0.0000000E+00
   7.8767681E-02   2.6925832E+06   2.6925832E+06   3.7053566E+01   5.5927408E-01   3.4720936E+04   2.6815221E+06   2.6925832E+06   0.0000000E+00   0.0000000E+00   0.0000000E+00   0.0000000E+00   0.0000000E+00
   8.1712964E-02   2.5801466E+06   2.5801466E+06   3.0468238E+01   4.9911256E-01   3.1731452E+04   2.5695353E+06   2.5801466E+06   0.0000000E+00   0.0000000E+00   0.0000000E+00   0.0000000E+00   0.0000000E+00
   8.4716078E-02   2.4680946E+06   2.4680946E+06   2.9151782E+01   4.4516652E-01   2.8986157E+04   2.4579333E+06   2.4680946E+06   0.0000000E+00   0.0000000E+00   0.0000000E+00   0.0000000E+00   0.0000000E+00
   8.7783531E-02   2.3575177E+06   2.3575177E+06   2.5288571E+01   3.9686725E-01   2.6520440E+04   2.3478020E+06   2.3575177E+06   0.0000000E+00   0.0000000E+00   0.0000000E+00   0.0000000E+00   0.0000000E+00
   9.0921515E-02   2.2498033E+06   2.2498033E+06   2.1919218E+01   3.5375712E-01   2.4219169E+04   2.2405230E+06   2.2498033E+06   0.0000000E+00   0.0000000E+00   0.0000000E+00   0.0000000E+00   0.0000000E+00
   9.4135975E-02   2.1464836E+06   2.1464836E+06   1.9748507E+01   3.1544810E-01   2.2143327E+04   2.1376219E+06   2.1464836E+06   0.0000000E+00   0.0000000E+00   0.0000000E+00   0.0000000E+00   0.0000000E+00
   9.7432674E-02   2.0490579E+06   2.0490579E+06   1.7802744E+01   2.8158065E-01   2.0282954E+04   2.0405916E+06   2.0490579E+06   0.0000000E+00   0.0000000E+00   0.0000000E+00   0.0000000E+00   0.0000000E+00
   1.0081724E-01   1.9588028E+06   1.9588028E+06   1.6166488E+01   2.5178667E-01   1.8615114E+04   1.9507032E+06   1.9588028E+06   0.0000000E+00   0.0000000E+00   0.0000000E+00   0.0000000E+00   0.0000000E+00
   1.0429522E-01   1.8765856E+06   1.8765856E+06   1.4541350E+01   2.2569233E-01   1.7118872E+04   1.8688205E+06   1.8765856E+06   0.0000000E+00   0.0000000E+00   0.0000000E+00   0.0000000E+00   0.0000000E+00
   1.0787210E-01   1.8027062E+06   1.8027062E+06   1.2367507E+01   2.0288133E-01   1.5813295E+04   1.7952418E+06   1.8027062E+06   0.0000000E+00   0.0000000E+00   0.0000000E+00   0.0000000E+00   0.0000000E+00
   1.1155333E-01   1.7367910E+06   1.7367910E+06   1.1597701E+01   1.8292575E-01   1.4684871E+04   1.7295950E+06   1.7367910E+06   0.0000000E+00   0.0000000E+00   0.0000000E+00   0.0000000E+00   0.0000000E+00
   1.1534436E-01   1.6777680E+06   1.6777680E+06   1.0087616E+01   1.6539584E-01   1.3643244E+04   1.6708123E+06   1.6777680E+06   0.0000000E+00   0.0000000E+00   0.0000000E+00   0.0000000E+00   0.0000000E+00
   1.1925066E-01   1.6239415E+06   1.6239415E+06   9.6128685E+00   1.4985378E-01   1.2733173E+04   1.6172052E+06   1.6239415E+06   0.0000000E+00   0.0000000E+00   0.0000000E+00   0.0000000E+00   0.0000000E+00
   1.2327770E-01   1.5731775E+06   1.5731775E+06   8.6932146E+00   1.3590576E-01   1.1908958E+04   1.5666483E+06   1.5731775E+06   0.0000000E+00   0.0000000E+00   0.0000000E+00   0.0000000E+00   0.0000000E+00
   1.2743103E-01   1.5231901E+06   1.5231901E+06   7.8337387E+00   1.2321336E-01   1.1130170E+04   1.5168653E+06   1.5231901E+06   0.0000000E+00   0.0000000E+00   0.0000000E+00   0.0000000E+00   0.0000000E+00
   1.3171619E-01   1.4718984E+06   1.4718984E+06   6.9307641E+00   1.1151235E-01   1.0387320E+04   1.4657836E+06   1.4718984E+06   0.0000000E+00   0.0000000E+00   0.0000000E+00   0.0000000E+00   0.0000000E+00
   1.3613883E-01   1.4177978E+06   1.4177978E+06   6.3219556E+00   1.0062319E-01   9.6835903E+03   1.4119051E+06   1.4177978E+06   0.0000000E+00   0.0000000E+00   0.0000000E+00   0.0000000E+00   0.0000000E+00
   1.4070462E-01   1.3602743E+06   1.3602743E+06   5.5493660E+00   9.0458907E-02   8.9796896E+03   1.3546184E+06   1.3602743E+06   0.0000000E+00   0.0000000E+00   0.0000000E+00   0.0000000E+00   0.0000000E+00
   1.4541932E-01   1.2997780E+06   1.2997780E+06   5.1662632E+00   8.1005452E-02   8.3153268E+03   1.2943715E+06   1.2997780E+06   0.0000000E+00   0.0000000E+00   0.0000000E+00   0.0000000E+00   0.0000000E+00
   1.5028874E-01   1.2377885E+06   1.2377885E+06   4.5607906E+00   7.2304413E-02   7.6800215E+03   1.2326379E+06   1.2377885E+06   0.0000000E+00   0.0000000E+00   0.0000000E+00   0.0000000E+00   0.0000000E+00
   1.5531878E-01   1.1765375E+06   1.1765375E+06   4.0769362E+00   6.4418358E-02   7.0795571E+03   1.1716400E+06   1.1765375E+06   0.0000000E+00   0.0000000E+00   0.0000000E+00   0.0000000E+00   0.0000000E+00
   1.6051542E-01   1.1185122E+06   1.1185122E+06   3.5844948E+00   5.7396949E-02   6.5274908E+03   1.1138547E+06   1.1185122E+06   0.0000000E+00   0.0000000E+00   0.0000000E+00   0.0000000E+00   0.0000000E+00
   1.6588473E-01   1.0658309E+06   1.0658309E+06   3.1468624E+00   5.1249004E-02   6.0497340E+03   1.0613913E+06   1.0658309E+06   0.0000000E+00   0.0000000E+00   0.0000000E+00   0.0000000E+00   0.0000000E+00
   1.7143287E-01   1.0196467E+06   1.0196467E+06   2.8265391E+00   4.5929476E-02   5.6269959E+03   1.0153983E+06   1.0196467E+06   0.0000000E+00   0.0000000E+00   0.0000000E+00   0.0000000E+00   0.0000000E+00
   1.7716612E-01   9.7976331E+05   9.7976331E+05   2.5192443E+00   4.1332571E-02   5.2626549E+03   9.7567987E+05   9.7976331E+05   0.0000000E+00   0.0000000E+00   0.0000000E+00   0.0000000E+00   0.0000000E+00
   1.8309087E-01   9.4462303E+05   9.4462303E+05   2.3119259E+00   3.7315990E-02   4.9424218E+03   9.4068500E+05   9.4462303E+05   0.0000000E+00   0.0000000E+00   0.0000000E+00   0.0000000E+00   0.0000000E+00
   1.8921365E-01   9.1173427E+05   9.1173427E+05   2.1048197E+00   3.3725228E-02   4.6453026E+03   9.0793239E+05   9.1173427E+05   0.0000000E+00   0.0000000E+00   0.0000000E+00   0.0000000E+00   0.0000000E+00
   1.9554116E-01   8.7845804E+05   8.7845804E+05   1.8827340E+00   3.0430074E-02   4.3705703E+03   8.7479405E+05   8.7845804E+05   0.0000000E+00   0.0000000E+00   0.0000000E+00   0.0000000E+00   0.0000000E+00
   2.0208027E-01   8.4291657E+05   8.4291657E+05   1.6755655E+00   2.7349757E-02   4.0940284E+03   8.3940004E+05   8.4291657E+05   0.0000000E+00   0.0000000E+00   0.0000000E+00   0.0000000E+00   0.0000000E+00
   2.0883804E-01   8.0468542E+05   8.0468542E+05   1.5135494E+00   2.4461032E-02   3.8170901E+03   8.0132768E+05   8.0468542E+05   0.0000000E+00   0.0000000E+00   0.0000000E+00   0.0000000E+00   0.0000000E+00
   2.1582182E-01   7.6495328E+05   7.6495328E+05   1.3255347E+00   2.1788120E-02   3.5501938E+03   7.6176069E+05   7.6495328E+05   0.0000000E+00   0.0000000E+00   0.0000000E+00   0.0000000E+00   0.0000000E+00
   2.2303920E-01   7.2601106E+05   7.2601106E+05   1.1855855E+00   1.9375920E-02   3.2956781E+03   7.2298043E+05   7.2601106E+05   0.0000000E+00   0.0000000E+00   0.0000000E+00   0.0000000E+00   0.0000000E+00
   2.3049810E-01   6.9022266E+05   6.9022266E+05   1.0568793E+00   1.7257113E-02   3.0690494E+03   6.8734092E+05   6.9022266E+05   0.0000000E+00   0.0000000E+00   0.0000000E+00   0.0000000E+00   0.0000000E+00
   2.3820685E-01   6.5891489E+05   6.5891489E+05   9.3885621E-01   1.5429425E-02   2.8736748E+03   6.5616340E+05   6.5891489E+05   0.0000000E+00   0.0000000E+00   0.0000000E+00   0.0000000E+00   0.0000000E+00
   2.4617419E-01   6.3174017E+05   6.3174017E+05   8.4713064E-01   1.3851871E-02   2.7024178E+03   6.2910174E+05   6.3174017E+05   0.0000000E+00   0.0000000E+00   0.0000000E+00   0.0000000E+00   0.0000000E+00
   2.5440938E-01   6.0689516E+05   6.0689516E+05   7.5672067E-01   1.2459267E-02   2.5489248E+03   6.0436012E+05   6.0689516E+05   0.0000000E+00   0.0000000E+00   0.0000000E+00   0.0000000E+00   0.0000000E+00
   2.6292228E-01   5.8214337E+05   5.8214337E+05   6.8805209E-01   1.1190634E-02   2.4028203E+03   5.7971138E+05   5.8214337E+05   0.0000000E+00   0.0000000E+00   0.0000000E+00   0.0000000E+00   0.0000000E+00
   2.7172341E-01   5.5609644E+05   5.5609644E+05   6.1064510E-01   1.0011449E-02   2.2556773E+03   5.5377295E+05   5.5609644E+05   0.0000000E+00   0.0000000E+00   0.0000000E+00   0.0000000E+00   0.0000000E+00
   2.8082410E-01   5.2897457E+05   5.2897457E+05   5.4548859E-01   8.9197499E-03   2.1114987E+03   5.2676413E+05   5.2897457E+05   0.0000000E+00   0.0000000E+00   0.0000000E+00   0.0000000E+00   0.0000000E+00
   2.9023659E-01   5.0232178E+05   5.0232178E+05   4.8989871E-01   7.9333946E-03   1.9741514E+03   5.0022247E+05   5.0232178E+05   0.0000000E+00   0.0000000E+00   0.0000000E+00   0.0000000E+00   0.0000000E+00
   2.9997414E-01   4.7782903E+05   4.7782903E+05   4.3461921E-01   7.0665464E-03   1.8507640E+03   4.7583187E+05   4.7782903E+05   0.0000000E+00   0.0000000E+00   0.0000000E+00   0.0000000E+00   0.0000000E+00
   3.1005126E-01   4.5609123E+05   4.5609123E+05   3.8958868E-01   6.3144482E-03   1.7413943E+03   4.5418472E+05   4.5609123E+05   0.0000000E+00   0.0000000E+00   0.0000000E+00   0.0000000E+00   0.0000000E+00
   3.2048382E-01   4.3624655E+05   4.3624655E+05   3.4665583E-01   5.6529462E-03   1.6432808E+03   4.3442282E+05   4.3624655E+05   0.0000000E+00   0.0000000E+00   0.0000000E+00   0.0000000E+00   0.0000000E+00
   3.3128932E-01   4.1679671E+05   4.1679671E+05   3.1142562E-01   5.0547530E-03   1.5497195E+03   4.1505413E+05   4.1679671E+05   0.0000000E+00   0.0000000E+00   0.0000000E+00   0.0000000E+00   0.0000000E+00
   3.4248714E-01   3.9690980E+05   3.9690980E+05   2.7473038E-01   4.5049054E-03   1.4575691E+03   3.9525022E+05   3.9690980E+05   0.0000000E+00   0.0000000E+00   0.0000000E+00   0.0000000E+00   0.0000000E+00
   3.5409882E-01   3.7703278E+05   3.7703278E+05   2.4456392E-01   4.0044296E-03   1.3683547E+03   3.7545617E+05   3.7703278E+05   0.0000000E+00   0.0000000E+00   0.0000000E+00   0.0000000E+00   0.0000000E+00
   3.6614845E-01   3.5825111E+05   3.5825111E+05   2.1732341E-01   3.5593329E-03   1.2852847E+03   3.5675293E+05   3.5825111E+05   0.0000000E+00   0.0000000E+00   0.0000000E+00   0.0000000E+00   0.0000000E+00
   3.7866307E-01   3.4107898E+05   3.4107898E+05   1.9337246E-01   3.1687122E-03   1.2110059E+03   3.3965252E+05   3.4107898E+05   0.0000000E+00   0.0000000E+00   0.0000000E+00   0.0000000E+00   0.0000000E+00
   3.9167325E-01   3.2498307E+05   3.2498307E+05   1.7286193E-01   2.8220377E-03   1.1420060E+03   3.2362382E+05   3.2498307E+05   0.0000000E+00   0.0000000E+00   0.0000000E+00   0.0000000E+00   0.0000000E+00
   4.0521363E-01   3.0912794E+05   3.0912794E+05   1.5378044E-01   2.5083496E-03   1.0755816E+03   3.0783492E+05   3.0912794E+05   0.0000000E+00   0.0000000E+00   0.0000000E+00   0.0000000E+00   0.0000000E+00
   4.1932382E-01   2.9337594E+05   2.9337594E+05   1.3624829E-01   2.2234020E-03   1.0113102E+03   2.9214874E+05   2.9337594E+05   0.0000000E+00   0.0000000E+00   0.0000000E+00   0.0000000E+00   0.0000000E+00
   4.3404925E-01   2.7826982E+05   2.7826982E+05   1.2048740E-01   1.9684722E-03   9.5082161E+02   2.7710574E+05   2.7826982E+05   0.0000000E+00   0.0000000E+00   0.0000000E+00   0.0000000E+00   0.0000000E+00
   4.4944243E-01   2.6412078E+05   2.6412078E+05   1.0647135E-01   1.7427274E-03   8.9482092E+02   2.6301583E+05   2.6412078E+05   0.0000000E+00   0.0000000E+00   0.0000000E+00   0.0000000E+00   0.0000000E+00
   4.6556443E-01   2.5058504E+05   2.5058504E+05   9.4325275E-02   1.5410355E-03   8.4206357E+02   2.4953666E+05   2.5058504E+05   0.0000000E+00   0.0000000E+00   0.0000000E+00   0.0000000E+00   0.0000000E+00
   4.8248678E-01   2.3729796E+05   2.3729796E+05   8.3135324E-02   1.3588985E-03   7.9128944E+02   2.3630511E+05   2.3729796E+05   0.0000000E+00   0.0000000E+00   0.0000000E+00   0.0000000E+00   0.0000000E+00
   5.0029385E-01   2.2440529E+05   2.2440529E+05   7.3056308E-02   1.1953514E-03   7.4271770E+02   2.2346635E+05   2.2440529E+05   0.0000000E+00   0.0000000E+00   0.0000000E+00   0.0000000E+00   0.0000000E+00
   5.1908597E-01   2.1211270E+05   2.1211270E+05   6.4133407E-02   1.0496310E-03   6.9706184E+02   2.1122515E+05   2.1211270E+05   0.0000000E+00   0.0000000E+00   0.0000000E+00   0.0000000E+00   0.0000000E+00
   5.3898332E-01   2.0024481E+05   2.0024481E+05   5.6161460E-02   9.1916426E-04   6.5362784E+02   1.9940689E+05   2.0024481E+05   0.0000000E+00   0.0000000E+00   0.0000000E+00   0.0000000E+00   0.0000000E+00
   5.6013108E-01   1.8865179E+05   1.8865179E+05   4.9000739E-02   8.0187261E-04   6.1178045E+02   1.8786234E+05   1.8865179E+05   0.0000000E+00   0.0000000E+00   0.0000000E+00   0.0000000E+00   0.0000000E+00
   5.8270597E-01   1.7743627E+05   1.7743627E+05   4.2582712E-02   6.9693896E-04   5.7185137E+02   1.7669373E+05   1.7743627E+05   0.0000000E+00   0.0000000E+00   0.0000000E+00   0.0000000E+00   0.0000000E+00
   6.0692470E-01   1.6656505E+05   1.6656505E+05   3.6852715E-02   6.0311047E-04   5.3357400E+02   1.6586798E+05   1.6656505E+05   0.0000000E+00   0.0000000E+00   0.0000000E+00   0.0000000E+00   0.0000000E+00
   6.3305458E-01   1.5593716E+05   1.5593716E+05   3.1709773E-02   5.1901265E-04   4.9668862E+02   1.5528454E+05   1.5593716E+05   0.0000000E+00   0.0000000E+00   0.0000000E+00   0.0000000E+00   0.0000000E+00
   6.6142664E-01   1.4557972E+05   1.4557972E+05   2.7112516E-02   4.4389998E-04   4.6110830E+02   1.4497043E+05   1.4557972E+05   0.0000000E+00   0.0000000E+00   0.0000000E+00   0.0000000E+00   0.0000000E+00
   6.9245062E-01   1.3544497E+05   1.3544497E+05   2.3015412E-02   3.7684165E-04   4.2673000E+02   1.3487808E+05   1.3544497E+05   0.0000000E+00   0.0000000E+00   0.0000000E+00   0.0000000E+00   0.0000000E+00
   7.2663012E-01   1.2551201E+05   1.2551201E+05   1.9366615E-02   3.1714980E-04   3.9338742E+02   1.2498668E+05   1.2551201E+05   0.0000000E+00   0.0000000E+00   0.0000000E+00   0.0000000E+00   0.0000000E+00
   7.6457287E-01   1.1577227E+05   1.1577227E+05   1.6134185E-02   2.6423742E-04   3.6105375E+02   1.1528768E+05   1.1577227E+05   0.0000000E+00   0.0000000E+00   0.0000000E+00   0.0000000E+00   0.0000000E+00
   8.0698607E-01   1.0622700E+05   1.0622700E+05   1.3287748E-02   2.1765135E-04   3.2970204E+02   1.0578236E+05   1.0622700E+05   0.0000000E+00   0.0000000E+00   0.0000000E+00   0.0000000E+00   0.0000000E+00
   8.5464063E-01   9.6904194E+04   9.6904194E+04   1.0807042E-02   1.7703591E-04   2.9937907E+02   9.6498564E+04   9.6904194E+04   0.0000000E+00   0.0000000E+00   0.0000000E+00   0.0000000E+00   0.0000000E+00
   9.0828836E-01   8.7865860E+04   8.7865860E+04   8.6735779E-03   1.4212961E-04   2.7026823E+02   8.7498053E+04   8.7865860E+04   0.0000000E+00   0.0000000E+00   0.0000000E+00   0.0000000E+00   0.0000000E+00
   9.6853691E-01   7.9205900E+04   7.9205900E+04   6.8803919E-03   1.1268353E-04   2.4262536E+02   7.8874337E+04   7.9205900E+04   0.0000000E+00   0.0000000E+00   0.0000000E+00   0.0000000E+00   0.0000000E+00
   1.0357359E+00   7.1035330E+04   7.1035330E+04   5.3936023E-03   8.8377321E-05   2.1677011E+02   7.0737963E+04   7.1035330E+04   0.0000000E+00   0.0000000E+00   0.0000000E+00   0.0000000E+00   0.0000000E+00
   1.1099634E+00   6.3453452E+04   6.3453452E+04   4.1946683E-03   6.8742664E-05   1.9296712E+02   6.3187818E+04   6.3453452E+04   0.0000000E+00   0.0000000E+00   0.0000000E+00   0.0000000E+00   0.0000000E+00
   1.1911482E+00   5.6523422E+04   5.6523422E+04   3.2443439E-03   5.3175331E-05   1.7136197E+02   5.6286795E+04   5.6523422E+04   0.0000000E+00   0.0000000E+00   0.0000000E+00   0.0000000E+00   0.0000000E+00
   1.2792478E+00   5.0261261E+04   5.0261261E+04   2.5010804E-03   4.0998341E-05   1.5196109E+02   5.0050847E+04   5.0261261E+04   0.0000000E+00   0.0000000E+00   0.0000000E+00   0.0000000E+00   0.0000000E+00
   1.3743679E+00   4.4642406E+04   4.4642406E+04   1.9244678E-03   3.1550195E-05   1.3465330E+02   4.4455511E+04   4.4642406E+04   0.0000000E+00   0.0000000E+00   0.0000000E+00   0.0000000E+00   0.0000000E+00
   1.4767877E+00   3.9621712E+04   3.9621712E+04   1.4781101E-03   2.4253900E-05   1.1926225E+02   3.9455835E+04   3.9621712E+04   0.0000000E+00   0.0000000E+00   0.0000000E+00   0.0000000E+00   0.0000000E+00
   1.5869292E+00   3.5145307E+04   3.5145307E+04   1.1366632E-03   1.8632339E-05   1.0559411E+02   3.4998169E+04   3.5145307E+04   0.0000000E+00   0.0000000E+00   0.0000000E+00   0.0000000E+00   0.0000000E+00
   1.7053157E+00   3.1158841E+04   3.1158841E+04   8.7251617E-04   1.4305893E-05   9.3469969E+01   3.1028391E+04   3.1158841E+04   0.0000000E+00   0.0000000E+00   0.0000000E+00   0.0000000E+00   0.0000000E+00
   1.8325429E+00   2.7611773E+04   2.7611773E+04   6.6944669E-04   1.0978894E-05   8.2714695E+01   2.7496172E+04   2.7611773E+04   0.0000000E+00   0.0000000E+00   0.0000000E+00   0.0000000E+00   0.0000000E+00
   1.9692644E+00   2.4457548E+04   2.4457548E+04   5.1357646E-04   8.4218818E-06   7.3179504E+01   2.4355153E+04   2.4457548E+04   0.0000000E+00   0.0000000E+00   0.0000000E+00   0.0000000E+00   0.0000000E+00
   2.1161869E+00   2.1654347E+04   2.1654347E+04   3.9372026E-04   6.4577127E-06   6.4724435E+01   2.1563687E+04   2.1654347E+04   0.0000000E+00   0.0000000E+00   0.0000000E+00   0.0000000E+00   0.0000000E+00
   2.2740710E+00   1.9164481E+04   1.9164481E+04   3.0172691E-04   4.9496026E-06   5.7230867E+01   1.9084245E+04   1.9164481E+04   0.0000000E+00   0.0000000E+00   0.0000000E+00   0.0000000E+00   0.0000000E+00
   2.4437345E+00   1.6954051E+04   1.6954051E+04   2.3114107E-04   3.7921994E-06   5.0590289E+01   1.6883069E+04   1.6954051E+04   0.0000000E+00   0.0000000E+00   0.0000000E+00   0.0000000E+00   0.0000000E+00
   2.6260562E+00   1.4992723E+04   1.4992723E+04   1.7700062E-04   2.9043416E-06   4.4707328E+01   1.4929952E+04   1.4992723E+04   0.0000000E+00   0.0000000E+00   0.0000000E+00   0.0000000E+00   0.0000000E+00
   2.8219806E+00   1.3253277E+04   1.3253277E+04   1.3553558E-04   2.2235523E-06   3.9497165E+01   1.3197789E+04   1.3253277E+04   0.0000000E+00   0.0000000E+00   0.0000000E+00   0.0000000E+00   0.0000000E+00
   3.0325224E+00   1.1711341E+04   1.1711341E+04   1.0364675E-04   1.7017572E-06   3.4884135E+01   1.1662308E+04   1.1711341E+04   0.0000000E+00   0.0000000E+00   0.0000000E+00   0.0000000E+00   0.0000000E+00
   3.2587723E+00   1.0345115E+04   1.0345115E+04   7.9313228E-05   1.3019664E-06   3.0800986E+01   1.0301802E+04   1.0345115E+04   0.0000000E+00   0.0000000E+00   0.0000000E+00   0.0000000E+00   0.0000000E+00
   3.5019022E+00   9.1351148E+03   9.1351148E+03   6.0647414E-05   9.9578268E-07   2.7187837E+01   9.0968680E+03   9.1351148E+03   0.0000000E+00   0.0000000E+00   0.0000000E+00   0.0000000E+00   0.0000000E+00
   3.7631715E+00   8.0639372E+03   8.0639372E+03   4.6366650E-05   7.6137227E-07   2.3991842E+01   8.0301751E+03   8.0639372E+03   0.0000000E+00   0.0000000E+00   0.0000000E+00   0.0000000E+00   0.0000000E+00
   4.0439336E+00   7.1160494E+03   7.1160494E+03   3.5427020E-05   5.8197271E-07   2.1165346E+01   7.0862559E+03   7.1160494E+03   0.0000000E+00   0.0000000E+00   0.0000000E+00   0.0000000E+00   0.0000000E+00
   4.3456427E+00   6.2775988E+03   6.2775988E+03   2.7053973E-05   4.4472264E-07   1.8666797E+01   6.2513157E+03   6.2775988E+03   0.0000000E+00   0.0000000E+00   0.0000000E+00   0.0000000E+00   0.0000000E+00
   4.6698617E+00   5.5362395E+03   5.5362395E+03   2.0676611E-05   3.3975024E-07   1.6458753E+01   5.5130603E+03   5.5362395E+03   0.0000000E+00   0.0000000E+00   0.0000000E+00   0.0000000E+00   0.0000000E+00
   5.0182699E+00   4.8809760E+03   4.8809760E+03   1.5780321E-05   2.5949272E-07   1.4507926E+01   4.8605402E+03   4.8809760E+03   0.0000000E+00   0.0000000E+00   0.0000000E+00   0.0000000E+00   0.0000000E+00
   5.3926721E+00   4.3020216E+03   4.3020216E+03   1.2043739E-05   1.9814848E-07   1.2784970E+01   4.2840098E+03   4.3020216E+03   0.0000000E+00   0.0000000E+00   0.0000000E+00   0.0000000E+00   0.0000000E+00
   5.7950077E+00   3.7906712E+03   3.7906712E+03   9.1882479E-06   1.5127404E-07   1.1263685E+01   3.7748003E+03   3.7906712E+03   0.0000000E+00   0.0000000E+00   0.0000000E+00   0.0000000E+00   0.0000000E+00
   6.2273606E+00   3.3391860E+03   3.3391860E+03   7.0106928E-06   1.1546646E-07   9.9208547E+00   3.3252054E+03   3.3391860E+03   0.0000000E+00   0.0000000E+00   0.0000000E+00   0.0000000E+00   0.0000000E+00
   6.6919705E+00   2.9406904E+03   2.9406904E+03   5.3471430E-06   8.8119178E-08   8.7359699E+00   2.9283782E+03   2.9406904E+03   0.0000000E+00   0.0000000E+00   0.0000000E+00   0.0000000E+00   0.0000000E+00
   7.1912439E+00   2.5890789E+03   2.5890789E+03   4.0757053E-06   6.7238843E-08   7.6906810E+00   2.5782388E+03   2.5890789E+03   0.0000000E+00   0.0000000E+00   0.0000000E+00   0.0000000E+00   0.0000000E+00
   7.7277669E+00   2.2789328E+03   2.2789328E+03   3.1071397E-06   5.1299744E-08   6.7688245E+00   2.2693913E+03   2.2789328E+03   0.0000000E+00   0.0000000E+00   0.0000000E+00   0.0000000E+00   0.0000000E+00
   8.3043189E+00   2.0054456E+03   2.0054456E+03   2.3676254E-06   3.9135033E-08   5.9560323E+00   1.9970491E+03   2.0054456E+03   0.0000000E+00   0.0000000E+00   0.0000000E+00   0.0000000E+00   0.0000000E+00
