#           k/h    CDM            baryon         photon         nu             mass_nu        total          no_nu          total_de       Weyl           v_CDM          v_b            v_b-v_c     
   1.1217486E-05   5.7684429E+06   5.7684429E+06   7.6899375E+06   6.5669024E+03   6.7800812E+05   5.7685069E+06   5.7684429E+06   0.0000000E+00   0.0000000E+00   0.0000000E+00   0.0000000E+00   0.0000000E+00
   1.2054399E-05   5.7684421E+06   5.7684421E+06   7.6897322E+06   6.5667929E+03   6.7800247E+05   5.7685060E+06   5.7684421E+06   0.0000000E+00   0.0000000E+00   0.0000000E+00   0.0000000E+00   0.0000000E+00
   1.2953751E-05   5.7684412E+06   5.7684412E+06   7.6894951E+06   6.5666664E+03   6.7799594E+05   5.7685051E+06   5.7684412E+06   0.0000000E+00   0.0000000E+00   0.0000000E+00   0.0000000E+00   0.0000000E+00
   1.3920203E-05   5.7684402E+06   5.7684402E+06   7.6892214E+06   6.5665204E+03   6.7798839E+05   5.7685039E+06   5.7684402E+06   0.0000000E+00   0.0000000E+00   0.0000000E+00   0.0000000E+00   0.0000000E+00
   1.4958759E-05   5.7684389E+06   5.7684389E+06   7.6889052E+06   6.5663518E+03   6.7797969E+05   5.7685026E+06   5.7684389E+06   0.0000000E+00   0.0000000E+00   0.0000000E+00   0.0000000E+00   0.0000000E+00
   1.6074799E-05   5.7684375E+06   5.7684375E+06   7.6885402E+06   6.5661571E+03   6.7796963E+05   5.7685011E+06   5.7684375E+06   0.0000000E+00   0.0000000E+00   0.0000000E+00   0.0000000E+00   0.0000000E+00
   1.7274105E-05   5.7684359E+06   5.7684359E+06   7.6881187E+06   6.5659323E+03   6.7795802E+05   5.7684994E+06   5.7684359E+06   0.0000000E+00   0.0000000E+00   0.0000000E+00   0.0000000E+00   0.0000000E+00
   1.8562888E-05   5.7684340E+06   5.7684340E+06   7.6876320E+06   6.5656727E+03   6.7794461E+05   5.7684974E+06   5.7684340E+06   0.0000000E+00   0.0000000E+00   0.0000000E+00   0.0000000E+00   0.0000000E+00
   1.9947825E-05   5.7684319E+06   5.7684319E+06   7.6870699E+06   6.5653729E+03   6.7792913E+05   5.7684951E+06   5.7684319E+06   0.0000000E+00   0.0000000E+00   0.0000000E+00   0.0000000E+00   0.0000000E+00
   2.1436089E-05   5.7684294E+06   5.7684294E+06   7.6864209E+06   6.5650267E+03   6.7791125E+05   5.7684924E+06   5.7684294E+06   0.0000000E+00   0.0000000E+00   0.0000000E+00   0.0000000E+00   0.0000000E+00
   2.3035389E-05   5.7684265E+06   5.7684265E+06   7.6856716E+06   6.5646270E+03   6.7789062E+05   5.7684893E+06   5.7684265E+06   0.0000000E+00   0.0000000E+00   0.0000000E+00   0.0000000E+00   0.0000000E+00
   2.4754010E-05   5.7684231E+06   5.7684231E+06   7.6848063E+06   6.5641654E+03   6.7786679E+05   5.7684857E+06   5.7684231E+06   0.0000000E+00   0.0000000E+00   0.0000000E+00   0.0000000E+00   0.0000000E+00
   2.6600852E-05   5.7684193E+06   5.7684193E+06   7.6838073E+06   6.5636325E+03   6.7783927E+05   5.7684816E+06   5.7684193E+06   0.0000000E+00   0.0000000E+00   0.0000000E+00   0.0000000E+00   0.0000000E+00
   2.8585484E-05   5.7684148E+06   5.7684148E+06   7.6826537E+06   6.5630171E+03   6.7780751E+05   5.7684768E+06   5.7684148E+06   0.0000000E+00   0.0000000E+00   0.0000000E+00   0.0000000E+00   0.0000000E+00
   3.0718185E-05   5.7684097E+06   5.7684097E+06   7.6813218E+06   6.5623065E+03   6.7777084E+05   5.7684714E+06   5.7684097E+06   0.0000000E+00   0.0000000E+00   0.0000000E+00   0.0000000E+00   0.0000000E+00
   3.3010002E-05   5.7684038E+06   5.7684038E+06   7.6797840E+06   6.5614861E+03   6.7772851E+05   5.7684650E+06   5.7684038E+06   0.0000000E+00   0.0000000E+00   0.0000000E+00   0.0000000E+00   0.0000000E+00
   3.5472807E-05   5.7683969E+06   5.7683969E+06   7.6780086E+06   6.5605389E+03   6.7767964E+05   5.7684577E+06   5.7683969E+06   0.0000000E+00   0.0000000E+00   0.0000000E+00   0.0000000E+00   0.0000000E+00
   3.8119356E-05   5.7683890E+06   5.7683890E+06   7.6759588E+06   6.5594452E+03   6.7762323E+05   5.7684492E+06   5.7683890E+06   0.0000000E+00   0.0000000E+00   0.0000000E+00   0.0000000E+00   0.0000000E+00
   4.0963358E-05   5.7683799E+06   5.7683799E+06   7.6735925E+06   6.5581825E+03   6.7755811E+05   5.7684395E+06   5.7683799E+06   0.0000000E+00   0.0000000E+00   0.0000000E+00   0.0000000E+00   0.0000000E+00
   4.4019546E-05   5.7683693E+06   5.7683693E+06   7.6708607E+06   6.5567247E+03   6.7748296E+05   5.7684282E+06   5.7683693E+06   0.0000000E+00   0.0000000E+00   0.0000000E+00   0.0000000E+00   0.0000000E+00
   4.7303748E-05   5.7683571E+06   5.7683571E+06   7.6677072E+06   6.5550417E+03   6.7739623E+05   5.7684152E+06   5.7683571E+06   0.0000000E+00   0.0000000E+00   0.0000000E+00   0.0000000E+00   0.0000000E+00
   5.0832978E-05   5.7683431E+06   5.7683431E+06   7.6640672E+06   6.5530989E+03   6.7729615E+05   5.7684001E+06   5.7683431E+06   0.0000000E+00   0.0000000E+00   0.0000000E+00   0.0000000E+00   0.0000000E+00
   5.4625516E-05   5.7683268E+06   5.7683268E+06   7.6598659E+06   6.5508561E+03   6.7718067E+05   5.7683828E+06   5.7683268E+06   0.0000000E+00   0.0000000E+00   0.0000000E+00   0.0000000E+00   0.0000000E+00
   5.8701007E-05   5.7683081E+06   5.7683081E+06   7.6550170E+06   6.5482674E+03   6.7704745E+05   5.7683627E+06   5.7683081E+06   0.0000000E+00   0.0000000E+00   0.0000000E+00   0.0000000E+00   0.0000000E+00
   6.3080562E-05   5.7682864E+06   5.7682864E+06   7.6494213E+06   6.5452794E+03   6.7689377E+05   5.7683396E+06   5.7682864E+06   0.0000000E+00   0.0000000E+00   0.0000000E+00   0.0000000E+00   0.0000000E+00
   6.7786866E-05   5.7682614E+06   5.7682614E+06   7.6429642E+06   6.5418308E+03   6.7671653E+05   5.7683128E+06   5.7682614E+06   0.0000000E+00   0.0000000E+00   0.0000000E+00   0.0000000E+00   0.0000000E+00
   7.2844297E-05   5.7682326E+06   5.7682326E+06   7.6355143E+06   6.5378511E+03   6.7651215E+05   5.7682820E+06   5.7682326E+06   0.0000000E+00   0.0000000E+00   0.0000000E+00   0.0000000E+00   0.0000000E+00
   7.8279051E-05   5.7681992E+06   5.7681992E+06   7.6269199E+06   6.5332589E+03   6.7627654E+05   5.7682464E+06   5.7681992E+06   0.0000000E+00   0.0000000E+00   0.0000000E+00   0.0000000E+00   0.0000000E+00
   8.4119281E-05   5.7681608E+06   5.7681608E+06   7.6170067E+06   6.5279605E+03   6.7600499E+05   5.7682052E+06   5.7681608E+06   0.0000000E+00   0.0000000E+00   0.0000000E+00   0.0000000E+00   0.0000000E+00
   9.0395238E-05   5.7681164E+06   5.7681164E+06   7.6055745E+06   6.5218482E+03   6.7569212E+05   5.7681578E+06   5.7681164E+06   0.0000000E+00   0.0000000E+00   0.0000000E+00   0.0000000E+00   0.0000000E+00
   9.7139431E-05   5.7680651E+06   5.7680651E+06   7.5923933E+06   6.5147981E+03   6.7533175E+05   5.7681029E+06   5.7680651E+06   0.0000000E+00   0.0000000E+00   0.0000000E+00   0.0000000E+00   0.0000000E+00
   1.0438679E-04   5.7680059E+06   5.7680059E+06   7.5771990E+06   6.5066676E+03   6.7491686E+05   5.7680397E+06   5.7680059E+06   0.0000000E+00   0.0000000E+00   0.0000000E+00   0.0000000E+00   0.0000000E+00
   1.1217486E-04   5.7679376E+06   5.7679376E+06   7.5596892E+06   6.4972932E+03   6.7443941E+05   5.7679666E+06   5.7679376E+06   0.0000000E+00   0.0000000E+00   0.0000000E+00   0.0000000E+00   0.0000000E+00
   1.2054399E-04   5.7678587E+06   5.7678587E+06   7.5395174E+06   6.4864873E+03   6.7389027E+05   5.7678823E+06   5.7678587E+06   0.0000000E+00   0.0000000E+00   0.0000000E+00   0.0000000E+00   0.0000000E+00
   1.2953751E-04   5.7677677E+06   5.7677677E+06   7.5162875E+06   6.4740346E+03   6.7325906E+05   5.7677850E+06   5.7677677E+06   0.0000000E+00   0.0000000E+00   0.0000000E+00   0.0000000E+00   0.0000000E+00
   1.3920203E-04   5.7676626E+06   5.7676626E+06   7.4895474E+06   6.4596888E+03   6.7253405E+05   5.7676727E+06   5.7676626E+06   0.0000000E+00   0.0000000E+00   0.0000000E+00   0.0000000E+00   0.0000000E+00
   1.4958759E-04   5.7675414E+06   5.7675414E+06   7.4587818E+06   6.4431683E+03   6.7170200E+05   5.7675431E+06   5.7675414E+06   0.0000000E+00   0.0000000E+00   0.0000000E+00   0.0000000E+00   0.0000000E+00
   1.6074799E-04   5.7674015E+06   5.7674015E+06   7.4234051E+06   6.4241514E+03   6.7074802E+05   5.7673936E+06   5.7674015E+06   0.0000000E+00   0.0000000E+00   0.0000000E+00   0.0000000E+00   0.0000000E+00
   1.7274105E-04   5.7672402E+06   5.7672402E+06   7.3827529E+06   6.4022719E+03   6.6965547E+05   5.7672211E+06   5.7672402E+06   0.0000000E+00   0.0000000E+00   0.0000000E+00   0.0000000E+00   0.0000000E+00
   1.8562888E-04   5.7670540E+06   5.7670540E+06   7.3360743E+06   6.3771131E+03   6.6840584E+05   5.7670222E+06   5.7670540E+06   0.0000000E+00   0.0000000E+00   0.0000000E+00   0.0000000E+00   0.0000000E+00
   1.9947825E-04   5.7668394E+06   5.7668394E+06   7.2825233E+06   6.3482027E+03   6.6697870E+05   5.7667927E+06   5.7668394E+06   0.0000000E+00   0.0000000E+00   0.0000000E+00   0.0000000E+00   0.0000000E+00
   2.1436089E-04   5.7665918E+06   5.7665918E+06   7.2211508E+06   6.3150066E+03   6.6535167E+05   5.7665282E+06   5.7665918E+06   0.0000000E+00   0.0000000E+00   0.0000000E+00   0.0000000E+00   0.0000000E+00
   2.3035389E-04   5.7663064E+06   5.7663064E+06   7.1508976E+06   6.2769231E+03   6.6350049E+05   5.7662232E+06   5.7663064E+06   0.0000000E+00   0.0000000E+00   0.0000000E+00   0.0000000E+00   0.0000000E+00
   2.4754010E-04   5.7659775E+06   5.7659775E+06   7.0705886E+06   6.2332770E+03   6.6139924E+05   5.7658716E+06   5.7659775E+06   0.0000000E+00   0.0000000E+00   0.0000000E+00   0.0000000E+00   0.0000000E+00
   2.6600852E-04   5.7655985E+06   5.7655985E+06   6.9789300E+06   6.1833148E+03   6.5902061E+05   5.7654666E+06   5.7655985E+06   0.0000000E+00   0.0000000E+00   0.0000000E+00   0.0000000E+00   0.0000000E+00
   2.8585484E-04   5.7651619E+06   5.7651619E+06   6.8745097E+06   6.1262002E+03   6.5633652E+05   5.7650002E+06   5.7651619E+06   0.0000000E+00   0.0000000E+00   0.0000000E+00   0.0000000E+00   0.0000000E+00
   3.0718185E-04   5.7646593E+06   5.7646593E+06   6.7558036E+06   6.0610119E+03   6.5331890E+05   5.7644631E+06   5.7646593E+06   0.0000000E+00   0.0000000E+00   0.0000000E+00   0.0000000E+00   0.0000000E+00
   3.3010002E-04   5.7640808E+06   5.7640808E+06   6.6211896E+06   5.9867441E+03   6.4994087E+05   5.7638451E+06   5.7640808E+06   0.0000000E+00   0.0000000E+00   0.0000000E+00   0.0000000E+00   0.0000000E+00
   3.5472807E-04   5.7634153E+06   5.7634153E+06   6.4689723E+06   5.9023100E+03   6.4617833E+05   5.7631343E+06   5.7634153E+06   0.0000000E+00   0.0000000E+00   0.0000000E+00   0.0000000E+00   0.0000000E+00
   3.8119356E-04   5.7626503E+06   5.7626503E+06   6.2974206E+06   5.8065513E+03   6.4201205E+05   5.7623172E+06   5.7626503E+06   0.0000000E+00   0.0000000E+00   0.0000000E+00   0.0000000E+00   0.0000000E+00
   4.0963358E-04   5.7617713E+06   5.7617713E+06   6.1048235E+06   5.6982548E+03   6.3743033E+05   5.7613785E+06   5.7617713E+06   0.0000000E+00   0.0000000E+00   0.0000000E+00   0.0000000E+00   0.0000000E+00
   4.4019546E-04   5.7607621E+06   5.7607621E+06   5.8895682E+06   5.5761774E+03   6.3243228E+05   5.7603011E+06   5.7607621E+06   0.0000000E+00   0.0000000E+00   0.0000000E+00   0.0000000E+00   0.0000000E+00
   4.7303748E-04   5.7596045E+06   5.7596045E+06   5.6502440E+06   5.4390841E+03   6.2703166E+05   5.7590654E+06   5.7596045E+06   0.0000000E+00   0.0000000E+00   0.0000000E+00   0.0000000E+00   0.0000000E+00
   5.0832978E-04   5.7582778E+06   5.7582778E+06   5.3857775E+06   5.2857997E+03   6.2126111E+05   5.7576497E+06   5.7582778E+06   0.0000000E+00   0.0000000E+00   0.0000000E+00   0.0000000E+00   0.0000000E+00
   5.4625516E-04   5.7567590E+06   5.7567590E+06   5.0956021E+06   5.1152778E+03   6.1517660E+05   5.7560295E+06   5.7567590E+06   0.0000000E+00   0.0000000E+00   0.0000000E+00   0.0000000E+00   0.0000000E+00
   5.8701007E-04   5.7550223E+06   5.7550223E+06   4.7798625E+06   4.9266905E+03   6.0886128E+05   5.7541775E+06   5.7550223E+06   0.0000000E+00   0.0000000E+00   0.0000000E+00   0.0000000E+00   0.0000000E+00
   6.3080562E-04   5.7530392E+06   5.7530392E+06   4.4396503E+06   4.7195388E+03   6.0242804E+05   5.7520635E+06   5.7530392E+06   0.0000000E+00   0.0000000E+00   0.0000000E+00   0.0000000E+00   0.0000000E+00
   6.7786866E-04   5.7507779E+06   5.7507779E+06   4.0772618E+06   4.4937847E+03   5.9601918E+05   5.7496544E+06   5.7507779E+06   0.0000000E+00   0.0000000E+00   0.0000000E+00   0.0000000E+00   0.0000000E+00
   7.2844297E-04   5.7482038E+06   5.7482038E+06   3.6964555E+06   4.2500006E+03   5.8980144E+05   5.7469135E+06   5.7482038E+06   0.0000000E+00   0.0000000E+00   0.0000000E+00   0.0000000E+00   0.0000000E+00
   7.8279051E-04   5.7452786E+06   5.7452786E+06   3.3026767E+06   3.9895294E+03   5.8395388E+05   5.7438010E+06   5.7452786E+06   0.0000000E+00   0.0000000E+00   0.0000000E+00   0.0000000E+00   0.0000000E+00
   8.4119281E-04   5.7419609E+06   5.7419609E+06   2.9031964E+06   3.7146383E+03   5.7864610E+05   5.7402738E+06   5.7419609E+06   0.0000000E+00   0.0000000E+00   0.0000000E+00   0.0000000E+00   0.0000000E+00
   9.0395238E-04   5.7382058E+06   5.7382058E+06   2.5070945E+06   3.4286455E+03   5.7400439E+05   5.7362855E+06   5.7382058E+06   0.0000000E+00   0.0000000E+00   0.0000000E+00   0.0000000E+00   0.0000000E+00
   9.7139431E-04   5.7339648E+06   5.7339648E+06   2.1250007E+06   3.1359836E+03   5.7006525E+05   5.7317864E+06   5.7339648E+06   0.0000000E+00   0.0000000E+00   0.0000000E+00   0.0000000E+00   0.0000000E+00
   1.0438679E-03   5.7291860E+06   5.7291860E+06   1.7685020E+06   2.8421596E+03   5.6671849E+05   5.7267236E+06   5.7291860E+06   0.0000000E+00   0.0000000E+00   0.0000000E+00   0.0000000E+00   0.0000000E+00
   1.1217486E-03   5.7238136E+06   5.7238136E+06   1.4491401E+06   2.5535608E+03   5.6364834E+05   5.7210410E+06   5.7238136E+06   0.0000000E+00   0.0000000E+00   0.0000000E+00   0.0000000E+00   0.0000000E+00
   1.2054399E-03   5.7177878E+06   5.7177878E+06   1.1769838E+06   2.2770632E+03   5.6028902E+05   5.7146791E+06   5.7177878E+06   0.0000000E+00   0.0000000E+00   0.0000000E+00   0.0000000E+00   0.0000000E+00
   1.2953751E-03   5.7110443E+06   5.7110443E+06   9.5886716E+05   2.0194159E+03   5.5582103E+05   5.7075748E+06   5.7110443E+06   0.0000000E+00   0.0000000E+00   0.0000000E+00   0.0000000E+00   0.0000000E+00
   1.3920203E-03   5.7035141E+06   5.7035141E+06   7.9656275E+05   1.7864234E+03   5.4924245E+05   5.6996612E+06   5.7035141E+06   0.0000000E+00   0.0000000E+00   0.0000000E+00   0.0000000E+00   0.0000000E+00
   1.4958759E-03   5.6951224E+06   5.6951224E+06   6.8537551E+05   1.5820175E+03   5.3954774E+05   5.6908667E+06   5.6951224E+06   0.0000000E+00   0.0000000E+00   0.0000000E+00   0.0000000E+00   0.0000000E+00
   1.6074799E-03   5.6857882E+06   5.6857882E+06   6.1383536E+05   1.4074102E+03   5.2602472E+05   5.6811144E+06   5.6857882E+06   0.0000000E+00   0.0000000E+00   0.0000000E+00   0.0000000E+00   0.0000000E+00
   1.7274105E-03   5.6754235E+06   5.6754235E+06   5.6520035E+05   1.2606123E+03   5.0862720E+05   5.6703217E+06   5.6754235E+06   0.0000000E+00   0.0000000E+00   0.0000000E+00   0.0000000E+00   0.0000000E+00
   1.8562888E-03   5.6639338E+06   5.6639338E+06   5.2116253E+05   1.1366411E+03   4.8829495E+05   5.6583999E+06   5.6639338E+06   0.0000000E+00   0.0000000E+00   0.0000000E+00   0.0000000E+00   0.0000000E+00
   1.9947825E-03   5.6512184E+06   5.6512184E+06   4.6731138E+05   1.0286437E+03   4.6700233E+05   5.6452540E+06   5.6512184E+06   0.0000000E+00   0.0000000E+00   0.0000000E+00   0.0000000E+00   0.0000000E+00
   2.1436089E-03   5.6371719E+06   5.6371719E+06   3.9861067E+05   9.2986465E+02   4.4729490E+05   5.6307844E+06   5.6371719E+06   0.0000000E+00   0.0000000E+00   0.0000000E+00   0.0000000E+00   0.0000000E+00
   2.3035389E-03   5.6216861E+06   5.6216861E+06   3.2192800E+05   8.3589352E+02   4.3123546E+05   5.6148869E+06   5.6216861E+06   0.0000000E+00   0.0000000E+00   0.0000000E+00   0.0000000E+00   0.0000000E+00
   2.4754010E-03   5.6046511E+06   5.6046511E+06   2.5268562E+05   7.4614441E+02   4.1910242E+05   5.5974543E+06   5.6046511E+06   0.0000000E+00   0.0000000E+00   0.0000000E+00   0.0000000E+00   0.0000000E+00
   2.6600852E-03   5.5859555E+06   5.5859555E+06   2.0529226E+05   6.6345063E+02   4.0873115E+05   5.5783753E+06   5.5859555E+06   0.0000000E+00   0.0000000E+00   0.0000000E+00   0.0000000E+00   0.0000000E+00
   2.8585484E-03   5.5654845E+06   5.5654845E+06   1.8215038E+05   5.9147246E+02   3.9654299E+05   5.5575330E+06   5.5654845E+06   0.0000000E+00   0.0000000E+00   0.0000000E+00   0.0000000E+00   0.0000000E+00
   3.0718185E-03   5.5431166E+06   5.5431166E+06   1.7038882E+05   5.3128064E+02   3.8032889E+05   5.5348027E+06   5.5431166E+06   0.0000000E+00   0.0000000E+00   0.0000000E+00   0.0000000E+00   0.0000000E+00
   3.3010002E-03   5.5187219E+06   5.5187219E+06   1.5262301E+05   4.7987870E+02   3.6171784E+05   5.5100504E+06   5.5187219E+06   0.0000000E+00   0.0000000E+00   0.0000000E+00   0.0000000E+00   0.0000000E+00
   3.5472807E-03   5.4921628E+06   5.4921628E+06   1.2471210E+05   4.3258668E+02   3.4497338E+05   5.4831361E+06   5.4921628E+06   0.0000000E+00   0.0000000E+00   0.0000000E+00   0.0000000E+00   0.0000000E+00
   3.8119356E-03   5.4632970E+06   5.4632970E+06   1.0013967E+05   3.8742103E+02   3.3173052E+05   5.4539166E+06   5.4632970E+06   0.0000000E+00   0.0000000E+00   0.0000000E+00   0.0000000E+00   0.0000000E+00
   4.0963358E-03   5.4319783E+06   5.4319783E+06   9.0273000E+04   3.4628595E+02   3.1795368E+05   5.4222476E+06   5.4319783E+06   0.0000000E+00   0.0000000E+00   0.0000000E+00   0.0000000E+00   0.0000000E+00
   4.4019546E-03   5.3980549E+06   5.3980549E+06   8.5260777E+04   3.1083071E+02   2.9984092E+05   5.3879797E+06   5.3980549E+06   0.0000000E+00   0.0000000E+00   0.0000000E+00   0.0000000E+00   0.0000000E+00
   4.7303748E-03   5.3613667E+06   5.3613667E+06   7.0576875E+04   2.7903892E+02   2.8134515E+05   5.3509568E+06   5.3613667E+06   0.0000000E+00   0.0000000E+00   0.0000000E+00   0.0000000E+00   0.0000000E+00
   5.0832978E-03   5.3217500E+06   5.3217500E+06   5.5002442E+04   2.4871763E+02   2.6737740E+05   5.3110197E+06   5.3217500E+06   0.0000000E+00   0.0000000E+00   0.0000000E+00   0.0000000E+00   0.0000000E+00
   5.4625516E-03   5.2790415E+06   5.2790415E+06   5.0466989E+04   2.2119911E+02   2.5309331E+05   5.2680105E+06   5.2790415E+06   0.0000000E+00   0.0000000E+00   0.0000000E+00   0.0000000E+00   0.0000000E+00
   5.8701007E-03   5.2330758E+06   5.2330758E+06   4.4147732E+04   1.9712843E+02   2.3591145E+05   5.2217685E+06   5.2330758E+06   0.0000000E+00   0.0000000E+00   0.0000000E+00   0.0000000E+00   0.0000000E+00
   6.3080562E-03   5.1836838E+06   5.1836838E+06   3.4461612E+04   1.7476722E+02   2.2254712E+05   5.1721255E+06   5.1836838E+06   0.0000000E+00   0.0000000E+00   0.0000000E+00   0.0000000E+00   0.0000000E+00
   6.7786866E-03   5.1306928E+06   5.1306928E+06   3.2925395E+04   1.5486831E+02   2.0852041E+05   5.1189038E+06   5.1306928E+06   0.0000000E+00   0.0000000E+00   0.0000000E+00   0.0000000E+00   0.0000000E+00
   7.2844297E-03   5.0739229E+06   5.0739229E+06   2.6918716E+04   1.3738544E+02   1.9247053E+05   5.0619208E+06   5.0739229E+06   0.0000000E+00   0.0000000E+00   0.0000000E+00   0.0000000E+00   0.0000000E+00
   7.8279051E-03   5.0131892E+06   5.0131892E+06   2.2820091E+04   1.2097305E+02   1.8027270E+05   5.0009993E+06   5.0131892E+06   0.0000000E+00   0.0000000E+00   0.0000000E+00   0.0000000E+00   0.0000000E+00
   8.4119281E-03   4.9483089E+06   4.9483089E+06   1.9818150E+04   1.0655097E+02   1.6570867E+05   4.9359678E+06   4.9483089E+06   0.0000000E+00   0.0000000E+00   0.0000000E+00   0.0000000E+00   0.0000000E+00
   9.0395238E-03   4.8790981E+06   4.8790981E+06   1.6510334E+04   9.3473543E+01   1.5473258E+05   4.8666392E+06   4.8790981E+06   0.0000000E+00   0.0000000E+00   0.0000000E+00   0.0000000E+00   0.0000000E+00
   9.7139431E-03   4.8053693E+06   4.8053693E+06   1.4356709E+04   8.2062452E+01   1.4118019E+05   4.7928183E+06   4.8053693E+06   0.0000000E+00   0.0000000E+00   0.0000000E+00   0.0000000E+00   0.0000000E+00
   1.0438679E-02   4.7269310E+06   4.7269310E+06   1.2520433E+04   7.1600468E+01   1.3057761E+05   4.7143206E+06   4.7269310E+06   0.0000000E+00   0.0000000E+00   0.0000000E+00   0.0000000E+00   0.0000000E+00
   1.1217486E-02   4.6435948E+06   4.6435948E+06   9.7644912E+03   6.2432951E+01   1.1933584E+05   4.6309621E+06   4.6435948E+06   0.0000000E+00   0.0000000E+00   0.0000000E+00   0.0000000E+00   0.0000000E+00
   1.2054399E-02   4.5551745E+06   4.5551745E+06   9.0462955E+03   5.4290755E+01   1.0863640E+05   4.5425526E+06   4.5551745E+06   0.0000000E+00   0.0000000E+00   0.0000000E+00   0.0000000E+00   0.0000000E+00
   1.2953751E-02   4.4614894E+06   4.4614894E+06   7.7192326E+03   4.7025139E+01   9.9438662E+04   4.4489134E+06   4.4614894E+06   0.0000000E+00   0.0000000E+00   0.0000000E+00   0.0000000E+00   0.0000000E+00
   1.3920203E-02   4.3623718E+06   4.3623718E+06   6.1236692E+03   4.0626503E+01   9.0496408E+04   4.3498796E+06   4.3623718E+06   0.0000000E+00   0.0000000E+00   0.0000000E+00   0.0000000E+00   0.0000000E+00
   1.4958759E-02   4.2576719E+06   4.2576719E+06   5.0977111E+03   3.5025688E+01   8.1663049E+04   4.2452985E+06   4.2576719E+06   0.0000000E+00   0.0000000E+00   0.0000000E+00   0.0000000E+00   0.0000000E+00
   1.6074799E-02   4.1472686E+06   4.1472686E+06   4.3124200E+03   3.0075088E+01   7.3545310E+04   4.1350505E+06   4.1472686E+06   0.0000000E+00   0.0000000E+00   0.0000000E+00   0.0000000E+00   0.0000000E+00
   1.7274105E-02   4.0310833E+06   4.0310833E+06   3.6693309E+03   2.5755550E+01   6.6198412E+04   4.0190576E+06   4.0310833E+06   0.0000000E+00   0.0000000E+00   0.0000000E+00   0.0000000E+00   0.0000000E+00
   1.8562888E-02   3.9090970E+06   3.9090970E+06   3.0639967E+03   2.1966532E+01   5.9439356E+04   3.8972990E+06   3.9090970E+06   0.0000000E+00   0.0000000E+00   0.0000000E+00   0.0000000E+00   0.0000000E+00
   1.9947825E-02   3.7813715E+06   3.7813715E+06   2.5654398E+03   1.8675389E+01   5.3301298E+04   3.7698365E+06   3.7813715E+06   0.0000000E+00   0.0000000E+00   0.0000000E+00   0.0000000E+00   0.0000000E+00
   2.1436088E-02   3.6480769E+06   3.6480769E+06   2.1926648E+03   1.5816342E+01   4.7633921E+04   3.6368392E+06   3.6480769E+06   0.0000000E+00   0.0000000E+00   0.0000000E+00   0.0000000E+00   0.0000000E+00
   2.3035381E-02   3.5095222E+06   3.5095222E+06   1.8930565E+03   1.3349913E+01   4.2285131E+04   3.4986135E+06   3.5095222E+06   0.0000000E+00   0.0000000E+00   0.0000000E+00   0.0000000E+00   0.0000000E+00
   2.4753965E-02   3.3661911E+06   3.3661911E+06   1.5139185E+03   1.1224203E+01   3.7439964E+04   3.3556419E+06   3.3661911E+06   0.0000000E+00   0.0000000E+00   0.0000000E+00   0.0000000E+00   0.0000000E+00
   2.6600633E-02   3.2187822E+06   3.2187822E+06   1.2727914E+03   9.3959557E+00   3.3251203E+04   3.2086190E+06   3.2187822E+06   0.0000000E+00   0.0000000E+00   0.0000000E+00   0.0000000E+00   0.0000000E+00
   2.8584547E-02   3.0682559E+06   3.0682559E+06   1.0279020E+03   7.8378385E+00   2.9233418E+04   3.0585015E+06   3.0682559E+06   0.0000000E+00   0.0000000E+00   0.0000000E+00   0.0000000E+00   0.0000000E+00
   3.0714678E-02   2.9158935E+06   2.9158935E+06   8.8168325E+02   6.5130498E+00   2.5756614E+04   2.9065657E+06   2.9158935E+06   0.0000000E+00   0.0000000E+00   0.0000000E+00   0.0000000E+00   0.0000000E+00
   3.2998407E-02   2.7633737E+06   2.7633737E+06   7.2456846E+02   5.3938661E+00   2.2698413E+04   2.7544839E+06   2.7633737E+06   0.0000000E+00   0.0000000E+00   0.0000000E+00   0.0000000E+00   0.0000000E+00
   3.5438688E-02   2.6128543E+06   2.6128543E+06   5.9341834E+02   4.4565258E+00   1.9952730E+04   2.6044060E+06   2.6128543E+06   0.0000000E+00   0.0000000E+00   0.0000000E+00   0.0000000E+00   0.0000000E+00
   3.8029580E-02   2.4669986E+06   2.4669986E+06   4.8770775E+02   3.6796995E+00   1.7521656E+04   2.4589856E+06   2.4669986E+06   0.0000000E+00   0.0000000E+00   0.0000000E+00   0.0000000E+00   0.0000000E+00
   4.0751460E-02   2.3288103E+06   2.3288103E+06   3.8947329E+02   3.0432688E+00   1.5431717E+04   2.3212156E+06   2.3288103E+06   0.0000000E+00   0.0000000E+00   0.0000000E+00   0.0000000E+00   0.0000000E+00
   4.3569678E-02   2.2011480E+06   2.2011480E+06   3.1352420E+02   2.5287001E+00   1.3737573E+04   2.1939443E+06   2.2011480E+06   0.0000000E+00   0.0000000E+00   0.0000000E+00   0.0000000E+00   0.0000000E+00
   4.6440595E-02   2.0860078E+06   2.0860078E+06   2.7481059E+02   2.1178495E+00   1.2284920E+04   2.0791599E+06   2.0860078E+06   0.0000000E+00   0.0000000E+00   0.0000000E+00   0.0000000E+00   0.0000000E+00
   4.9323511E-02   1.9839867E+06   1.9839867E+06   2.2727892E+02   1.7915249E+00   1.1031800E+04   1.9774565E+06   1.9839867E+06   0.0000000E+00   0.0000000E+00   0.0000000E+00   0.0000000E+00   0.0000000E+00
   5.2190754E-02   1.8943017E+06   1.8943017E+06   1.8890889E+02   1.5314372E+00   1.0067512E+04   1.8880525E+06   1.8943017E+06   0.0000000E+00   0.0000000E+00   0.0000000E+00   0.0000000E+00   0.0000000E+00
   5.5030212E-02   1.8152682E+06   1.8152682E+06   1.6970794E+02   1.3224721E+00   9.2344603E+03   1.8092681E+06   1.8152682E+06   0.0000000E+00   0.0000000E+00   0.0000000E+00   0.0000000E+00   0.0000000E+00
   5.7841848E-02   1.7448537E+06   1.7448537E+06   1.4596906E+02   1.1523993E+00   8.5026765E+03   1.7390765E+06   1.7448537E+06   0.0000000E+00   0.0000000E+00   0.0000000E+00   0.0000000E+00   0.0000000E+00
   6.0632690E-02   1.6810575E+06   1.6810575E+06   1.2437134E+02   1.0116204E+00   7.9132328E+03   1.6754833E+06   1.6810575E+06   0.0000000E+00   0.0000000E+00   0.0000000E+00   0.0000000E+00   0.0000000E+00
   6.3412951E-02   1.6220976E+06   1.6220976E+06   1.1237321E+02   8.9342259E-01   7.3979154E+03   1.6167118E+06   1.6220976E+06   0.0000000E+00   0.0000000E+00   0.0000000E+00   0.0000000E+00   0.0000000E+00
   6.6193718E-02   1.5664755E+06   1.5664755E+06   1.0130295E+02   7.9270867E-01   6.9128390E+03   1.5612683E+06   1.5664755E+06   0.0000000E+00   0.0000000E+00   0.0000000E+00   0.0000000E+00   0.0000000E+00
   6.8985827E-02   1.5129870E+06   1.5129870E+06   8.8013868E+01   7.0577996E-01   6.4820357E+03   1.5079522E+06   1.5129870E+06   0.0000000E+00   0.0000000E+00   0.0000000E+00   0.0000000E+00   0.0000000E+00
   7.1799396E-02   1.4607124E+06   1.4607124E+06   7.7198484E+01   6.2982163E-01   6.1021820E+03   1.4558469E+06   1.4607124E+06   0.0000000E+00   0.0000000E+00   0.0000000E+00   0.0000000E+00   0.0000000E+00
   7.4643712E-02   1.4090043E+06   1.4090043E+06   7.0252398E+01   5.6289674E-01   5.7501861E+03   1.4043069E+06   1.4090043E+06   0.0000000E+00   0.0000000E+00   0.0000000E+00   0.0000000E+00   0.0000000E+00
   7.7527271E-02   1.3574735E+06   1.3574735E+06   6.4426767E+01   5.0351216E-01   5.3987384E+03   1.3529443E+06   1.3574735E+06   0.0000000E+00   0.0000000E+00   0.0000000E+00   0.0000000E+00   0.0000000E+00
   8.0457876E-02   1.3059752E+06   1.3059752E+06   5.4633573E+01   4.5052824E-01   5.0762045E+03   1.3016146E+06   1.3059752E+06   0.0000000E+00   0.0000000E+00   0.0000000E+00   0.0000000E+00   0.0000000E+00
   8.3442754E-02   1.2545891E+06   1.2545891E+06   5.0618268E+01   4.0308298E-01   4.7923287E+03   1.2503973E+06   1.2545891E+06   0.0000000E+00   0.0000000E+00   0.0000000E+00   0.0000000E+00   0.0000000E+00
   8.6488668E-02   1.2035928E+06   1.2035928E+06   4.4432895E+01   3.6063797E-01   4.4884131E+03   1.1995688E+06   1.2035928E+06   0.0000000E+00   0.0000000E+00   0.0000000E+00   0.0000000E+00   0.0000000E+00
   8.9602009E-02   1.1534239E+06   1.1534239E+06   4.0321623E+01   3.2259040E-01   4.2380274E+03   1.1495654E+06   1.1534239E+06   0.0000000E+00   0.0000000E+00   0.0000000E+00   0.0000000E+00   0.0000000E+00
   9.2788883E-02   1.1046306E+06   1.1046306E+06   3.4859501E+01   2.8861119E-01   3.9759250E+03   1.1009332E+06   1.1046306E+06   0.0000000E+00   0.0000000E+00   0.0000000E+00   0.0000000E+00   0.0000000E+00
   9.6055178E-02   1.0578096E+06   1.0578096E+06   3.2501021E+01   2.5831327E-01   3.7437640E+03   1.0542672E+06   1.0578096E+06   0.0000000E+00   0.0000000E+00   0.0000000E+00   0.0000000E+00   0.0000000E+00
   9.9406622E-02   1.0135354E+06   1.0135354E+06   2.8776741E+01   2.3140245E-01   3.5380308E+03   1.0101396E+06   1.0135354E+06   0.0000000E+00   0.0000000E+00   0.0000000E+00   0.0000000E+00   0.0000000E+00
   1.0284883E-01   9.7228365E+05   9.7228365E+05   2.5124976E+01   2.0758481E-01   3.3416050E+03   9.6902463E+05   9.7228365E+05   0.0000000E+00   0.0000000E+00   0.0000000E+00   0.0000000E+00   0.0000000E+00
   1.0638735E-01   9.3435817E+05   9.3435817E+05   2.2373320E+01   1.8655385E-01   3.1618066E+03   9.3122496E+05   9.3435817E+05   0.0000000E+00   0.0000000E+00   0.0000000E+00   0.0000000E+00   0.0000000E+00
   1.1002767E-01   8.9982964E+05   8.9982964E+05   2.0151028E+01   1.6801105E-01   3.0019039E+03   8.9681103E+05   8.9982964E+05   0.0000000E+00   0.0000000E+00   0.0000000E+00   0.0000000E+00   0.0000000E+00
   1.1377527E-01   8.6849745E+05   8.6849745E+05   1.8263754E+01   1.5162835E-01   2.8604304E+03   8.6558288E+05   8.6849745E+05   0.0000000E+00   0.0000000E+00   0.0000000E+00   0.0000000E+00   0.0000000E+00
   1.1763563E-01   8.3988510E+05   8.3988510E+05   1.6669424E+01   1.3711250E-01   2.7323501E+03   8.3706556E+05   8.3988510E+05   0.0000000E+00   0.0000000E+00   0.0000000E+00   0.0000000E+00   0.0000000E+00
   1.2161426E-01   8.1327708E+05   8.1327708E+05   1.5314389E+01   1.2415280E-01   2.6148340E+03   8.1054598E+05   8.1327708E+05   0.0000000E+00   0.0000000E+00   0.0000000E+00   0.0000000E+00   0.0000000E+00
   1.2571667E-01   7.8780038E+05   7.8780038E+05   1.4076572E+01   1.1248525E-01   2.5008152E+03   7.8515402E+05   7.8780038E+05   0.0000000E+00   0.0000000E+00   0.0000000E+00   0.0000000E+00   0.0000000E+00
   1.2994845E-01   7.6254569E+05   7.6254569E+05   1.2277935E+01   1.0186995E-01   2.3953032E+03   7.5998342E+05   7.6254569E+05   0.0000000E+00   0.0000000E+00   0.0000000E+00   0.0000000E+00   0.0000000E+00
   1.3431522E-01   7.3671419E+05   7.3671419E+05   1.1557813E+01   9.2122352E-02   2.2897543E+03   7.3423805E+05   7.3671419E+05   0.0000000E+00   0.0000000E+00   0.0000000E+00   0.0000000E+00   0.0000000E+00
   1.3882264E-01   7.0976622E+05   7.0976622E+05   1.0181819E+01   8.3114836E-02   2.1873869E+03   7.0738004E+05   7.0976622E+05   0.0000000E+00   0.0000000E+00   0.0000000E+00   0.0000000E+00   0.0000000E+00
   1.4347647E-01   6.8154064E+05   6.8154064E+05   9.0034224E+00   7.4778383E-02   2.0786470E+03   6.7924880E+05   6.8154064E+05   0.0000000E+00   0.0000000E+00   0.0000000E+00   0.0000000E+00   0.0000000E+00
   1.4828252E-01   6.5231185E+05   6.5231185E+05   8.0879770E+00   6.7087550E-02   1.9705806E+03   6.5011779E+05   6.5231185E+05   0.0000000E+00   0.0000000E+00   0.0000000E+00   0.0000000E+00   0.0000000E+00
   1.5324666E-01   6.2275772E+05   6.2275772E+05   7.2213031E+00   6.0047450E-02   1.8659752E+03   6.2066262E+05   6.2275772E+05   0.0000000E+00   0.0000000E+00   0.0000000E+00   0.0000000E+00   0.0000000E+00
   1.5837486E-01   5.9382791E+05   5.9382791E+05   6.5109764E+00   5.3681908E-02   1.7665360E+03   5.9182973E+05   5.9382791E+05   0.0000000E+00   0.0000000E+00   0.0000000E+00   0.0000000E+00   0.0000000E+00
   1.6367317E-01   5.6652654E+05   5.6652654E+05   5.9372475E+00   4.8002995E-02   1.6713911E+03   5.6461986E+05   5.6652654E+05   0.0000000E+00   0.0000000E+00   0.0000000E+00   0.0000000E+00   0.0000000E+00
   1.6914772E-01   5.4165256E+05   5.4165256E+05   5.2295915E+00   4.2997530E-02   1.5855083E+03   5.3982928E+05   5.4165256E+05   0.0000000E+00   0.0000000E+00   0.0000000E+00   0.0000000E+00   0.0000000E+00
   1.7480477E-01   5.1956537E+05   5.1956537E+05   4.7637091E+00   3.8617730E-02   1.5118838E+03   5.1781614E+05   5.1956537E+05   0.0000000E+00   0.0000000E+00   0.0000000E+00   0.0000000E+00   0.0000000E+00
   1.8065066E-01   5.0005265E+05   5.0005265E+05   4.1902653E+00   3.4783071E-02   1.4453140E+03   4.9836884E+05   5.0005265E+05   0.0000000E+00   0.0000000E+00   0.0000000E+00   0.0000000E+00   0.0000000E+00
   1.8669188E-01   4.8236204E+05   4.8236204E+05   3.7830719E+00   3.1392380E-02   1.3850084E+03   4.8073756E+05   4.8236204E+05   0.0000000E+00   0.0000000E+00   0.0000000E+00   0.0000000E+00   0.0000000E+00
   1.9293507E-01   4.6541458E+05   4.6541458E+05   3.4287880E+00   2.8341388E-02   1.3289344E+03   4.6384694E+05   4.6541458E+05   0.0000000E+00   0.0000000E+00   0.0000000E+00   0.0000000E+00   0.0000000E+00
   1.9938702E-01   4.4815348E+05   4.4815348E+05   3.1541220E+00   2.5544341E-02   1.2727209E+03   4.4664379E+05   4.4815348E+05   0.0000000E+00   0.0000000E+00   0.0000000E+00   0.0000000E+00   0.0000000E+00
   2.0605474E-01   4.2991754E+05   4.2991754E+05   2.7973660E+00   2.2950507E-02   1.2133638E+03   4.2846910E+05   4.2991754E+05   0.0000000E+00   0.0000000E+00   0.0000000E+00   0.0000000E+00   0.0000000E+00
   2.1294543E-01   4.1069343E+05   4.1069343E+05   2.5278180E+00   2.0543836E-02   1.1540547E+03   4.0930960E+05   4.1069343E+05   0.0000000E+00   0.0000000E+00   0.0000000E+00   0.0000000E+00   0.0000000E+00
   2.2006658E-01   3.9112294E+05   3.9112294E+05   2.2222777E+00   1.8338267E-02   1.0937808E+03   3.8980490E+05   3.9112294E+05   0.0000000E+00   0.0000000E+00   0.0000000E+00   0.0000000E+00   0.0000000E+00
   2.2742596E-01   3.7222826E+05   3.7222826E+05   1.9738996E+00   1.6356509E-02   1.0361397E+03   3.7097376E+05   3.7222826E+05   0.0000000E+00   0.0000000E+00   0.0000000E+00   0.0000000E+00   0.0000000E+00
   2.3503171E-01   3.5494744E+05   3.5494744E+05   1.7752669E+00   1.4611054E-02   9.8419300E+02   3.5375106E+05   3.5494744E+05   0.0000000E+00   0.0000000E+00   0.0000000E+00   0.0000000E+00   0.0000000E+00
   2.4289236E-01   3.3968527E+05   3.3968527E+05   1.6097206E+00   1.3091062E-02   9.3760997E+02   3.3854023E+05   3.3968527E+05   0.0000000E+00   0.0000000E+00   0.0000000E+00   0.0000000E+00   0.0000000E+00
   2.5101692E-01   3.2611369E+05   3.2611369E+05   1.4355687E+00   1.1761220E-02   8.9723537E+02   3.2501430E+05   3.2611369E+05   0.0000000E+00   0.0000000E+00   0.0000000E+00   0.0000000E+00   0.0000000E+00
   2.5941496E-01   3.1335538E+05   3.1335538E+05   1.2857287E+00   1.0575373E-02   8.5887090E+02   3.1229891E+05   3.1335538E+05   0.0000000E+00   0.0000000E+00   0.0000000E+00   0.0000000E+00   0.0000000E+00
   2.6809667E-01   3.0048047E+05   3.0048047E+05   1.1532712E+00   9.4929975E-03   8.2074291E+02   2.9946734E+05   3.0048047E+05   0.0000000E+00   0.0000000E+00   0.0000000E+00   0.0000000E+00   0.0000000E+00
   2.7707295E-01   2.8704263E+05   2.8704263E+05   1.0380810E+00   8.4931129E-03   7.8171390E+02   2.8607473E+05   2.8704263E+05   0.0000000E+00   0.0000000E+00   0.0000000E+00   0.0000000E+00   0.0000000E+00
   2.8635558E-01   2.7331692E+05   2.7331692E+05   9.2250880E-01   7.5761756E-03   7.4180154E+02   2.7239524E+05   2.7331692E+05   0.0000000E+00   0.0000000E+00   0.0000000E+00   0.0000000E+00   0.0000000E+00
   2.9595730E-01   2.6006223E+05   2.6006223E+05   8.2639082E-01   6.7526213E-03   7.0383757E+02   2.5918519E+05   2.6006223E+05   0.0000000E+00   0.0000000E+00   0.0000000E+00   0.0000000E+00   0.0000000E+00
   3.0589196E-01   2.4795064E+05   2.4795064E+05   7.3479961E-01   6.0278529E-03   6.6928477E+02   2.4711440E+05   2.4795064E+05   0.0000000E+00   0.0000000E+00   0.0000000E+00   0.0000000E+00   0.0000000E+00
   3.1617471E-01   2.3707343E+05   2.3707343E+05   6.5560428E-01   5.3932643E-03   6.3841067E+02   2.3627383E+05   2.3707343E+05   0.0000000E+00   0.0000000E+00   0.0000000E+00   0.0000000E+00   0.0000000E+00
   3.2682220E-01   2.2691212E+05   2.2691212E+05   5.9148486E-01   4.8295230E-03   6.0953089E+02   2.2614675E+05   2.2691212E+05   0.0000000E+00   0.0000000E+00   0.0000000E+00   0.0000000E+00   0.0000000E+00
   3.3785280E-01   2.1680838E+05   2.1680838E+05   5.2857707E-01   4.3178129E-03   5.8110271E+02   2.1607705E+05   2.1680838E+05   0.0000000E+00   0.0000000E+00   0.0000000E+00   0.0000000E+00   0.0000000E+00
   3.4928692E-01   2.0652953E+05   2.0652953E+05   4.6825773E-01   3.8494446E-03   5.5239822E+02   2.0583284E+05   2.0652953E+05   0.0000000E+00   0.0000000E+00   0.0000000E+00   0.0000000E+00   0.0000000E+00
   3.6114727E-01   1.9641049E+05   1.9641049E+05   4.1855504E-01   3.4256874E-03   5.2427782E+02   1.9574790E+05   1.9641049E+05   0.0000000E+00   0.0000000E+00   0.0000000E+00   0.0000000E+00   0.0000000E+00
   3.7345930E-01   1.8693925E+05   1.8693925E+05   3.7286825E-01   3.0494244E-03   4.9808444E+02   1.8630858E+05   1.8693925E+05   0.0000000E+00   0.0000000E+00   0.0000000E+00   0.0000000E+00   0.0000000E+00
   3.8625167E-01   1.7822237E+05   1.7822237E+05   3.3093925E-01   2.7174656E-03   4.7399456E+02   1.7762109E+05   1.7822237E+05   0.0000000E+00   0.0000000E+00   0.0000000E+00   0.0000000E+00   0.0000000E+00
   3.9955682E-01   1.6991353E+05   1.6991353E+05   2.9524914E-01   2.4208513E-03   4.5110236E+02   1.6934026E+05   1.6991353E+05   0.0000000E+00   0.0000000E+00   0.0000000E+00   0.0000000E+00   0.0000000E+00
   4.1341165E-01   1.6166646E+05   1.6166646E+05   2.6214700E-01   2.1517792E-03   4.2855970E+02   1.6112100E+05   1.6166646E+05   0.0000000E+00   0.0000000E+00   0.0000000E+00   0.0000000E+00   0.0000000E+00
   4.2785839E-01   1.5353286E+05   1.5353286E+05   2.3296969E-01   1.9082662E-03   4.0639207E+02   1.5301482E+05   1.5353286E+05   0.0000000E+00   0.0000000E+00   0.0000000E+00   0.0000000E+00   0.0000000E+00
   4.4294566E-01   1.4579680E+05   1.4579680E+05   2.0592257E-01   1.6909556E-03   3.8533326E+02   1.4530485E+05   1.4579680E+05   0.0000000E+00   0.0000000E+00   0.0000000E+00   0.0000000E+00   0.0000000E+00
   4.5872980E-01   1.3851819E+05   1.3851819E+05   1.8265020E-01   1.4977930E-03   3.6561664E+02   1.3805079E+05   1.3851819E+05   0.0000000E+00   0.0000000E+00   0.0000000E+00   0.0000000E+00   0.0000000E+00
   4.7527653E-01   1.3147531E+05   1.3147531E+05   1.6133142E-01   1.3242983E-03   3.4658883E+02   1.3103166E+05   1.3147531E+05   0.0000000E+00   0.0000000E+00   0.0000000E+00   0.0000000E+00   0.0000000E+00
   4.9266307E-01   1.2455000E+05   1.2455000E+05   1.4237704E-01   1.1677190E-03   3.2793699E+02   1.2412970E+05   1.2455000E+05   0.0000000E+00   0.0000000E+00   0.0000000E+00   0.0000000E+00   0.0000000E+00
   5.1098082E-01   1.1786666E+05   1.1786666E+05   1.2517832E-01   1.0273124E-03   3.0998675E+02   1.1746891E+05   1.1786666E+05   0.0000000E+00   0.0000000E+00   0.0000000E+00   0.0000000E+00   0.0000000E+00
   5.3033880E-01   1.1147944E+05   1.1147944E+05   1.0993897E-01   9.0198657E-04   2.9287101E+02   1.1110324E+05   1.1147944E+05   0.0000000E+00   0.0000000E+00   0.0000000E+00   0.0000000E+00   0.0000000E+00
   5.5086810E-01   1.0526582E+05   1.0526582E+05   9.6243356E-02   7.8947473E-04   2.7623692E+02   1.0491058E+05   1.0526582E+05   0.0000000E+00   0.0000000E+00   0.0000000E+00   0.0000000E+00   0.0000000E+00
   5.7272762E-01   9.9195423E+04   9.9195423E+04   8.3877031E-02   6.8826017E-04   2.6007444E+02   9.8860657E+04   9.9195423E+04   0.0000000E+00   0.0000000E+00   0.0000000E+00   0.0000000E+00   0.0000000E+00
   5.9611140E-01   9.3324835E+04   9.3324835E+04   7.2851968E-02   5.9775567E-04   2.4443636E+02   9.3009874E+04   9.3324835E+04   0.0000000E+00   0.0000000E+00   0.0000000E+00   0.0000000E+00   0.0000000E+00
   6.2125809E-01   8.7603573E+04   8.7603573E+04   6.2968202E-02   5.1661215E-04   2.2925843E+02   8.7307916E+04   8.7603573E+04   0.0000000E+00   0.0000000E+00   0.0000000E+00   0.0000000E+00   0.0000000E+00
   6.4846264E-01   8.2002416E+04   8.2002416E+04   5.4093401E-02   4.4387546E-04   2.1441479E+02   8.1725657E+04   8.2002416E+04   0.0000000E+00   0.0000000E+00   0.0000000E+00   0.0000000E+00   0.0000000E+00
   6.7809049E-01   7.6534259E+04   7.6534259E+04   4.6169887E-02   3.7888149E-04   1.9994512E+02   7.6275950E+04   7.6534259E+04   0.0000000E+00   0.0000000E+00   0.0000000E+00   0.0000000E+00   0.0000000E+00
   7.1059303E-01   7.1165364E+04   7.1165364E+04   3.9092733E-02   3.2081792E-04   1.8576978E+02   7.0925171E+04   7.1165364E+04   0.0000000E+00   0.0000000E+00   0.0000000E+00   0.0000000E+00   0.0000000E+00
   7.4652159E-01   6.5896634E+04   6.5896634E+04   3.2798677E-02   2.6916427E-04   1.7188823E+02   6.5674221E+04   6.5896634E+04   0.0000000E+00   0.0000000E+00   0.0000000E+00   0.0000000E+00   0.0000000E+00
   7.8653277E-01   6.0719501E+04   6.0719501E+04   2.7224692E-02   2.2344008E-04   1.5826820E+02   6.0514558E+04   6.0719501E+04   0.0000000E+00   0.0000000E+00   0.0000000E+00   0.0000000E+00   0.0000000E+00
   8.3137233E-01   5.5643791E+04   5.5643791E+04   2.2330234E-02   1.8327257E-04   1.4493450E+02   5.5455976E+04   5.5643791E+04   0.0000000E+00   0.0000000E+00   0.0000000E+00   0.0000000E+00   0.0000000E+00
   8.8182001E-01   5.0691169E+04   5.0691169E+04   1.8081557E-02   1.4840821E-04   1.3194939E+02   5.0520069E+04   5.0691169E+04   0.0000000E+00   0.0000000E+00   0.0000000E+00   0.0000000E+00   0.0000000E+00
   9.3858465E-01   4.5903558E+04   4.5903558E+04   1.4453038E-02   1.1863349E-04   1.1940945E+02   4.5748615E+04   4.5903558E+04   0.0000000E+00   0.0000000E+00   0.0000000E+00   0.0000000E+00   0.0000000E+00
   1.0021736E+00   4.1337456E+04   4.1337456E+04   1.1415987E-02   9.3708595E-05   1.0747146E+02   4.1197924E+04   4.1337456E+04   0.0000000E+00   0.0000000E+00   0.0000000E+00   0.0000000E+00   0.0000000E+00
   1.0728117E+00   3.7052598E+04   3.7052598E+04   8.9294322E-03   7.3300765E-05   9.6279423E+01   3.6927528E+04   3.7052598E+04   0.0000000E+00   0.0000000E+00   0.0000000E+00   0.0000000E+00   0.0000000E+00
   1.1504905E+00   3.3097114E+04   3.3097114E+04   6.9354205E-03   5.6934720E-05   8.5958967E+01   3.2985394E+04   3.3097114E+04   0.0000000E+00   0.0000000E+00   0.0000000E+00   0.0000000E+00   0.0000000E+00
   1.2351302E+00   2.9495468E+04   2.9495468E+04   5.3626123E-03   4.4024505E-05   7.6575353E+01   2.9395905E+04   2.9495468E+04   0.0000000E+00   0.0000000E+00   0.0000000E+00   0.0000000E+00   0.0000000E+00
   1.3267446E+00   2.6246611E+04   2.6246611E+04   4.1356015E-03   3.3953178E-05   6.8113612E+01   2.6158013E+04   2.6246611E+04   0.0000000E+00   0.0000000E+00   0.0000000E+00   0.0000000E+00   0.0000000E+00
   1.4255178E+00   2.3332950E+04   2.3332950E+04   3.1863353E-03   2.6146836E-05   6.0533919E+01   2.3254187E+04   2.3332950E+04   0.0000000E+00   0.0000000E+00   0.0000000E+00   0.0000000E+00   0.0000000E+00
   1.5317986E+00   2.0728196E+04   2.0728196E+04   2.4504005E-03   2.0117641E-05   5.3760669E+01   2.0658226E+04   2.0728196E+04   0.0000000E+00   0.0000000E+00   0.0000000E+00   0.0000000E+00   0.0000000E+00
   1.6460602E+00   1.8403499E+04   1.8403499E+04   1.8839295E-03   1.5468512E-05   4.7719661E+01   1.8341376E+04   1.8403499E+04   0.0000000E+00   0.0000000E+00   0.0000000E+00   0.0000000E+00   0.0000000E+00
   1.7688632E+00   1.6331046E+04   1.6331046E+04   1.4476736E-03   1.1887537E-05   4.2336742E+01   1.6275919E+04   1.6331046E+04   0.0000000E+00   0.0000000E+00   0.0000000E+00   0.0000000E+00   0.0000000E+00
   1.9008328E+00   1.4484805E+04   1.4484805E+04   1.1118955E-03   9.1309178E-06   3.7543945E+01   1.4435909E+04   1.4484805E+04   0.0000000E+00   0.0000000E+00   0.0000000E+00   0.0000000E+00   0.0000000E+00
   2.0426496E+00   1.2841207E+04   1.2841207E+04   8.5359780E-04   7.0103202E-06   3.3278245E+01   1.2797860E+04   1.2841207E+04   0.0000000E+00   0.0000000E+00   0.0000000E+00   0.0000000E+00   0.0000000E+00
   2.1950472E+00   1.1378911E+04   1.1378911E+04   6.5500599E-04   5.3798425E-06   2.9484712E+01   1.1340499E+04   1.1378911E+04   0.0000000E+00   0.0000000E+00   0.0000000E+00   0.0000000E+00   0.0000000E+00
   2.3588149E+00   1.0078659E+04   1.0078659E+04   5.0239521E-04   4.1266981E-06   2.6112907E+01   1.0044636E+04   1.0078659E+04   0.0000000E+00   0.0000000E+00   0.0000000E+00   0.0000000E+00   0.0000000E+00
   2.5348009E+00   8.9231628E+03   8.9231628E+03   3.8516779E-04   3.1642315E-06   2.3116354E+01   8.8930409E+03   8.9231628E+03   0.0000000E+00   0.0000000E+00   0.0000000E+00   0.0000000E+00   0.0000000E+00
   2.7239169E+00   7.8968646E+03   7.8968646E+03   2.9516861E-04   2.4252096E-06   2.0455969E+01   7.8702071E+03   7.8968646E+03   0.0000000E+00   0.0000000E+00   0.0000000E+00   0.0000000E+00   0.0000000E+00
   2.9271424E+00   6.9857950E+03   6.9857950E+03   2.2600204E-04   1.8581178E-06   1.8094107E+01   6.9622130E+03   6.9857950E+03   0.0000000E+00   0.0000000E+00   0.0000000E+00   0.0000000E+00   0.0000000E+00
   3.1455302E+00   6.1774278E+03   6.1774278E+03   1.7318910E-04   1.4230700E-06   1.5999744E+01   6.1565746E+03   6.1774278E+03   0.0000000E+00   0.0000000E+00   0.0000000E+00   0.0000000E+00   0.0000000E+00
   3.3802114E+00   5.4605380E+03   5.4605380E+03   1.3255820E-04   1.0895054E-06   1.4141943E+01   5.4421048E+03   5.4605380E+03   0.0000000E+00   0.0000000E+00   0.0000000E+00   0.0000000E+00   0.0000000E+00
   3.6324016E+00   4.8250755E+03   4.8250755E+03   1.0143149E-04   8.3384286E-07   1.2495677E+01   4.8087874E+03   4.8250755E+03   0.0000000E+00   0.0000000E+00   0.0000000E+00   0.0000000E+00   0.0000000E+00
   3.9034072E+00   4.2620495E+03   4.2620495E+03   7.7586981E-05   6.3797234E-07   1.1036958E+01   4.2476620E+03   4.2620495E+03   0.0000000E+00   0.0000000E+00   0.0000000E+00   0.0000000E+00   0.0000000E+00
   4.1946319E+00   3.7634243E+03   3.7634243E+03   5.9329604E-05   4.8795962E-07   9.7453300E+00   3.7507200E+03   3.7634243E+03   0.0000000E+00   0.0000000E+00   0.0000000E+00   0.0000000E+00   0.0000000E+00
   4.5075843E+00   3.3220228E+03   3.3220228E+03   4.5349790E-05   3.7310775E-07   8.6021020E+00   3.3108086E+03   3.3220228E+03   0.0000000E+00   0.0000000E+00   0.0000000E+00   0.0000000E+00   0.0000000E+00
   4.8438854E+00   2.9314401E+03   2.9314401E+03   3.4652899E-05   2.8521029E-07   7.5905173E+00   2.9215444E+03   2.9314401E+03   0.0000000E+00   0.0000000E+00   0.0000000E+00   0.0000000E+00   0.0000000E+00
   5.2052771E+00   2.5859642E+03   2.5859642E+03   2.6471996E-05   2.1796480E-07   6.6957135E+00   2.5772347E+03   2.5859642E+03   0.0000000E+00   0.0000000E+00   0.0000000E+00   0.0000000E+00   0.0000000E+00
   5.5936316E+00   2.2805049E+03   2.2805049E+03   2.0213655E-05   1.6653267E-07   5.9047135E+00   2.2728065E+03   2.2805049E+03   0.0000000E+00   0.0000000E+00   0.0000000E+00   0.0000000E+00   0.0000000E+00
   6.0109603E+00   2.0105287E+03   2.0105287E+03   1.5430003E-05   1.2720823E-07   5.2055680E+00   2.0037417E+03   2.0105287E+03   0.0000000E+00   0.0000000E+00   0.0000000E+00   0.0000000E+00   0.0000000E+00
   6.4594250E+00   1.7720010E+03   1.7720010E+03   1.1779825E-05   9.7149691E-08   4.5879111E+00   1.7660192E+03   1.7720010E+03   0.0000000E+00   0.0000000E+00   0.0000000E+00   0.0000000E+00   0.0000000E+00
   6.9413486E+00   1.5613331E+03   1.5613331E+03   8.9882013E-06   7.4179968E-08   4.0424303E+00   1.5560624E+03   1.5613331E+03   0.0000000E+00   0.0000000E+00   0.0000000E+00   0.0000000E+00   0.0000000E+00
   7.4592276E+00   1.3753348E+03   1.3753348E+03   6.8561873E-06   5.6632109E-08   3.5607907E+00   1.3706920E+03   1.3753348E+03   0.0000000E+00   0.0000000E+00   0.0000000E+00   0.0000000E+00   0.0000000E+00
   8.0157443E+00   1.2111719E+03   1.2111719E+03   5.2282772E-06   4.3229463E-08   3.1357133E+00   1.2070833E+03   1.2111719E+03   0.0000000E+00   0.0000000E+00   0.0000000E+00   0.0000000E+00   0.0000000E+00
