#           k/h    CDM            baryon         photon         nu             mass_nu        total          no_nu          total_de       Weyl           v_CDM          v_b            v_b-v_c     
   9.5679970E-06   2.1539800E+07   2.1539800E+07   2.8706283E+07   2.0176548E+04   2.5572749E+07   2.1539822E+07   2.1539800E+07   0.0000000E+00   0.0000000E+00   0.0000000E+00   0.0000000E+00   0.0000000E+00
   1.0281845E-05   2.1539795E+07   2.1539795E+07   2.8704193E+07   2.0175608E+04   2.5572107E+07   2.1539816E+07   2.1539795E+07   0.0000000E+00   0.0000000E+00   0.0000000E+00   0.0000000E+00   0.0000000E+00
   1.1048951E-05   2.1539788E+07   2.1539788E+07   2.8701781E+07   2.0174523E+04   2.5571365E+07   2.1539809E+07   2.1539788E+07   0.0000000E+00   0.0000000E+00   0.0000000E+00   0.0000000E+00   0.0000000E+00
   1.1873289E-05   2.1539781E+07   2.1539781E+07   2.8698996E+07   2.0173271E+04   2.5570508E+07   2.1539801E+07   2.1539781E+07   0.0000000E+00   0.0000000E+00   0.0000000E+00   0.0000000E+00   0.0000000E+00
   1.2759129E-05   2.1539772E+07   2.1539772E+07   2.8695780E+07   2.0171825E+04   2.5569519E+07   2.1539792E+07   2.1539772E+07   0.0000000E+00   0.0000000E+00   0.0000000E+00   0.0000000E+00   0.0000000E+00
   1.3711060E-05   2.1539762E+07   2.1539762E+07   2.8692066E+07   2.0170154E+04   2.5568377E+07   2.1539781E+07   2.1539762E+07   0.0000000E+00   0.0000000E+00   0.0000000E+00   0.0000000E+00   0.0000000E+00
   1.4734012E-05   2.1539750E+07   2.1539750E+07   2.8687778E+07   2.0168226E+04   2.5567059E+07   2.1539769E+07   2.1539750E+07   0.0000000E+00   0.0000000E+00   0.0000000E+00   0.0000000E+00   0.0000000E+00
   1.5833285E-05   2.1539737E+07   2.1539737E+07   2.8682827E+07   2.0165999E+04   2.5565537E+07   2.1539755E+07   2.1539737E+07   0.0000000E+00   0.0000000E+00   0.0000000E+00   0.0000000E+00   0.0000000E+00
   1.7014572E-05   2.1539721E+07   2.1539721E+07   2.8677111E+07   2.0163429E+04   2.5563779E+07   2.1539739E+07   2.1539721E+07   0.0000000E+00   0.0000000E+00   0.0000000E+00   0.0000000E+00   0.0000000E+00
   1.8283992E-05   2.1539703E+07   2.1539703E+07   2.8670511E+07   2.0160460E+04   2.5561751E+07   2.1539720E+07   2.1539703E+07   0.0000000E+00   0.0000000E+00   0.0000000E+00   0.0000000E+00   0.0000000E+00
   1.9648121E-05   2.1539682E+07   2.1539682E+07   2.8662892E+07   2.0157033E+04   2.5559409E+07   2.1539699E+07   2.1539682E+07   0.0000000E+00   0.0000000E+00   0.0000000E+00   0.0000000E+00   0.0000000E+00
   2.1114025E-05   2.1539658E+07   2.1539658E+07   2.8654096E+07   2.0153076E+04   2.5556705E+07   2.1539674E+07   2.1539658E+07   0.0000000E+00   0.0000000E+00   0.0000000E+00   0.0000000E+00   0.0000000E+00
   2.2689297E-05   2.1539631E+07   2.1539631E+07   2.8643941E+07   2.0148508E+04   2.5553585E+07   2.1539645E+07   2.1539631E+07   0.0000000E+00   0.0000000E+00   0.0000000E+00   0.0000000E+00   0.0000000E+00
   2.4382096E-05   2.1539599E+07   2.1539599E+07   2.8632219E+07   2.0143234E+04   2.5549983E+07   2.1539611E+07   2.1539599E+07   0.0000000E+00   0.0000000E+00   0.0000000E+00   0.0000000E+00   0.0000000E+00
   2.6201191E-05   2.1539562E+07   2.1539562E+07   2.8618687E+07   2.0137145E+04   2.5545826E+07   2.1539573E+07   2.1539562E+07   0.0000000E+00   0.0000000E+00   0.0000000E+00   0.0000000E+00   0.0000000E+00
   2.8156005E-05   2.1539520E+07   2.1539520E+07   2.8603069E+07   2.0130117E+04   2.5541029E+07   2.1539528E+07   2.1539520E+07   0.0000000E+00   0.0000000E+00   0.0000000E+00   0.0000000E+00   0.0000000E+00
   3.0256663E-05   2.1539470E+07   2.1539470E+07   2.8585043E+07   2.0122005E+04   2.5535494E+07   2.1539477E+07   2.1539470E+07   0.0000000E+00   0.0000000E+00   0.0000000E+00   0.0000000E+00   0.0000000E+00
   3.2514047E-05   2.1539414E+07   2.1539414E+07   2.8564240E+07   2.0112641E+04   2.5529109E+07   2.1539418E+07   2.1539414E+07   0.0000000E+00   0.0000000E+00   0.0000000E+00   0.0000000E+00   0.0000000E+00
   3.4939850E-05   2.1539348E+07   2.1539348E+07   2.8540234E+07   2.0101834E+04   2.5521742E+07   2.1539350E+07   2.1539348E+07   0.0000000E+00   0.0000000E+00   0.0000000E+00   0.0000000E+00   0.0000000E+00
   3.7546636E-05   2.1539272E+07   2.1539272E+07   2.8512537E+07   2.0089362E+04   2.5513246E+07   2.1539271E+07   2.1539272E+07   0.0000000E+00   0.0000000E+00   0.0000000E+00   0.0000000E+00   0.0000000E+00
   4.0347909E-05   2.1539185E+07   2.1539185E+07   2.8480582E+07   2.0074971E+04   2.5503448E+07   2.1539179E+07   2.1539185E+07   0.0000000E+00   0.0000000E+00   0.0000000E+00   0.0000000E+00   0.0000000E+00
   4.3358179E-05   2.1539084E+07   2.1539084E+07   2.8443724E+07   2.0058366E+04   2.5492152E+07   2.1539074E+07   2.1539084E+07   0.0000000E+00   0.0000000E+00   0.0000000E+00   0.0000000E+00   0.0000000E+00
   4.6593038E-05   2.1538968E+07   2.1538968E+07   2.8401215E+07   2.0039210E+04   2.5479132E+07   2.1538953E+07   2.1538968E+07   0.0000000E+00   0.0000000E+00   0.0000000E+00   0.0000000E+00   0.0000000E+00
   5.0069244E-05   2.1538833E+07   2.1538833E+07   2.8352199E+07   2.0017115E+04   2.5464130E+07   2.1538812E+07   2.1538833E+07   0.0000000E+00   0.0000000E+00   0.0000000E+00   0.0000000E+00   0.0000000E+00
   5.3804801E-05   2.1538678E+07   2.1538678E+07   2.8295694E+07   1.9991633E+04   2.5446848E+07   2.1538650E+07   2.1538678E+07   0.0000000E+00   0.0000000E+00   0.0000000E+00   0.0000000E+00   0.0000000E+00
   5.7819061E-05   2.1538499E+07   2.1538499E+07   2.8230573E+07   1.9962253E+04   2.5426949E+07   2.1538463E+07   2.1538499E+07   0.0000000E+00   0.0000000E+00   0.0000000E+00   0.0000000E+00   0.0000000E+00
   6.2132815E-05   2.1538292E+07   2.1538292E+07   2.8155544E+07   1.9928384E+04   2.5404047E+07   2.1538247E+07   2.1538292E+07   0.0000000E+00   0.0000000E+00   0.0000000E+00   0.0000000E+00   0.0000000E+00
   6.6768410E-05   2.1538054E+07   2.1538054E+07   2.8069132E+07   1.9889353E+04   2.5377701E+07   2.1537998E+07   2.1538054E+07   0.0000000E+00   0.0000000E+00   0.0000000E+00   0.0000000E+00   0.0000000E+00
   7.1749856E-05   2.1537778E+07   2.1537778E+07   2.7969651E+07   1.9844387E+04   2.5347413E+07   2.1537711E+07   2.1537778E+07   0.0000000E+00   0.0000000E+00   0.0000000E+00   0.0000000E+00   0.0000000E+00
   7.7102957E-05   2.1537461E+07   2.1537461E+07   2.7855177E+07   1.9792602E+04   2.5312617E+07   2.1537379E+07   2.1537461E+07   0.0000000E+00   0.0000000E+00   0.0000000E+00   0.0000000E+00   0.0000000E+00
   8.2855441E-05   2.1537094E+07   2.1537094E+07   2.7723525E+07   1.9732990E+04   2.5272672E+07   2.1536996E+07   2.1537094E+07   0.0000000E+00   0.0000000E+00   0.0000000E+00   0.0000000E+00   0.0000000E+00
   8.9037105E-05   2.1536671E+07   2.1536671E+07   2.7572211E+07   1.9664400E+04   2.5226861E+07   2.1536554E+07   2.1536671E+07   0.0000000E+00   0.0000000E+00   0.0000000E+00   0.0000000E+00   0.0000000E+00
   9.5679970E-05   2.1536183E+07   2.1536183E+07   2.7398429E+07   1.9585525E+04   2.5174379E+07   2.1536045E+07   2.1536183E+07   0.0000000E+00   0.0000000E+00   0.0000000E+00   0.0000000E+00   0.0000000E+00
   1.0281845E-04   2.1535620E+07   2.1535620E+07   2.7199011E+07   1.9494882E+04   2.5114328E+07   2.1535457E+07   2.1535620E+07   0.0000000E+00   0.0000000E+00   0.0000000E+00   0.0000000E+00   0.0000000E+00
   1.1048951E-04   2.1534971E+07   2.1534971E+07   2.6970401E+07   1.9390794E+04   2.5045716E+07   2.1534779E+07   2.1534971E+07   0.0000000E+00   0.0000000E+00   0.0000000E+00   0.0000000E+00   0.0000000E+00
   1.1873289E-04   2.1534222E+07   2.1534222E+07   2.6708622E+07   1.9271369E+04   2.4967454E+07   2.1533997E+07   2.1534222E+07   0.0000000E+00   0.0000000E+00   0.0000000E+00   0.0000000E+00   0.0000000E+00
   1.2759129E-04   2.1533359E+07   2.1533359E+07   2.6409256E+07   1.9134486E+04   2.4878356E+07   2.1533096E+07   2.1533359E+07   0.0000000E+00   0.0000000E+00   0.0000000E+00   0.0000000E+00   0.0000000E+00
   1.3711060E-04   2.1532365E+07   2.1532365E+07   2.6067429E+07   1.8977774E+04   2.4777152E+07   2.1532058E+07   2.1532365E+07   0.0000000E+00   0.0000000E+00   0.0000000E+00   0.0000000E+00   0.0000000E+00
   1.4734012E-04   2.1531220E+07   2.1531220E+07   2.5677805E+07   1.8798603E+04   2.4662496E+07   2.1530862E+07   2.1531220E+07   0.0000000E+00   0.0000000E+00   0.0000000E+00   0.0000000E+00   0.0000000E+00
   1.5833285E-04   2.1529901E+07   2.1529901E+07   2.5234608E+07   1.8594071E+04   2.4532995E+07   2.1529484E+07   2.1529901E+07   0.0000000E+00   0.0000000E+00   0.0000000E+00   0.0000000E+00   0.0000000E+00
   1.7014572E-04   2.1528382E+07   2.1528382E+07   2.4731665E+07   1.8361007E+04   2.4387242E+07   2.1527899E+07   2.1528382E+07   0.0000000E+00   0.0000000E+00   0.0000000E+00   0.0000000E+00   0.0000000E+00
   1.8283992E-04   2.1526635E+07   2.1526635E+07   2.4162488E+07   1.8095983E+04   2.4223875E+07   2.1526074E+07   2.1526635E+07   0.0000000E+00   0.0000000E+00   0.0000000E+00   0.0000000E+00   0.0000000E+00
   1.9648121E-04   2.1524626E+07   2.1524626E+07   2.3520408E+07   1.7795339E+04   2.4041643E+07   2.1523975E+07   2.1524626E+07   0.0000000E+00   0.0000000E+00   0.0000000E+00   0.0000000E+00   0.0000000E+00
   2.1114025E-04   2.1522317E+07   2.1522317E+07   2.2798767E+07   1.7455236E+04   2.3839510E+07   2.1521563E+07   2.1522317E+07   0.0000000E+00   0.0000000E+00   0.0000000E+00   0.0000000E+00   0.0000000E+00
   2.2689297E-04   2.1519665E+07   2.1519665E+07   2.1991194E+07   1.7071734E+04   2.3616779E+07   2.1518793E+07   2.1519665E+07   0.0000000E+00   0.0000000E+00   0.0000000E+00   0.0000000E+00   0.0000000E+00
   2.4382096E-04   2.1516621E+07   2.1516621E+07   2.1091980E+07   1.6640906E+04   2.3373246E+07   2.1515613E+07   2.1516621E+07   0.0000000E+00   0.0000000E+00   0.0000000E+00   0.0000000E+00   0.0000000E+00
   2.6201191E-04   2.1513131E+07   2.1513131E+07   2.0096569E+07   1.6159003E+04   2.3109391E+07   2.1511967E+07   2.1513131E+07   0.0000000E+00   0.0000000E+00   0.0000000E+00   0.0000000E+00   0.0000000E+00
   2.8156005E-04   2.1509134E+07   2.1509134E+07   1.9002169E+07   1.5622667E+04   2.2826595E+07   2.1507791E+07   2.1509134E+07   0.0000000E+00   0.0000000E+00   0.0000000E+00   0.0000000E+00   0.0000000E+00
   3.0256663E-04   2.1504560E+07   2.1504560E+07   1.7808515E+07   1.5029217E+04   2.2527366E+07   2.1503011E+07   2.1504560E+07   0.0000000E+00   0.0000000E+00   0.0000000E+00   0.0000000E+00   0.0000000E+00
   3.2514047E-04   2.1499332E+07   2.1499332E+07   1.6518743E+07   1.4376996E+04   2.2215569E+07   2.1497548E+07   2.1499332E+07   0.0000000E+00   0.0000000E+00   0.0000000E+00   0.0000000E+00   0.0000000E+00
   3.4939850E-04   2.1493366E+07   2.1493366E+07   1.5140379E+07   1.3665792E+04   2.1896611E+07   2.1491312E+07   2.1493366E+07   0.0000000E+00   0.0000000E+00   0.0000000E+00   0.0000000E+00   0.0000000E+00
   3.7546636E-04   2.1486567E+07   2.1486567E+07   1.3686341E+07   1.2897319E+04   2.1577528E+07   2.1484205E+07   2.1486567E+07   0.0000000E+00   0.0000000E+00   0.0000000E+00   0.0000000E+00   0.0000000E+00
   4.0347909E-04   2.1478830E+07   2.1478830E+07   1.2175866E+07   1.2075741E+04   2.1266900E+07   2.1476118E+07   2.1478830E+07   0.0000000E+00   0.0000000E+00   0.0000000E+00   0.0000000E+00   0.0000000E+00
   4.3358179E-04   2.1470043E+07   2.1470043E+07   1.0635173E+07   1.1208181E+04   2.0974503E+07   2.1466931E+07   2.1470043E+07   0.0000000E+00   0.0000000E+00   0.0000000E+00   0.0000000E+00   0.0000000E+00
   4.6593038E-04   2.1460080E+07   2.1460080E+07   9.0975997E+06   1.0305159E+04   2.0710582E+07   2.1456513E+07   2.1460080E+07   0.0000000E+00   0.0000000E+00   0.0000000E+00   0.0000000E+00   0.0000000E+00
   5.0069244E-04   2.1448805E+07   2.1448805E+07   7.6029222E+06   9.3808497E+03   2.0484651E+07   2.1444723E+07   2.1448805E+07   0.0000000E+00   0.0000000E+00   0.0000000E+00   0.0000000E+00   0.0000000E+00
   5.3804801E-04   2.1436069E+07   2.1436069E+07   6.1954766E+06   8.4530141E+03   2.0303791E+07   2.1431406E+07   2.1436069E+07   0.0000000E+00   0.0000000E+00   0.0000000E+00   0.0000000E+00   0.0000000E+00
   5.7819061E-04   2.1421712E+07   2.1421712E+07   4.9207892E+06   7.5424650E+03   2.0170502E+07   2.1416394E+07   2.1421712E+07   0.0000000E+00   0.0000000E+00   0.0000000E+00   0.0000000E+00   0.0000000E+00
   6.2132815E-04   2.1405556E+07   2.1405556E+07   3.8205586E+06   6.6718933E+03   2.0080411E+07   2.1399503E+07   2.1405556E+07   0.0000000E+00   0.0000000E+00   0.0000000E+00   0.0000000E+00   0.0000000E+00
   6.6768410E-04   2.1387409E+07   2.1387409E+07   2.9262132E+06   5.8639615E+03   2.0020409E+07   2.1380535E+07   2.1387409E+07   0.0000000E+00   0.0000000E+00   0.0000000E+00   0.0000000E+00   0.0000000E+00
   7.1749856E-04   2.1367058E+07   2.1367058E+07   2.2518576E+06   5.1386852E+03   1.9968100E+07   2.1359270E+07   2.1367058E+07   0.0000000E+00   0.0000000E+00   0.0000000E+00   0.0000000E+00   0.0000000E+00
   7.7102957E-04   2.1344268E+07   2.1344268E+07   1.7882232E+06   4.5103542E+03   1.9893699E+07   2.1335469E+07   2.1344268E+07   0.0000000E+00   0.0000000E+00   0.0000000E+00   0.0000000E+00   0.0000000E+00
   8.2855441E-04   2.1318777E+07   2.1318777E+07   1.5000165E+06   3.9845499E+03   1.9765318E+07   2.1308866E+07   2.1318777E+07   0.0000000E+00   0.0000000E+00   0.0000000E+00   0.0000000E+00   0.0000000E+00
   8.9037105E-04   2.1290297E+07   2.1290297E+07   1.3293989E+06   3.5561463E+03   1.9557739E+07   2.1279173E+07   2.1290297E+07   0.0000000E+00   0.0000000E+00   0.0000000E+00   0.0000000E+00   0.0000000E+00
   9.5679970E-04   2.1258511E+07   2.1258511E+07   1.2075262E+06   3.2093732E+03   1.9262921E+07   2.1246071E+07   2.1258511E+07   0.0000000E+00   0.0000000E+00   0.0000000E+00   0.0000000E+00   0.0000000E+00
   1.0281845E-03   2.1223074E+07   2.1223074E+07   1.0734628E+06   2.9208299E+03   1.8897898E+07   2.1209219E+07   2.1223074E+07   0.0000000E+00   0.0000000E+00   0.0000000E+00   0.0000000E+00   0.0000000E+00
   1.1048951E-03   2.1183618E+07   2.1183618E+07   8.9527739E+05   2.6655156E+03   1.8503688E+07   2.1168257E+07   2.1183618E+07   0.0000000E+00   0.0000000E+00   0.0000000E+00   0.0000000E+00   0.0000000E+00
   1.1873289E-03   2.1139761E+07   2.1139761E+07   6.8326165E+05   2.4244381E+03   1.8129904E+07   2.1122810E+07   2.1139761E+07   0.0000000E+00   0.0000000E+00   0.0000000E+00   0.0000000E+00   0.0000000E+00
   1.2759129E-03   2.1091110E+07   2.1091110E+07   4.8379278E+05   2.1906581E+03   1.7806812E+07   2.1072498E+07   2.1091110E+07   0.0000000E+00   0.0000000E+00   0.0000000E+00   0.0000000E+00   0.0000000E+00
   1.3711060E-03   2.1037265E+07   2.1037265E+07   3.4943183E+05   1.9699299E+03   1.7519480E+07   2.1016935E+07   2.1037265E+07   0.0000000E+00   0.0000000E+00   0.0000000E+00   0.0000000E+00   0.0000000E+00
   1.4734012E-03   2.0977818E+07   2.0977818E+07   2.9806810E+05   1.7739927E+03   1.7209055E+07   2.0955728E+07   2.0977818E+07   0.0000000E+00   0.0000000E+00   0.0000000E+00   0.0000000E+00   0.0000000E+00
   1.5833285E-03   2.0912345E+07   2.0912345E+07   2.9222369E+05   1.6094997E+03   1.6817063E+07   2.0888468E+07   2.0912345E+07   0.0000000E+00   0.0000000E+00   0.0000000E+00   0.0000000E+00   0.0000000E+00
   1.7014572E-03   2.0840403E+07   2.0840403E+07   2.6704745E+05   1.4708285E+03   1.6348482E+07   2.0814722E+07   2.0840403E+07   0.0000000E+00   0.0000000E+00   0.0000000E+00   0.0000000E+00   0.0000000E+00
   1.8283992E-03   2.0761533E+07   2.0761533E+07   1.9444177E+05   1.3444803E+03   1.5883747E+07   2.0734040E+07   2.0761533E+07   0.0000000E+00   0.0000000E+00   0.0000000E+00   0.0000000E+00   0.0000000E+00
   1.9648121E-03   2.0675269E+07   2.0675269E+07   1.1593198E+05   1.2224333E+03   1.5492417E+07   2.0645958E+07   2.0675269E+07   0.0000000E+00   0.0000000E+00   0.0000000E+00   0.0000000E+00   0.0000000E+00
   2.1114025E-03   2.0581145E+07   2.0581145E+07   8.7336429E+04   1.1093057E+03   1.5130467E+07   2.0550007E+07   2.0581145E+07   0.0000000E+00   0.0000000E+00   0.0000000E+00   0.0000000E+00   0.0000000E+00
   2.2689297E-03   2.0478686E+07   2.0478686E+07   9.4511017E+04   1.0123035E+03   1.4692322E+07   2.0445707E+07   2.0478686E+07   0.0000000E+00   0.0000000E+00   0.0000000E+00   0.0000000E+00   0.0000000E+00
   2.4382096E-03   2.0367397E+07   2.0367397E+07   7.8354995E+04   9.2767578E+02   1.4189468E+07   2.0332558E+07   2.0367397E+07   0.0000000E+00   0.0000000E+00   0.0000000E+00   0.0000000E+00   0.0000000E+00
   2.6201191E-03   2.0246770E+07   2.0246770E+07   4.4632148E+04   8.4698238E+02   1.3729973E+07   2.0210047E+07   2.0246770E+07   0.0000000E+00   0.0000000E+00   0.0000000E+00   0.0000000E+00   0.0000000E+00
   2.8156005E-03   2.0116290E+07   2.0116290E+07   4.0604169E+04   7.7169077E+02   1.3279333E+07   2.0077662E+07   2.0116290E+07   0.0000000E+00   0.0000000E+00   0.0000000E+00   0.0000000E+00   0.0000000E+00
   3.0256663E-03   1.9975434E+07   1.9975434E+07   3.8428941E+04   7.0511863E+02   1.2750126E+07   1.9934885E+07   1.9975434E+07   0.0000000E+00   0.0000000E+00   0.0000000E+00   0.0000000E+00   0.0000000E+00
   3.2514047E-03   1.9823662E+07   1.9823662E+07   1.7067530E+04   6.4227000E+02   1.2247284E+07   1.9781187E+07   1.9823662E+07   0.0000000E+00   0.0000000E+00   0.0000000E+00   0.0000000E+00   0.0000000E+00
   3.4939850E-03   1.9660433E+07   1.9660433E+07   2.0560041E+04   5.8365097E+02   1.1753076E+07   1.9616035E+07   1.9660433E+07   0.0000000E+00   0.0000000E+00   0.0000000E+00   0.0000000E+00   0.0000000E+00
   3.7546636E-03   1.9485207E+07   1.9485207E+07   1.6205227E+04   5.3129896E+02   1.1185747E+07   1.9438904E+07   1.9485207E+07   0.0000000E+00   0.0000000E+00   0.0000000E+00   0.0000000E+00   0.0000000E+00
   4.0347909E-03   1.9297447E+07   1.9297447E+07   7.3859585E+03   4.8115996E+02   1.0678372E+07   1.9249284E+07   1.9297447E+07   0.0000000E+00   0.0000000E+00   0.0000000E+00   0.0000000E+00   0.0000000E+00
   4.3358179E-03   1.9096646E+07   1.9096646E+07   1.0002515E+04   4.3554820E+02   1.0126728E+07   1.9046698E+07   1.9096646E+07   0.0000000E+00   0.0000000E+00   0.0000000E+00   0.0000000E+00   0.0000000E+00
   4.6593038E-03   1.8882319E+07   1.8882319E+07   4.0019606E+03   3.9291104E+02   9.6112272E+06   1.8830682E+07   1.8882319E+07   0.0000000E+00   0.0000000E+00   0.0000000E+00   0.0000000E+00   0.0000000E+00
   5.0069244E-03   1.8653994E+07   1.8653994E+07   4.9762638E+03   3.5442058E+02   9.0642713E+06   1.8600760E+07   1.8653994E+07   0.0000000E+00   0.0000000E+00   0.0000000E+00   0.0000000E+00   0.0000000E+00
   5.3804801E-03   1.8411191E+07   1.8411191E+07   2.7426458E+03   3.1863187E+02   8.5557873E+06   1.8356435E+07   1.8411191E+07   0.0000000E+00   0.0000000E+00   0.0000000E+00   0.0000000E+00   0.0000000E+00
   5.7819061E-03   1.8153427E+07   1.8153427E+07   8.1080278E+02   2.8598262E+02   8.0114227E+06   1.8097243E+07   1.8153427E+07   0.0000000E+00   0.0000000E+00   0.0000000E+00   0.0000000E+00   0.0000000E+00
   6.2132815E-03   1.7880234E+07   1.7880234E+07   2.3302530E+03   2.5562174E+02   7.4992617E+06   1.7822767E+07   1.7880234E+07   0.0000000E+00   0.0000000E+00   0.0000000E+00   0.0000000E+00   0.0000000E+00
   6.6768410E-03   1.7591187E+07   1.7591187E+07   9.9200478E+02   2.2794584E+02   7.0051400E+06   1.7532598E+07   1.7591187E+07   0.0000000E+00   0.0000000E+00   0.0000000E+00   0.0000000E+00   0.0000000E+00
   7.1749856E-03   1.7285877E+07   1.7285877E+07   -6.9910539E+02   2.0285080E+02   6.5090878E+06   1.7226312E+07   1.7285877E+07   0.0000000E+00   0.0000000E+00   0.0000000E+00   0.0000000E+00   0.0000000E+00
   7.7102957E-03   1.6963890E+07   1.6963890E+07   -4.9915202E+02   1.7992971E+02   6.0229374E+06   1.6903507E+07   1.6963890E+07   0.0000000E+00   0.0000000E+00   0.0000000E+00   0.0000000E+00   0.0000000E+00
   8.2855441E-03   1.6624821E+07   1.6624821E+07   -2.9650688E+02   1.5907331E+02   5.5586235E+06   1.6563803E+07   1.6624821E+07   0.0000000E+00   0.0000000E+00   0.0000000E+00   0.0000000E+00   0.0000000E+00
   8.9037105E-03   1.6268294E+07   1.6268294E+07   -2.4508267E+02   1.4019209E+02   5.1120887E+06   1.6206829E+07   1.6268294E+07   0.0000000E+00   0.0000000E+00   0.0000000E+00   0.0000000E+00   0.0000000E+00
   9.5679970E-03   1.5893942E+07   1.5893942E+07   -3.6744791E+02   1.2315984E+02   4.6840413E+06   1.5832220E+07   1.5893942E+07   0.0000000E+00   0.0000000E+00   0.0000000E+00   0.0000000E+00   0.0000000E+00
   1.0281845E-02   1.5501413E+07   1.5501413E+07   -6.5716273E+02   1.0778713E+02   4.2763835E+06   1.5439638E+07   1.5501413E+07   0.0000000E+00   0.0000000E+00   0.0000000E+00   0.0000000E+00   0.0000000E+00
   1.1048951E-02   1.5090401E+07   1.5090401E+07   -6.3132317E+02   9.4019834E+01   3.8917480E+06   1.5028789E+07   1.5090401E+07   0.0000000E+00   0.0000000E+00   0.0000000E+00   0.0000000E+00   0.0000000E+00
   1.1873289E-02   1.4660640E+07   1.4660640E+07   -1.3761901E+02   8.1708240E+01   3.5222142E+06   1.4599395E+07   1.4660640E+07   0.0000000E+00   0.0000000E+00   0.0000000E+00   0.0000000E+00   0.0000000E+00
   1.2759129E-02   1.4211933E+07   1.4211933E+07   -3.3505705E+02   7.0748495E+01   3.1706813E+06   1.4151279E+07   1.4211933E+07   0.0000000E+00   0.0000000E+00   0.0000000E+00   0.0000000E+00   0.0000000E+00
   1.3711060E-02   1.3744190E+07   1.3744190E+07   -2.9813652E+02   6.0997331E+01   2.8493737E+06   1.3684343E+07   1.3744190E+07   0.0000000E+00   0.0000000E+00   0.0000000E+00   0.0000000E+00   0.0000000E+00
   1.4734012E-02   1.3257473E+07   1.3257473E+07   -3.5635837E+02   5.2383772E+01   2.5411515E+06   1.3198655E+07   1.3257473E+07   0.0000000E+00   0.0000000E+00   0.0000000E+00   0.0000000E+00   0.0000000E+00
   1.5833285E-02   1.2752057E+07   1.2752057E+07   -1.3090506E+02   4.4788057E+01   2.2588221E+06   1.2694481E+07   1.2752057E+07   0.0000000E+00   0.0000000E+00   0.0000000E+00   0.0000000E+00   0.0000000E+00
   1.7014572E-02   1.2228511E+07   1.2228511E+07   -1.3606459E+02   3.8119022E+01   1.9989258E+06   1.2172395E+07   1.2228511E+07   0.0000000E+00   0.0000000E+00   0.0000000E+00   0.0000000E+00   0.0000000E+00
   1.8283992E-02   1.1687801E+07   1.1687801E+07   -1.2647922E+02   3.2288284E+01   1.7579818E+06   1.1633348E+07   1.1687801E+07   0.0000000E+00   0.0000000E+00   0.0000000E+00   0.0000000E+00   0.0000000E+00
   1.9648120E-02   1.1131407E+07   1.1131407E+07   -1.0122694E+02   2.7217786E+01   1.5364394E+06   1.1078813E+07   1.1131407E+07   0.0000000E+00   0.0000000E+00   0.0000000E+00   0.0000000E+00   0.0000000E+00
   2.1114017E-02   1.0561464E+07   1.0561464E+07   -1.6521651E+02   2.2826288E+01   1.3353698E+06   1.0510911E+07   1.0561464E+07   0.0000000E+00   0.0000000E+00   0.0000000E+00   0.0000000E+00   0.0000000E+00
   2.2689250E-02   9.9809117E+06   9.9809117E+06   -1.1208884E+02   1.9040307E+01   1.1558960E+06   9.9325601E+06   9.9809117E+06   0.0000000E+00   0.0000000E+00   0.0000000E+00   0.0000000E+00   0.0000000E+00
   2.4381871E-02   9.3936583E+06   9.3936583E+06   -1.3275491E+02   1.5799387E+01   9.9219052E+05   9.3476444E+06   9.3936583E+06   0.0000000E+00   0.0000000E+00   0.0000000E+00   0.0000000E+00   0.0000000E+00
   2.6200241E-02   8.8047545E+06   8.8047545E+06   -9.1793403E+01   1.3040867E+01   8.4709462E+05   8.7611830E+06   8.8047545E+06   0.0000000E+00   0.0000000E+00   0.0000000E+00   0.0000000E+00   0.0000000E+00
   2.8152487E-02   8.2205848E+06   8.2205848E+06   -8.3040191E+01   1.0711059E+01   7.1948655E+05   8.1795210E+06   8.2205848E+06   0.0000000E+00   0.0000000E+00   0.0000000E+00   0.0000000E+00   0.0000000E+00
   3.0245137E-02   7.6490682E+06   7.6490682E+06   -7.2017185E+01   8.7602344E+00   6.0867617E+05   7.6105298E+06   7.6490682E+06   0.0000000E+00   0.0000000E+00   0.0000000E+00   0.0000000E+00   0.0000000E+00
   3.2480426E-02   7.0997665E+06   7.0997665E+06   -3.8208421E+01   7.1449590E+00   5.1196415E+05   7.0637147E+06   7.0997665E+06   0.0000000E+00   0.0000000E+00   0.0000000E+00   0.0000000E+00   0.0000000E+00
   3.4852124E-02   6.5836040E+06   6.5836040E+06   -3.5224981E+01   5.8241985E+00   4.3096116E+05   6.5499356E+06   6.5836040E+06   0.0000000E+00   0.0000000E+00   0.0000000E+00   0.0000000E+00   0.0000000E+00
   3.7341270E-02   6.1117059E+06   6.1117059E+06   -3.6120625E+01   4.7612999E+00   3.6293925E+05   6.0802518E+06   6.1117059E+06   0.0000000E+00   0.0000000E+00   0.0000000E+00   0.0000000E+00   0.0000000E+00
   3.9915363E-02   5.6931043E+06   5.6931043E+06   -2.9209385E+01   3.9190537E+00   3.0727908E+05   5.6636396E+06   5.6931043E+06   0.0000000E+00   0.0000000E+00   0.0000000E+00   0.0000000E+00   0.0000000E+00
   4.2534414E-02   5.3320865E+06   5.3320865E+06   -2.0820649E+01   3.2594964E+00   2.6237156E+05   5.3043543E+06   5.3320865E+06   0.0000000E+00   0.0000000E+00   0.0000000E+00   0.0000000E+00   0.0000000E+00
   4.5161979E-02   5.0269131E+06   5.0269131E+06   -1.4941786E+01   2.7453125E+00   2.2637484E+05   5.0006563E+06   5.0269131E+06   0.0000000E+00   0.0000000E+00   0.0000000E+00   0.0000000E+00   0.0000000E+00
   4.7773929E-02   4.7708544E+06   4.7708544E+06   -1.2314907E+01   2.3427495E+00   1.9749870E+05   4.7458427E+06   4.7708544E+06   0.0000000E+00   0.0000000E+00   0.0000000E+00   0.0000000E+00   0.0000000E+00
   5.0360218E-02   4.5545837E+06   4.5545837E+06   -1.1081375E+01   2.0234377E+00   1.7411423E+05   4.5306289E+06   4.5545837E+06   0.0000000E+00   0.0000000E+00   0.0000000E+00   0.0000000E+00   0.0000000E+00
   5.2921462E-02   4.3683556E+06   4.3683556E+06   -1.0041085E+01   1.7655474E+00   1.5487132E+05   4.3453153E+06   4.3683556E+06   0.0000000E+00   0.0000000E+00   0.0000000E+00   0.0000000E+00   0.0000000E+00
   5.5464396E-02   4.2032747E+06   4.2032747E+06   -8.9615201E+00   1.5530201E+00   1.3869503E+05   4.1810498E+06   4.2032747E+06   0.0000000E+00   0.0000000E+00   0.0000000E+00   0.0000000E+00   0.0000000E+00
   5.7998447E-02   4.0518040E+06   4.0518040E+06   -7.8887273E+00   1.3741945E+00   1.2480036E+05   4.0303323E+06   4.0518040E+06   0.0000000E+00   0.0000000E+00   0.0000000E+00   0.0000000E+00   0.0000000E+00
   6.0533733E-02   3.9078682E+06   3.9078682E+06   -6.9148478E+00   1.2208373E+00   1.1264161E+05   3.8871178E+06   3.9078682E+06   0.0000000E+00   0.0000000E+00   0.0000000E+00   0.0000000E+00   0.0000000E+00
   6.3080088E-02   3.7668047E+06   3.7668047E+06   -6.0783814E+00   1.0871677E+00   1.0181410E+05   3.7467672E+06   3.7668047E+06   0.0000000E+00   0.0000000E+00   0.0000000E+00   0.0000000E+00   0.0000000E+00
   6.5646679E-02   3.6252804E+06   3.6252804E+06   -5.3450138E+00   9.6904798E-01   9.2025805E+04   3.6059638E+06   3.6252804E+06   0.0000000E+00   0.0000000E+00   0.0000000E+00   0.0000000E+00   0.0000000E+00
   6.8241915E-02   3.4812118E+06   3.4812118E+06   -4.7801606E+00   8.6360311E-01   8.3087621E+04   3.4626347E+06   3.4812118E+06   0.0000000E+00   0.0000000E+00   0.0000000E+00   0.0000000E+00   0.0000000E+00
   7.0873488E-02   3.3336892E+06   3.3336892E+06   -4.7882958E+00   7.6889396E-01   7.4875823E+04   3.3158744E+06   3.3336892E+06   0.0000000E+00   0.0000000E+00   0.0000000E+00   0.0000000E+00   0.0000000E+00
   7.3548467E-02   3.1828917E+06   3.1828917E+06   -5.6463194E+00   6.8354115E-01   6.7371307E+04   3.1658608E+06   3.1828917E+06   0.0000000E+00   0.0000000E+00   0.0000000E+00   0.0000000E+00   0.0000000E+00
   7.6273406E-02   3.0299754E+06   3.0299754E+06   -5.5707914E+00   6.0662687E-01   6.0607816E+04   3.0137432E+06   3.0299754E+06   0.0000000E+00   0.0000000E+00   0.0000000E+00   0.0000000E+00   0.0000000E+00
   7.9054439E-02   2.8769198E+06   2.8769198E+06   -3.1732293E+00   5.3754837E-01   5.4329736E+04   2.8614903E+06   2.8769198E+06   0.0000000E+00   0.0000000E+00   0.0000000E+00   0.0000000E+00   0.0000000E+00
   8.1897369E-02   2.7263223E+06   2.7263223E+06   -4.0126483E+00   4.7582001E-01   4.8544600E+04   2.7116852E+06   2.7263223E+06   0.0000000E+00   0.0000000E+00   0.0000000E+00   0.0000000E+00   0.0000000E+00
   8.4807746E-02   2.5811371E+06   2.5811371E+06   -2.5881515E+00   4.2107006E-01   4.3504135E+04   2.5672659E+06   2.5811371E+06   0.0000000E+00   0.0000000E+00   0.0000000E+00   0.0000000E+00   0.0000000E+00
   8.7790923E-02   2.4443645E+06   2.4443645E+06   -3.3164310E+00   3.7291895E-01   3.8936146E+04   2.4312163E+06   2.4443645E+06   0.0000000E+00   0.0000000E+00   0.0000000E+00   0.0000000E+00   0.0000000E+00
   9.0852114E-02   2.3187070E+06   2.3187070E+06   -2.8130002E+00   3.3096469E-01   3.4875255E+04   2.3062239E+06   2.3187070E+06   0.0000000E+00   0.0000000E+00   0.0000000E+00   0.0000000E+00   0.0000000E+00
   9.3996432E-02   2.2062191E+06   2.2062191E+06   -2.3477599E+00   2.9470362E-01   3.1374957E+04   2.1943320E+06   2.2062191E+06   0.0000000E+00   0.0000000E+00   0.0000000E+00   0.0000000E+00   0.0000000E+00
   9.7228922E-02   2.1079916E+06   2.1079916E+06   -2.2740065E+00   2.6355869E-01   2.8362972E+04   2.0966251E+06   2.1079916E+06   0.0000000E+00   0.0000000E+00   0.0000000E+00   0.0000000E+00   0.0000000E+00
   1.0055460E-01   2.0239141E+06   2.0239141E+06   -2.1553995E+00   2.3687719E-01   2.5807107E+04   2.0129931E+06   2.0239141E+06   0.0000000E+00   0.0000000E+00   0.0000000E+00   0.0000000E+00   0.0000000E+00
   1.0397844E-01   1.9525667E+06   1.9525667E+06   -1.2961115E+00   2.1394459E-01   2.3561169E+04   1.9420235E+06   1.9525667E+06   0.0000000E+00   0.0000000E+00   0.0000000E+00   0.0000000E+00   0.0000000E+00
   1.0750547E-01   1.8912828E+06   1.8912828E+06   -1.7419736E+00   1.9402088E-01   2.1568658E+04   1.8810639E+06   1.8912828E+06   0.0000000E+00   0.0000000E+00   0.0000000E+00   0.0000000E+00   0.0000000E+00
   1.1114067E-01   1.8364100E+06   1.8364100E+06   -1.1203753E+00   1.7640439E-01   1.9816705E+04   1.8264817E+06   1.8364100E+06   0.0000000E+00   0.0000000E+00   0.0000000E+00   0.0000000E+00   0.0000000E+00
   1.1488911E-01   1.7837676E+06   1.7837676E+06   -9.9492375E-01   1.6046750E-01   1.8237279E+04   1.7741183E+06   1.7837676E+06   0.0000000E+00   0.0000000E+00   0.0000000E+00   0.0000000E+00   0.0000000E+00
   1.1875586E-01   1.7292596E+06   1.7292596E+06   -9.1013161E-01   1.4571560E-01   1.6726797E+04   1.7199001E+06   1.7292596E+06   0.0000000E+00   0.0000000E+00   0.0000000E+00   0.0000000E+00   0.0000000E+00
   1.2274605E-01   1.6695631E+06   1.6695631E+06   -1.0031503E+00   1.3180784E-01   1.5267793E+04   1.6605221E+06   1.6695631E+06   0.0000000E+00   0.0000000E+00   0.0000000E+00   0.0000000E+00   0.0000000E+00
   1.2686487E-01   1.6027673E+06   1.6027673E+06   -9.5085816E-01   1.1857528E-01   1.3905766E+04   1.5940838E+06   1.6027673E+06   0.0000000E+00   0.0000000E+00   0.0000000E+00   0.0000000E+00   0.0000000E+00
   1.3111754E-01   1.5288201E+06   1.5288201E+06   -8.9289113E-01   1.0601222E-01   1.2526933E+04   1.5205334E+06   1.5288201E+06   0.0000000E+00   0.0000000E+00   0.0000000E+00   0.0000000E+00   0.0000000E+00
   1.3550937E-01   1.4496421E+06   1.4496421E+06   -7.0489722E-01   9.4231833E-02   1.1239083E+04   1.4417812E+06   1.4496421E+06   0.0000000E+00   0.0000000E+00   0.0000000E+00   0.0000000E+00   0.0000000E+00
   1.4004573E-01   1.3688151E+06   1.3688151E+06   -6.8982663E-01   8.3416319E-02   1.0047057E+04   1.3613894E+06   1.3688151E+06   0.0000000E+00   0.0000000E+00   0.0000000E+00   0.0000000E+00   0.0000000E+00
   1.4473206E-01   1.2908381E+06   1.2908381E+06   -6.1150779E-01   7.3744427E-02   8.9883969E+03   1.2838328E+06   1.2908381E+06   0.0000000E+00   0.0000000E+00   0.0000000E+00   0.0000000E+00   0.0000000E+00
   1.4957387E-01   1.2200646E+06   1.2200646E+06   -4.8822818E-01   6.5332191E-02   8.0233291E+03   1.2134409E+06   1.2200646E+06   0.0000000E+00   0.0000000E+00   0.0000000E+00   0.0000000E+00   0.0000000E+00
   1.5457678E-01   1.1595540E+06   1.1595540E+06   -3.8242229E-01   5.8185234E-02   7.2240359E+03   1.1532566E+06   1.1595540E+06   0.0000000E+00   0.0000000E+00   0.0000000E+00   0.0000000E+00   0.0000000E+00
   1.5974647E-01   1.1101588E+06   1.1101588E+06   -3.6148255E-01   5.2187676E-02   6.5442013E+03   1.1041277E+06   1.1101588E+06   0.0000000E+00   0.0000000E+00   0.0000000E+00   0.0000000E+00   0.0000000E+00
   1.6508876E-01   1.0701691E+06   1.0701691E+06   -4.0927817E-01   4.7118452E-02   5.9775272E+03   1.0643535E+06   1.0701691E+06   0.0000000E+00   0.0000000E+00   0.0000000E+00   0.0000000E+00   0.0000000E+00
   1.7060956E-01   1.0357235E+06   1.0357235E+06   -3.0067584E-01   4.2706610E-02   5.4725142E+03   1.0300934E+06   1.0357235E+06   0.0000000E+00   0.0000000E+00   0.0000000E+00   0.0000000E+00   0.0000000E+00
   1.7631494E-01   1.0019692E+06   1.0019692E+06   -2.6381555E-01   3.8693385E-02   5.0147150E+03   9.9652105E+05   1.0019692E+06   0.0000000E+00   0.0000000E+00   0.0000000E+00   0.0000000E+00   0.0000000E+00
   1.8221110E-01   9.6466875E+05   9.6466875E+05   -2.7854890E-01   3.4894907E-02   4.5698375E+03   9.5942208E+05   9.6466875E+05   0.0000000E+00   0.0000000E+00   0.0000000E+00   0.0000000E+00   0.0000000E+00
   1.8830443E-01   9.2170829E+05   9.2170829E+05   -2.2862953E-01   3.1237019E-02   4.1434015E+03   9.1669403E+05   9.2170829E+05   0.0000000E+00   0.0000000E+00   0.0000000E+00   0.0000000E+00   0.0000000E+00
   1.9460154E-01   8.7388938E+05   8.7388938E+05   -2.2448719E-01   2.7752443E-02   3.7210441E+03   8.6913415E+05   8.7388938E+05   0.0000000E+00   0.0000000E+00   0.0000000E+00   0.0000000E+00   0.0000000E+00
   2.0110924E-01   8.2457934E+05   8.2457934E+05   -1.7876511E-01   2.4539883E-02   3.3260256E+03   8.2009145E+05   8.2457934E+05   0.0000000E+00   0.0000000E+00   0.0000000E+00   0.0000000E+00   0.0000000E+00
   2.0783467E-01   7.7823626E+05   7.7823626E+05   -1.7926565E-01   2.1702492E-02   2.9703659E+03   7.7399972E+05   7.7823626E+05   0.0000000E+00   0.0000000E+00   0.0000000E+00   0.0000000E+00   0.0000000E+00
   2.1478526E-01   7.3837121E+05   7.3837121E+05   -1.5101358E-01   1.9289657E-02   2.6701306E+03   7.3435089E+05   7.3837121E+05   0.0000000E+00   0.0000000E+00   0.0000000E+00   0.0000000E+00   0.0000000E+00
   2.2196882E-01   7.0589029E+05   7.0589029E+05   -1.4450228E-01   1.7271346E-02   2.4223882E+03   7.0204611E+05   7.0589029E+05   0.0000000E+00   0.0000000E+00   0.0000000E+00   0.0000000E+00   0.0000000E+00
   2.2939360E-01   6.7870819E+05   6.7870819E+05   -1.1367800E-01   1.5550321E-02   2.2066541E+03   6.7501140E+05   6.7870819E+05   0.0000000E+00   0.0000000E+00   0.0000000E+00   0.0000000E+00   0.0000000E+00
   2.3706836E-01   6.5294906E+05   6.5294906E+05   -1.0332272E-01   1.4008674E-02   2.0136588E+03   6.4939199E+05   6.5294906E+05   0.0000000E+00   0.0000000E+00   0.0000000E+00   0.0000000E+00   0.0000000E+00
   2.4500243E-01   6.2516372E+05   6.2516372E+05   -1.0329592E-01   1.2561385E-02   1.8307985E+03   6.2175749E+05   6.2516372E+05   0.0000000E+00   0.0000000E+00   0.0000000E+00   0.0000000E+00   0.0000000E+00
   2.5320583E-01   5.9429178E+05   5.9429178E+05   -9.1198461E-02   1.1184663E-02   1.6505032E+03   5.9105328E+05   5.9429178E+05   0.0000000E+00   0.0000000E+00   0.0000000E+00   0.0000000E+00   0.0000000E+00
   2.6168933E-01   5.6211073E+05   5.6211073E+05   -7.8911766E-02   9.9098127E-03   1.4836104E+03   5.5904717E+05   5.6211073E+05   0.0000000E+00   0.0000000E+00   0.0000000E+00   0.0000000E+00   0.0000000E+00
   2.7046462E-01   5.3180775E+05   5.3180775E+05   -7.0877235E-02   8.7810382E-03   1.3315968E+03   5.2890897E+05   5.3180775E+05   0.0000000E+00   0.0000000E+00   0.0000000E+00   0.0000000E+00   0.0000000E+00
   2.7954442E-01   5.0561825E+05   5.0561825E+05   -6.2856965E-02   7.8172707E-03   1.2037225E+03   5.0286188E+05   5.0561825E+05   0.0000000E+00   0.0000000E+00   0.0000000E+00   0.0000000E+00   0.0000000E+00
   2.8894264E-01   4.8326087E+05   4.8326087E+05   -5.5579530E-02   6.9942018E-03   1.0924998E+03   4.8062608E+05   4.8326087E+05   0.0000000E+00   0.0000000E+00   0.0000000E+00   0.0000000E+00   0.0000000E+00
   2.9867457E-01   4.6239971E+05   4.6239971E+05   -5.0444488E-02   6.2639340E-03   9.9429661E+02   4.5987838E+05   4.6239971E+05   0.0000000E+00   0.0000000E+00   0.0000000E+00   0.0000000E+00   0.0000000E+00
   3.0875708E-01   4.4075379E+05   4.4075379E+05   -4.4220849E-02   5.5882814E-03   9.0031296E+02   4.3835024E+05   4.4075379E+05   0.0000000E+00   0.0000000E+00   0.0000000E+00   0.0000000E+00   0.0000000E+00
   3.1920892E-01   4.1800492E+05   4.1800492E+05   -3.9054187E-02   4.9601864E-03   8.1314827E+02   4.1572520E+05   4.1800492E+05   0.0000000E+00   0.0000000E+00   0.0000000E+00   0.0000000E+00   0.0000000E+00
   3.3005098E-01   3.9576028E+05   3.9576028E+05   -3.4693986E-02   4.3941595E-03   7.3330817E+02   3.9360168E+05   3.9576028E+05   0.0000000E+00   0.0000000E+00   0.0000000E+00   0.0000000E+00   0.0000000E+00
   3.4130666E-01   3.7566948E+05   3.7566948E+05   -3.0635223E-02   3.9013522E-03   6.6167766E+02   3.7362028E+05   3.7566948E+05   0.0000000E+00   0.0000000E+00   0.0000000E+00   0.0000000E+00   0.0000000E+00
   3.5300234E-01   3.5770200E+05   3.5770200E+05   -2.7557444E-02   3.4730701E-03   6.0074696E+02   3.5575066E+05   3.5770200E+05   0.0000000E+00   0.0000000E+00   0.0000000E+00   0.0000000E+00   0.0000000E+00
   3.6516786E-01   3.4043715E+05   3.4043715E+05   -2.4406337E-02   3.0891869E-03   5.4458383E+02   3.3857984E+05   3.4043715E+05   0.0000000E+00   0.0000000E+00   0.0000000E+00   0.0000000E+00   0.0000000E+00
   3.7783721E-01   3.2289845E+05   3.2289845E+05   -2.1726856E-02   2.7374337E-03   4.9256328E+02   3.2113670E+05   3.2289845E+05   0.0000000E+00   0.0000000E+00   0.0000000E+00   0.0000000E+00   0.0000000E+00
   3.9104929E-01   3.0558810E+05   3.0558810E+05   -1.8831207E-02   2.4191111E-03   4.4435685E+02   3.0392068E+05   3.0558810E+05   0.0000000E+00   0.0000000E+00   0.0000000E+00   0.0000000E+00   0.0000000E+00
   4.0484892E-01   2.8946940E+05   2.8946940E+05   -1.6724147E-02   2.1382084E-03   4.0170604E+02   2.8788982E+05   2.8946940E+05   0.0000000E+00   0.0000000E+00   0.0000000E+00   0.0000000E+00   0.0000000E+00
   4.1928805E-01   2.7450218E+05   2.7450218E+05   -1.4905246E-02   1.8906018E-03   3.6344381E+02   2.7300419E+05   2.7450218E+05   0.0000000E+00   0.0000000E+00   0.0000000E+00   0.0000000E+00   0.0000000E+00
   4.3442731E-01   2.5990065E+05   2.5990065E+05   -1.3008204E-02   1.6677198E-03   3.2843949E+02   2.5848225E+05   2.5990065E+05   0.0000000E+00   0.0000000E+00   0.0000000E+00   0.0000000E+00   0.0000000E+00
   4.5033798E-01   2.4547841E+05   2.4547841E+05   -1.1442396E-02   1.4660816E-03   2.9621169E+02   2.4413865E+05   2.4547841E+05   0.0000000E+00   0.0000000E+00   0.0000000E+00   0.0000000E+00   0.0000000E+00
   4.6710450E-01   2.3171657E+05   2.3171657E+05   -1.0103249E-02   1.2864461E-03   2.6702970E+02   2.3045185E+05   2.3171657E+05   0.0000000E+00   0.0000000E+00   0.0000000E+00   0.0000000E+00   0.0000000E+00
   4.8482762E-01   2.1866280E+05   2.1866280E+05   -8.8245770E-03   1.1269652E-03   2.4065206E+02   2.1746926E+05   2.1866280E+05   0.0000000E+00   0.0000000E+00   0.0000000E+00   0.0000000E+00   0.0000000E+00
   5.0362858E-01   2.0592538E+05   2.0592538E+05   -7.7519328E-03   9.8370287E-04   2.1647136E+02   2.0480132E+05   2.0592538E+05   0.0000000E+00   0.0000000E+00   0.0000000E+00   0.0000000E+00   0.0000000E+00
   5.2365441E-01   1.9352510E+05   1.9352510E+05   -6.7222231E-03   8.5519145E-04   1.9449497E+02   1.9246868E+05   1.9352510E+05   0.0000000E+00   0.0000000E+00   0.0000000E+00   0.0000000E+00   0.0000000E+00
   5.4508479E-01   1.8161381E+05   1.8161381E+05   -5.8359503E-03   7.4076476E-04   1.7440504E+02   1.8062237E+05   1.8161381E+05   0.0000000E+00   0.0000000E+00   0.0000000E+00   0.0000000E+00   0.0000000E+00
   5.6814075E-01   1.7001389E+05   1.7001389E+05   -5.0322031E-03   6.3838324E-04   1.5596476E+02   1.6908574E+05   1.7001389E+05   0.0000000E+00   0.0000000E+00   0.0000000E+00   0.0000000E+00   0.0000000E+00
   5.9309562E-01   1.5869998E+05   1.5869998E+05   -4.3117232E-03   5.4686723E-04   1.3913537E+02   1.5783356E+05   1.5869998E+05   0.0000000E+00   0.0000000E+00   0.0000000E+00   0.0000000E+00   0.0000000E+00
   6.2028799E-01   1.4769722E+05   1.4769722E+05   -3.6675853E-03   4.6535566E-04   1.2365380E+02   1.4689083E+05   1.4769722E+05   0.0000000E+00   0.0000000E+00   0.0000000E+00   0.0000000E+00   0.0000000E+00
   6.5013591E-01   1.3692460E+05   1.3692460E+05   -3.0971758E-03   3.9274369E-04   1.0947548E+02   1.3617700E+05   1.3692460E+05   0.0000000E+00   0.0000000E+00   0.0000000E+00   0.0000000E+00   0.0000000E+00
   6.8314927E-01   1.2639603E+05   1.2639603E+05   -2.5917912E-03   3.2838171E-04   9.6455466E+01   1.2570589E+05   1.2639603E+05   0.0000000E+00   0.0000000E+00   0.0000000E+00   0.0000000E+00   0.0000000E+00
   7.1993368E-01   1.1608916E+05   1.1608916E+05   -2.1247229E-03   2.7159681E-04   8.4560970E+01   1.1545528E+05   1.1608916E+05   0.0000000E+00   0.0000000E+00   0.0000000E+00   0.0000000E+00   0.0000000E+00
   7.6117367E-01   1.0602791E+05   1.0602791E+05   -1.7489337E-03   2.2192796E-04   7.3655848E+01   1.0544894E+05   1.0602791E+05   0.0000000E+00   0.0000000E+00   0.0000000E+00   0.0000000E+00   0.0000000E+00
   8.0757898E-01   9.6255178E+04   9.6255178E+04   -1.4138066E-03   1.7899687E-04   6.3815261E+01   9.5729560E+04   9.6255178E+04   0.0000000E+00   0.0000000E+00   0.0000000E+00   0.0000000E+00   0.0000000E+00
   8.5978587E-01   8.6853923E+04   8.6853923E+04   -1.1264510E-03   1.4250652E-04   5.4991797E+01   8.6379628E+04   8.6853923E+04   0.0000000E+00   0.0000000E+00   0.0000000E+00   0.0000000E+00   0.0000000E+00
   9.1823855E-01   7.7935999E+04   7.7935999E+04   -8.8696955E-04   1.1212414E-04   4.7164155E+01   7.7510392E+04   7.7935999E+04   0.0000000E+00   0.0000000E+00   0.0000000E+00   0.0000000E+00   0.0000000E+00
   9.8312252E-01   6.9615033E+04   6.9615033E+04   -6.9166638E-04   8.7375809E-05   4.0365471E+01   6.9234857E+04   6.9615033E+04   0.0000000E+00   0.0000000E+00   0.0000000E+00   0.0000000E+00   0.0000000E+00
   1.0544189E+00   6.1974694E+04   6.1974694E+04   -5.3562312E-04   6.7627567E-05   3.4520939E+01   6.1636235E+04   6.1974694E+04   0.0000000E+00   0.0000000E+00   0.0000000E+00   0.0000000E+00   0.0000000E+00
   1.1320572E+00   5.5051864E+04   5.5051864E+04   -4.1285469E-04   5.2120108E-05   2.9557223E+01   5.4751206E+04   5.5051864E+04   0.0000000E+00   0.0000000E+00   0.0000000E+00   0.0000000E+00   0.0000000E+00
   1.2160603E+00   4.8836887E+04   4.8836887E+04   -3.1739732E-04   4.0071730E-05   2.5354217E+01   4.8570167E+04   4.8836887E+04   0.0000000E+00   0.0000000E+00   0.0000000E+00   0.0000000E+00   0.0000000E+00
   1.3066086E+00   4.3286256E+04   4.3286256E+04   -2.4384527E-04   3.0766984E-05   2.1809731E+01   4.3049846E+04   4.3286256E+04   0.0000000E+00   0.0000000E+00   0.0000000E+00   0.0000000E+00   0.0000000E+00
   1.4040299E+00   3.8343642E+04   3.8343642E+04   -1.8716129E-04   2.3604935E-05   1.8801059E+01   3.8134224E+04   3.8343642E+04   0.0000000E+00   0.0000000E+00   0.0000000E+00   0.0000000E+00   0.0000000E+00
   1.5087628E+00   3.3949213E+04   3.3949213E+04   -1.4345499E-04   1.8100082E-05   1.6249981E+01   3.3763794E+04   3.3949213E+04   0.0000000E+00   0.0000000E+00   0.0000000E+00   0.0000000E+00   0.0000000E+00
   1.6213235E+00   3.0045341E+04   3.0045341E+04   -1.1004606E-04   1.3872708E-05   1.4076510E+01   2.9881242E+04   3.0045341E+04   0.0000000E+00   0.0000000E+00   0.0000000E+00   0.0000000E+00   0.0000000E+00
   1.7422858E+00   2.6579734E+04   2.6579734E+04   -8.4338486E-05   1.0628496E-05   1.2218462E+01   2.6434562E+04   2.6579734E+04   0.0000000E+00   0.0000000E+00   0.0000000E+00   0.0000000E+00   0.0000000E+00
   1.8722737E+00   2.3504639E+04   2.3504639E+04   -6.4604648E-05   8.1397925E-06   1.0623979E+01   2.3376261E+04   2.3504639E+04   0.0000000E+00   0.0000000E+00   0.0000000E+00   0.0000000E+00   0.0000000E+00
   2.0119600E+00   2.0777491E+04   2.0777491E+04   -4.9466714E-05   6.2315258E-06   9.2529914E+00   2.0664008E+04   2.0777491E+04   0.0000000E+00   0.0000000E+00   0.0000000E+00   0.0000000E+00   0.0000000E+00
   2.1620679E+00   1.8360067E+04   1.8360067E+04   -3.7699464E-05   4.7689326E-06   8.0706039E+00   1.8259787E+04   1.8360067E+04   0.0000000E+00   0.0000000E+00   0.0000000E+00   0.0000000E+00   0.0000000E+00
   2.3233751E+00   1.6218127E+04   1.6218127E+04   -2.8940242E-05   3.6483728E-06   7.0478368E+00   1.6129545E+04   1.6218127E+04   0.0000000E+00   0.0000000E+00   0.0000000E+00   0.0000000E+00   0.0000000E+00
   2.4967171E+00   1.4321150E+04   1.4321150E+04   -2.2141539E-05   2.7901855E-06   6.1616398E+00   1.4242929E+04   1.4321150E+04   0.0000000E+00   0.0000000E+00   0.0000000E+00   0.0000000E+00   0.0000000E+00
   2.6829917E+00   1.2641836E+04   1.2641836E+04   -1.6930237E-05   2.1332005E-06   5.3913459E+00   1.2572787E+04   1.2641836E+04   0.0000000E+00   0.0000000E+00   0.0000000E+00   0.0000000E+00   0.0000000E+00
   2.8831639E+00   1.1155818E+04   1.1155818E+04   -1.2868390E-05   1.6304237E-06   4.7207347E+00   1.1094886E+04   1.1155818E+04   0.0000000E+00   0.0000000E+00   0.0000000E+00   0.0000000E+00   0.0000000E+00
   3.0982705E+00   9.8413765E+03   9.8413765E+03   -9.8847363E-06   1.2457763E-06   4.1365751E+00   9.7876231E+03   9.8413765E+03   0.0000000E+00   0.0000000E+00   0.0000000E+00   0.0000000E+00   0.0000000E+00
   3.3294258E+00   8.6791527E+03   8.6791527E+03   -7.5598925E-06   9.5160352E-07   3.6269655E+00   8.6317472E+03   8.6791527E+03   0.0000000E+00   0.0000000E+00   0.0000000E+00   0.0000000E+00   0.0000000E+00
   3.5778270E+00   7.6519060E+03   7.6519060E+03   -5.7639247E-06   7.2671440E-07   3.1809420E+00   7.6101113E+03   7.6519060E+03   0.0000000E+00   0.0000000E+00   0.0000000E+00   0.0000000E+00   0.0000000E+00
   3.8447609E+00   6.7442917E+03   6.7442917E+03   -4.3987885E-06   5.5482880E-07   2.7910002E+00   6.7074543E+03   6.7442917E+03   0.0000000E+00   0.0000000E+00   0.0000000E+00   0.0000000E+00   0.0000000E+00
   4.1316101E+00   5.9426611E+03   5.9426611E+03   -3.3574293E-06   4.2349641E-07   2.4499395E+00   5.9102021E+03   5.9426611E+03   0.0000000E+00   0.0000000E+00   0.0000000E+00   0.0000000E+00   0.0000000E+00
   4.4398606E+00   5.2348809E+03   5.2348809E+03   -2.5623361E-06   3.2318131E-07   2.1509351E+00   5.2062879E+03   5.2348809E+03   0.0000000E+00   0.0000000E+00   0.0000000E+00   0.0000000E+00   0.0000000E+00
   4.7711090E+00   4.6101715E+03   4.6101715E+03   -1.9528556E-06   2.4657728E-07   1.8887567E+00   4.5849906E+03   4.6101715E+03   0.0000000E+00   0.0000000E+00   0.0000000E+00   0.0000000E+00   0.0000000E+00
   5.1270710E+00   4.0589609E+03   4.0589609E+03   -1.4881270E-06   1.8809504E-07   1.6585726E+00   4.0367907E+03   4.0589609E+03   0.0000000E+00   0.0000000E+00   0.0000000E+00   0.0000000E+00   0.0000000E+00
   5.5095907E+00   3.5727541E+03   3.5727541E+03   -1.1366685E-06   1.4345834E-07   1.4567731E+00   3.5532396E+03   3.5727541E+03   0.0000000E+00   0.0000000E+00   0.0000000E+00   0.0000000E+00   0.0000000E+00
   5.9206493E+00   3.1440157E+03   3.1440157E+03   -8.6452974E-07   1.0939784E-07   1.2794943E+00   3.1268430E+03   3.1440157E+03   0.0000000E+00   0.0000000E+00   0.0000000E+00   0.0000000E+00   0.0000000E+00
   6.3623761E+00   2.7660648E+03   2.7660648E+03   -6.5891530E-07   8.3412712E-08   1.1239030E+00   2.7509564E+03   2.7660648E+03   0.0000000E+00   0.0000000E+00   0.0000000E+00   0.0000000E+00   0.0000000E+00
   6.8370591E+00   2.4329806E+03   2.4329806E+03   -5.0177221E-07   6.3593121E-08   9.8707651E-01   2.4196916E+03   2.4329806E+03   0.0000000E+00   0.0000000E+00   0.0000000E+00   0.0000000E+00   0.0000000E+00
   7.3471572E+00   2.1395190E+03   2.1395190E+03   -3.8196157E-07   4.8478279E-08   8.6700600E-01   2.1278328E+03   2.1395190E+03   0.0000000E+00   0.0000000E+00   0.0000000E+00   0.0000000E+00   0.0000000E+00
   7.8953127E+00   1.8810365E+03   1.8810365E+03   -2.9094454E-07   3.6953922E-08   7.6144494E-01   1.8707622E+03   1.8810365E+03   0.0000000E+00   0.0000000E+00   0.0000000E+00   0.0000000E+00   0.0000000E+00
   8.4843648E+00   1.6534238E+03   1.6534238E+03   -2.2141245E-07   2.8168209E-08   6.6874507E-01   1.6443927E+03   1.6534238E+03   0.0000000E+00   0.0000000E+00   0.0000000E+00   0.0000000E+00   0.0000000E+00
