#           k/h    CDM            baryon         photon         nu             mass_nu        total          no_nu          total_de       Weyl           v_CDM          v_b            v_b-v_c     
   1.1103890E-05   4.9428135E+06   4.9428135E+06   6.5895987E+06   9.4425530E+03   2.7971073E+05   4.9429411E+06   4.9428135E+06   0.0000000E+00   0.0000000E+00   0.0000000E+00   0.0000000E+00   0.0000000E+00
   1.1932327E-05   4.9428127E+06   4.9428127E+06   6.5894709E+06   9.4424398E+03   2.7970838E+05   4.9429403E+06   4.9428127E+06   0.0000000E+00   0.0000000E+00   0.0000000E+00   0.0000000E+00   0.0000000E+00
   1.2822572E-05   4.9428119E+06   4.9428119E+06   6.5893234E+06   9.4423092E+03   2.7970567E+05   4.9429394E+06   4.9428119E+06   0.0000000E+00   0.0000000E+00   0.0000000E+00   0.0000000E+00   0.0000000E+00
   1.3779236E-05   4.9428109E+06   4.9428109E+06   6.5891530E+06   9.4421584E+03   2.7970254E+05   4.9429383E+06   4.9428109E+06   0.0000000E+00   0.0000000E+00   0.0000000E+00   0.0000000E+00   0.0000000E+00
   1.4807275E-05   4.9428098E+06   4.9428098E+06   6.5889563E+06   9.4419842E+03   2.7969892E+05   4.9429371E+06   4.9428098E+06   0.0000000E+00   0.0000000E+00   0.0000000E+00   0.0000000E+00   0.0000000E+00
   1.5912013E-05   4.9428085E+06   4.9428085E+06   6.5887291E+06   9.4417831E+03   2.7969475E+05   4.9429357E+06   4.9428085E+06   0.0000000E+00   0.0000000E+00   0.0000000E+00   0.0000000E+00   0.0000000E+00
   1.7099174E-05   4.9428070E+06   4.9428070E+06   6.5884667E+06   9.4415508E+03   2.7968993E+05   4.9429341E+06   4.9428070E+06   0.0000000E+00   0.0000000E+00   0.0000000E+00   0.0000000E+00   0.0000000E+00
   1.8374906E-05   4.9428052E+06   4.9428052E+06   6.5881638E+06   9.4412826E+03   2.7968437E+05   4.9429322E+06   4.9428052E+06   0.0000000E+00   0.0000000E+00   0.0000000E+00   0.0000000E+00   0.0000000E+00
   1.9745818E-05   4.9428032E+06   4.9428032E+06   6.5878140E+06   9.4409729E+03   2.7967794E+05   4.9429300E+06   4.9428032E+06   0.0000000E+00   0.0000000E+00   0.0000000E+00   0.0000000E+00   0.0000000E+00
   2.1219011E-05   4.9428009E+06   4.9428009E+06   6.5874101E+06   9.4406153E+03   2.7967052E+05   4.9429275E+06   4.9428009E+06   0.0000000E+00   0.0000000E+00   0.0000000E+00   0.0000000E+00   0.0000000E+00
   2.2802115E-05   4.9427982E+06   4.9427982E+06   6.5869436E+06   9.4402023E+03   2.7966196E+05   4.9429246E+06   4.9427982E+06   0.0000000E+00   0.0000000E+00   0.0000000E+00   0.0000000E+00   0.0000000E+00
   2.4503331E-05   4.9427951E+06   4.9427951E+06   6.5864051E+06   9.4397254E+03   2.7965207E+05   4.9429213E+06   4.9427951E+06   0.0000000E+00   0.0000000E+00   0.0000000E+00   0.0000000E+00   0.0000000E+00
   2.6331472E-05   4.9427916E+06   4.9427916E+06   6.5857832E+06   9.4391748E+03   2.7964065E+05   4.9429174E+06   4.9427916E+06   0.0000000E+00   0.0000000E+00   0.0000000E+00   0.0000000E+00   0.0000000E+00
   2.8296006E-05   4.9427874E+06   4.9427874E+06   6.5850651E+06   9.4385390E+03   2.7962746E+05   4.9429129E+06   4.9427874E+06   0.0000000E+00   0.0000000E+00   0.0000000E+00   0.0000000E+00   0.0000000E+00
   3.0407109E-05   4.9427827E+06   4.9427827E+06   6.5842360E+06   9.4378048E+03   2.7961224E+05   4.9429078E+06   4.9427827E+06   0.0000000E+00   0.0000000E+00   0.0000000E+00   0.0000000E+00   0.0000000E+00
   3.2675717E-05   4.9427772E+06   4.9427772E+06   6.5832786E+06   9.4369571E+03   2.7959466E+05   4.9429018E+06   4.9427772E+06   0.0000000E+00   0.0000000E+00   0.0000000E+00   0.0000000E+00   0.0000000E+00
   3.5113582E-05   4.9427709E+06   4.9427709E+06   6.5821733E+06   9.4359783E+03   2.7957437E+05   4.9428950E+06   4.9427709E+06   0.0000000E+00   0.0000000E+00   0.0000000E+00   0.0000000E+00   0.0000000E+00
   3.7733330E-05   4.9427635E+06   4.9427635E+06   6.5808971E+06   9.4348481E+03   2.7955094E+05   4.9428870E+06   4.9427635E+06   0.0000000E+00   0.0000000E+00   0.0000000E+00   0.0000000E+00   0.0000000E+00
   4.0548532E-05   4.9427551E+06   4.9427551E+06   6.5794236E+06   9.4335431E+03   2.7952390E+05   4.9428779E+06   4.9427551E+06   0.0000000E+00   0.0000000E+00   0.0000000E+00   0.0000000E+00   0.0000000E+00
   4.3573769E-05   4.9427453E+06   4.9427453E+06   6.5777225E+06   9.4320365E+03   2.7949269E+05   4.9428673E+06   4.9427453E+06   0.0000000E+00   0.0000000E+00   0.0000000E+00   0.0000000E+00   0.0000000E+00
   4.6824714E-05   4.9427340E+06   4.9427340E+06   6.5757586E+06   9.4302970E+03   2.7945666E+05   4.9428551E+06   4.9427340E+06   0.0000000E+00   0.0000000E+00   0.0000000E+00   0.0000000E+00   0.0000000E+00
   5.0318204E-05   4.9427210E+06   4.9427210E+06   6.5734913E+06   9.4282887E+03   2.7941507E+05   4.9428410E+06   4.9427210E+06   0.0000000E+00   0.0000000E+00   0.0000000E+00   0.0000000E+00   0.0000000E+00
   5.4072336E-05   4.9427060E+06   4.9427060E+06   6.5708741E+06   9.4259701E+03   2.7936708E+05   4.9428247E+06   4.9427060E+06   0.0000000E+00   0.0000000E+00   0.0000000E+00   0.0000000E+00   0.0000000E+00
   5.8106555E-05   4.9426886E+06   4.9426886E+06   6.5678531E+06   9.4232935E+03   2.7931169E+05   4.9428059E+06   4.9426886E+06   0.0000000E+00   0.0000000E+00   0.0000000E+00   0.0000000E+00   0.0000000E+00
   6.2441759E-05   4.9426686E+06   4.9426686E+06   6.5643661E+06   9.4202037E+03   2.7924779E+05   4.9427842E+06   4.9426686E+06   0.0000000E+00   0.0000000E+00   0.0000000E+00   0.0000000E+00   0.0000000E+00
   6.7100403E-05   4.9426454E+06   4.9426454E+06   6.5603415E+06   9.4166371E+03   2.7917406E+05   4.9427591E+06   4.9426454E+06   0.0000000E+00   0.0000000E+00   0.0000000E+00   0.0000000E+00   0.0000000E+00
   7.2106619E-05   4.9426187E+06   4.9426187E+06   6.5556970E+06   9.4125204E+03   2.7908901E+05   4.9427302E+06   4.9426187E+06   0.0000000E+00   0.0000000E+00   0.0000000E+00   0.0000000E+00   0.0000000E+00
   7.7486337E-05   4.9425878E+06   4.9425878E+06   6.5503374E+06   9.4077690E+03   2.7899092E+05   4.9426968E+06   4.9425878E+06   0.0000000E+00   0.0000000E+00   0.0000000E+00   0.0000000E+00   0.0000000E+00
   8.3267424E-05   4.9425522E+06   4.9425522E+06   6.5441535E+06   9.4022856E+03   2.7887781E+05   4.9426582E+06   4.9425522E+06   0.0000000E+00   0.0000000E+00   0.0000000E+00   0.0000000E+00   0.0000000E+00
   8.9479826E-05   4.9425111E+06   4.9425111E+06   6.5370194E+06   9.3959580E+03   2.7874741E+05   4.9426136E+06   4.9425111E+06   0.0000000E+00   0.0000000E+00   0.0000000E+00   0.0000000E+00   0.0000000E+00
   9.6155722E-05   4.9424636E+06   4.9424636E+06   6.5287902E+06   9.3886571E+03   2.7859711E+05   4.9425622E+06   4.9424636E+06   0.0000000E+00   0.0000000E+00   0.0000000E+00   0.0000000E+00   0.0000000E+00
   1.0332969E-04   4.9424088E+06   4.9424088E+06   6.5192996E+06   9.3802342E+03   2.7842392E+05   4.9425028E+06   4.9424088E+06   0.0000000E+00   0.0000000E+00   0.0000000E+00   0.0000000E+00   0.0000000E+00
   1.1103890E-04   4.9423455E+06   4.9423455E+06   6.5083564E+06   9.3705184E+03   2.7822444E+05   4.9424343E+06   4.9423455E+06   0.0000000E+00   0.0000000E+00   0.0000000E+00   0.0000000E+00   0.0000000E+00
   1.1932327E-04   4.9422724E+06   4.9422724E+06   6.4957412E+06   9.3593130E+03   2.7799477E+05   4.9423552E+06   4.9422724E+06   0.0000000E+00   0.0000000E+00   0.0000000E+00   0.0000000E+00   0.0000000E+00
   1.2822572E-04   4.9421881E+06   4.9421881E+06   6.4812024E+06   9.3463924E+03   2.7773044E+05   4.9422639E+06   4.9421881E+06   0.0000000E+00   0.0000000E+00   0.0000000E+00   0.0000000E+00   0.0000000E+00
   1.3779236E-04   4.9420907E+06   4.9420907E+06   6.4644519E+06   9.3314973E+03   2.7742639E+05   4.9421585E+06   4.9420907E+06   0.0000000E+00   0.0000000E+00   0.0000000E+00   0.0000000E+00   0.0000000E+00
   1.4807275E-04   4.9419784E+06   4.9419784E+06   6.4451601E+06   9.3143305E+03   2.7707688E+05   4.9420368E+06   4.9419784E+06   0.0000000E+00   0.0000000E+00   0.0000000E+00   0.0000000E+00   0.0000000E+00
   1.5912013E-04   4.9418487E+06   4.9418487E+06   6.4229507E+06   9.2945517E+03   2.7667537E+05   4.9418965E+06   4.9418487E+06   0.0000000E+00   0.0000000E+00   0.0000000E+00   0.0000000E+00   0.0000000E+00
   1.7099174E-04   4.9416991E+06   4.9416991E+06   6.3973945E+06   9.2717713E+03   2.7621453E+05   4.9417345E+06   4.9416991E+06   0.0000000E+00   0.0000000E+00   0.0000000E+00   0.0000000E+00   0.0000000E+00
   1.8374906E-04   4.9415265E+06   4.9415265E+06   6.3680036E+06   9.2455446E+03   2.7568607E+05   4.9415476E+06   4.9415265E+06   0.0000000E+00   0.0000000E+00   0.0000000E+00   0.0000000E+00   0.0000000E+00
   1.9745818E-04   4.9413274E+06   4.9413274E+06   6.3342239E+06   9.2153644E+03   2.7508075E+05   4.9413321E+06   4.9413274E+06   0.0000000E+00   0.0000000E+00   0.0000000E+00   0.0000000E+00   0.0000000E+00
   2.1219011E-04   4.9410977E+06   4.9410977E+06   6.2954289E+06   9.1806536E+03   2.7438827E+05   4.9410835E+06   4.9410977E+06   0.0000000E+00   0.0000000E+00   0.0000000E+00   0.0000000E+00   0.0000000E+00
   2.2802115E-04   4.9408329E+06   4.9408329E+06   6.2509117E+06   9.1407571E+03   2.7359723E+05   4.9407968E+06   4.9408329E+06   0.0000000E+00   0.0000000E+00   0.0000000E+00   0.0000000E+00   0.0000000E+00
   2.4503331E-04   4.9405275E+06   4.9405275E+06   6.1998788E+06   9.0949334E+03   2.7269517E+05   4.9404662E+06   4.9405275E+06   0.0000000E+00   0.0000000E+00   0.0000000E+00   0.0000000E+00   0.0000000E+00
   2.6331472E-04   4.9401754E+06   4.9401754E+06   6.1414433E+06   9.0423459E+03   2.7166852E+05   4.9400852E+06   4.9401754E+06   0.0000000E+00   0.0000000E+00   0.0000000E+00   0.0000000E+00   0.0000000E+00
   2.8296006E-04   4.9397697E+06   4.9397697E+06   6.0746196E+06   8.9820548E+03   2.7050277E+05   4.9396462E+06   4.9397697E+06   0.0000000E+00   0.0000000E+00   0.0000000E+00   0.0000000E+00   0.0000000E+00
   3.0407109E-04   4.9393023E+06   4.9393023E+06   5.9983203E+06   8.9130089E+03   2.6918262E+05   4.9391405E+06   4.9393023E+06   0.0000000E+00   0.0000000E+00   0.0000000E+00   0.0000000E+00   0.0000000E+00
   3.2675717E-04   4.9387641E+06   4.9387641E+06   5.9113560E+06   8.8340389E+03   2.6769226E+05   4.9385582E+06   4.9387641E+06   0.0000000E+00   0.0000000E+00   0.0000000E+00   0.0000000E+00   0.0000000E+00
   3.5113582E-04   4.9381444E+06   4.9381444E+06   5.8124391E+06   8.7438534E+03   2.6601583E+05   4.9378879E+06   4.9381444E+06   0.0000000E+00   0.0000000E+00   0.0000000E+00   0.0000000E+00   0.0000000E+00
   3.7733330E-04   4.9374314E+06   4.9374314E+06   5.7001940E+06   8.6410375E+03   2.6413808E+05   4.9371169E+06   4.9374314E+06   0.0000000E+00   0.0000000E+00   0.0000000E+00   0.0000000E+00   0.0000000E+00
   4.0548532E-04   4.9366114E+06   4.9366114E+06   5.5731759E+06   8.5240563E+03   2.6204520E+05   4.9362303E+06   4.9366114E+06   0.0000000E+00   0.0000000E+00   0.0000000E+00   0.0000000E+00   0.0000000E+00
   4.3573769E-04   4.9356689E+06   4.9356689E+06   5.4299001E+06   8.3912655E+03   2.5972601E+05   4.9352116E+06   4.9356689E+06   0.0000000E+00   0.0000000E+00   0.0000000E+00   0.0000000E+00   0.0000000E+00
   4.6824714E-04   4.9345865E+06   4.9345865E+06   5.2688863E+06   8.2409313E+03   2.5717345E+05   4.9340419E+06   4.9345865E+06   0.0000000E+00   0.0000000E+00   0.0000000E+00   0.0000000E+00   0.0000000E+00
   5.0318204E-04   4.9333443E+06   4.9333443E+06   5.0887200E+06   8.0712618E+03   2.5438640E+05   4.9327001E+06   4.9333443E+06   0.0000000E+00   0.0000000E+00   0.0000000E+00   0.0000000E+00   0.0000000E+00
   5.4072336E-04   4.9319199E+06   4.9319199E+06   4.8881370E+06   7.8804549E+03   2.5137189E+05   4.9311621E+06   4.9319199E+06   0.0000000E+00   0.0000000E+00   0.0000000E+00   0.0000000E+00   0.0000000E+00
   5.8106555E-04   4.9302885E+06   4.9302885E+06   4.6661324E+06   7.6667657E+03   2.4814757E+05   4.9294014E+06   4.9302885E+06   0.0000000E+00   0.0000000E+00   0.0000000E+00   0.0000000E+00   0.0000000E+00
   6.2441759E-04   4.9284219E+06   4.9284219E+06   4.4221000E+06   7.4285969E+03   2.4474436E+05   4.9273880E+06   4.9284219E+06   0.0000000E+00   0.0000000E+00   0.0000000E+00   0.0000000E+00   0.0000000E+00
   6.7100403E-04   4.9262892E+06   4.9262892E+06   4.1560009E+06   7.1646180E+03   2.4120885E+05   4.9250890E+06   4.9262892E+06   0.0000000E+00   0.0000000E+00   0.0000000E+00   0.0000000E+00   0.0000000E+00
   7.2106619E-04   4.9238557E+06   4.9238557E+06   3.8685614E+06   6.8739133E+03   2.3760519E+05   4.9224678E+06   4.9238557E+06   0.0000000E+00   0.0000000E+00   0.0000000E+00   0.0000000E+00   0.0000000E+00
   7.7486337E-04   4.9210837E+06   4.9210837E+06   3.5614921E+06   6.5561629E+03   2.3401549E+05   4.9194845E+06   4.9210837E+06   0.0000000E+00   0.0000000E+00   0.0000000E+00   0.0000000E+00   0.0000000E+00
   8.3267424E-04   4.9179317E+06   4.9179317E+06   3.2377140E+06   6.2118500E+03   2.3053789E+05   4.9160956E+06   4.9179317E+06   0.0000000E+00   0.0000000E+00   0.0000000E+00   0.0000000E+00   0.0000000E+00
   8.9479826E-04   4.9143546E+06   4.9143546E+06   2.9015633E+06   5.8424889E+03   2.2728084E+05   4.9122541E+06   4.9143546E+06   0.0000000E+00   0.0000000E+00   0.0000000E+00   0.0000000E+00   0.0000000E+00
   9.6155722E-04   4.9103037E+06   4.9103037E+06   2.5589373E+06   5.4508529E+03   2.2435215E+05   4.9079098E+06   4.9103037E+06   0.0000000E+00   0.0000000E+00   0.0000000E+00   0.0000000E+00   0.0000000E+00
   1.0332969E-03   4.9057268E+06   4.9057268E+06   2.2173213E+06   5.0411755E+03   2.2184136E+05   4.9030092E+06   4.9057268E+06   0.0000000E+00   0.0000000E+00   0.0000000E+00   0.0000000E+00   0.0000000E+00
   1.1103890E-03   4.9005683E+06   4.9005683E+06   1.8856268E+06   4.6192807E+03   2.1979461E+05   4.8974960E+06   4.9005683E+06   0.0000000E+00   0.0000000E+00   0.0000000E+00   0.0000000E+00   0.0000000E+00
   1.1932327E-03   4.8947692E+06   4.8947692E+06   1.5737597E+06   4.1925849E+03   2.1818289E+05   4.8913113E+06   4.8947692E+06   0.0000000E+00   0.0000000E+00   0.0000000E+00   0.0000000E+00   0.0000000E+00
   1.2822572E-03   4.8882673E+06   4.8882673E+06   1.2918466E+06   3.7699042E+03   2.1686729E+05   4.8843939E+06   4.8882673E+06   0.0000000E+00   0.0000000E+00   0.0000000E+00   0.0000000E+00   0.0000000E+00
   1.3779236E-03   4.8809969E+06   4.8809969E+06   1.0490860E+06   3.3609978E+03   2.1556963E+05   4.8766803E+06   4.8809969E+06   0.0000000E+00   0.0000000E+00   0.0000000E+00   0.0000000E+00   0.0000000E+00
   1.4807275E-03   4.8728887E+06   4.8728887E+06   8.5227249E+05   2.9757992E+03   2.1386211E+05   4.8681049E+06   4.8728887E+06   0.0000000E+00   0.0000000E+00   0.0000000E+00   0.0000000E+00   0.0000000E+00
   1.5912013E-03   4.8638694E+06   4.8638694E+06   7.0418205E+05   2.6233387E+03   2.1119526E+05   4.8585993E+06   4.8638694E+06   0.0000000E+00   0.0000000E+00   0.0000000E+00   0.0000000E+00   0.0000000E+00
   1.7099174E-03   4.8538607E+06   4.8538607E+06   6.0218812E+05   2.3104510E+03   2.0698422E+05   4.8480917E+06   4.8538607E+06   0.0000000E+00   0.0000000E+00   0.0000000E+00   0.0000000E+00   0.0000000E+00
   1.8374906E-03   4.8427788E+06   4.8427788E+06   5.3766350E+05   2.0404900E+03   2.0076458E+05   4.8365058E+06   4.8427788E+06   0.0000000E+00   0.0000000E+00   0.0000000E+00   0.0000000E+00   0.0000000E+00
   1.9745818E-03   4.8305336E+06   4.8305336E+06   4.9680818E+05   1.8124165E+03   1.9240318E+05   4.8237598E+06   4.8305336E+06   0.0000000E+00   0.0000000E+00   0.0000000E+00   0.0000000E+00   0.0000000E+00
   2.1219011E-03   4.8170286E+06   4.8170286E+06   4.6336862E+05   1.6207113E+03   1.8230328E+05   4.8097654E+06   4.8170286E+06   0.0000000E+00   0.0000000E+00   0.0000000E+00   0.0000000E+00   0.0000000E+00
   2.2802115E-03   4.8021614E+06   4.8021614E+06   4.2311585E+05   1.4565039E+03   1.7148764E+05   4.7944277E+06   4.8021614E+06   0.0000000E+00   0.0000000E+00   0.0000000E+00   0.0000000E+00   0.0000000E+00
   2.4503331E-03   4.7858256E+06   4.7858256E+06   3.6889725E+05   1.3099823E+03   1.6141358E+05   4.7776454E+06   4.7858256E+06   0.0000000E+00   0.0000000E+00   0.0000000E+00   0.0000000E+00   0.0000000E+00
   2.6331472E-03   4.7679127E+06   4.7679127E+06   3.0390089E+05   1.1735249E+03   1.5343323E+05   4.7593127E+06   4.7679127E+06   0.0000000E+00   0.0000000E+00   0.0000000E+00   0.0000000E+00   0.0000000E+00
   2.8296006E-03   4.7483149E+06   4.7483149E+06   2.4035109E+05   1.0442677E+03   1.4802134E+05   4.7393208E+06   4.7483149E+06   0.0000000E+00   0.0000000E+00   0.0000000E+00   0.0000000E+00   0.0000000E+00
   3.0407109E-03   4.7269247E+06   4.7269247E+06   1.9240404E+05   9.2447563E+02   1.4421913E+05   4.7175583E+06   4.7269247E+06   0.0000000E+00   0.0000000E+00   0.0000000E+00   0.0000000E+00   0.0000000E+00
   3.2675717E-03   4.7036338E+06   4.7036338E+06   1.6605127E+05   8.1881412E+02   1.3994405E+05   4.6939111E+06   4.7036338E+06   0.0000000E+00   0.0000000E+00   0.0000000E+00   0.0000000E+00   0.0000000E+00
   3.5113582E-03   4.6783287E+06   4.6783287E+06   1.5341399E+05   7.2967873E+02   1.3345234E+05   4.6682597E+06   4.6783287E+06   0.0000000E+00   0.0000000E+00   0.0000000E+00   0.0000000E+00   0.0000000E+00
   3.7733330E-03   4.6508877E+06   4.6508877E+06   1.3874454E+05   6.5406572E+02   1.2508952E+05   4.6404785E+06   4.6508877E+06   0.0000000E+00   0.0000000E+00   0.0000000E+00   0.0000000E+00   0.0000000E+00
   4.0548532E-03   4.6211813E+06   4.6211813E+06   1.1404234E+05   5.8544952E+02   1.1733204E+05   4.6104374E+06   4.6211813E+06   0.0000000E+00   0.0000000E+00   0.0000000E+00   0.0000000E+00   0.0000000E+00
   4.3573769E-03   4.5890768E+06   4.5890768E+06   8.8364923E+04   5.1979343E+02   1.1202974E+05   4.5780065E+06   4.5890768E+06   0.0000000E+00   0.0000000E+00   0.0000000E+00   0.0000000E+00   0.0000000E+00
   4.6824714E-03   4.5544425E+06   4.5544425E+06   7.5542342E+04   4.5907587E+02   1.0754771E+05   4.5430585E+06   4.5544425E+06   0.0000000E+00   0.0000000E+00   0.0000000E+00   0.0000000E+00   0.0000000E+00
   5.0318204E-03   4.5171461E+06   4.5171461E+06   7.2552492E+04   4.0689600E+02   1.0076014E+05   4.5054664E+06   4.5171461E+06   0.0000000E+00   0.0000000E+00   0.0000000E+00   0.0000000E+00   0.0000000E+00
   5.4072336E-03   4.4770518E+06   4.4770518E+06   6.3741456E+04   3.6177424E+02   9.2568387E+04   4.4650997E+06   4.4770518E+06   0.0000000E+00   0.0000000E+00   0.0000000E+00   0.0000000E+00   0.0000000E+00
   5.8106555E-03   4.4340222E+06   4.4340222E+06   4.9629965E+04   3.1951967E+02   8.6804824E+04   4.4218260E+06   4.4340222E+06   0.0000000E+00   0.0000000E+00   0.0000000E+00   0.0000000E+00   0.0000000E+00
   6.2441759E-03   4.3879247E+06   4.3879247E+06   4.4114449E+04   2.8077314E+02   8.2177370E+04   4.3755153E+06   4.3879247E+06   0.0000000E+00   0.0000000E+00   0.0000000E+00   0.0000000E+00   0.0000000E+00
   6.7100403E-03   4.3386280E+06   4.3386280E+06   4.0901681E+04   2.4784622E+02   7.5217921E+04   4.3260335E+06   4.3386280E+06   0.0000000E+00   0.0000000E+00   0.0000000E+00   0.0000000E+00   0.0000000E+00
   7.2106619E-03   4.2859935E+06   4.2859935E+06   3.1035445E+04   2.1821078E+02   6.9510888E+04   4.2732357E+06   4.2859935E+06   0.0000000E+00   0.0000000E+00   0.0000000E+00   0.0000000E+00   0.0000000E+00
   7.7486337E-03   4.2298816E+06   4.2298816E+06   2.7371673E+04   1.9091925E+02   6.5309611E+04   4.2169827E+06   4.2298816E+06   0.0000000E+00   0.0000000E+00   0.0000000E+00   0.0000000E+00   0.0000000E+00
   8.3267424E-03   4.1701561E+06   4.1701561E+06   2.4213905E+04   1.6722447E+02   5.9086368E+04   4.1571504E+06   4.1701561E+06   0.0000000E+00   0.0000000E+00   0.0000000E+00   0.0000000E+00   0.0000000E+00
   8.9479826E-03   4.1066825E+06   4.1066825E+06   1.8980193E+04   1.4553776E+02   5.5281719E+04   4.0936124E+06   4.1066825E+06   0.0000000E+00   0.0000000E+00   0.0000000E+00   0.0000000E+00   0.0000000E+00
   9.6155722E-03   4.0393300E+06   4.0393300E+06   1.8257776E+04   1.2699605E+02   5.0116916E+04   4.0262271E+06   4.0393300E+06   0.0000000E+00   0.0000000E+00   0.0000000E+00   0.0000000E+00   0.0000000E+00
   1.0332969E-02   3.9679647E+06   3.9679647E+06   1.3851132E+04   1.1030451E+02   4.6032986E+04   3.9548553E+06   3.9679647E+06   0.0000000E+00   0.0000000E+00   0.0000000E+00   0.0000000E+00   0.0000000E+00
   1.1103890E-02   3.8924569E+06   3.8924569E+06   1.2978743E+04   9.5544800E+01   4.1559417E+04   3.8793793E+06   3.8924569E+06   0.0000000E+00   0.0000000E+00   0.0000000E+00   0.0000000E+00   0.0000000E+00
   1.1932327E-02   3.8126830E+06   3.8126830E+06   1.0057117E+04   8.2510716E+01   3.8367272E+04   3.7996744E+06   3.8126830E+06   0.0000000E+00   0.0000000E+00   0.0000000E+00   0.0000000E+00   0.0000000E+00
   1.2822572E-02   3.7285259E+06   3.7285259E+06   8.8137439E+03   7.1199962E+01   3.4184169E+04   3.7156180E+06   3.7285259E+06   0.0000000E+00   0.0000000E+00   0.0000000E+00   0.0000000E+00   0.0000000E+00
   1.3779236E-02   3.6398807E+06   3.6398807E+06   7.9185162E+03   6.1125918E+01   3.1221277E+04   3.6271109E+06   3.6398807E+06   0.0000000E+00   0.0000000E+00   0.0000000E+00   0.0000000E+00   0.0000000E+00
   1.4807275E-02   3.5466603E+06   3.5466603E+06   6.1109923E+03   5.2378955E+01   2.8276976E+04   3.5340644E+06   3.5466603E+06   0.0000000E+00   0.0000000E+00   0.0000000E+00   0.0000000E+00   0.0000000E+00
   1.5912013E-02   3.4488021E+06   3.4488021E+06   5.0695517E+03   4.4787241E+01   2.5134235E+04   3.4364125E+06   3.4488021E+06   0.0000000E+00   0.0000000E+00   0.0000000E+00   0.0000000E+00   0.0000000E+00
   1.7099174E-02   3.3462795E+06   3.3462795E+06   4.5036139E+03   3.8139208E+01   2.2437970E+04   3.3341334E+06   3.3462795E+06   0.0000000E+00   0.0000000E+00   0.0000000E+00   0.0000000E+00   0.0000000E+00
   1.8374906E-02   3.2391160E+06   3.2391160E+06   3.8656545E+03   3.2387027E+01   2.0070436E+04   3.2272450E+06   3.2391160E+06   0.0000000E+00   0.0000000E+00   0.0000000E+00   0.0000000E+00   0.0000000E+00
   1.9745818E-02   3.1274017E+06   3.1274017E+06   3.2415818E+03   2.7395158E+01   1.7954393E+04   3.1158399E+06   3.1274017E+06   0.0000000E+00   0.0000000E+00   0.0000000E+00   0.0000000E+00   0.0000000E+00
   2.1219010E-02   3.0113150E+06   3.0113150E+06   2.6905918E+03   2.3096335E+01   1.5939293E+04   3.0000922E+06   3.0113150E+06   0.0000000E+00   0.0000000E+00   0.0000000E+00   0.0000000E+00   0.0000000E+00
   2.2802110E-02   2.8911472E+06   2.8911472E+06   2.1750854E+03   1.9407564E+01   1.4127064E+04   2.8802936E+06   2.8911472E+06   0.0000000E+00   0.0000000E+00   0.0000000E+00   0.0000000E+00   0.0000000E+00
   2.4503304E-02   2.7673314E+06   2.7673314E+06   1.7560424E+03   1.6238649E+01   1.2553383E+04   2.7568730E+06   2.7673314E+06   0.0000000E+00   0.0000000E+00   0.0000000E+00   0.0000000E+00   0.0000000E+00
   2.6331330E-02   2.6404729E+06   2.6404729E+06   1.4861485E+03   1.3539189E+01   1.1139115E+04   2.6304333E+06   2.6404729E+06   0.0000000E+00   0.0000000E+00   0.0000000E+00   0.0000000E+00   0.0000000E+00
   2.8295376E-02   2.5113853E+06   2.5113853E+06   1.2297464E+03   1.1248323E+01   9.7304588E+03   2.5017841E+06   2.5113853E+06   0.0000000E+00   0.0000000E+00   0.0000000E+00   0.0000000E+00   0.0000000E+00
   3.0404663E-02   2.3811328E+06   2.3811328E+06   1.0046918E+03   9.3063507E+00   8.6250280E+03   2.3719843E+06   2.3811328E+06   0.0000000E+00   0.0000000E+00   0.0000000E+00   0.0000000E+00   0.0000000E+00
   3.2667342E-02   2.2510838E+06   2.2510838E+06   8.0709692E+02   7.6756388E+00   7.5178034E+03   2.2423962E+06   2.2510838E+06   0.0000000E+00   0.0000000E+00   0.0000000E+00   0.0000000E+00   0.0000000E+00
   3.5088102E-02   2.1229727E+06   2.1229727E+06   6.8902632E+02   6.3138751E+00   6.6023067E+03   2.1147464E+06   2.1229727E+06   0.0000000E+00   0.0000000E+00   0.0000000E+00   0.0000000E+00   0.0000000E+00
   3.7664092E-02   1.9989284E+06   1.9989284E+06   5.6405089E+02   5.1875606E+00   5.8407099E+03   1.9911549E+06   1.9989284E+06   0.0000000E+00   0.0000000E+00   0.0000000E+00   0.0000000E+00   0.0000000E+00
   4.0379895E-02   1.8813783E+06   1.8813783E+06   4.5366117E+02   4.2676129E+00   5.1605123E+03   1.8740385E+06   1.8813783E+06   0.0000000E+00   0.0000000E+00   0.0000000E+00   0.0000000E+00   0.0000000E+00
   4.3204655E-02   1.7727078E+06   1.7727078E+06   3.7049664E+02   3.5254366E+00   4.5750391E+03   1.7657726E+06   1.7727078E+06   0.0000000E+00   0.0000000E+00   0.0000000E+00   0.0000000E+00   0.0000000E+00
   4.6095813E-02   1.6746935E+06   1.6746935E+06   3.0826336E+02   2.9341966E+00   4.0826850E+03   1.6681258E+06   1.6746935E+06   0.0000000E+00   0.0000000E+00   0.0000000E+00   0.0000000E+00   0.0000000E+00
   4.9010055E-02   1.5879964E+06   1.5879964E+06   2.6006967E+02   2.4658659E+00   3.6759211E+03   1.5817558E+06   1.5879964E+06   0.0000000E+00   0.0000000E+00   0.0000000E+00   0.0000000E+00   0.0000000E+00
   5.1914942E-02   1.5120744E+06   1.5120744E+06   2.2151822E+02   2.0950751E+00   3.3390241E+03   1.5061216E+06   1.5120744E+06   0.0000000E+00   0.0000000E+00   0.0000000E+00   0.0000000E+00   0.0000000E+00
   5.4793827E-02   1.4455328E+06   1.4455328E+06   1.9017787E+02   1.7991872E+00   3.0597364E+03   1.4398332E+06   1.4455328E+06   0.0000000E+00   0.0000000E+00   0.0000000E+00   0.0000000E+00   0.0000000E+00
   5.7643645E-02   1.3866103E+06   1.3866103E+06   1.6452220E+02   1.5599496E+00   2.8268166E+03   1.3811359E+06   1.3866103E+06   0.0000000E+00   0.0000000E+00   0.0000000E+00   0.0000000E+00   0.0000000E+00
   6.0469901E-02   1.3335431E+06   1.3335431E+06   1.4332614E+02   1.3636465E+00   2.6273759E+03   1.3282721E+06   1.3335431E+06   0.0000000E+00   0.0000000E+00   0.0000000E+00   0.0000000E+00   0.0000000E+00
   6.3282283E-02   1.2847527E+06   1.2847527E+06   1.2554686E+02   1.1998081E+00   2.4551637E+03   1.2796694E+06   1.2847527E+06   0.0000000E+00   0.0000000E+00   0.0000000E+00   0.0000000E+00   0.0000000E+00
   6.6091905E-02   1.2389158E+06   1.2389158E+06   1.1038671E+02   1.0611151E+00   2.3019102E+03   1.2340095E+06   1.2389158E+06   0.0000000E+00   0.0000000E+00   0.0000000E+00   0.0000000E+00   0.0000000E+00
   6.8909864E-02   1.1949753E+06   1.1949753E+06   9.7349605E+01   9.4199504E-01   2.1635386E+03   1.1902392E+06   1.1949753E+06   0.0000000E+00   0.0000000E+00   0.0000000E+00   0.0000000E+00   0.0000000E+00
   7.1746620E-02   1.1521304E+06   1.1521304E+06   8.6198122E+01   8.3845338E-01   2.0366013E+03   1.1475608E+06   1.1521304E+06   0.0000000E+00   0.0000000E+00   0.0000000E+00   0.0000000E+00   0.0000000E+00
   7.4611808E-02   1.1098221E+06   1.1098221E+06   7.6822980E+01   7.4762849E-01   1.9178400E+03   1.1054175E+06   1.1098221E+06   0.0000000E+00   0.0000000E+00   0.0000000E+00   0.0000000E+00   0.0000000E+00
   7.7514239E-02   1.0677184E+06   1.0677184E+06   6.9049182E+01   6.6727165E-01   1.8064636E+03   1.0634783E+06   1.0677184E+06   0.0000000E+00   0.0000000E+00   0.0000000E+00   0.0000000E+00   0.0000000E+00
   8.0461994E-02   1.0256976E+06   1.0256976E+06   6.2393664E+01   5.9585550E-01   1.6984970E+03   1.0216221E+06   1.0256976E+06   0.0000000E+00   0.0000000E+00   0.0000000E+00   0.0000000E+00   0.0000000E+00
   8.3462535E-02   9.8382965E+05   9.8382965E+05   5.5994074E+01   5.3212439E-01   1.5941768E+03   9.7991850E+05   9.8382965E+05   0.0000000E+00   0.0000000E+00   0.0000000E+00   0.0000000E+00   0.0000000E+00
   8.6522826E-02   9.4234989E+05   9.4234989E+05   4.9156492E+01   4.7521465E-01   1.4958862E+03   9.3860188E+05   9.4234989E+05   0.0000000E+00   0.0000000E+00   0.0000000E+00   0.0000000E+00   0.0000000E+00
   8.9649425E-02   9.0162552E+05   9.0162552E+05   4.2621417E+01   4.2435741E-01   1.4104433E+03   8.9803792E+05   9.0162552E+05   0.0000000E+00   0.0000000E+00   0.0000000E+00   0.0000000E+00   0.0000000E+00
   9.2848582E-02   8.6211191E+05   8.6211191E+05   3.8483913E+01   3.7899720E-01   1.3342954E+03   8.5868013E+05   8.6211191E+05   0.0000000E+00   0.0000000E+00   0.0000000E+00   0.0000000E+00   0.0000000E+00
   9.6126305E-02   8.2429994E+05   8.2429994E+05   3.5746568E+01   3.3865979E-01   1.2534452E+03   8.2101744E+05   8.2429994E+05   0.0000000E+00   0.0000000E+00   0.0000000E+00   0.0000000E+00   0.0000000E+00
   9.9488429E-02   7.8865617E+05   7.8865617E+05   3.0561347E+01   3.0291318E-01   1.1780277E+03   7.8551451E+05   7.8865617E+05   0.0000000E+00   0.0000000E+00   0.0000000E+00   0.0000000E+00   0.0000000E+00
   1.0294066E-01   7.5556011E+05   7.5556011E+05   2.7699058E+01   2.7130804E-01   1.1219815E+03   7.5254929E+05   7.5556011E+05   0.0000000E+00   0.0000000E+00   0.0000000E+00   0.0000000E+00   0.0000000E+00
   1.0648861E-01   7.2524473E+05   7.2524473E+05   2.5039575E+01   2.4346878E-01   1.0552242E+03   7.2235382E+05   7.2524473E+05   0.0000000E+00   0.0000000E+00   0.0000000E+00   0.0000000E+00   0.0000000E+00
   1.1013785E-01   6.9774815E+05   6.9774815E+05   2.2434331E+01   2.1893209E-01   1.0112756E+03   6.9496605E+05   6.9774815E+05   0.0000000E+00   0.0000000E+00   0.0000000E+00   0.0000000E+00   0.0000000E+00
   1.1389393E-01   6.7288512E+05   6.7288512E+05   1.9715130E+01   1.9732477E-01   9.5791082E+02   6.7020142E+05   6.7288512E+05   0.0000000E+00   0.0000000E+00   0.0000000E+00   0.0000000E+00   0.0000000E+00
   1.1776238E-01   6.5024661E+05   6.5024661E+05   1.8759448E+01   1.7818819E-01   9.1689138E+02   6.4765254E+05   6.5024661E+05   0.0000000E+00   0.0000000E+00   0.0000000E+00   0.0000000E+00   0.0000000E+00
   1.2174875E-01   6.2923355E+05   6.2923355E+05   1.6804072E+01   1.6113245E-01   8.8219018E+02   6.2672271E+05   6.2923355E+05   0.0000000E+00   0.0000000E+00   0.0000000E+00   0.0000000E+00   0.0000000E+00
   1.2585862E-01   6.0912625E+05   6.0912625E+05   1.4893511E+01   1.4580814E-01   8.4616121E+02   6.0669510E+05   6.0912625E+05   0.0000000E+00   0.0000000E+00   0.0000000E+00   0.0000000E+00   0.0000000E+00
   1.3009761E-01   5.8918493E+05   5.8918493E+05   1.3455946E+01   1.3188697E-01   8.1068518E+02   5.8683287E+05   5.8918493E+05   0.0000000E+00   0.0000000E+00   0.0000000E+00   0.0000000E+00   0.0000000E+00
   1.3447138E-01   5.6876906E+05   5.6876906E+05   1.2319778E+01   1.1913544E-01   7.7510916E+02   5.6649805E+05   5.6876906E+05   0.0000000E+00   0.0000000E+00   0.0000000E+00   0.0000000E+00   0.0000000E+00
   1.3898567E-01   5.4745575E+05   5.4745575E+05   1.1153786E+01   1.0737473E-01   7.3808315E+02   5.4526943E+05   5.4745575E+05   0.0000000E+00   0.0000000E+00   0.0000000E+00   0.0000000E+00   0.0000000E+00
   1.4364625E-01   5.2513207E+05   5.2513207E+05   9.7627857E+00   9.6503306E-02   7.0250539E+02   5.2303453E+05   5.2513207E+05   0.0000000E+00   0.0000000E+00   0.0000000E+00   0.0000000E+00   0.0000000E+00
   1.4845898E-01   5.0203520E+05   5.0203520E+05   8.9542623E+00   8.6491664E-02   6.6831425E+02   5.0002959E+05   5.0203520E+05   0.0000000E+00   0.0000000E+00   0.0000000E+00   0.0000000E+00   0.0000000E+00
   1.5342978E-01   4.7872042E+05   4.7872042E+05   7.8674108E+00   7.7346926E-02   6.3017663E+02   4.7680765E+05   4.7872042E+05   0.0000000E+00   0.0000000E+00   0.0000000E+00   0.0000000E+00   0.0000000E+00
   1.5856465E-01   4.5595021E+05   4.5595021E+05   7.1618702E+00   6.9084775E-02   5.9854813E+02   4.5412815E+05   4.5595021E+05   0.0000000E+00   0.0000000E+00   0.0000000E+00   0.0000000E+00   0.0000000E+00
   1.6386969E-01   4.3451797E+05   4.3451797E+05   6.1624106E+00   6.1720307E-02   5.6638588E+02   4.3278132E+05   4.3451797E+05   0.0000000E+00   0.0000000E+00   0.0000000E+00   0.0000000E+00   0.0000000E+00
   1.6935106E-01   4.1504245E+05   4.1504245E+05   5.5332437E+00   5.5234352E-02   5.3662161E+02   4.1338342E+05   4.1504245E+05   0.0000000E+00   0.0000000E+00   0.0000000E+00   0.0000000E+00   0.0000000E+00
   1.7501505E-01   3.9778704E+05   3.9778704E+05   4.9894148E+00   4.9558672E-02   5.1119496E+02   3.9619679E+05   3.9778704E+05   0.0000000E+00   0.0000000E+00   0.0000000E+00   0.0000000E+00   0.0000000E+00
   1.8086805E-01   3.8256388E+05   3.8256388E+05   4.4566741E+00   4.4588855E-02   4.8944935E+02   3.8103432E+05   3.8256388E+05   0.0000000E+00   0.0000000E+00   0.0000000E+00   0.0000000E+00   0.0000000E+00
   1.8691658E-01   3.6876817E+05   3.6876817E+05   4.0843417E+00   4.0195744E-02   4.7041318E+02   3.6729360E+05   3.6876817E+05   0.0000000E+00   0.0000000E+00   0.0000000E+00   0.0000000E+00   0.0000000E+00
   1.9316729E-01   3.5555267E+05   3.5555267E+05   3.7280139E+00   3.6249166E-02   4.5037614E+02   3.5413080E+05   3.5555267E+05   0.0000000E+00   0.0000000E+00   0.0000000E+00   0.0000000E+00   0.0000000E+00
   1.9962701E-01   3.4210207E+05   3.4210207E+05   3.3549580E+00   3.2637869E-02   4.3205170E+02   3.4073386E+05   3.4210207E+05   0.0000000E+00   0.0000000E+00   0.0000000E+00   0.0000000E+00   0.0000000E+00
   2.0630275E-01   3.2791840E+05   3.2791840E+05   2.9522909E+00   2.9297609E-02   4.1216221E+02   3.2660680E+05   3.2791840E+05   0.0000000E+00   0.0000000E+00   0.0000000E+00   0.0000000E+00   0.0000000E+00
   2.1320174E-01   3.1300598E+05   3.1300598E+05   2.6580592E+00   2.6208437E-02   3.9128130E+02   3.1175392E+05   3.1300598E+05   0.0000000E+00   0.0000000E+00   0.0000000E+00   0.0000000E+00   0.0000000E+00
   2.2033144E-01   2.9786474E+05   2.9786474E+05   2.3749522E+00   2.3381232E-02   3.7099017E+02   2.9667315E+05   2.9786474E+05   0.0000000E+00   0.0000000E+00   0.0000000E+00   0.0000000E+00   0.0000000E+00
   2.2769964E-01   2.8327122E+05   2.8327122E+05   2.0966365E+00   2.0843143E-02   3.5175454E+02   2.8213793E+05   2.8327122E+05   0.0000000E+00   0.0000000E+00   0.0000000E+00   0.0000000E+00   0.0000000E+00
   2.3531445E-01   2.6992419E+05   2.6992419E+05   1.8999551E+00   1.8606367E-02   3.3446031E+02   2.6884421E+05   2.6992419E+05   0.0000000E+00   0.0000000E+00   0.0000000E+00   0.0000000E+00   0.0000000E+00
   2.4318436E-01   2.5811310E+05   2.5811310E+05   1.6893867E+00   1.6655896E-02   3.1829951E+02   2.5708032E+05   2.5811310E+05   0.0000000E+00   0.0000000E+00   0.0000000E+00   0.0000000E+00   0.0000000E+00
   2.5131834E-01   2.4758175E+05   2.4758175E+05   1.5292478E+00   1.4947741E-02   3.0447213E+02   2.4659104E+05   2.4758175E+05   0.0000000E+00   0.0000000E+00   0.0000000E+00   0.0000000E+00   0.0000000E+00
   2.5972588E-01   2.3767716E+05   2.3767716E+05   1.3763245E+00   1.3425154E-02   2.9142324E+02   2.3672603E+05   2.3767716E+05   0.0000000E+00   0.0000000E+00   0.0000000E+00   0.0000000E+00   0.0000000E+00
   2.6841709E-01   2.2772088E+05   2.2772088E+05   1.2324925E+00   1.2039089E-02   2.7845911E+02   2.2680954E+05   2.2772088E+05   0.0000000E+00   0.0000000E+00   0.0000000E+00   0.0000000E+00   0.0000000E+00
   2.7740278E-01   2.1739535E+05   2.1739535E+05   1.0890148E+00   1.0764450E-02   2.6525981E+02   2.1652529E+05   2.1739535E+05   0.0000000E+00   0.0000000E+00   0.0000000E+00   0.0000000E+00   0.0000000E+00
   2.8669457E-01   2.0690334E+05   2.0690334E+05   9.8747682E-01   9.5985111E-03   2.5192428E+02   2.0607522E+05   2.0690334E+05   0.0000000E+00   0.0000000E+00   0.0000000E+00   0.0000000E+00   0.0000000E+00
   2.9630505E-01   1.9678508E+05   1.9678508E+05   8.7105280E-01   8.5522168E-03   2.3912669E+02   1.9599743E+05   1.9678508E+05   0.0000000E+00   0.0000000E+00   0.0000000E+00   0.0000000E+00   0.0000000E+00
   3.0624788E-01   1.8750925E+05   1.8750925E+05   7.7841798E-01   7.6299061E-03   2.2730928E+02   1.8675869E+05   1.8750925E+05   0.0000000E+00   0.0000000E+00   0.0000000E+00   0.0000000E+00   0.0000000E+00
   3.1653796E-01   1.7913285E+05   1.7913285E+05   6.9692232E-01   6.8205748E-03   2.1664294E+02   1.7841579E+05   1.7913285E+05   0.0000000E+00   0.0000000E+00   0.0000000E+00   0.0000000E+00   0.0000000E+00
   3.2719167E-01   1.7129355E+05   1.7129355E+05   6.1903245E-01   6.1014033E-03   2.0683371E+02   1.7060785E+05   1.7129355E+05   0.0000000E+00   0.0000000E+00   0.0000000E+00   0.0000000E+00   0.0000000E+00
   3.3822704E-01   1.6354074E+05   1.6354074E+05   5.5533965E-01   5.4507407E-03   1.9705447E+02   1.6288605E+05   1.6354074E+05   0.0000000E+00   0.0000000E+00   0.0000000E+00   0.0000000E+00   0.0000000E+00
   3.4966406E-01   1.5571704E+05   1.5571704E+05   4.9425364E-01   4.8576498E-03   1.8729795E+02   1.5509365E+05   1.5571704E+05   0.0000000E+00   0.0000000E+00   0.0000000E+00   0.0000000E+00   0.0000000E+00
   3.6152498E-01   1.4804392E+05   1.4804392E+05   4.4045583E-01   4.3217691E-03   1.7785506E+02   1.4745123E+05   1.4804392E+05   0.0000000E+00   0.0000000E+00   0.0000000E+00   0.0000000E+00   0.0000000E+00
   3.7383467E-01   1.4083967E+05   1.4083967E+05   3.9078393E-01   3.8457243E-03   1.6892874E+02   1.4027580E+05   1.4083967E+05   0.0000000E+00   0.0000000E+00   0.0000000E+00   0.0000000E+00   0.0000000E+00
   3.8662111E-01   1.3417151E+05   1.3417151E+05   3.4813845E-01   3.4246753E-03   1.6071159E+02   1.3363433E+05   1.3417151E+05   0.0000000E+00   0.0000000E+00   0.0000000E+00   0.0000000E+00   0.0000000E+00
   3.9991590E-01   1.2781640E+05   1.2781640E+05   3.1070442E-01   3.0486045E-03   1.5291308E+02   1.2730465E+05   1.2781640E+05   0.0000000E+00   0.0000000E+00   0.0000000E+00   0.0000000E+00   0.0000000E+00
   4.1375495E-01   1.2155275E+05   1.2155275E+05   2.7574692E-01   2.7087966E-03   1.4520259E+02   1.2106606E+05   1.2155275E+05   0.0000000E+00   0.0000000E+00   0.0000000E+00   0.0000000E+00   0.0000000E+00
   4.2817927E-01   1.1540744E+05   1.1540744E+05   2.4493511E-01   2.4019774E-03   1.3769981E+02   1.1494535E+05   1.1540744E+05   0.0000000E+00   0.0000000E+00   0.0000000E+00   0.0000000E+00   0.0000000E+00
   4.4323601E-01   1.0955064E+05   1.0955064E+05   2.1671975E-01   2.1279901E-03   1.3057246E+02   1.0911199E+05   1.0955064E+05   0.0000000E+00   0.0000000E+00   0.0000000E+00   0.0000000E+00   0.0000000E+00
   4.5897969E-01   1.0401865E+05   1.0401865E+05   1.9182696E-01   1.8841897E-03   1.2383749E+02   1.0360214E+05   1.0401865E+05   0.0000000E+00   0.0000000E+00   0.0000000E+00   0.0000000E+00   0.0000000E+00
   4.7547378E-01   9.8679773E+04   9.8679773E+04   1.6978467E-01   1.6656456E-03   1.1736196E+02   9.8284632E+04   9.8679773E+04   0.0000000E+00   0.0000000E+00   0.0000000E+00   0.0000000E+00   0.0000000E+00
   4.9279270E-01   9.3459534E+04   9.3459534E+04   1.4960455E-01   1.4685228E-03   1.1106775E+02   9.3085289E+04   9.3459534E+04   0.0000000E+00   0.0000000E+00   0.0000000E+00   0.0000000E+00   0.0000000E+00
   5.1102434E-01   8.8422863E+04   8.8422863E+04   1.3174866E-01   1.2921191E-03   1.0498736E+02   8.8068780E+04   8.8422863E+04   0.0000000E+00   0.0000000E+00   0.0000000E+00   0.0000000E+00   0.0000000E+00
   5.3027330E-01   8.3599783E+04   8.3599783E+04   1.1559851E-01   1.1346477E-03   9.9156996E+01   8.3265008E+04   8.3599783E+04   0.0000000E+00   0.0000000E+00   0.0000000E+00   0.0000000E+00   0.0000000E+00
   5.5066506E-01   7.8921900E+04   7.8921900E+04   1.0124017E-01   9.9327420E-04   9.3528366E+01   7.8605852E+04   7.8921900E+04   0.0000000E+00   0.0000000E+00   0.0000000E+00   0.0000000E+00   0.0000000E+00
   5.7235136E-01   7.4365649E+04   7.4365649E+04   8.8260616E-02   8.6643168E-04   8.8067457E+01   7.4067842E+04   7.4365649E+04   0.0000000E+00   0.0000000E+00   0.0000000E+00   0.0000000E+00   0.0000000E+00
   5.9551712E-01   6.9956993E+04   6.9956993E+04   7.6705250E-02   7.5283243E-04   8.2797581E+01   6.9676837E+04   6.9956993E+04   0.0000000E+00   0.0000000E+00   0.0000000E+00   0.0000000E+00   0.0000000E+00
   6.2038931E-01   6.5669036E+04   6.5669036E+04   6.6346684E-02   6.5117009E-04   7.7663813E+01   6.5406049E+04   6.5669036E+04   0.0000000E+00   0.0000000E+00   0.0000000E+00   0.0000000E+00   0.0000000E+00
   6.4724814E-01   6.1480300E+04   6.1480300E+04   5.7061560E-02   5.6010992E-04   7.2667231E+01   6.1234085E+04   6.1480300E+04   0.0000000E+00   0.0000000E+00   0.0000000E+00   0.0000000E+00   0.0000000E+00
   6.7644064E-01   5.7393702E+04   5.7393702E+04   4.8769615E-02   4.7872738E-04   6.7790754E+01   5.7163850E+04   5.7393702E+04   0.0000000E+00   0.0000000E+00   0.0000000E+00   0.0000000E+00   0.0000000E+00
   7.0839619E-01   5.3389930E+04   5.3389930E+04   4.1366100E-02   4.0607653E-04   6.3022016E+01   5.3176109E+04   5.3389930E+04   0.0000000E+00   0.0000000E+00   0.0000000E+00   0.0000000E+00   0.0000000E+00
   7.4364151E-01   4.9464631E+04   4.9464631E+04   3.4779201E-02   3.4142863E-04   5.8343570E+01   4.9266529E+04   4.9464631E+04   0.0000000E+00   0.0000000E+00   0.0000000E+00   0.0000000E+00   0.0000000E+00
   7.8280972E-01   4.5612265E+04   4.5612265E+04   2.8941016E-02   2.8411820E-04   5.3776764E+01   4.5429589E+04   4.5612265E+04   0.0000000E+00   0.0000000E+00   0.0000000E+00   0.0000000E+00   0.0000000E+00
   8.2663209E-01   4.1836031E+04   4.1836031E+04   2.3804946E-02   2.3369740E-04   4.9296856E+01   4.1668477E+04   4.1836031E+04   0.0000000E+00   0.0000000E+00   0.0000000E+00   0.0000000E+00   0.0000000E+00
   8.7589551E-01   3.8148448E+04   3.8148448E+04   1.9333462E-02   1.8980831E-04   4.4932150E+01   3.7995661E+04   3.8148448E+04   0.0000000E+00   0.0000000E+00   0.0000000E+00   0.0000000E+00   0.0000000E+00
   9.3135090E-01   3.4576202E+04   3.4576202E+04   1.5498372E-02   1.5216018E-04   4.0701053E+01   3.4437721E+04   3.4576202E+04   0.0000000E+00   0.0000000E+00   0.0000000E+00   0.0000000E+00   0.0000000E+00
   9.9358298E-01   3.1158444E+04   3.1158444E+04   1.2271573E-02   1.2048436E-04   3.6663093E+01   3.1033650E+04   3.1158444E+04   0.0000000E+00   0.0000000E+00   0.0000000E+00   0.0000000E+00   0.0000000E+00
   1.0629039E+00   2.7939486E+04   2.7939486E+04   9.6152539E-03   9.4408715E-05   3.2859677E+01   2.7827584E+04   2.7939486E+04   0.0000000E+00   0.0000000E+00   0.0000000E+00   0.0000000E+00   0.0000000E+00
   1.1393603E+00   2.4957518E+04   2.4957518E+04   7.4749306E-03   7.3394709E-05   2.9343426E+01   2.4857558E+04   2.4957518E+04   0.0000000E+00   0.0000000E+00   0.0000000E+00   0.0000000E+00   0.0000000E+00
   1.2228729E+00   2.2235503E+04   2.2235503E+04   5.7810930E-03   5.6765782E-05   2.6133319E+01   2.2146444E+04   2.2235503E+04   0.0000000E+00   0.0000000E+00   0.0000000E+00   0.0000000E+00   0.0000000E+00
   1.3134156E+00   1.9777407E+04   1.9777407E+04   4.4574698E-03   4.3769463E-05   2.3236961E+01   1.9698194E+04   1.9777407E+04   0.0000000E+00   0.0000000E+00   0.0000000E+00   0.0000000E+00   0.0000000E+00
   1.4111219E+00   1.7572113E+04   1.7572113E+04   3.4309650E-03   3.3691410E-05   2.0641469E+01   1.7501732E+04   1.7572113E+04   0.0000000E+00   0.0000000E+00   0.0000000E+00   0.0000000E+00   0.0000000E+00
   1.5162996E+00   1.5601302E+04   1.5601302E+04   2.6381981E-03   2.5908064E-05   1.8321264E+01   1.5538814E+04   1.5601302E+04   0.0000000E+00   0.0000000E+00   0.0000000E+00   0.0000000E+00   0.0000000E+00
   1.6293947E+00   1.3843457E+04   1.3843457E+04   2.0317320E-03   1.9908657E-05   1.6255676E+01   1.3788009E+04   1.3843457E+04   0.0000000E+00   0.0000000E+00   0.0000000E+00   0.0000000E+00   0.0000000E+00
   1.7509512E+00   1.2277412E+04   1.2277412E+04   1.5572444E-03   1.5290797E-05   1.4413302E+01   1.2228237E+04   1.2277412E+04   0.0000000E+00   0.0000000E+00   0.0000000E+00   0.0000000E+00   0.0000000E+00
   1.8815837E+00   1.0883339E+04   1.0883339E+04   1.1952693E-03   1.1738442E-05   1.2775050E+01   1.0839748E+04   1.0883339E+04   0.0000000E+00   0.0000000E+00   0.0000000E+00   0.0000000E+00   0.0000000E+00
   2.0219642E+00   9.6431696E+03   9.6431696E+03   9.1707920E-04   9.0070415E-06   1.1318613E+01   9.6045454E+03   9.6431696E+03   0.0000000E+00   0.0000000E+00   0.0000000E+00   0.0000000E+00   0.0000000E+00
   2.1728184E+00   8.5405425E+03   8.5405425E+03   7.0333876E-04   6.9084769E-06   1.0022530E+01   8.5063346E+03   8.5405425E+03   0.0000000E+00   0.0000000E+00   0.0000000E+00   0.0000000E+00   0.0000000E+00
   2.3349277E+00   7.5607841E+03   7.5607841E+03   5.3918914E-04   5.2965751E-06   8.8718098E+00   7.5305005E+03   7.5607841E+03   0.0000000E+00   0.0000000E+00   0.0000000E+00   0.0000000E+00   0.0000000E+00
   2.5091316E+00   6.6906548E+03   6.6906548E+03   4.1318035E-04   4.0590925E-06   7.8501794E+00   6.6638563E+03   6.6906548E+03   0.0000000E+00   0.0000000E+00   0.0000000E+00   0.0000000E+00   0.0000000E+00
   2.6963324E+00   5.9182960E+03   5.9182960E+03   3.1649393E-04   3.1095500E-06   6.9434189E+00   5.8945911E+03   5.9182960E+03   0.0000000E+00   0.0000000E+00   0.0000000E+00   0.0000000E+00   0.0000000E+00
   2.8974999E+00   5.2330709E+03   5.2330709E+03   2.4233913E-04   2.3812328E-06   6.1390107E+00   5.2121105E+03   5.2330709E+03   0.0000000E+00   0.0000000E+00   0.0000000E+00   0.0000000E+00   0.0000000E+00
   3.1136761E+00   4.6254445E+03   4.6254445E+03   1.8549128E-04   1.8228401E-06   5.4260555E+00   4.6069178E+03   4.6254445E+03   0.0000000E+00   0.0000000E+00   0.0000000E+00   0.0000000E+00   0.0000000E+00
   3.3459807E+00   4.0868826E+03   4.0868826E+03   1.4200840E-04   1.3949148E-06   4.7939669E+00   4.0705131E+03   4.0868826E+03   0.0000000E+00   0.0000000E+00   0.0000000E+00   0.0000000E+00   0.0000000E+00
   3.5956171E+00   3.6097527E+03   3.6097527E+03   1.0856064E-04   1.0670925E-06   4.2341968E+00   3.5952942E+03   3.6097527E+03   0.0000000E+00   0.0000000E+00   0.0000000E+00   0.0000000E+00   0.0000000E+00
   3.8638783E+00   3.1872338E+03   3.1872338E+03   8.2984002E-05   8.1604289E-07   3.7386943E+00   3.1744677E+03   3.1872338E+03   0.0000000E+00   0.0000000E+00   0.0000000E+00   0.0000000E+00   0.0000000E+00
   4.1521538E+00   2.8132347E+03   2.8132347E+03   6.3420913E-05   6.2388383E-07   3.2996257E+00   2.8019666E+03   2.8132347E+03   0.0000000E+00   0.0000000E+00   0.0000000E+00   0.0000000E+00   0.0000000E+00
   4.4619370E+00   2.4823204E+03   2.4823204E+03   4.8476878E-05   4.7682823E-07   2.9112977E+00   2.4723777E+03   2.4823204E+03   0.0000000E+00   0.0000000E+00   0.0000000E+00   0.0000000E+00   0.0000000E+00
   4.7948324E+00   2.1896442E+03   2.1896442E+03   3.7030300E-05   3.6433314E-07   2.5681369E+00   2.1808739E+03   2.1896442E+03   0.0000000E+00   0.0000000E+00   0.0000000E+00   0.0000000E+00   0.0000000E+00
   5.1525645E+00   1.9308879E+03   1.9308879E+03   2.8278544E-05   2.7830643E-07   2.2645757E+00   1.9231540E+03   1.9308879E+03   0.0000000E+00   0.0000000E+00   0.0000000E+00   0.0000000E+00   0.0000000E+00
   5.5369861E+00   1.7022059E+03   1.7022059E+03   2.1588020E-05   2.1253967E-07   1.9963698E+00   1.6953879E+03   1.7022059E+03   0.0000000E+00   0.0000000E+00   0.0000000E+00   0.0000000E+00   0.0000000E+00
   5.9500886E+00   1.5001763E+03   1.5001763E+03   1.6475297E-05   1.6227667E-07   1.7593833E+00   1.4941675E+03   1.5001763E+03   0.0000000E+00   0.0000000E+00   0.0000000E+00   0.0000000E+00   0.0000000E+00
   6.3940118E+00   1.3217554E+03   1.3217554E+03   1.2569766E-05   1.2387498E-07   1.5500936E+00   1.3164612E+03   1.3217554E+03   0.0000000E+00   0.0000000E+00   0.0000000E+00   0.0000000E+00   0.0000000E+00
   6.8710551E+00   1.1642382E+03   1.1642382E+03   9.5880796E-06   9.4542360E-08   1.3653002E+00   1.1595750E+03   1.1642382E+03   0.0000000E+00   0.0000000E+00   0.0000000E+00   0.0000000E+00   0.0000000E+00
   7.3836896E+00   1.0252217E+03   1.0252217E+03   7.3117900E-06   7.2141498E-08   1.2023256E+00   1.0211152E+03   1.0252217E+03   0.0000000E+00   0.0000000E+00   0.0000000E+00   0.0000000E+00   0.0000000E+00
   7.9345707E+00   9.0257223E+02   9.0257223E+02   5.5720855E-06   5.5040833E-08   1.0584662E+00   8.9895707E+02   9.0257223E+02   0.0000000E+00   0.0000000E+00   0.0000000E+00   0.0000000E+00   0.0000000E+00
   8.5265518E+00   7.9439662E+02   7.9439662E+02   4.2480626E-06   4.1987600E-08   9.3163058E-01   7.9121475E+02   7.9439662E+02   0.0000000E+00   0.0000000E+00   0.0000000E+00   0.0000000E+00   0.0000000E+00
