#           k/h    CDM            baryon         photon         nu             mass_nu        total          no_nu          total_de       Weyl           v_CDM          v_b            v_b-v_c     
   1.1045481E-05   1.3247401E+06   1.3247401E+06   1.7662725E+06   1.4755759E+04   1.9153171E+03   1.3253412E+06   1.3247401E+06   0.0000000E+00   0.0000000E+00   0.0000000E+00   0.0000000E+00   0.0000000E+00
   1.1869560E-05   1.3247399E+06   1.3247399E+06   1.7662649E+06   1.4755717E+04   1.9152963E+03   1.3253410E+06   1.3247399E+06   0.0000000E+00   0.0000000E+00   0.0000000E+00   0.0000000E+00   0.0000000E+00
   1.2755122E-05   1.3247398E+06   1.3247398E+06   1.7662561E+06   1.4755670E+04   1.9152723E+03   1.3253408E+06   1.3247398E+06   0.0000000E+00   0.0000000E+00   0.0000000E+00   0.0000000E+00   0.0000000E+00
   1.3706754E-05   1.3247396E+06   1.3247396E+06   1.7662460E+06   1.4755614E+04   1.9152445E+03   1.3253406E+06   1.3247396E+06   0.0000000E+00   0.0000000E+00   0.0000000E+00   0.0000000E+00   0.0000000E+00
   1.4729385E-05   1.3247393E+06   1.3247393E+06   1.7662344E+06   1.4755551E+04   1.9152125E+03   1.3253403E+06   1.3247393E+06   0.0000000E+00   0.0000000E+00   0.0000000E+00   0.0000000E+00   0.0000000E+00
   1.5828313E-05   1.3247390E+06   1.3247390E+06   1.7662209E+06   1.4755477E+04   1.9151754E+03   1.3253400E+06   1.3247390E+06   0.0000000E+00   0.0000000E+00   0.0000000E+00   0.0000000E+00   0.0000000E+00
   1.7009229E-05   1.3247387E+06   1.3247387E+06   1.7662053E+06   1.4755392E+04   1.9151327E+03   1.3253397E+06   1.3247387E+06   0.0000000E+00   0.0000000E+00   0.0000000E+00   0.0000000E+00   0.0000000E+00
   1.8278251E-05   1.3247384E+06   1.3247384E+06   1.7661873E+06   1.4755294E+04   1.9150833E+03   1.3253393E+06   1.3247384E+06   0.0000000E+00   0.0000000E+00   0.0000000E+00   0.0000000E+00   0.0000000E+00
   1.9641951E-05   1.3247379E+06   1.3247379E+06   1.7661666E+06   1.4755181E+04   1.9150263E+03   1.3253388E+06   1.3247379E+06   0.0000000E+00   0.0000000E+00   0.0000000E+00   0.0000000E+00   0.0000000E+00
   2.1107394E-05   1.3247375E+06   1.3247375E+06   1.7661426E+06   1.4755050E+04   1.9149605E+03   1.3253382E+06   1.3247375E+06   0.0000000E+00   0.0000000E+00   0.0000000E+00   0.0000000E+00   0.0000000E+00
   2.2682171E-05   1.3247369E+06   1.3247369E+06   1.7661149E+06   1.4754900E+04   1.9148845E+03   1.3253376E+06   1.3247369E+06   0.0000000E+00   0.0000000E+00   0.0000000E+00   0.0000000E+00   0.0000000E+00
   2.4374439E-05   1.3247363E+06   1.3247363E+06   1.7660830E+06   1.4754725E+04   1.9147967E+03   1.3253369E+06   1.3247363E+06   0.0000000E+00   0.0000000E+00   0.0000000E+00   0.0000000E+00   0.0000000E+00
   2.6192963E-05   1.3247355E+06   1.3247355E+06   1.7660460E+06   1.4754524E+04   1.9146953E+03   1.3253360E+06   1.3247355E+06   0.0000000E+00   0.0000000E+00   0.0000000E+00   0.0000000E+00   0.0000000E+00
   2.8147163E-05   1.3247346E+06   1.3247346E+06   1.7660034E+06   1.4754292E+04   1.9145783E+03   1.3253350E+06   1.3247346E+06   0.0000000E+00   0.0000000E+00   0.0000000E+00   0.0000000E+00   0.0000000E+00
   3.0247162E-05   1.3247336E+06   1.3247336E+06   1.7659542E+06   1.4754023E+04   1.9144431E+03   1.3253339E+06   1.3247336E+06   0.0000000E+00   0.0000000E+00   0.0000000E+00   0.0000000E+00   0.0000000E+00
   3.2503837E-05   1.3247325E+06   1.3247325E+06   1.7658974E+06   1.4753713E+04   1.9142871E+03   1.3253326E+06   1.3247325E+06   0.0000000E+00   0.0000000E+00   0.0000000E+00   0.0000000E+00   0.0000000E+00
   3.4928877E-05   1.3247312E+06   1.3247312E+06   1.7658317E+06   1.4753355E+04   1.9141069E+03   1.3253311E+06   1.3247312E+06   0.0000000E+00   0.0000000E+00   0.0000000E+00   0.0000000E+00   0.0000000E+00
   3.7534845E-05   1.3247296E+06   1.3247296E+06   1.7657559E+06   1.4752942E+04   1.9138988E+03   1.3253294E+06   1.3247296E+06   0.0000000E+00   0.0000000E+00   0.0000000E+00   0.0000000E+00   0.0000000E+00
   4.0335238E-05   1.3247279E+06   1.3247279E+06   1.7656684E+06   1.4752465E+04   1.9136585E+03   1.3253274E+06   1.3247279E+06   0.0000000E+00   0.0000000E+00   0.0000000E+00   0.0000000E+00   0.0000000E+00
   4.3344563E-05   1.3247258E+06   1.3247258E+06   1.7655674E+06   1.4751914E+04   1.9133811E+03   1.3253250E+06   1.3247258E+06   0.0000000E+00   0.0000000E+00   0.0000000E+00   0.0000000E+00   0.0000000E+00
   4.6578406E-05   1.3247235E+06   1.3247235E+06   1.7654507E+06   1.4751278E+04   1.9130607E+03   1.3253224E+06   1.3247235E+06   0.0000000E+00   0.0000000E+00   0.0000000E+00   0.0000000E+00   0.0000000E+00
   5.0053520E-05   1.3247207E+06   1.3247207E+06   1.7653159E+06   1.4750543E+04   1.9126908E+03   1.3253193E+06   1.3247207E+06   0.0000000E+00   0.0000000E+00   0.0000000E+00   0.0000000E+00   0.0000000E+00
   5.3787905E-05   1.3247176E+06   1.3247176E+06   1.7651603E+06   1.4749694E+04   1.9122638E+03   1.3253157E+06   1.3247176E+06   0.0000000E+00   0.0000000E+00   0.0000000E+00   0.0000000E+00   0.0000000E+00
   5.7800903E-05   1.3247139E+06   1.3247139E+06   1.7649807E+06   1.4748714E+04   1.9117707E+03   1.3253116E+06   1.3247139E+06   0.0000000E+00   0.0000000E+00   0.0000000E+00   0.0000000E+00   0.0000000E+00
   6.2113303E-05   1.3247097E+06   1.3247097E+06   1.7647732E+06   1.4747583E+04   1.9112014E+03   1.3253068E+06   1.3247097E+06   0.0000000E+00   0.0000000E+00   0.0000000E+00   0.0000000E+00   0.0000000E+00
   6.6747442E-05   1.3247049E+06   1.3247049E+06   1.7645337E+06   1.4746277E+04   1.9105442E+03   1.3253013E+06   1.3247049E+06   0.0000000E+00   0.0000000E+00   0.0000000E+00   0.0000000E+00   0.0000000E+00
   7.1727324E-05   1.3246993E+06   1.3246993E+06   1.7642571E+06   1.4744769E+04   1.9097854E+03   1.3252950E+06   1.3246993E+06   0.0000000E+00   0.0000000E+00   0.0000000E+00   0.0000000E+00   0.0000000E+00
   7.7078744E-05   1.3246928E+06   1.3246928E+06   1.7639378E+06   1.4743027E+04   1.9089095E+03   1.3252877E+06   1.3246928E+06   0.0000000E+00   0.0000000E+00   0.0000000E+00   0.0000000E+00   0.0000000E+00
   8.2829421E-05   1.3246853E+06   1.3246853E+06   1.7635691E+06   1.4741016E+04   1.9078983E+03   1.3252792E+06   1.3246853E+06   0.0000000E+00   0.0000000E+00   0.0000000E+00   0.0000000E+00   0.0000000E+00
   8.9009144E-05   1.3246767E+06   1.3246767E+06   1.7631435E+06   1.4738694E+04   1.9067312E+03   1.3252694E+06   1.3246767E+06   0.0000000E+00   0.0000000E+00   0.0000000E+00   0.0000000E+00   0.0000000E+00
   9.5649923E-05   1.3246668E+06   1.3246668E+06   1.7626521E+06   1.4736014E+04   1.9053840E+03   1.3252581E+06   1.3246668E+06   0.0000000E+00   0.0000000E+00   0.0000000E+00   0.0000000E+00   0.0000000E+00
   1.0278616E-04   1.3246552E+06   1.3246552E+06   1.7620847E+06   1.4732919E+04   1.9038291E+03   1.3252451E+06   1.3246552E+06   0.0000000E+00   0.0000000E+00   0.0000000E+00   0.0000000E+00   0.0000000E+00
   1.1045481E-04   1.3246420E+06   1.3246420E+06   1.7614298E+06   1.4729345E+04   1.9020348E+03   1.3252301E+06   1.3246420E+06   0.0000000E+00   0.0000000E+00   0.0000000E+00   0.0000000E+00   0.0000000E+00
   1.1869560E-04   1.3246266E+06   1.3246266E+06   1.7606738E+06   1.4725220E+04   1.8999643E+03   1.3252127E+06   1.3246266E+06   0.0000000E+00   0.0000000E+00   0.0000000E+00   0.0000000E+00   0.0000000E+00
   1.2755122E-04   1.3246089E+06   1.3246089E+06   1.7598011E+06   1.4720458E+04   1.8975753E+03   1.3251926E+06   1.3246089E+06   0.0000000E+00   0.0000000E+00   0.0000000E+00   0.0000000E+00   0.0000000E+00
   1.3706754E-04   1.3245885E+06   1.3245885E+06   1.7587938E+06   1.4714961E+04   1.8948193E+03   1.3251695E+06   1.3245885E+06   0.0000000E+00   0.0000000E+00   0.0000000E+00   0.0000000E+00   0.0000000E+00
   1.4729385E-04   1.3245649E+06   1.3245649E+06   1.7576313E+06   1.4708615E+04   1.8916403E+03   1.3251428E+06   1.3245649E+06   0.0000000E+00   0.0000000E+00   0.0000000E+00   0.0000000E+00   0.0000000E+00
   1.5828313E-04   1.3245376E+06   1.3245376E+06   1.7562897E+06   1.4701291E+04   1.8879741E+03   1.3251119E+06   1.3245376E+06   0.0000000E+00   0.0000000E+00   0.0000000E+00   0.0000000E+00   0.0000000E+00
   1.7009229E-04   1.3245062E+06   1.3245062E+06   1.7547417E+06   1.4692838E+04   1.8837469E+03   1.3250763E+06   1.3245062E+06   0.0000000E+00   0.0000000E+00   0.0000000E+00   0.0000000E+00   0.0000000E+00
   1.8278251E-04   1.3244699E+06   1.3244699E+06   1.7529555E+06   1.4683082E+04   1.8788740E+03   1.3250351E+06   1.3244699E+06   0.0000000E+00   0.0000000E+00   0.0000000E+00   0.0000000E+00   0.0000000E+00
   1.9641951E-04   1.3244279E+06   1.3244279E+06   1.7508950E+06   1.4671825E+04   1.8732583E+03   1.3249877E+06   1.3244279E+06   0.0000000E+00   0.0000000E+00   0.0000000E+00   0.0000000E+00   0.0000000E+00
   2.1107394E-04   1.3243795E+06   1.3243795E+06   1.7485184E+06   1.4658837E+04   1.8667886E+03   1.3249329E+06   1.3243795E+06   0.0000000E+00   0.0000000E+00   0.0000000E+00   0.0000000E+00   0.0000000E+00
   2.2682171E-04   1.3243237E+06   1.3243237E+06   1.7457775E+06   1.4643853E+04   1.8593379E+03   1.3248696E+06   1.3243237E+06   0.0000000E+00   0.0000000E+00   0.0000000E+00   0.0000000E+00   0.0000000E+00
   2.4374439E-04   1.3242592E+06   1.3242592E+06   1.7426173E+06   1.4626570E+04   1.8507608E+03   1.3247966E+06   1.3242592E+06   0.0000000E+00   0.0000000E+00   0.0000000E+00   0.0000000E+00   0.0000000E+00
   2.6192963E-04   1.3241847E+06   1.3241847E+06   1.7389745E+06   1.4606638E+04   1.8408921E+03   1.3247124E+06   1.3241847E+06   0.0000000E+00   0.0000000E+00   0.0000000E+00   0.0000000E+00   0.0000000E+00
   2.8147163E-04   1.3240989E+06   1.3240989E+06   1.7347765E+06   1.4583655E+04   1.8295437E+03   1.3246152E+06   1.3240989E+06   0.0000000E+00   0.0000000E+00   0.0000000E+00   0.0000000E+00   0.0000000E+00
   3.0247162E-04   1.3239997E+06   1.3239997E+06   1.7299403E+06   1.4557162E+04   1.8165022E+03   1.3245030E+06   1.3239997E+06   0.0000000E+00   0.0000000E+00   0.0000000E+00   0.0000000E+00   0.0000000E+00
   3.2503837E-04   1.3238854E+06   1.3238854E+06   1.7243709E+06   1.4526629E+04   1.8015266E+03   1.3243736E+06   1.3238854E+06   0.0000000E+00   0.0000000E+00   0.0000000E+00   0.0000000E+00   0.0000000E+00
   3.4928877E-04   1.3237535E+06   1.3237535E+06   1.7179599E+06   1.4491454E+04   1.7843450E+03   1.3242244E+06   1.3237535E+06   0.0000000E+00   0.0000000E+00   0.0000000E+00   0.0000000E+00   0.0000000E+00
   3.7534845E-04   1.3236013E+06   1.3236013E+06   1.7105838E+06   1.4450943E+04   1.7646528E+03   1.3240523E+06   1.3236013E+06   0.0000000E+00   0.0000000E+00   0.0000000E+00   0.0000000E+00   0.0000000E+00
   4.0335238E-04   1.3234259E+06   1.3234259E+06   1.7021021E+06   1.4404307E+04   1.7421100E+03   1.3238539E+06   1.3234259E+06   0.0000000E+00   0.0000000E+00   0.0000000E+00   0.0000000E+00   0.0000000E+00
   4.3344563E-04   1.3232235E+06   1.3232235E+06   1.6923556E+06   1.4350648E+04   1.7163394E+03   1.3236252E+06   1.3232235E+06   0.0000000E+00   0.0000000E+00   0.0000000E+00   0.0000000E+00   0.0000000E+00
   4.6578406E-04   1.3229903E+06   1.3229903E+06   1.6811643E+06   1.4288939E+04   1.6869262E+03   1.3233616E+06   1.3229903E+06   0.0000000E+00   0.0000000E+00   0.0000000E+00   0.0000000E+00   0.0000000E+00
   5.0053520E-04   1.3227215E+06   1.3227215E+06   1.6683253E+06   1.4218022E+04   1.6534182E+03   1.3230580E+06   1.3227215E+06   0.0000000E+00   0.0000000E+00   0.0000000E+00   0.0000000E+00   0.0000000E+00
   5.3787905E-04   1.3224119E+06   1.3224119E+06   1.6536110E+06   1.4136581E+04   1.6153285E+03   1.3227084E+06   1.3224119E+06   0.0000000E+00   0.0000000E+00   0.0000000E+00   0.0000000E+00   0.0000000E+00
   5.7800903E-04   1.3220553E+06   1.3220553E+06   1.6367676E+06   1.4043137E+04   1.5721406E+03   1.3223059E+06   1.3220553E+06   0.0000000E+00   0.0000000E+00   0.0000000E+00   0.0000000E+00   0.0000000E+00
   6.2113303E-04   1.3216448E+06   1.3216448E+06   1.6175133E+06   1.3936026E+04   1.5233178E+03   1.3218429E+06   1.3216448E+06   0.0000000E+00   0.0000000E+00   0.0000000E+00   0.0000000E+00   0.0000000E+00
   6.6747442E-04   1.3211725E+06   1.3211725E+06   1.5955380E+06   1.3813392E+04   1.4683173E+03   1.3213104E+06   1.3211725E+06   0.0000000E+00   0.0000000E+00   0.0000000E+00   0.0000000E+00   0.0000000E+00
   7.1727324E-04   1.3206293E+06   1.3206293E+06   1.5705033E+06   1.3673172E+04   1.4066111E+03   1.3206986E+06   1.3206293E+06   0.0000000E+00   0.0000000E+00   0.0000000E+00   0.0000000E+00   0.0000000E+00
   7.7078744E-04   1.3200051E+06   1.3200051E+06   1.5420440E+06   1.3513092E+04   1.3377162E+03   1.3199961E+06   1.3200051E+06   0.0000000E+00   0.0000000E+00   0.0000000E+00   0.0000000E+00   0.0000000E+00
   8.2829421E-04   1.3192883E+06   1.3192883E+06   1.5097715E+06   1.3330664E+04   1.2612351E+03   1.3191901E+06   1.3192883E+06   0.0000000E+00   0.0000000E+00   0.0000000E+00   0.0000000E+00   0.0000000E+00
   8.9009144E-04   1.3184657E+06   1.3184657E+06   1.4732800E+06   1.3123198E+04   1.1769098E+03   1.3182663E+06   1.3184657E+06   0.0000000E+00   0.0000000E+00   0.0000000E+00   0.0000000E+00   0.0000000E+00
   9.5649923E-04   1.3175227E+06   1.3175227E+06   1.4321553E+06   1.2887821E+04   1.0846928E+03   1.3172087E+06   1.3175227E+06   0.0000000E+00   0.0000000E+00   0.0000000E+00   0.0000000E+00   0.0000000E+00
   1.0278616E-03   1.3164428E+06   1.3164428E+06   1.3859886E+06   1.2621516E+04   9.8483482E+02   1.3159995E+06   1.3164428E+06   0.0000000E+00   0.0000000E+00   0.0000000E+00   0.0000000E+00   0.0000000E+00
   1.1045481E-03   1.3152078E+06   1.3152078E+06   1.3343956E+06   1.2321185E+04   8.7799355E+02   1.3146189E+06   1.3152078E+06   0.0000000E+00   0.0000000E+00   0.0000000E+00   0.0000000E+00   0.0000000E+00
   1.1869560E-03   1.3137973E+06   1.3137973E+06   1.2770415E+06   1.1983739E+04   7.6536067E+02   1.3130452E+06   1.3137973E+06   0.0000000E+00   0.0000000E+00   0.0000000E+00   0.0000000E+00   0.0000000E+00
   1.2755122E-03   1.3121890E+06   1.3121890E+06   1.2136742E+06   1.1606223E+04   6.4880474E+02   1.3112550E+06   1.3121890E+06   0.0000000E+00   0.0000000E+00   0.0000000E+00   0.0000000E+00   0.0000000E+00
   1.3706754E-03   1.3103585E+06   1.3103585E+06   1.1441660E+06   1.1185989E+04   5.3102079E+02   1.3092227E+06   1.3103585E+06   0.0000000E+00   0.0000000E+00   0.0000000E+00   0.0000000E+00   0.0000000E+00
   1.4729385E-03   1.3082794E+06   1.3082794E+06   1.0685632E+06   1.0720917E+04   4.1567000E+02   1.3069213E+06   1.3082794E+06   0.0000000E+00   0.0000000E+00   0.0000000E+00   0.0000000E+00   0.0000000E+00
   1.5828313E-03   1.3059233E+06   1.3059233E+06   9.8714479E+05   1.0209691E+04   3.0748223E+02   1.3043222E+06   1.3059233E+06   0.0000000E+00   0.0000000E+00   0.0000000E+00   0.0000000E+00   0.0000000E+00
   1.7009229E-03   1.3032604E+06   1.3032604E+06   9.0048622E+05   9.6521346E+03   2.1227979E+02   1.3013959E+06   1.3032604E+06   0.0000000E+00   0.0000000E+00   0.0000000E+00   0.0000000E+00   0.0000000E+00
   1.8278251E-03   1.3002593E+06   1.3002593E+06   8.0952370E+05   9.0495980E+03   1.3686431E+02   1.2981124E+06   1.3002593E+06   0.0000000E+00   0.0000000E+00   0.0000000E+00   0.0000000E+00   0.0000000E+00
   1.9641951E-03   1.2968881E+06   1.2968881E+06   7.1561148E+05   8.4053746E+03   8.8691600E+01   1.2944418E+06   1.2968881E+06   0.0000000E+00   0.0000000E+00   0.0000000E+00   0.0000000E+00   0.0000000E+00
   2.1107394E-03   1.2931141E+06   1.2931141E+06   6.2055870E+05   7.7251222E+03   7.5247797E+01   1.2903553E+06   1.2931141E+06   0.0000000E+00   0.0000000E+00   0.0000000E+00   0.0000000E+00   0.0000000E+00
   2.2682171E-03   1.2889056E+06   1.2889056E+06   5.2662878E+05   7.0172276E+03   1.0304383E+02   1.2858258E+06   1.2889056E+06   0.0000000E+00   0.0000000E+00   0.0000000E+00   0.0000000E+00   0.0000000E+00
   2.4374439E-03   1.2842315E+06   1.2842315E+06   4.3647956E+05   6.2930353E+03   1.7617875E+02   1.2808287E+06   1.2842315E+06   0.0000000E+00   0.0000000E+00   0.0000000E+00   0.0000000E+00   0.0000000E+00
   2.6192963E-03   1.2790626E+06   1.2790626E+06   3.5302023E+05   5.5668316E+03   2.9450789E+02   1.2753425E+06   1.2790626E+06   0.0000000E+00   0.0000000E+00   0.0000000E+00   0.0000000E+00   0.0000000E+00
   2.8147163E-03   1.2733720E+06   1.2733720E+06   2.7916464E+05   4.8554559E+03   4.5161084E+02   1.2693489E+06   1.2733720E+06   0.0000000E+00   0.0000000E+00   0.0000000E+00   0.0000000E+00   0.0000000E+00
   3.0247162E-03   1.2671347E+06   1.2671347E+06   2.1747321E+05   4.1774055E+03   6.3300053E+02   1.2628322E+06   1.2671347E+06   0.0000000E+00   0.0000000E+00   0.0000000E+00   0.0000000E+00   0.0000000E+00
   3.2503837E-03   1.2603279E+06   1.2603279E+06   1.6970219E+05   3.5513418E+03   8.1533010E+02   1.2557782E+06   1.2603279E+06   0.0000000E+00   0.0000000E+00   0.0000000E+00   0.0000000E+00   0.0000000E+00
   3.4928877E-03   1.2529297E+06   1.2529297E+06   1.3632238E+05   2.9939933E+03   9.6765380E+02   1.2481721E+06   1.2529297E+06   0.0000000E+00   0.0000000E+00   0.0000000E+00   0.0000000E+00   0.0000000E+00
   3.7534845E-03   1.2449172E+06   1.2449172E+06   1.1612614E+05   2.5176299E+03   1.0558859E+03   1.2399950E+06   1.2449172E+06   0.0000000E+00   0.0000000E+00   0.0000000E+00   0.0000000E+00   0.0000000E+00
   4.0335238E-03   1.2362649E+06   1.2362649E+06   1.0609665E+05   2.1275251E+03   1.0511540E+03   1.2312211E+06   1.2362649E+06   0.0000000E+00   0.0000000E+00   0.0000000E+00   0.0000000E+00   0.0000000E+00
   4.3344563E-03   1.2269424E+06   1.2269424E+06   1.0173478E+05   1.8201076E+03   9.4137119E+02   1.2218152E+06   1.2269424E+06   0.0000000E+00   0.0000000E+00   0.0000000E+00   0.0000000E+00   0.0000000E+00
   4.6578406E-03   1.2169134E+06   1.2169134E+06   9.7975940E+04   1.5826924E+03   7.4285692E+02   1.2117311E+06   1.2169134E+06   0.0000000E+00   0.0000000E+00   0.0000000E+00   0.0000000E+00   0.0000000E+00
   5.0053520E-03   1.2061357E+06   1.2061357E+06   9.0632008E+04   1.3956017E+03   5.0572934E+02   1.2009148E+06   1.2061357E+06   0.0000000E+00   0.0000000E+00   0.0000000E+00   0.0000000E+00   0.0000000E+00
   5.3787905E-03   1.1945640E+06   1.1945640E+06   7.7955174E+04   1.2369019E+03   3.0496036E+02   1.1893095E+06   1.1945640E+06   0.0000000E+00   0.0000000E+00   0.0000000E+00   0.0000000E+00   0.0000000E+00
   5.7800903E-03   1.1821538E+06   1.1821538E+06   6.1554589E+04   1.0888076E+03   2.1189802E+02   1.1768637E+06   1.1821538E+06   0.0000000E+00   0.0000000E+00   0.0000000E+00   0.0000000E+00   0.0000000E+00
   6.2113303E-03   1.1688661E+06   1.1688661E+06   4.5789001E+04   9.4333688E+02   2.5217957E+02   1.1635391E+06   1.1688661E+06   0.0000000E+00   0.0000000E+00   0.0000000E+00   0.0000000E+00   0.0000000E+00
   6.6747442E-03   1.1546701E+06   1.1546701E+06   3.5299110E+04   8.0394048E+02   3.7398132E+02   1.1493123E+06   1.1546701E+06   0.0000000E+00   0.0000000E+00   0.0000000E+00   0.0000000E+00   0.0000000E+00
   7.1727324E-03   1.1395409E+06   1.1395409E+06   3.1683574E+04   6.8090735E+02   4.6275301E+02   1.1341686E+06   1.1395409E+06   0.0000000E+00   0.0000000E+00   0.0000000E+00   0.0000000E+00   0.0000000E+00
   7.7078744E-03   1.1234532E+06   1.1234532E+06   3.1799158E+04   5.8210822E+02   4.2062569E+02   1.1180887E+06   1.1234532E+06   0.0000000E+00   0.0000000E+00   0.0000000E+00   0.0000000E+00   0.0000000E+00
   8.2829421E-03   1.1063760E+06   1.1063760E+06   3.0060856E+04   5.0539941E+02   2.6610798E+02   1.1010386E+06   1.1063760E+06   0.0000000E+00   0.0000000E+00   0.0000000E+00   0.0000000E+00   0.0000000E+00
   8.9009144E-03   1.0882722E+06   1.0882722E+06   2.3895770E+04   4.4002500E+02   1.4319874E+02   1.0829723E+06   1.0882722E+06   0.0000000E+00   0.0000000E+00   0.0000000E+00   0.0000000E+00   0.0000000E+00
   9.5649923E-03   1.0691059E+06   1.0691059E+06   1.6845377E+04   3.7719606E+02   1.7008750E+02   1.0638472E+06   1.0691059E+06   0.0000000E+00   0.0000000E+00   0.0000000E+00   0.0000000E+00   0.0000000E+00
   1.0278616E-02   1.0488489E+06   1.0488489E+06   1.4088650E+04   3.1860898E+02   2.6562376E+02   1.0436384E+06   1.0488489E+06   0.0000000E+00   0.0000000E+00   0.0000000E+00   0.0000000E+00   0.0000000E+00
   1.1045481E-02   1.0274783E+06   1.0274783E+06   1.4673454E+04   2.7100706E+02   2.3999508E+02   1.0223310E+06   1.0274783E+06   0.0000000E+00   0.0000000E+00   0.0000000E+00   0.0000000E+00   0.0000000E+00
   1.1869560E-02   1.0049678E+06   1.0049678E+06   1.2881470E+04   2.3356489E+02   1.1560345E+02   9.9990004E+05   1.0049678E+06   0.0000000E+00   0.0000000E+00   0.0000000E+00   0.0000000E+00   0.0000000E+00
   1.2755122E-02   9.8128811E+05   9.8128811E+05   8.7421756E+03   1.9912467E+02   1.1241201E+02   9.7630960E+05   9.8128811E+05   0.0000000E+00   0.0000000E+00   0.0000000E+00   0.0000000E+00   0.0000000E+00
   1.3706754E-02   9.5641768E+05   9.5641768E+05   7.6708478E+03   1.6745299E+02   1.8534076E+02   9.5153468E+05   9.5641768E+05   0.0000000E+00   0.0000000E+00   0.0000000E+00   0.0000000E+00   0.0000000E+00
   1.4729385E-02   9.3034261E+05   9.3034261E+05   7.8755012E+03   1.4260381E+02   1.1353590E+02   9.2556563E+05   9.3034261E+05   0.0000000E+00   0.0000000E+00   0.0000000E+00   0.0000000E+00   0.0000000E+00
   1.5828313E-02   9.0305001E+05   9.0305001E+05   5.4060619E+03   1.2109740E+02   7.3653987E+01   8.9839202E+05   9.0305001E+05   0.0000000E+00   0.0000000E+00   0.0000000E+00   0.0000000E+00   0.0000000E+00
   1.7009229E-02   8.7453738E+05   8.7453738E+05   4.6939047E+03   1.0130497E+02   1.3433184E+02   8.7000786E+05   8.7453738E+05   0.0000000E+00   0.0000000E+00   0.0000000E+00   0.0000000E+00   0.0000000E+00
   1.8278251E-02   8.4481819E+05   8.4481819E+05   4.4968148E+03   8.5956337E+01   6.0990287E+01   8.4042446E+05   8.4481819E+05   0.0000000E+00   0.0000000E+00   0.0000000E+00   0.0000000E+00   0.0000000E+00
   1.9641951E-02   8.1391850E+05   8.1391850E+05   2.9834351E+03   7.1834866E+01   8.6530613E+01   8.0967087E+05   8.1391850E+05   0.0000000E+00   0.0000000E+00   0.0000000E+00   0.0000000E+00   0.0000000E+00
   2.1107394E-02   7.8189058E+05   7.8189058E+05   3.1668263E+03   6.0248494E+01   6.6416167E+01   7.7779795E+05   7.8189058E+05   0.0000000E+00   0.0000000E+00   0.0000000E+00   0.0000000E+00   0.0000000E+00
   2.2682169E-02   7.4881460E+05   7.4881460E+05   2.0768793E+03   5.0290802E+01   6.1694524E+01   7.4488354E+05   7.4881460E+05   0.0000000E+00   0.0000000E+00   0.0000000E+00   0.0000000E+00   0.0000000E+00
   2.4374426E-02   7.1480830E+05   7.1480830E+05   2.1490520E+03   4.1885283E+01   5.0100751E+01   7.1104707E+05   7.1480830E+05   0.0000000E+00   0.0000000E+00   0.0000000E+00   0.0000000E+00   0.0000000E+00
   2.6192890E-02   6.8003482E+05   6.8003482E+05   1.4594001E+03   3.4663221E+01   5.8962704E+01   6.7644813E+05   6.8003482E+05   0.0000000E+00   0.0000000E+00   0.0000000E+00   0.0000000E+00   0.0000000E+00
   2.8146818E-02   6.4471233E+05   6.4471233E+05   1.3373401E+03   2.8794160E+01   2.9120490E+01   6.4130568E+05   6.4471233E+05   0.0000000E+00   0.0000000E+00   0.0000000E+00   0.0000000E+00   0.0000000E+00
   3.0245743E-02   6.0912346E+05   6.0912346E+05   1.1509430E+03   2.3604924E+01   4.6672502E+01   6.0589914E+05   6.0912346E+05   0.0000000E+00   0.0000000E+00   0.0000000E+00   0.0000000E+00   0.0000000E+00
   3.2498713E-02   5.7362903E+05   5.7362903E+05   8.0993989E+02   1.9410464E+01   3.9900375E+01   5.7058766E+05   5.7362903E+05   0.0000000E+00   0.0000000E+00   0.0000000E+00   0.0000000E+00   0.0000000E+00
   3.4912485E-02   5.3868120E+05   5.3868120E+05   6.6168373E+02   1.5922201E+01   2.4324358E+01   5.3582159E+05   5.3868120E+05   0.0000000E+00   0.0000000E+00   0.0000000E+00   0.0000000E+00   0.0000000E+00
   3.7488098E-02   5.0483387E+05   5.0483387E+05   5.9598767E+02   1.2996416E+01   2.0813427E+01   5.0215066E+05   5.0483387E+05   0.0000000E+00   0.0000000E+00   0.0000000E+00   0.0000000E+00   0.0000000E+00
   4.0215903E-02   4.7272851E+05   4.7272851E+05   5.1548698E+02   1.0598164E+01   2.2280767E+01   4.7021319E+05   4.7272851E+05   0.0000000E+00   0.0000000E+00   0.0000000E+00   0.0000000E+00   0.0000000E+00
   4.3071105E-02   4.4302482E+05   4.4302482E+05   4.2508981E+02   8.6644755E+00   2.3181893E+01   4.4066536E+05   4.4302482E+05   0.0000000E+00   0.0000000E+00   0.0000000E+00   0.0000000E+00   0.0000000E+00
   4.6014202E-02   4.1626274E+05   4.1626274E+05   3.4366045E+02   7.1214550E+00   2.3027335E+01   4.1404416E+05   4.1626274E+05   0.0000000E+00   0.0000000E+00   0.0000000E+00   0.0000000E+00   0.0000000E+00
   4.8999438E-02   3.9270777E+05   3.9270777E+05   2.7731184E+02   5.9009706E+00   2.2233595E+01   3.9061338E+05   3.9270777E+05   0.0000000E+00   0.0000000E+00   0.0000000E+00   0.0000000E+00   0.0000000E+00
   5.1987572E-02   3.7228266E+05   3.7228266E+05   2.2507826E+02   4.9414960E+00   2.0899845E+01   3.7029607E+05   3.7228266E+05   0.0000000E+00   0.0000000E+00   0.0000000E+00   0.0000000E+00   0.0000000E+00
   5.4954445E-02   3.5463217E+05   3.5463217E+05   1.8473640E+02   4.1850325E+00   1.9042958E+01   3.5273886E+05   3.5463217E+05   0.0000000E+00   0.0000000E+00   0.0000000E+00   0.0000000E+00   0.0000000E+00
   5.7891459E-02   3.3925837E+05   3.3925837E+05   1.5426040E+02   3.5831779E+00   1.6808699E+01   3.3744638E+05   3.3925837E+05   0.0000000E+00   0.0000000E+00   0.0000000E+00   0.0000000E+00   0.0000000E+00
   6.0801097E-02   3.2563952E+05   3.2563952E+05   1.3149481E+02   3.0977363E+00   1.4641391E+01   3.2389968E+05   3.2563952E+05   0.0000000E+00   0.0000000E+00   0.0000000E+00   0.0000000E+00   0.0000000E+00
   6.3691892E-02   3.1329864E+05   3.1329864E+05   1.1426869E+02   2.6989995E+00   1.2978587E+01   3.1162428E+05   3.1329864E+05   0.0000000E+00   0.0000000E+00   0.0000000E+00   0.0000000E+00   0.0000000E+00
   6.6574863E-02   3.0183122E+05   3.0183122E+05   1.0113317E+02   2.3670154E+00   1.1750159E+01   3.0021772E+05   3.0183122E+05   0.0000000E+00   0.0000000E+00   0.0000000E+00   0.0000000E+00   0.0000000E+00
   6.9461522E-02   2.9091135E+05   2.9091135E+05   9.1411915E+01   2.0876158E+00   1.0667503E+01   2.8935585E+05   2.9091135E+05   0.0000000E+00   0.0000000E+00   0.0000000E+00   0.0000000E+00   0.0000000E+00
   7.2362928E-02   2.8028948E+05   2.8028948E+05   8.4344513E+01   1.8496585E+00   9.6790784E+00   2.7879045E+05   2.8028948E+05   0.0000000E+00   0.0000000E+00   0.0000000E+00   0.0000000E+00   0.0000000E+00
   7.5289342E-02   2.6978792E+05   2.6978792E+05   7.8589256E+01   1.6446957E+00   8.9839184E+00   2.6834476E+05   2.6978792E+05   0.0000000E+00   0.0000000E+00   0.0000000E+00   0.0000000E+00   0.0000000E+00
   7.8250162E-02   2.5929622E+05   2.5929622E+05   7.2796900E+01   1.4658469E+00   8.7441707E+00   2.5790896E+05   2.5929622E+05   0.0000000E+00   0.0000000E+00   0.0000000E+00   0.0000000E+00   0.0000000E+00
   8.1253992E-02   2.4876654E+05   2.4876654E+05   6.6381299E+01   1.3084220E+00   8.7984544E+00   2.4743541E+05   2.4876654E+05   0.0000000E+00   0.0000000E+00   0.0000000E+00   0.0000000E+00   0.0000000E+00
   8.4308749E-02   2.3820828E+05   2.3820828E+05   5.9578477E+01   1.1692798E+00   8.8317634E+00   2.3693347E+05   2.3820828E+05   0.0000000E+00   0.0000000E+00   0.0000000E+00   0.0000000E+00   0.0000000E+00
   8.7421786E-02   2.2768125E+05   2.2768125E+05   5.2930131E+01   1.0457094E+00   8.6535325E+00   2.2646262E+05   2.2768125E+05   0.0000000E+00   0.0000000E+00   0.0000000E+00   0.0000000E+00   0.0000000E+00
   9.0600001E-02   2.1728653E+05   2.1728653E+05   4.6802525E+01   9.3560998E-01   8.2218277E+00   2.1612339E+05   2.1728653E+05   0.0000000E+00   0.0000000E+00   0.0000000E+00   0.0000000E+00   0.0000000E+00
   9.3849934E-02   2.0715473E+05   2.0715473E+05   4.1224081E+01   8.3729707E-01   7.6011688E+00   2.0604570E+05   2.0715473E+05   0.0000000E+00   0.0000000E+00   0.0000000E+00   0.0000000E+00   0.0000000E+00
   9.7177850E-02   1.9743144E+05   1.9743144E+05   3.5968476E+01   7.4928507E-01   6.9202976E+00   1.9637436E+05   1.9743144E+05   0.0000000E+00   0.0000000E+00   0.0000000E+00   0.0000000E+00   0.0000000E+00
   1.0058981E-01   1.8826042E+05   1.8826042E+05   3.0785661E+01   6.7042181E-01   6.3483637E+00   1.8725235E+05   1.8826042E+05   0.0000000E+00   0.0000000E+00   0.0000000E+00   0.0000000E+00   0.0000000E+00
   1.0409171E-01   1.7976550E+05   1.7976550E+05   2.5787259E+01   5.9980144E-01   6.1035093E+00   1.7880282E+05   1.7976550E+05   0.0000000E+00   0.0000000E+00   0.0000000E+00   0.0000000E+00   0.0000000E+00
   1.0768935E-01   1.7203279E+05   1.7203279E+05   2.1831066E+01   5.3663890E-01   6.3194416E+00   1.7111145E+05   1.7203279E+05   0.0000000E+00   0.0000000E+00   0.0000000E+00   0.0000000E+00   0.0000000E+00
   1.1138848E-01   1.6509541E+05   1.6509541E+05   2.0114014E+01   4.8034260E-01   6.6834122E+00   1.6421116E+05   1.6509541E+05   0.0000000E+00   0.0000000E+00   0.0000000E+00   0.0000000E+00   0.0000000E+00
   1.1519477E-01   1.5892310E+05   1.5892310E+05   2.0178602E+01   4.3048781E-01   6.3855318E+00   1.5807185E+05   1.5892310E+05   0.0000000E+00   0.0000000E+00   0.0000000E+00   0.0000000E+00   0.0000000E+00
   1.1911392E-01   1.5341923E+05   1.5341923E+05   1.8783467E+01   3.8642865E-01   5.3220886E+00   1.5259740E+05   1.5341923E+05   0.0000000E+00   0.0000000E+00   0.0000000E+00   0.0000000E+00   0.0000000E+00
   1.2315161E-01   1.4842722E+05   1.4842722E+05   1.4943387E+01   3.4712662E-01   5.0529724E+00   1.4763209E+05   1.4842722E+05   0.0000000E+00   0.0000000E+00   0.0000000E+00   0.0000000E+00   0.0000000E+00
   1.2731356E-01   1.4374730E+05   1.4374730E+05   1.3717470E+01   3.1201477E-01   5.6512757E+00   1.4297720E+05   1.4374730E+05   0.0000000E+00   0.0000000E+00   0.0000000E+00   0.0000000E+00   0.0000000E+00
   1.3160551E-01   1.3916286E+05   1.3916286E+05   1.3880785E+01   2.8100174E-01   4.8133390E+00   1.3841727E+05   1.3916286E+05   0.0000000E+00   0.0000000E+00   0.0000000E+00   0.0000000E+00   0.0000000E+00
   1.3603325E-01   1.3447371E+05   1.3447371E+05   1.0884942E+01   2.5296889E-01   4.7900060E+00   1.3375320E+05   1.3447371E+05   0.0000000E+00   0.0000000E+00   0.0000000E+00   0.0000000E+00   0.0000000E+00
   1.4060263E-01   1.2953113E+05   1.2953113E+05   1.1157069E+01   2.2772836E-01   4.8716323E+00   1.2883708E+05   1.2953113E+05   0.0000000E+00   0.0000000E+00   0.0000000E+00   0.0000000E+00   0.0000000E+00
   1.4531956E-01   1.2426805E+05   1.2426805E+05   8.9150097E+00   2.0503012E-01   4.2380052E+00   1.2360217E+05   1.2426805E+05   0.0000000E+00   0.0000000E+00   0.0000000E+00   0.0000000E+00   0.0000000E+00
   1.5019001E-01   1.1871659E+05   1.1871659E+05   9.0375990E+00   1.8422096E-01   4.3336257E+00   1.1808043E+05   1.1871659E+05   0.0000000E+00   0.0000000E+00   0.0000000E+00   0.0000000E+00   0.0000000E+00
   1.5522004E-01   1.1300662E+05   1.1300662E+05   7.0218554E+00   1.6532367E-01   4.1457362E+00   1.1240103E+05   1.1300662E+05   0.0000000E+00   0.0000000E+00   0.0000000E+00   0.0000000E+00   0.0000000E+00
   1.6041576E-01   1.0734169E+05   1.0734169E+05   6.9017428E+00   1.4823394E-01   3.5166097E+00   1.0676643E+05   1.0734169E+05   0.0000000E+00   0.0000000E+00   0.0000000E+00   0.0000000E+00   0.0000000E+00
   1.6578338E-01   1.0195419E+05   1.0195419E+05   6.2567025E+00   1.3259388E-01   3.7903475E+00   1.0140779E+05   1.0195419E+05   0.0000000E+00   0.0000000E+00   0.0000000E+00   0.0000000E+00   0.0000000E+00
   1.7132920E-01   9.7047763E+04   9.7047763E+04   5.1295423E+00   1.1860516E-01   3.6258115E+00   9.6527638E+04   9.7047763E+04   0.0000000E+00   0.0000000E+00   0.0000000E+00   0.0000000E+00   0.0000000E+00
   1.7705963E-01   9.2740945E+04   9.2740945E+04   4.4785914E+00   1.0613213E-01   3.2257717E+00   9.2243888E+04   9.2740945E+04   0.0000000E+00   0.0000000E+00   0.0000000E+00   0.0000000E+00   0.0000000E+00
   1.8298116E-01   8.9029126E+04   8.9029126E+04   4.1193427E+00   9.5008451E-02   3.0091922E+00   8.8551949E+04   8.9029126E+04   0.0000000E+00   0.0000000E+00   0.0000000E+00   0.0000000E+00   0.0000000E+00
   1.8910042E-01   8.5779920E+04   8.5779920E+04   3.7880637E+00   8.5162410E-02   2.8489234E+00   8.5320145E+04   8.5779920E+04   0.0000000E+00   0.0000000E+00   0.0000000E+00   0.0000000E+00   0.0000000E+00
   1.9542419E-01   8.2768980E+04   8.2768980E+04   3.4174916E+00   7.6412739E-02   2.7414202E+00   8.2325333E+04   8.2768980E+04   0.0000000E+00   0.0000000E+00   0.0000000E+00   0.0000000E+00   0.0000000E+00
   2.0195939E-01   7.9750123E+04   7.9750123E+04   3.0262882E+00   6.8583461E-02   2.6887641E+00   7.9322647E+04   7.9750123E+04   0.0000000E+00   0.0000000E+00   0.0000000E+00   0.0000000E+00   0.0000000E+00
   2.0871313E-01   7.6539030E+04   7.6539030E+04   2.6958692E+00   6.1532514E-02   2.6785767E+00   7.6128757E+04   7.6539030E+04   0.0000000E+00   0.0000000E+00   0.0000000E+00   0.0000000E+00   0.0000000E+00
   2.1569272E-01   7.3079975E+04   7.3079975E+04   2.5285665E+00   5.5140062E-02   2.6425579E+00   7.2688235E+04   7.3079975E+04   0.0000000E+00   0.0000000E+00   0.0000000E+00   0.0000000E+00   0.0000000E+00
   2.2290572E-01   6.9466066E+04   6.9466066E+04   2.3421086E+00   4.9344717E-02   2.4301557E+00   6.9093691E+04   6.9466066E+04   0.0000000E+00   0.0000000E+00   0.0000000E+00   0.0000000E+00   0.0000000E+00
   2.3035997E-01   6.5898514E+04   6.5898514E+04   1.9274131E+00   4.4091115E-02   2.2502849E+00   6.5545256E+04   6.5898514E+04   0.0000000E+00   0.0000000E+00   0.0000000E+00   0.0000000E+00   0.0000000E+00
   2.3806363E-01   6.2596354E+04   6.2596354E+04   1.8203028E+00   3.9356037E-02   2.2006819E+00   6.2260791E+04   6.2596354E+04   0.0000000E+00   0.0000000E+00   0.0000000E+00   0.0000000E+00   0.0000000E+00
   2.4602525E-01   5.9694368E+04   5.9694368E+04   1.5417827E+00   3.5138766E-02   2.0544229E+00   5.9374357E+04   5.9694368E+04   0.0000000E+00   0.0000000E+00   0.0000000E+00   0.0000000E+00   0.0000000E+00
   2.5425381E-01   5.7179187E+04   5.7179187E+04   1.4700363E+00   3.1399395E-02   1.9998593E+00   5.6872655E+04   5.7179187E+04   0.0000000E+00   0.0000000E+00   0.0000000E+00   0.0000000E+00   0.0000000E+00
   2.6275881E-01   5.4900481E+04   5.4900481E+04   1.2701278E+00   2.8096513E-02   1.9123769E+00   5.4606161E+04   5.4900481E+04   0.0000000E+00   0.0000000E+00   0.0000000E+00   0.0000000E+00   0.0000000E+00
   2.7155034E-01   5.2656692E+04   5.2656692E+04   1.1159314E+00   2.5143494E-02   1.8489421E+00   5.2374396E+04   5.2656692E+04   0.0000000E+00   0.0000000E+00   0.0000000E+00   0.0000000E+00   0.0000000E+00
   2.8063916E-01   5.0310120E+04   5.0310120E+04   1.0055570E+00   2.2494731E-02   1.7350623E+00   5.0040401E+04   5.0310120E+04   0.0000000E+00   0.0000000E+00   0.0000000E+00   0.0000000E+00   0.0000000E+00
   2.9003683E-01   4.7862330E+04   4.7862330E+04   8.9792732E-01   2.0090519E-02   1.6652052E+00   4.7605731E+04   4.7862330E+04   0.0000000E+00   0.0000000E+00   0.0000000E+00   0.0000000E+00   0.0000000E+00
   2.9975581E-01   4.5439428E+04   4.5439428E+04   7.9564020E-01   1.7920075E-02   1.5903613E+00   4.5195815E+04   4.5439428E+04   0.0000000E+00   0.0000000E+00   0.0000000E+00   0.0000000E+00   0.0000000E+00
   3.0980964E-01   4.3194298E+04   4.3194298E+04   7.1842615E-01   1.5975016E-02   1.5169278E+00   4.2962721E+04   4.3194298E+04   0.0000000E+00   0.0000000E+00   0.0000000E+00   0.0000000E+00   0.0000000E+00
   3.2021302E-01   4.1194019E+04   4.1194019E+04   6.5791004E-01   1.4246921E-02   1.4129508E+00   4.0973164E+04   4.1194019E+04   0.0000000E+00   0.0000000E+00   0.0000000E+00   0.0000000E+00   0.0000000E+00
   3.3098209E-01   3.9377217E+04   3.9377217E+04   5.6960548E-01   1.2712369E-02   1.3452305E+00   3.9166099E+04   3.9377217E+04   0.0000000E+00   0.0000000E+00   0.0000000E+00   0.0000000E+00   0.0000000E+00
   3.4213458E-01   3.7615209E+04   3.7615209E+04   5.2428952E-01   1.1342613E-02   1.3083184E+00   3.7413537E+04   3.7615209E+04   0.0000000E+00   0.0000000E+00   0.0000000E+00   0.0000000E+00   0.0000000E+00
   3.5369010E-01   3.5824484E+04   3.5824484E+04   4.5719880E-01   1.0112863E-02   1.2501413E+00   3.5632411E+04   3.5824484E+04   0.0000000E+00   0.0000000E+00   0.0000000E+00   0.0000000E+00   0.0000000E+00
   3.6567043E-01   3.4029970E+04   3.4029970E+04   4.0469562E-01   9.0060024E-03   1.1583710E+00   3.3847518E+04   3.4029970E+04   0.0000000E+00   0.0000000E+00   0.0000000E+00   0.0000000E+00   0.0000000E+00
   3.7809989E-01   3.2321882E+04   3.2321882E+04   3.6033153E-01   8.0093734E-03   1.1119910E+00   3.2148585E+04   3.2321882E+04   0.0000000E+00   0.0000000E+00   0.0000000E+00   0.0000000E+00   0.0000000E+00
   3.9100574E-01   3.0753569E+04   3.0753569E+04   3.2076960E-01   7.1227375E-03   1.0493214E+00   3.0588680E+04   3.0753569E+04   0.0000000E+00   0.0000000E+00   0.0000000E+00   0.0000000E+00   0.0000000E+00
   4.0441873E-01   2.9289960E+04   2.9289960E+04   2.8883738E-01   6.3323632E-03   1.0020022E+00   2.9132918E+04   2.9289960E+04   0.0000000E+00   0.0000000E+00   0.0000000E+00   0.0000000E+00   0.0000000E+00
   4.1837369E-01   2.7859579E+04   2.7859579E+04   2.5586106E-01   5.6251276E-03   9.6414235E-01   2.7710205E+04   2.7859579E+04   0.0000000E+00   0.0000000E+00   0.0000000E+00   0.0000000E+00   0.0000000E+00
   4.3291035E-01   2.6441007E+04   2.6441007E+04   2.2787623E-01   4.9906737E-03   9.0194508E-01   2.6299238E+04   2.6441007E+04   0.0000000E+00   0.0000000E+00   0.0000000E+00   0.0000000E+00   0.0000000E+00
   4.4807421E-01   2.5074180E+04   2.5074180E+04   2.0069635E-01   4.4204206E-03   8.6285348E-01   2.4939739E+04   2.5074180E+04   0.0000000E+00   0.0000000E+00   0.0000000E+00   0.0000000E+00   0.0000000E+00
   4.6391778E-01   2.3790225E+04   2.3790225E+04   1.7786498E-01   3.9106602E-03   8.2728241E-01   2.3662668E+04   2.3790225E+04   0.0000000E+00   0.0000000E+00   0.0000000E+00   0.0000000E+00   0.0000000E+00
   4.8050199E-01   2.2566969E+04   2.2566969E+04   1.5765973E-01   3.4563885E-03   7.7431700E-01   2.2445970E+04   2.2566969E+04   0.0000000E+00   0.0000000E+00   0.0000000E+00   0.0000000E+00   0.0000000E+00
   4.9789808E-01   2.1371561E+04   2.1371561E+04   1.3835942E-01   3.0491236E-03   7.3062770E-01   2.1256971E+04   2.1371561E+04   0.0000000E+00   0.0000000E+00   0.0000000E+00   0.0000000E+00   0.0000000E+00
   5.1618988E-01   2.0209952E+04   2.0209952E+04   1.2175249E-01   2.6835794E-03   6.9006009E-01   2.0101590E+04   2.0209952E+04   0.0000000E+00   0.0000000E+00   0.0000000E+00   0.0000000E+00   0.0000000E+00
   5.3547686E-01   1.9100318E+04   1.9100318E+04   1.0698309E-01   2.3564158E-03   6.5366471E-01   1.8997905E+04   1.9100318E+04   0.0000000E+00   0.0000000E+00   0.0000000E+00   0.0000000E+00   0.0000000E+00
   5.5587793E-01   1.8032352E+04   1.8032352E+04   9.3946953E-02   2.0637554E-03   6.2276168E-01   1.7935664E+04   1.8032352E+04   0.0000000E+00   0.0000000E+00   0.0000000E+00   0.0000000E+00   0.0000000E+00
   5.7753638E-01   1.6991431E+04   1.6991431E+04   8.2001596E-02   1.8017126E-03   5.8235658E-01   1.6900325E+04   1.6991431E+04   0.0000000E+00   0.0000000E+00   0.0000000E+00   0.0000000E+00   0.0000000E+00
   6.0062626E-01   1.5983367E+04   1.5983367E+04   7.1218590E-02   1.5675413E-03   5.4491205E-01   1.5897665E+04   1.5983367E+04   0.0000000E+00   0.0000000E+00   0.0000000E+00   0.0000000E+00   0.0000000E+00
   6.2536054E-01   1.5007848E+04   1.5007848E+04   6.1713241E-02   1.3573414E-03   5.1063940E-01   1.4927377E+04   1.5007848E+04   0.0000000E+00   0.0000000E+00   0.0000000E+00   0.0000000E+00   0.0000000E+00
   6.5200159E-01   1.4055948E+04   1.4055948E+04   5.3175997E-02   1.1696258E-03   4.8257072E-01   1.3980581E+04   1.4055948E+04   0.0000000E+00   0.0000000E+00   0.0000000E+00   0.0000000E+00   0.0000000E+00
   6.8087402E-01   1.3128395E+04   1.3128395E+04   4.5552703E-02   1.0015774E-03   4.5184916E-01   1.3058001E+04   1.3128395E+04   0.0000000E+00   0.0000000E+00   0.0000000E+00   0.0000000E+00   0.0000000E+00
   7.1237988E-01   1.2222355E+04   1.2222355E+04   3.8737130E-02   8.5172210E-04   4.2084655E-01   1.2156818E+04   1.2222355E+04   0.0000000E+00   0.0000000E+00   0.0000000E+00   0.0000000E+00   0.0000000E+00
   7.4701481E-01   1.1334922E+04   1.1334922E+04   3.2668025E-02   7.1840646E-04   3.8825189E-01   1.1274144E+04   1.1334922E+04   0.0000000E+00   0.0000000E+00   0.0000000E+00   0.0000000E+00   0.0000000E+00
   7.8538095E-01   1.0465495E+04   1.0465495E+04   2.7284487E-02   6.0020700E-04   3.5548750E-01   1.0409379E+04   1.0465495E+04   0.0000000E+00   0.0000000E+00   0.0000000E+00   0.0000000E+00   0.0000000E+00
   8.2818800E-01   9.6134959E+03   9.6134959E+03   2.2540494E-02   4.9570524E-04   3.2907410E-01   9.5619481E+03   9.6134959E+03   0.0000000E+00   0.0000000E+00   0.0000000E+00   0.0000000E+00   0.0000000E+00
   8.7622716E-01   8.7808100E+03   8.7808100E+03   1.8391714E-02   4.0444187E-04   3.0280905E-01   8.7337270E+03   8.7808100E+03   0.0000000E+00   0.0000000E+00   0.0000000E+00   0.0000000E+00   0.0000000E+00
   9.3029984E-01   7.9719451E+03   7.9719451E+03   1.4812989E-02   3.2579160E-04   2.7229571E-01   7.9291991E+03   7.9719451E+03   0.0000000E+00   0.0000000E+00   0.0000000E+00   0.0000000E+00   0.0000000E+00
   9.9109678E-01   7.1944233E+03   7.1944233E+03   1.1778485E-02   2.5906528E-04   2.4461918E-01   7.1558463E+03   7.1944233E+03   0.0000000E+00   0.0000000E+00   0.0000000E+00   0.0000000E+00   0.0000000E+00
   1.0590670E+00   6.4579114E+03   6.4579114E+03   9.2591068E-03   2.0365766E-04   2.1915270E-01   6.4232836E+03   6.4579114E+03   0.0000000E+00   0.0000000E+00   0.0000000E+00   0.0000000E+00   0.0000000E+00
   1.1343655E+00   5.7717239E+03   5.7717239E+03   7.2130791E-03   1.5863160E-04   1.9874191E-01   5.7407755E+03   5.7717239E+03   0.0000000E+00   0.0000000E+00   0.0000000E+00   0.0000000E+00   0.0000000E+00
   1.2169433E+00   5.1423811E+03   5.1423811E+03   5.5839659E-03   1.2279619E-04   1.7770266E-01   5.1148072E+03   5.1423811E+03   0.0000000E+00   0.0000000E+00   0.0000000E+00   0.0000000E+00   0.0000000E+00
   1.3067307E+00   4.5724360E+03   4.5724360E+03   4.3062050E-03   9.4708728E-05   1.5692612E-01   4.5479182E+03   4.5724360E+03   0.0000000E+00   0.0000000E+00   0.0000000E+00   0.0000000E+00   0.0000000E+00
   1.4037872E+00   4.0605456E+03   4.0605456E+03   3.3136028E-03   7.2881154E-05   1.3881461E-01   4.0387726E+03   4.0605456E+03   0.0000000E+00   0.0000000E+00   0.0000000E+00   0.0000000E+00   0.0000000E+00
   1.5083540E+00   3.6029527E+03   3.6029527E+03   2.5466493E-03   5.6009570E-05   1.2315924E-01   3.5836333E+03   3.6029527E+03   0.0000000E+00   0.0000000E+00   0.0000000E+00   0.0000000E+00   0.0000000E+00
   1.6208329E+00   3.1950249E+03   3.1950249E+03   1.9557529E-03   4.3013953E-05   1.0926996E-01   3.1778928E+03   3.1950249E+03   0.0000000E+00   0.0000000E+00   0.0000000E+00   0.0000000E+00   0.0000000E+00
   1.7417433E+00   2.8318307E+03   2.8318307E+03   1.5011164E-03   3.3014898E-05   9.6505586E-02   2.8166461E+03   2.8318307E+03   0.0000000E+00   0.0000000E+00   0.0000000E+00   0.0000000E+00   0.0000000E+00
   1.8716868E+00   2.5087782E+03   2.5087782E+03   1.1516216E-03   2.5326537E-05   8.6494000E-02   2.4953258E+03   2.5087782E+03   0.0000000E+00   0.0000000E+00   0.0000000E+00   0.0000000E+00   0.0000000E+00
   2.0113283E+00   2.2215978E+03   2.2215978E+03   8.8310852E-04   1.9424339E-05   7.5369033E-02   2.2096853E+03   2.2215978E+03   0.0000000E+00   0.0000000E+00   0.0000000E+00   0.0000000E+00   0.0000000E+00
   2.1613890E+00   1.9664689E+03   1.9664689E+03   6.7691503E-04   1.4887685E-05   6.7355321E-02   1.9559244E+03   1.9664689E+03   0.0000000E+00   0.0000000E+00   0.0000000E+00   0.0000000E+00   0.0000000E+00
   2.3226455E+00   1.7399242E+03   1.7399242E+03   5.1865265E-04   1.1406797E-05   5.9539995E-02   1.7305945E+03   1.7399242E+03   0.0000000E+00   0.0000000E+00   0.0000000E+00   0.0000000E+00   0.0000000E+00
   2.4959330E+00   1.5388722E+03   1.5388722E+03   3.9723640E-04   8.7372577E-06   5.2453431E-02   1.5306206E+03   1.5388722E+03   0.0000000E+00   0.0000000E+00   0.0000000E+00   0.0000000E+00   0.0000000E+00
   2.6821492E+00   1.3605313E+03   1.3605313E+03   3.0412668E-04   6.6893769E-06   4.6311496E-02   1.3532359E+03   1.3605313E+03   0.0000000E+00   0.0000000E+00   0.0000000E+00   0.0000000E+00   0.0000000E+00
   2.8822585E+00   1.2024112E+03   1.2024112E+03   2.3275468E-04   5.1195295E-06   4.1144441E-02   1.1959637E+03   1.2024112E+03   0.0000000E+00   0.0000000E+00   0.0000000E+00   0.0000000E+00   0.0000000E+00
   3.0972976E+00   1.0622853E+03   1.0622853E+03   1.7806773E-04   3.9163731E-06   3.6608206E-02   1.0565891E+03   1.0622853E+03   0.0000000E+00   0.0000000E+00   0.0000000E+00   0.0000000E+00   0.0000000E+00
   3.3283802E+00   9.3816159E+02   9.3816159E+02   1.3618260E-04   2.9952827E-06   3.2297933E-02   9.3313104E+02   9.3816159E+02   0.0000000E+00   0.0000000E+00   0.0000000E+00   0.0000000E+00   0.0000000E+00
   3.5767034E+00   8.2826054E+02   8.2826054E+02   1.0411395E-04   2.2900426E-06   2.8390607E-02   8.2381929E+02   8.2826054E+02   0.0000000E+00   0.0000000E+00   0.0000000E+00   0.0000000E+00   0.0000000E+00
   3.8435535E+00   7.3099336E+02   7.3099336E+02   7.9625748E-05   1.7503323E-06   2.4973323E-02   7.2707367E+02   7.3099336E+02   0.0000000E+00   0.0000000E+00   0.0000000E+00   0.0000000E+00   0.0000000E+00
   4.1303127E+00   6.4494281E+02   6.4494281E+02   6.0812297E-05   1.3372850E-06   2.2198401E-02   6.4148453E+02   6.4494281E+02   0.0000000E+00   0.0000000E+00   0.0000000E+00   0.0000000E+00   0.0000000E+00
   4.4384663E+00   5.6884543E+02   5.6884543E+02   4.6442308E-05   1.0214758E-06   1.9513930E-02   5.6579520E+02   5.6884543E+02   0.0000000E+00   0.0000000E+00   0.0000000E+00   0.0000000E+00   0.0000000E+00
   4.7696107E+00   5.0157573E+02   5.0157573E+02   3.5459453E-05   7.8002878E-07   1.7136170E-02   4.9888621E+02   5.0157573E+02   0.0000000E+00   0.0000000E+00   0.0000000E+00   0.0000000E+00   0.0000000E+00
   5.1254610E+00   4.4213166E+02   4.4213166E+02   2.7066510E-05   5.9541655E-07   1.5178068E-02   4.3976089E+02   4.4213166E+02   0.0000000E+00   0.0000000E+00   0.0000000E+00   0.0000000E+00   0.0000000E+00
   5.5078605E+00   3.8962172E+02   3.8962172E+02   2.0654540E-05   4.5443107E-07   1.3295900E-02   3.8753251E+02   3.8962172E+02   0.0000000E+00   0.0000000E+00   0.0000000E+00   0.0000000E+00   0.0000000E+00
   5.9187900E+00   3.4325318E+02   3.4325318E+02   1.5757262E-05   3.4670365E-07   1.1748324E-02   3.4141261E+02   3.4325318E+02   0.0000000E+00   0.0000000E+00   0.0000000E+00   0.0000000E+00   0.0000000E+00
   6.3603780E+00   3.0232158E+02   3.0232158E+02   1.2017979E-05   2.6445990E-07   1.0366097E-02   3.0070049E+02   3.0232158E+02   0.0000000E+00   0.0000000E+00   0.0000000E+00   0.0000000E+00   0.0000000E+00
   6.8349120E+00   2.6620124E+02   2.6620124E+02   9.1636600E-06   2.0166436E-07   9.1530998E-03   2.6477383E+02   2.6620124E+02   0.0000000E+00   0.0000000E+00   0.0000000E+00   0.0000000E+00   0.0000000E+00
   7.3448500E+00   2.3433675E+02   2.3433675E+02   6.9873822E-06   1.5375512E-07   8.0392166E-03   2.3308020E+02   2.3433675E+02   0.0000000E+00   0.0000000E+00   0.0000000E+00   0.0000000E+00   0.0000000E+00
   7.8928333E+00   2.0623533E+02   2.0623533E+02   5.3249672E-06   1.1719883E-07   7.0614450E-03   2.0512947E+02   2.0623533E+02   0.0000000E+00   0.0000000E+00   0.0000000E+00   0.0000000E+00   0.0000000E+00
   8.4817004E+00   1.8146001E+02   1.8146001E+02   4.0568429E-06   8.9313875E-08   6.1908060E-03   1.8048700E+02   1.8146001E+02   0.0000000E+00   0.0000000E+00   0.0000000E+00   0.0000000E+00   0.0000000E+00
