#           k/h    CDM            baryon         photon         nu             mass_nu        total          no_nu          total_de       Weyl           v_CDM          v_b            v_b-v_c     
   1.0302070E-05   1.8768854E+07   1.8768854E+07   2.5015369E+07   1.7156621E+04   1.3540701E+07   1.8768895E+07   1.8768854E+07   0.0000000E+00   0.0000000E+00   0.0000000E+00   0.0000000E+00   0.0000000E+00
   1.1070685E-05   1.8768850E+07   1.8768850E+07   2.5013852E+07   1.7155952E+04   1.3540484E+07   1.8768891E+07   1.8768850E+07   0.0000000E+00   0.0000000E+00   0.0000000E+00   0.0000000E+00   0.0000000E+00
   1.1896645E-05   1.8768845E+07   1.8768845E+07   2.5012099E+07   1.7155179E+04   1.3540235E+07   1.8768885E+07   1.8768845E+07   0.0000000E+00   0.0000000E+00   0.0000000E+00   0.0000000E+00   0.0000000E+00
   1.2784228E-05   1.8768839E+07   1.8768839E+07   2.5010075E+07   1.7154287E+04   1.3539947E+07   1.8768879E+07   1.8768839E+07   0.0000000E+00   0.0000000E+00   0.0000000E+00   0.0000000E+00   0.0000000E+00
   1.3738031E-05   1.8768832E+07   1.8768832E+07   2.5007738E+07   1.7153256E+04   1.3539614E+07   1.8768872E+07   1.8768832E+07   0.0000000E+00   0.0000000E+00   0.0000000E+00   0.0000000E+00   0.0000000E+00
   1.4762996E-05   1.8768824E+07   1.8768824E+07   2.5005040E+07   1.7152066E+04   1.3539230E+07   1.8768863E+07   1.8768824E+07   0.0000000E+00   0.0000000E+00   0.0000000E+00   0.0000000E+00   0.0000000E+00
   1.5864431E-05   1.8768814E+07   1.8768814E+07   2.5001924E+07   1.7150692E+04   1.3538786E+07   1.8768854E+07   1.8768814E+07   0.0000000E+00   0.0000000E+00   0.0000000E+00   0.0000000E+00   0.0000000E+00
   1.7048042E-05   1.8768804E+07   1.8768804E+07   2.4998327E+07   1.7149106E+04   1.3538274E+07   1.8768842E+07   1.8768804E+07   0.0000000E+00   0.0000000E+00   0.0000000E+00   0.0000000E+00   0.0000000E+00
   1.8319959E-05   1.8768791E+07   1.8768791E+07   2.4994173E+07   1.7147274E+04   1.3537683E+07   1.8768830E+07   1.8768791E+07   0.0000000E+00   0.0000000E+00   0.0000000E+00   0.0000000E+00   0.0000000E+00
   1.9686771E-05   1.8768777E+07   1.8768777E+07   2.4989378E+07   1.7145159E+04   1.3537001E+07   1.8768815E+07   1.8768777E+07   0.0000000E+00   0.0000000E+00   0.0000000E+00   0.0000000E+00   0.0000000E+00
   2.1155558E-05   1.8768761E+07   1.8768761E+07   2.4983841E+07   1.7142717E+04   1.3536213E+07   1.8768797E+07   1.8768761E+07   0.0000000E+00   0.0000000E+00   0.0000000E+00   0.0000000E+00   0.0000000E+00
   2.2733929E-05   1.8768742E+07   1.8768742E+07   2.4977448E+07   1.7139897E+04   1.3535303E+07   1.8768778E+07   1.8768742E+07   0.0000000E+00   0.0000000E+00   0.0000000E+00   0.0000000E+00   0.0000000E+00
   2.4430058E-05   1.8768720E+07   1.8768720E+07   2.4970068E+07   1.7136642E+04   1.3534253E+07   1.8768755E+07   1.8768720E+07   0.0000000E+00   0.0000000E+00   0.0000000E+00   0.0000000E+00   0.0000000E+00
   2.6252731E-05   1.8768695E+07   1.8768695E+07   2.4961548E+07   1.7132884E+04   1.3533041E+07   1.8768728E+07   1.8768695E+07   0.0000000E+00   0.0000000E+00   0.0000000E+00   0.0000000E+00   0.0000000E+00
   2.8211391E-05   1.8768665E+07   1.8768665E+07   2.4951713E+07   1.7128545E+04   1.3531642E+07   1.8768697E+07   1.8768665E+07   0.0000000E+00   0.0000000E+00   0.0000000E+00   0.0000000E+00   0.0000000E+00
   3.0316181E-05   1.8768632E+07   1.8768632E+07   2.4940360E+07   1.7123536E+04   1.3530028E+07   1.8768662E+07   1.8768632E+07   0.0000000E+00   0.0000000E+00   0.0000000E+00   0.0000000E+00   0.0000000E+00
   3.2578006E-05   1.8768593E+07   1.8768593E+07   2.4927256E+07   1.7117753E+04   1.3528165E+07   1.8768621E+07   1.8768593E+07   0.0000000E+00   0.0000000E+00   0.0000000E+00   0.0000000E+00   0.0000000E+00
   3.5008580E-05   1.8768548E+07   1.8768548E+07   2.4912132E+07   1.7111079E+04   1.3526016E+07   1.8768574E+07   1.8768548E+07   0.0000000E+00   0.0000000E+00   0.0000000E+00   0.0000000E+00   0.0000000E+00
   3.7620494E-05   1.8768496E+07   1.8768496E+07   2.4894678E+07   1.7103375E+04   1.3523536E+07   1.8768520E+07   1.8768496E+07   0.0000000E+00   0.0000000E+00   0.0000000E+00   0.0000000E+00   0.0000000E+00
   4.0427277E-05   1.8768436E+07   1.8768436E+07   2.4874536E+07   1.7094483E+04   1.3520675E+07   1.8768457E+07   1.8768436E+07   0.0000000E+00   0.0000000E+00   0.0000000E+00   0.0000000E+00   0.0000000E+00
   4.3443469E-05   1.8768367E+07   1.8768367E+07   2.4851296E+07   1.7084222E+04   1.3517376E+07   1.8768385E+07   1.8768367E+07   0.0000000E+00   0.0000000E+00   0.0000000E+00   0.0000000E+00   0.0000000E+00
   4.6684692E-05   1.8768287E+07   1.8768287E+07   2.4824484E+07   1.7072381E+04   1.3513572E+07   1.8768301E+07   1.8768287E+07   0.0000000E+00   0.0000000E+00   0.0000000E+00   0.0000000E+00   0.0000000E+00
   5.0167735E-05   1.8768195E+07   1.8768195E+07   2.4793555E+07   1.7058719E+04   1.3509186E+07   1.8768204E+07   1.8768195E+07   0.0000000E+00   0.0000000E+00   0.0000000E+00   0.0000000E+00   0.0000000E+00
   5.3910641E-05   1.8768088E+07   1.8768088E+07   2.4757885E+07   1.7042957E+04   1.3504131E+07   1.8768093E+07   1.8768088E+07   0.0000000E+00   0.0000000E+00   0.0000000E+00   0.0000000E+00   0.0000000E+00
   5.7932797E-05   1.8767965E+07   1.8767965E+07   2.4716754E+07   1.7024777E+04   1.3498307E+07   1.8767964E+07   1.8767965E+07   0.0000000E+00   0.0000000E+00   0.0000000E+00   0.0000000E+00   0.0000000E+00
   6.2255037E-05   1.8767823E+07   1.8767823E+07   2.4669336E+07   1.7003809E+04   1.3491598E+07   1.8767815E+07   1.8767823E+07   0.0000000E+00   0.0000000E+00   0.0000000E+00   0.0000000E+00   0.0000000E+00
   6.6899750E-05   1.8767659E+07   1.8767659E+07   2.4614686E+07   1.6979632E+04   1.3483874E+07   1.8767643E+07   1.8767659E+07   0.0000000E+00   0.0000000E+00   0.0000000E+00   0.0000000E+00   0.0000000E+00
   7.1890995E-05   1.8767470E+07   1.8767470E+07   2.4551719E+07   1.6951761E+04   1.3474986E+07   1.8767445E+07   1.8767470E+07   0.0000000E+00   0.0000000E+00   0.0000000E+00   0.0000000E+00   0.0000000E+00
   7.7254626E-05   1.8767252E+07   1.8767252E+07   2.4479193E+07   1.6919641E+04   1.3464762E+07   1.8767217E+07   1.8767252E+07   0.0000000E+00   0.0000000E+00   0.0000000E+00   0.0000000E+00   0.0000000E+00
   8.3018426E-05   1.8767000E+07   1.8767000E+07   2.4395694E+07   1.6882634E+04   1.3453010E+07   1.8766953E+07   1.8767000E+07   0.0000000E+00   0.0000000E+00   0.0000000E+00   0.0000000E+00   0.0000000E+00
   8.9212250E-05   1.8766709E+07   1.8766709E+07   2.4299604E+07   1.6840013E+04   1.3439511E+07   1.8766648E+07   1.8766709E+07   0.0000000E+00   0.0000000E+00   0.0000000E+00   0.0000000E+00   0.0000000E+00
   9.5868182E-05   1.8766374E+07   1.8766374E+07   2.4189084E+07   1.6790947E+04   1.3424017E+07   1.8766296E+07   1.8766374E+07   0.0000000E+00   0.0000000E+00   0.0000000E+00   0.0000000E+00   0.0000000E+00
   1.0302070E-04   1.8765987E+07   1.8765987E+07   2.4062048E+07   1.6734486E+04   1.3406252E+07   1.8765891E+07   1.8765987E+07   0.0000000E+00   0.0000000E+00   0.0000000E+00   0.0000000E+00   0.0000000E+00
   1.1070685E-04   1.8765540E+07   1.8765540E+07   2.3916131E+07   1.6669554E+04   1.3385906E+07   1.8765423E+07   1.8765540E+07   0.0000000E+00   0.0000000E+00   0.0000000E+00   0.0000000E+00   0.0000000E+00
   1.1896645E-04   1.8765025E+07   1.8765025E+07   2.3748667E+07   1.6594926E+04   1.3362631E+07   1.8764883E+07   1.8765025E+07   0.0000000E+00   0.0000000E+00   0.0000000E+00   0.0000000E+00   0.0000000E+00
   1.2784228E-04   1.8764431E+07   1.8764431E+07   2.3556658E+07   1.6509217E+04   1.3336048E+07   1.8764261E+07   1.8764431E+07   0.0000000E+00   0.0000000E+00   0.0000000E+00   0.0000000E+00   0.0000000E+00
   1.3738031E-04   1.8763746E+07   1.8763746E+07   2.3336754E+07   1.6410867E+04   1.3305738E+07   1.8763543E+07   1.8763746E+07   0.0000000E+00   0.0000000E+00   0.0000000E+00   0.0000000E+00   0.0000000E+00
   1.4762996E-04   1.8762957E+07   1.8762957E+07   2.3085225E+07   1.6298120E+04   1.3271247E+07   1.8762716E+07   1.8762957E+07   0.0000000E+00   0.0000000E+00   0.0000000E+00   0.0000000E+00   0.0000000E+00
   1.5864431E-04   1.8762047E+07   1.8762047E+07   2.2797952E+07   1.6169018E+04   1.3232090E+07   1.8761762E+07   1.8762047E+07   0.0000000E+00   0.0000000E+00   0.0000000E+00   0.0000000E+00   0.0000000E+00
   1.7048042E-04   1.8760998E+07   1.8760998E+07   2.2470421E+07   1.6021380E+04   1.3187755E+07   1.8760663E+07   1.8760998E+07   0.0000000E+00   0.0000000E+00   0.0000000E+00   0.0000000E+00   0.0000000E+00
   1.8319959E-04   1.8759791E+07   1.8759791E+07   2.2097738E+07   1.5852803E+04   1.3137716E+07   1.8759398E+07   1.8759791E+07   0.0000000E+00   0.0000000E+00   0.0000000E+00   0.0000000E+00   0.0000000E+00
   1.9686771E-04   1.8758401E+07   1.8758401E+07   2.1674661E+07   1.5660654E+04   1.3081444E+07   1.8757941E+07   1.8758401E+07   0.0000000E+00   0.0000000E+00   0.0000000E+00   0.0000000E+00   0.0000000E+00
   2.1155558E-04   1.8756801E+07   1.8756801E+07   2.1195664E+07   1.5442081E+04   1.3018431E+07   1.8756264E+07   1.8756801E+07   0.0000000E+00   0.0000000E+00   0.0000000E+00   0.0000000E+00   0.0000000E+00
   2.2733929E-04   1.8754961E+07   1.8754961E+07   2.0655047E+07   1.5194035E+04   1.2948221E+07   1.8754336E+07   1.8754961E+07   0.0000000E+00   0.0000000E+00   0.0000000E+00   0.0000000E+00   0.0000000E+00
   2.4430058E-04   1.8752846E+07   1.8752846E+07   2.0047092E+07   1.4913306E+04   1.2870443E+07   1.8752119E+07   1.8752846E+07   0.0000000E+00   0.0000000E+00   0.0000000E+00   0.0000000E+00   0.0000000E+00
   2.6252731E-04   1.8750416E+07   1.8750416E+07   1.9366287E+07   1.4596588E+04   1.2784869E+07   1.8749572E+07   1.8750416E+07   0.0000000E+00   0.0000000E+00   0.0000000E+00   0.0000000E+00   0.0000000E+00
   2.8211391E-04   1.8747627E+07   1.8747627E+07   1.8607632E+07   1.4240568E+04   1.2691467E+07   1.8746649E+07   1.8747627E+07   0.0000000E+00   0.0000000E+00   0.0000000E+00   0.0000000E+00   0.0000000E+00
   3.0316181E-04   1.8744428E+07   1.8744428E+07   1.7767046E+07   1.3842059E+04   1.2590476E+07   1.8743296E+07   1.8744428E+07   0.0000000E+00   0.0000000E+00   0.0000000E+00   0.0000000E+00   0.0000000E+00
   3.2578006E-04   1.8740763E+07   1.8740763E+07   1.6841875E+07   1.3398170E+04   1.2482490E+07   1.8739453E+07   1.8740763E+07   0.0000000E+00   0.0000000E+00   0.0000000E+00   0.0000000E+00   0.0000000E+00
   3.5008580E-04   1.8736568E+07   1.8736568E+07   1.5831519E+07   1.2906538E+04   1.2368540E+07   1.8735055E+07   1.8736568E+07   0.0000000E+00   0.0000000E+00   0.0000000E+00   0.0000000E+00   0.0000000E+00
   3.7620494E-04   1.8731772E+07   1.8731772E+07   1.4738175E+07   1.2365611E+04   1.2250174E+07   1.8730027E+07   1.8731772E+07   0.0000000E+00   0.0000000E+00   0.0000000E+00   0.0000000E+00   0.0000000E+00
   4.0427277E-04   1.8726296E+07   1.8726296E+07   1.3567662E+07   1.1774990E+04   1.2129514E+07   1.8724286E+07   1.8726296E+07   0.0000000E+00   0.0000000E+00   0.0000000E+00   0.0000000E+00   0.0000000E+00
   4.3443469E-04   1.8720053E+07   1.8720053E+07   1.2330280E+07   1.1135828E+04   1.2009269E+07   1.8717740E+07   1.8720053E+07   0.0000000E+00   0.0000000E+00   0.0000000E+00   0.0000000E+00   0.0000000E+00
   4.6684692E-04   1.8712946E+07   1.8712946E+07   1.1041619E+07   1.0451261E+04   1.1892672E+07   1.8710288E+07   1.8712946E+07   0.0000000E+00   0.0000000E+00   0.0000000E+00   0.0000000E+00   0.0000000E+00
   5.0167735E-04   1.8704871E+07   1.8704871E+07   9.7231583E+06   9.7268423E+03   1.1783295E+07   1.8701820E+07   1.8704871E+07   0.0000000E+00   0.0000000E+00   0.0000000E+00   0.0000000E+00   0.0000000E+00
   5.3910641E-04   1.8695710E+07   1.8695710E+07   8.4024614E+06   8.9709197E+03   1.1684713E+07   1.8692215E+07   1.8695710E+07   0.0000000E+00   0.0000000E+00   0.0000000E+00   0.0000000E+00   0.0000000E+00
   5.7932797E-04   1.8685339E+07   1.8685339E+07   7.1126942E+06   8.1948751E+03   1.1599963E+07   1.8681340E+07   1.8685339E+07   0.0000000E+00   0.0000000E+00   0.0000000E+00   0.0000000E+00   0.0000000E+00
   6.2255037E-04   1.8673619E+07   1.8673619E+07   5.8911752E+06   7.4131162E+03   1.1530802E+07   1.8669053E+07   1.8673619E+07   0.0000000E+00   0.0000000E+00   0.0000000E+00   0.0000000E+00   0.0000000E+00
   6.6899750E-04   1.8660402E+07   1.8660402E+07   4.7766748E+06   6.6426873E+03   1.1476809E+07   1.8655199E+07   1.8660402E+07   0.0000000E+00   0.0000000E+00   0.0000000E+00   0.0000000E+00   0.0000000E+00
   7.1890995E-04   1.8645526E+07   1.8645526E+07   3.8053126E+06   5.9023679E+03   1.1434448E+07   1.8639609E+07   1.8645526E+07   0.0000000E+00   0.0000000E+00   0.0000000E+00   0.0000000E+00   0.0000000E+00
   7.7254626E-04   1.8628813E+07   1.8628813E+07   3.0051919E+06   5.2111640E+03   1.1396383E+07   1.8622101E+07   1.8628813E+07   0.0000000E+00   0.0000000E+00   0.0000000E+00   0.0000000E+00   0.0000000E+00
   8.3018426E-04   1.8610069E+07   1.8610069E+07   2.3903902E+06   4.5861936E+03   1.1351422E+07   1.8602477E+07   1.8610069E+07   0.0000000E+00   0.0000000E+00   0.0000000E+00   0.0000000E+00   0.0000000E+00
   8.9212250E-04   1.8589082E+07   1.8589082E+07   1.9555940E+06   4.0401459E+03   1.1285600E+07   1.8580520E+07   1.8589082E+07   0.0000000E+00   0.0000000E+00   0.0000000E+00   0.0000000E+00   0.0000000E+00
   9.5868182E-04   1.8565616E+07   1.8565616E+07   1.6733525E+06   3.5787457E+03   1.1184791E+07   1.8555993E+07   1.8565616E+07   0.0000000E+00   0.0000000E+00   0.0000000E+00   0.0000000E+00   0.0000000E+00
   1.0302070E-03   1.8539413E+07   1.8539413E+07   1.4962962E+06   3.1989308E+03   1.1038841E+07   1.8528638E+07   1.8539413E+07   0.0000000E+00   0.0000000E+00   0.0000000E+00   0.0000000E+00   0.0000000E+00
   1.1070685E-03   1.8510190E+07   1.8510190E+07   1.3661422E+06   2.8886391E+03   1.0846373E+07   1.8498173E+07   1.8510190E+07   0.0000000E+00   0.0000000E+00   0.0000000E+00   0.0000000E+00   0.0000000E+00
   1.1896645E-03   1.8477640E+07   1.8477640E+07   1.2292924E+06   2.6289991E+03   1.0618218E+07   1.8464298E+07   1.8477640E+07   0.0000000E+00   0.0000000E+00   0.0000000E+00   0.0000000E+00   0.0000000E+00
   1.2784228E-03   1.8441436E+07   1.8441436E+07   1.0551351E+06   2.3991034E+03   1.0376488E+07   1.8426692E+07   1.8441436E+07   0.0000000E+00   0.0000000E+00   0.0000000E+00   0.0000000E+00   0.0000000E+00
   1.3738031E-03   1.8401237E+07   1.8401237E+07   8.4886760E+05   2.1823512E+03   1.0146817E+07   1.8385027E+07   1.8401237E+07   0.0000000E+00   0.0000000E+00   0.0000000E+00   0.0000000E+00   0.0000000E+00
   1.4762996E-03   1.8356695E+07   1.8356695E+07   6.4876837E+05   1.9718835E+03   9.9445976E+06   1.8338966E+07   1.8356695E+07   0.0000000E+00   0.0000000E+00   0.0000000E+00   0.0000000E+00   0.0000000E+00
   1.5864431E-03   1.8307454E+07   1.8307454E+07   5.0272601E+05   1.7718542E+03   9.7621619E+06   1.8288168E+07   1.8307454E+07   0.0000000E+00   0.0000000E+00   0.0000000E+00   0.0000000E+00   0.0000000E+00
   1.7048042E-03   1.8253154E+07   1.8253154E+07   4.3267616E+05   1.5925122E+03   9.5690409E+06   1.8232286E+07   1.8253154E+07   0.0000000E+00   0.0000000E+00   0.0000000E+00   0.0000000E+00   0.0000000E+00
   1.8319959E-03   1.8193422E+07   1.8193422E+07   4.1222925E+05   1.4409376E+03   9.3336094E+06   1.8170959E+07   1.8193422E+07   0.0000000E+00   0.0000000E+00   0.0000000E+00   0.0000000E+00   0.0000000E+00
   1.9686771E-03   1.8127868E+07   1.8127868E+07   3.8441358E+05   1.3139467E+03   9.0554514E+06   1.8103809E+07   1.8127868E+07   0.0000000E+00   0.0000000E+00   0.0000000E+00   0.0000000E+00   0.0000000E+00
   2.1155558E-03   1.8056091E+07   1.8056091E+07   3.1561107E+05   1.2002532E+03   8.7744758E+06   1.8030435E+07   1.8056091E+07   0.0000000E+00   0.0000000E+00   0.0000000E+00   0.0000000E+00   0.0000000E+00
   2.2733929E-03   1.7977678E+07   1.7977678E+07   2.3267236E+05   1.0913290E+03   8.5302434E+06   1.7950426E+07   1.7977678E+07   0.0000000E+00   0.0000000E+00   0.0000000E+00   0.0000000E+00   0.0000000E+00
   2.4430058E-03   1.7892218E+07   1.7892218E+07   1.8665096E+05   9.8921982E+02   8.3066149E+06   1.7863366E+07   1.7892218E+07   0.0000000E+00   0.0000000E+00   0.0000000E+00   0.0000000E+00   0.0000000E+00
   2.6252731E-03   1.7799291E+07   1.7799291E+07   1.7680951E+05   9.0018509E+02   8.0489723E+06   1.7768828E+07   1.7799291E+07   0.0000000E+00   0.0000000E+00   0.0000000E+00   0.0000000E+00   0.0000000E+00
   2.8211391E-03   1.7698461E+07   1.7698461E+07   1.5423804E+05   8.2247509E+02   7.7552473E+06   1.7666372E+07   1.7698461E+07   0.0000000E+00   0.0000000E+00   0.0000000E+00   0.0000000E+00   0.0000000E+00
   3.0316181E-03   1.7589275E+07   1.7589275E+07   1.1500184E+05   7.4892964E+02   7.4807962E+06   1.7555545E+07   1.7589275E+07   0.0000000E+00   0.0000000E+00   0.0000000E+00   0.0000000E+00   0.0000000E+00
   3.2578006E-03   1.7471273E+07   1.7471273E+07   1.0147470E+05   6.7993902E+02   7.2149067E+06   1.7435890E+07   1.7471273E+07   0.0000000E+00   0.0000000E+00   0.0000000E+00   0.0000000E+00   0.0000000E+00
   3.5008580E-03   1.7343986E+07   1.7343986E+07   9.5884944E+04   6.1915135E+02   6.9042799E+06   1.7306947E+07   1.7343986E+07   0.0000000E+00   0.0000000E+00   0.0000000E+00   0.0000000E+00   0.0000000E+00
   3.7620494E-03   1.7206930E+07   1.7206930E+07   6.8706978E+04   5.6252878E+02   6.6012996E+06   1.7168238E+07   1.7206930E+07   0.0000000E+00   0.0000000E+00   0.0000000E+00   0.0000000E+00   0.0000000E+00
   4.0427277E-03   1.7059621E+07   1.7059621E+07   6.0496387E+04   5.0904433E+02   6.3179529E+06   1.7019293E+07   1.7059621E+07   0.0000000E+00   0.0000000E+00   0.0000000E+00   0.0000000E+00   0.0000000E+00
   4.3443469E-03   1.6901583E+07   1.6901583E+07   5.5282403E+04   4.6138519E+02   5.9944951E+06   1.6859652E+07   1.6901583E+07   0.0000000E+00   0.0000000E+00   0.0000000E+00   0.0000000E+00   0.0000000E+00
   4.6684692E-03   1.6732350E+07   1.6732350E+07   4.1365409E+04   4.1626619E+02   5.6975972E+06   1.6688879E+07   1.6732350E+07   0.0000000E+00   0.0000000E+00   0.0000000E+00   0.0000000E+00   0.0000000E+00
   5.0167735E-03   1.6551479E+07   1.6551479E+07   3.9712111E+04   3.7516285E+02   5.3871572E+06   1.6506552E+07   1.6551479E+07   0.0000000E+00   0.0000000E+00   0.0000000E+00   0.0000000E+00   0.0000000E+00
   5.3910641E-03   1.6358532E+07   1.6358532E+07   2.8595420E+04   3.3724898E+02   5.0931547E+06   1.6312238E+07   1.6358532E+07   0.0000000E+00   0.0000000E+00   0.0000000E+00   0.0000000E+00   0.0000000E+00
   5.7932797E-03   1.6153065E+07   1.6153065E+07   2.8502001E+04   3.0301047E+02   4.7865965E+06   1.6105477E+07   1.6153065E+07   0.0000000E+00   0.0000000E+00   0.0000000E+00   0.0000000E+00   0.0000000E+00
   6.2255037E-03   1.5934630E+07   1.5934630E+07   2.1125492E+04   2.7128030E+02   4.4944959E+06   1.5885821E+07   1.5934630E+07   0.0000000E+00   0.0000000E+00   0.0000000E+00   0.0000000E+00   0.0000000E+00
   6.6899750E-03   1.5702781E+07   1.5702781E+07   1.8340707E+04   2.4227396E+02   4.1925508E+06   1.5652866E+07   1.5702781E+07   0.0000000E+00   0.0000000E+00   0.0000000E+00   0.0000000E+00   0.0000000E+00
   7.1890995E-03   1.5457099E+07   1.5457099E+07   1.7036232E+04   2.1561797E+02   3.9118893E+06   1.5406223E+07   1.5457099E+07   0.0000000E+00   0.0000000E+00   0.0000000E+00   0.0000000E+00   0.0000000E+00
   7.7254626E-03   1.5197182E+07   1.5197182E+07   1.2597425E+04   1.9152826E+02   3.6369515E+06   1.5145478E+07   1.5197182E+07   0.0000000E+00   0.0000000E+00   0.0000000E+00   0.0000000E+00   0.0000000E+00
   8.3018426E-03   1.4922617E+07   1.4922617E+07   1.0403992E+04   1.6967959E+02   3.3610283E+06   1.4870217E+07   1.4922617E+07   0.0000000E+00   0.0000000E+00   0.0000000E+00   0.0000000E+00   0.0000000E+00
   8.9212250E-03   1.4632997E+07   1.4632997E+07   9.2249247E+03   1.4980305E+02   3.0974304E+06   1.4580056E+07   1.4632997E+07   0.0000000E+00   0.0000000E+00   0.0000000E+00   0.0000000E+00   0.0000000E+00
   9.5868182E-03   1.4327927E+07   1.4327927E+07   8.2595007E+03   1.3183400E+02   2.8465899E+06   1.4274608E+07   1.4327927E+07   0.0000000E+00   0.0000000E+00   0.0000000E+00   0.0000000E+00   0.0000000E+00
   1.0302070E-02   1.4007013E+07   1.4007013E+07   6.9719787E+03   1.1565645E+02   2.6064505E+06   1.3953483E+07   1.4007013E+07   0.0000000E+00   0.0000000E+00   0.0000000E+00   0.0000000E+00   0.0000000E+00
   1.1070685E-02   1.3669874E+07   1.3669874E+07   5.8056688E+03   1.0112036E+02   2.3755152E+06   1.3616303E+07   1.3669874E+07   0.0000000E+00   0.0000000E+00   0.0000000E+00   0.0000000E+00   0.0000000E+00
   1.1896645E-02   1.3316151E+07   1.3316151E+07   4.6733186E+03   8.8087403E+01   2.1575466E+06   1.3262728E+07   1.3316151E+07   0.0000000E+00   0.0000000E+00   0.0000000E+00   0.0000000E+00   0.0000000E+00
   1.2784228E-02   1.2945516E+07   1.2945516E+07   3.5859346E+03   7.6477536E+01   1.9518936E+06   1.2892418E+07   1.2945516E+07   0.0000000E+00   0.0000000E+00   0.0000000E+00   0.0000000E+00   0.0000000E+00
   1.3738031E-02   1.2557690E+07   1.2557690E+07   3.1115240E+03   6.6115836E+01   1.7597726E+06   1.2505106E+07   1.2557690E+07   0.0000000E+00   0.0000000E+00   0.0000000E+00   0.0000000E+00   0.0000000E+00
   1.4762996E-02   1.2152473E+07   1.2152473E+07   2.8584761E+03   5.6962511E+01   1.5754179E+06   1.2100592E+07   1.2152473E+07   0.0000000E+00   0.0000000E+00   0.0000000E+00   0.0000000E+00   0.0000000E+00
   1.5864431E-02   1.1729786E+07   1.1729786E+07   2.0605274E+03   4.8858213E+01   1.4064217E+06   1.1678798E+07   1.1729786E+07   0.0000000E+00   0.0000000E+00   0.0000000E+00   0.0000000E+00   0.0000000E+00
   1.7048042E-02   1.1289722E+07   1.1289722E+07   1.9356950E+03   4.1736543E+01   1.2474823E+06   1.1239816E+07   1.1289722E+07   0.0000000E+00   0.0000000E+00   0.0000000E+00   0.0000000E+00   0.0000000E+00
   1.8319959E-02   1.0832619E+07   1.0832619E+07   1.5738967E+03   3.5479039E+01   1.1034838E+06   1.0783981E+07   1.0832619E+07   0.0000000E+00   0.0000000E+00   0.0000000E+00   0.0000000E+00   0.0000000E+00
   1.9686771E-02   1.0359147E+07   1.0359147E+07   1.2071860E+03   3.0023328E+01   9.6935510E+05   1.0311955E+07   1.0359147E+07   0.0000000E+00   0.0000000E+00   0.0000000E+00   0.0000000E+00   0.0000000E+00
   2.1155558E-02   9.8704154E+06   9.8704154E+06   9.8053291E+02   2.5281105E+01   8.4680172E+05   9.8248431E+06   9.8704154E+06   0.0000000E+00   0.0000000E+00   0.0000000E+00   0.0000000E+00   0.0000000E+00
   2.2733923E-02   9.3681038E+06   9.3681038E+06   8.4323041E+02   2.1175857E+01   7.3564544E+05   9.3243116E+06   9.3681038E+06   0.0000000E+00   0.0000000E+00   0.0000000E+00   0.0000000E+00   0.0000000E+00
   2.4430027E-02   8.8546001E+06   8.8546001E+06   7.3099074E+02   1.7643070E+01   6.3440296E+05   8.8127319E+06   8.8546001E+06   0.0000000E+00   0.0000000E+00   0.0000000E+00   0.0000000E+00   0.0000000E+00
   2.6252573E-02   8.3331558E+06   8.3331558E+06   5.1975102E+02   1.4619077E+01   5.4431243E+05   8.2933361E+06   8.3331558E+06   0.0000000E+00   0.0000000E+00   0.0000000E+00   0.0000000E+00   0.0000000E+00
   2.8210694E-02   7.8080506E+06   7.8080506E+06   4.7477542E+02   1.2046965E+01   4.6403119E+05   7.7703772E+06   7.8080506E+06   0.0000000E+00   0.0000000E+00   0.0000000E+00   0.0000000E+00   0.0000000E+00
   3.0313504E-02   7.2847722E+06   7.2847722E+06   3.8014154E+02   9.8743482E+00   3.9370326E+05   7.2493103E+06   7.2847722E+06   0.0000000E+00   0.0000000E+00   0.0000000E+00   0.0000000E+00   0.0000000E+00
   3.2568922E-02   6.7702100E+06   6.7702100E+06   3.0622539E+02   8.0556690E+00   3.3194156E+05   6.7369847E+06   6.7702100E+06   0.0000000E+00   0.0000000E+00   0.0000000E+00   0.0000000E+00   0.0000000E+00
   3.4981189E-02   6.2728016E+06   6.2728016E+06   2.4236446E+02   6.5492237E+00   2.7837962E+05   6.2417893E+06   6.2728016E+06   0.0000000E+00   0.0000000E+00   0.0000000E+00   0.0000000E+00   0.0000000E+00
   3.7546696E-02   5.8024169E+06   5.8024169E+06   1.7441154E+02   5.3168150E+00   2.3347626E+05   5.7735380E+06   5.8024169E+06   0.0000000E+00   0.0000000E+00   0.0000000E+00   0.0000000E+00   0.0000000E+00
   4.0249022E-02   5.3695569E+06   5.3695569E+06   1.5424022E+02   4.3243850E+00   1.9549340E+05   5.3426719E+06   5.3695569E+06   0.0000000E+00   0.0000000E+00   0.0000000E+00   0.0000000E+00   0.0000000E+00
   4.3056445E-02   4.9835023E+06   4.9835023E+06   1.2881717E+02   3.5375818E+00   1.6490052E+05   4.9584175E+06   4.9835023E+06   0.0000000E+00   0.0000000E+00   0.0000000E+00   0.0000000E+00   0.0000000E+00
   4.5926258E-02   4.6497983E+06   4.6497983E+06   9.8954254E+01   2.9228112E+00   1.4017376E+05   4.6262843E+06   4.6497983E+06   0.0000000E+00   0.0000000E+00   0.0000000E+00   0.0000000E+00   0.0000000E+00
   4.8815990E-02   4.3685333E+06   4.3685333E+06   7.7517163E+01   2.4460375E+00   1.2035313E+05   4.3463525E+06   4.3685333E+06   0.0000000E+00   0.0000000E+00   0.0000000E+00   0.0000000E+00   0.0000000E+00
   5.1694614E-02   4.1346887E+06   4.1346887E+06   6.4698023E+01   2.0754505E+00   1.0453739E+05   4.1136220E+06   4.1346887E+06   0.0000000E+00   0.0000000E+00   0.0000000E+00   0.0000000E+00   0.0000000E+00
   5.4546804E-02   3.9401424E+06   3.9401424E+06   5.8001843E+01   1.7843938E+00   9.1880050E+04   3.9200063E+06   3.9401424E+06   0.0000000E+00   0.0000000E+00   0.0000000E+00   0.0000000E+00   0.0000000E+00
   5.7370357E-02   3.7758444E+06   3.7758444E+06   5.3458886E+01   1.5518035E+00   8.1645967E+04   3.7564970E+06   3.7758444E+06   0.0000000E+00   0.0000000E+00   0.0000000E+00   0.0000000E+00   0.0000000E+00
   6.0171182E-02   3.6332365E+06   3.6332365E+06   4.6504588E+01   1.3619699E+00   7.3199889E+04   3.6145766E+06   3.6332365E+06   0.0000000E+00   0.0000000E+00   0.0000000E+00   0.0000000E+00   0.0000000E+00
   6.2959075E-02   3.5048912E+06   3.5048912E+06   3.7762627E+01   1.2036968E+00   6.5931484E+04   3.4868536E+06   3.5048912E+06   0.0000000E+00   0.0000000E+00   0.0000000E+00   0.0000000E+00   0.0000000E+00
   6.5745089E-02   3.3846891E+06   3.3846891E+06   3.3521054E+01   1.0689583E+00   5.9519312E+04   3.3672379E+06   3.3846891E+06   0.0000000E+00   0.0000000E+00   0.0000000E+00   0.0000000E+00   0.0000000E+00
   6.8540193E-02   3.2678050E+06   3.2678050E+06   3.2422558E+01   9.5203747E-01   5.3928145E+04   3.2509284E+06   3.2678050E+06   0.0000000E+00   0.0000000E+00   0.0000000E+00   0.0000000E+00   0.0000000E+00
   7.1354700E-02   3.1506443E+06   3.1506443E+06   2.8594152E+01   8.4901365E-01   4.8966664E+04   3.1343482E+06   3.1506443E+06   0.0000000E+00   0.0000000E+00   0.0000000E+00   0.0000000E+00   0.0000000E+00
   7.4198097E-02   3.0307791E+06   3.0307791E+06   2.3416656E+01   7.5715651E-01   4.4368368E+04   3.0150814E+06   3.0307791E+06   0.0000000E+00   0.0000000E+00   0.0000000E+00   0.0000000E+00   0.0000000E+00
   7.7079060E-02   2.9068922E+06   2.9068922E+06   2.0095188E+01   6.7453379E-01   4.0088171E+04   2.8918170E+06   2.9068922E+06   0.0000000E+00   0.0000000E+00   0.0000000E+00   0.0000000E+00   0.0000000E+00
   8.0005552E-02   2.7787183E+06   2.7787183E+06   1.8108992E+01   5.9989199E-01   3.6156663E+04   2.7642910E+06   2.7787183E+06   0.0000000E+00   0.0000000E+00   0.0000000E+00   0.0000000E+00   0.0000000E+00
   8.2984930E-02   2.6469664E+06   2.6469664E+06   1.6191652E+01   5.3239624E-01   3.2549833E+04   2.6332082E+06   2.6469664E+06   0.0000000E+00   0.0000000E+00   0.0000000E+00   0.0000000E+00   0.0000000E+00
   8.6024062E-02   2.5132065E+06   2.5132065E+06   1.4101136E+01   4.7148115E-01   2.9252899E+04   2.5001303E+06   2.5132065E+06   0.0000000E+00   0.0000000E+00   0.0000000E+00   0.0000000E+00   0.0000000E+00
   8.9129426E-02   2.3797090E+06   2.3797090E+06   1.2505841E+01   4.1680885E-01   2.6263007E+04   2.3673158E+06   2.3797090E+06   0.0000000E+00   0.0000000E+00   0.0000000E+00   0.0000000E+00   0.0000000E+00
   9.2307198E-02   2.2492293E+06   2.2492293E+06   1.2112367E+01   3.6808698E-01   2.3527875E+04   2.2375054E+06   2.2492293E+06   0.0000000E+00   0.0000000E+00   0.0000000E+00   0.0000000E+00   0.0000000E+00
   9.5563319E-02   2.1247372E+06   2.1247372E+06   1.0269881E+01   3.2509037E-01   2.1023057E+04   2.1136530E+06   2.1247372E+06   0.0000000E+00   0.0000000E+00   0.0000000E+00   0.0000000E+00   0.0000000E+00
   9.8903562E-02   2.0091018E+06   2.0091018E+06   8.9897692E+00   2.8750769E-01   1.8908721E+04   1.9986128E+06   2.0091018E+06   0.0000000E+00   0.0000000E+00   0.0000000E+00   0.0000000E+00   0.0000000E+00
   1.0233358E-01   1.9047526E+06   1.9047526E+06   7.7962320E+00   2.5502466E-01   1.6970712E+04   1.8948012E+06   1.9047526E+06   0.0000000E+00   0.0000000E+00   0.0000000E+00   0.0000000E+00   0.0000000E+00
   1.0585893E-01   1.8133484E+06   1.8133484E+06   7.5663313E+00   2.2718477E-01   1.5355787E+04   1.8038681E+06   1.8133484E+06   0.0000000E+00   0.0000000E+00   0.0000000E+00   0.0000000E+00   0.0000000E+00
   1.0948513E-01   1.7354951E+06   1.7354951E+06   6.6754996E+00   2.0346972E-01   1.3980401E+04   1.7264160E+06   1.7354951E+06   0.0000000E+00   0.0000000E+00   0.0000000E+00   0.0000000E+00   0.0000000E+00
   1.1321769E-01   1.6705608E+06   1.6705608E+06   5.9764709E+00   1.8329090E-01   1.2790973E+04   1.6618161E+06   1.6705608E+06   0.0000000E+00   0.0000000E+00   0.0000000E+00   0.0000000E+00   0.0000000E+00
   1.1706208E-01   1.6166355E+06   1.6166355E+06   5.5136723E+00   1.6600046E-01   1.1755308E+04   1.6081683E+06   1.6166355E+06   0.0000000E+00   0.0000000E+00   0.0000000E+00   0.0000000E+00   0.0000000E+00
   1.2102382E-01   1.5706710E+06   1.5706710E+06   4.6501700E+00   1.5094764E-01   1.0847726E+04   1.5624401E+06   1.5706710E+06   0.0000000E+00   0.0000000E+00   0.0000000E+00   0.0000000E+00   0.0000000E+00
   1.2510843E-01   1.5288193E+06   1.5288193E+06   4.3107585E+00   1.3752928E-01   1.0073634E+04   1.5208037E+06   1.5288193E+06   0.0000000E+00   0.0000000E+00   0.0000000E+00   0.0000000E+00   0.0000000E+00
   1.2932150E-01   1.4869534E+06   1.4869534E+06   3.7245082E+00   1.2523658E-01   9.3091922E+03   1.4791536E+06   1.4869534E+06   0.0000000E+00   0.0000000E+00   0.0000000E+00   0.0000000E+00   0.0000000E+00
   1.3366865E-01   1.4413134E+06   1.4413134E+06   3.4991184E+00   1.1368327E-01   8.5852331E+03   1.4337495E+06   1.4413134E+06   0.0000000E+00   0.0000000E+00   0.0000000E+00   0.0000000E+00   0.0000000E+00
   1.3815555E-01   1.3891805E+06   1.3891805E+06   3.1495142E+00   1.0264298E-01   7.8823156E+03   1.3818871E+06   1.3891805E+06   0.0000000E+00   0.0000000E+00   0.0000000E+00   0.0000000E+00   0.0000000E+00
   1.4278795E-01   1.3294466E+06   1.3294466E+06   2.7159796E+00   9.2045098E-02   7.1964468E+03   1.3224640E+06   1.3294466E+06   0.0000000E+00   0.0000000E+00   0.0000000E+00   0.0000000E+00   0.0000000E+00
   1.4757165E-01   1.2629322E+06   1.2629322E+06   2.6339409E+00   8.1955630E-02   6.5244869E+03   1.2562964E+06   1.2629322E+06   0.0000000E+00   0.0000000E+00   0.0000000E+00   0.0000000E+00   0.0000000E+00
   1.5251254E-01   1.1923294E+06   1.1923294E+06   2.1375626E+00   7.2535168E-02   5.8679863E+03   1.1860624E+06   1.1923294E+06   0.0000000E+00   0.0000000E+00   0.0000000E+00   0.0000000E+00   0.0000000E+00
   1.5761656E-01   1.1217071E+06   1.1217071E+06   1.9535862E+00   6.3974049E-02   5.2617323E+03   1.1158092E+06   1.1217071E+06   0.0000000E+00   0.0000000E+00   0.0000000E+00   0.0000000E+00   0.0000000E+00
   1.6288977E-01   1.0556166E+06   1.0556166E+06   1.6919253E+00   5.6435045E-02   4.7287937E+03   1.0500645E+06   1.0556166E+06   0.0000000E+00   0.0000000E+00   0.0000000E+00   0.0000000E+00   0.0000000E+00
   1.6833830E-01   9.9796333E+05   9.9796333E+05   1.5255761E+00   4.9998565E-02   4.2786944E+03   9.9271286E+05   9.9796333E+05   0.0000000E+00   0.0000000E+00   0.0000000E+00   0.0000000E+00   0.0000000E+00
   1.7396838E-01   9.5091903E+05   9.5091903E+05   1.3732154E+00   4.4630578E-02   3.8861947E+03   9.4591464E+05   9.5091903E+05   0.0000000E+00   0.0000000E+00   0.0000000E+00   0.0000000E+00   0.0000000E+00
   1.7978635E-01   9.1421103E+05   9.1421103E+05   1.2893803E+00   4.0180591E-02   3.5756948E+03   9.0939853E+05   9.1421103E+05   0.0000000E+00   0.0000000E+00   0.0000000E+00   0.0000000E+00   0.0000000E+00
   1.8579870E-01   8.8507886E+05   8.8507886E+05   1.1632717E+00   3.6419372E-02   3.3108650E+03   8.8041853E+05   8.8507886E+05   0.0000000E+00   0.0000000E+00   0.0000000E+00   0.0000000E+00   0.0000000E+00
   1.9201203E-01   8.5902793E+05   8.5902793E+05   9.9328793E-01   3.3092245E-02   3.0748903E+03   8.5450368E+05   8.5902793E+05   0.0000000E+00   0.0000000E+00   0.0000000E+00   0.0000000E+00   0.0000000E+00
   1.9843311E-01   8.3124595E+05   8.3124595E+05   9.5282172E-01   2.9984007E-02   2.8525131E+03   8.2686702E+05   8.3124595E+05   0.0000000E+00   0.0000000E+00   0.0000000E+00   0.0000000E+00   0.0000000E+00
   2.0506893E-01   7.9826109E+05   7.9826109E+05   8.5328548E-01   2.6969755E-02   2.6264497E+03   7.9405502E+05   7.9826109E+05   0.0000000E+00   0.0000000E+00   0.0000000E+00   0.0000000E+00   0.0000000E+00
   2.1192665E-01   7.5923031E+05   7.5923031E+05   7.5810453E-01   2.4033546E-02   2.3931224E+03   7.5522909E+05   7.5923031E+05   0.0000000E+00   0.0000000E+00   0.0000000E+00   0.0000000E+00   0.0000000E+00
   2.1901372E-01   7.1627529E+05   7.1627529E+05   6.3451422E-01   2.1248573E-02   2.1687983E+03   7.1249973E+05   7.1627529E+05   0.0000000E+00   0.0000000E+00   0.0000000E+00   0.0000000E+00   0.0000000E+00
   2.2633786E-01   6.7359284E+05   6.7359284E+05   5.6382067E-01   1.8726304E-02   1.9567031E+03   6.7004162E+05   6.7359284E+05   0.0000000E+00   0.0000000E+00   0.0000000E+00   0.0000000E+00   0.0000000E+00
   2.3390715E-01   6.3559160E+05   6.3559160E+05   4.9442035E-01   1.6555606E-02   1.7756439E+03   6.3224016E+05   6.3559160E+05   0.0000000E+00   0.0000000E+00   0.0000000E+00   0.0000000E+00   0.0000000E+00
   2.4173004E-01   6.0483555E+05   6.0483555E+05   4.6368369E-01   1.4755270E-02   1.6252089E+03   6.0164577E+05   6.0483555E+05   0.0000000E+00   0.0000000E+00   0.0000000E+00   0.0000000E+00   0.0000000E+00
   2.4981547E-01   5.8081246E+05   5.8081246E+05   4.1225939E-01   1.3265980E-02   1.5033689E+03   5.7774891E+05   5.8081246E+05   0.0000000E+00   0.0000000E+00   0.0000000E+00   0.0000000E+00   0.0000000E+00
   2.5817288E-01   5.6026409E+05   5.6026409E+05   3.7497319E-01   1.1979322E-02   1.3962748E+03   5.5730851E+05   5.6026409E+05   0.0000000E+00   0.0000000E+00   0.0000000E+00   0.0000000E+00   0.0000000E+00
   2.6681234E-01   5.3903314E+05   5.3903314E+05   3.2471898E-01   1.0791155E-02   1.2956091E+03   5.3618919E+05   5.3903314E+05   0.0000000E+00   0.0000000E+00   0.0000000E+00   0.0000000E+00   0.0000000E+00
   2.7574465E-01   5.1445955E+05   5.1445955E+05   2.9067057E-01   9.6454562E-03   1.1932456E+03   5.1174490E+05   5.1445955E+05   0.0000000E+00   0.0000000E+00   0.0000000E+00   0.0000000E+00   0.0000000E+00
   2.8498138E-01   4.8687694E+05   4.8687694E+05   2.6604299E-01   8.5505368E-03   1.0905909E+03   4.8430754E+05   4.8687694E+05   0.0000000E+00   0.0000000E+00   0.0000000E+00   0.0000000E+00   0.0000000E+00
   2.9453510E-01   4.5917557E+05   4.5917557E+05   2.3084201E-01   7.5536454E-03   9.9466703E+02   4.5675208E+05   4.5917557E+05   0.0000000E+00   0.0000000E+00   0.0000000E+00   0.0000000E+00   0.0000000E+00
   3.0441942E-01   4.3463380E+05   4.3463380E+05   2.0736381E-01   6.6957676E-03   9.1034692E+02   4.3233960E+05   4.3463380E+05   0.0000000E+00   0.0000000E+00   0.0000000E+00   0.0000000E+00   0.0000000E+00
   3.1464925E-01   4.1452091E+05   4.1452091E+05   1.8219232E-01   5.9776869E-03   8.4108898E+02   4.1233266E+05   4.1452091E+05   0.0000000E+00   0.0000000E+00   0.0000000E+00   0.0000000E+00   0.0000000E+00
   3.2524093E-01   3.9729868E+05   3.9729868E+05   1.6538897E-01   5.3618242E-03   7.8102552E+02   3.9520115E+05   3.9729868E+05   0.0000000E+00   0.0000000E+00   0.0000000E+00   0.0000000E+00   0.0000000E+00
   3.3621249E-01   3.8010065E+05   3.8010065E+05   1.4523808E-01   4.8003616E-03   7.2471043E+02   3.7809374E+05   3.8010065E+05   0.0000000E+00   0.0000000E+00   0.0000000E+00   0.0000000E+00   0.0000000E+00
   3.4758389E-01   3.6125569E+05   3.6125569E+05   1.3093413E-01   4.2696701E-03   6.6901107E+02   3.5934812E+05   3.6125569E+05   0.0000000E+00   0.0000000E+00   0.0000000E+00   0.0000000E+00   0.0000000E+00
   3.5937739E-01   3.4158897E+05   3.4158897E+05   1.1477662E-01   3.7781632E-03   6.1430010E+02   3.3978510E+05   3.4158897E+05   0.0000000E+00   0.0000000E+00   0.0000000E+00   0.0000000E+00   0.0000000E+00
   3.7161788E-01   3.2327626E+05   3.2327626E+05   1.0272712E-01   3.3448248E-03   5.6507599E+02   3.2156897E+05   3.2327626E+05   0.0000000E+00   0.0000000E+00   0.0000000E+00   0.0000000E+00   0.0000000E+00
   3.8433333E-01   3.0744874E+05   3.0744874E+05   9.1126854E-02   2.9742469E-03   5.2343645E+02   3.0582492E+05   3.0744874E+05   0.0000000E+00   0.0000000E+00   0.0000000E+00   0.0000000E+00   0.0000000E+00
   3.9755540E-01   2.9312756E+05   2.9312756E+05   8.1003110E-02   2.6501853E-03   4.8620034E+02   2.9157929E+05   2.9312756E+05   0.0000000E+00   0.0000000E+00   0.0000000E+00   0.0000000E+00   0.0000000E+00
   4.1132004E-01   2.7862993E+05   2.7862993E+05   7.1746156E-02   2.3534303E-03   4.5026324E+02   2.7715814E+05   2.7862993E+05   0.0000000E+00   0.0000000E+00   0.0000000E+00   0.0000000E+00   0.0000000E+00
   4.2566835E-01   2.6364360E+05   2.6364360E+05   6.3093415E-02   2.0797465E-03   4.1571101E+02   2.6225088E+05   2.6364360E+05   0.0000000E+00   0.0000000E+00   0.0000000E+00   0.0000000E+00   0.0000000E+00
   4.4064758E-01   2.4930992E+05   2.4930992E+05   5.5728959E-02   1.8355991E-03   3.8395503E+02   2.4799285E+05   2.4930992E+05   0.0000000E+00   0.0000000E+00   0.0000000E+00   0.0000000E+00   0.0000000E+00
   4.5631243E-01   2.3635827E+05   2.3635827E+05   4.9298733E-02   1.6228798E-03   3.5564428E+02   2.3510956E+05   2.3635827E+05   0.0000000E+00   0.0000000E+00   0.0000000E+00   0.0000000E+00   0.0000000E+00
   4.7272657E-01   2.2412131E+05   2.2412131E+05   4.3567520E-02   1.4339478E-03   3.2974366E+02   2.2293719E+05   2.2412131E+05   0.0000000E+00   0.0000000E+00   0.0000000E+00   0.0000000E+00   0.0000000E+00
   4.8996473E-01   2.1182631E+05   2.1182631E+05   3.8368207E-02   1.2617274E-03   3.0497020E+02   2.1070710E+05   2.1182631E+05   0.0000000E+00   0.0000000E+00   0.0000000E+00   0.0000000E+00   0.0000000E+00
   5.0811520E-01   1.9980753E+05   1.9980753E+05   3.3730313E-02   1.1068163E-03   2.8161865E+02   1.9875177E+05   1.9980753E+05   0.0000000E+00   0.0000000E+00   0.0000000E+00   0.0000000E+00   0.0000000E+00
   5.2728312E-01   1.8857479E+05   1.8857479E+05   2.9502213E-02   9.7008405E-04   2.6040395E+02   1.8757834E+05   1.8857479E+05   0.0000000E+00   0.0000000E+00   0.0000000E+00   0.0000000E+00   0.0000000E+00
   5.4759470E-01   1.7778241E+05   1.7778241E+05   2.5818575E-02   8.4803000E-04   2.4070141E+02   1.7684295E+05   1.7778241E+05   0.0000000E+00   0.0000000E+00   0.0000000E+00   0.0000000E+00   0.0000000E+00
   5.6920267E-01   1.6711789E+05   1.6711789E+05   2.2453685E-02   7.3786027E-04   2.2193442E+02   1.6623475E+05   1.6711789E+05   0.0000000E+00   0.0000000E+00   0.0000000E+00   0.0000000E+00   0.0000000E+00
   5.9229323E-01   1.5686431E+05   1.5686431E+05   1.9456671E-02   6.3969952E-04   2.0441506E+02   1.5603533E+05   1.5686431E+05   0.0000000E+00   0.0000000E+00   0.0000000E+00   0.0000000E+00   0.0000000E+00
   6.1709507E-01   1.4698915E+05   1.4698915E+05   1.6792236E-02   5.5224537E-04   1.8810639E+02   1.4621232E+05   1.4698915E+05   0.0000000E+00   0.0000000E+00   0.0000000E+00   0.0000000E+00   0.0000000E+00
   6.4389059E-01   1.3729177E+05   1.3729177E+05   1.4404752E-02   4.7380457E-04   1.7258746E+02   1.3656617E+05   1.3729177E+05   0.0000000E+00   0.0000000E+00   0.0000000E+00   0.0000000E+00   0.0000000E+00
   6.7302961E-01   1.2788687E+05   1.2788687E+05   1.2278393E-02   4.0399199E-04   1.5800782E+02   1.2721095E+05   1.2788687E+05   0.0000000E+00   0.0000000E+00   0.0000000E+00   0.0000000E+00   0.0000000E+00
   7.0494477E-01   1.1869302E+05   1.1869302E+05   1.0385739E-02   3.4178855E-04   1.4420297E+02   1.1806568E+05   1.1869302E+05   0.0000000E+00   0.0000000E+00   0.0000000E+00   0.0000000E+00   0.0000000E+00
   7.4016627E-01   1.0969861E+05   1.0969861E+05   8.7055354E-03   2.8656351E-04   1.3109530E+02   1.0911879E+05   1.0969861E+05   0.0000000E+00   0.0000000E+00   0.0000000E+00   0.0000000E+00   0.0000000E+00
   7.7932992E-01   1.0090050E+05   1.0090050E+05   7.2215556E-03   2.3776684E-04   1.1863719E+02   1.0036717E+05   1.0090050E+05   0.0000000E+00   0.0000000E+00   0.0000000E+00   0.0000000E+00   0.0000000E+00
   8.2316708E-01   9.2303635E+04   9.2303635E+04   5.9204033E-03   1.9497334E-04   1.0684488E+02   9.1815729E+04   9.2303635E+04   0.0000000E+00   0.0000000E+00   0.0000000E+00   0.0000000E+00   0.0000000E+00
   8.7245911E-01   8.3936735E+04   8.3936735E+04   4.7944093E-03   1.5784029E-04   9.5698391E+01   8.3493044E+04   8.3936735E+04   0.0000000E+00   0.0000000E+00   0.0000000E+00   0.0000000E+00   0.0000000E+00
   9.2794268E-01   7.5863991E+04   7.5863991E+04   3.8286527E-03   1.2611898E-04   8.5238758E+01   7.5462962E+04   7.5863991E+04   0.0000000E+00   0.0000000E+00   0.0000000E+00   0.0000000E+00   0.0000000E+00
   9.9017958E-01   6.8173086E+04   6.8173086E+04   3.0218207E-03   9.9542124E-05   7.5548618E+01   6.7812705E+04   6.8173086E+04   0.0000000E+00   0.0000000E+00   0.0000000E+00   0.0000000E+00   0.0000000E+00
   1.0594570E+00   6.0962452E+04   6.0962452E+04   2.3597163E-03   7.7756553E-05   6.6708073E+01   6.0640181E+04   6.0962452E+04   0.0000000E+00   0.0000000E+00   0.0000000E+00   0.0000000E+00   0.0000000E+00
   1.1358052E+00   5.4312724E+04   5.4312724E+04   1.8290100E-03   6.0278973E-05   5.8740342E+01   5.4025601E+04   5.4312724E+04   0.0000000E+00   0.0000000E+00   0.0000000E+00   0.0000000E+00   0.0000000E+00
   1.2191439E+00   4.8267376E+04   4.8267376E+04   1.4106486E-03   4.6498436E-05   5.1658609E+01   4.8012207E+04   4.8267376E+04   0.0000000E+00   0.0000000E+00   0.0000000E+00   0.0000000E+00   0.0000000E+00
   1.3094569E+00   4.2828716E+04   4.2828716E+04   1.0849541E-03   3.5766106E-05   4.5415943E+01   4.2602296E+04   4.2828716E+04   0.0000000E+00   0.0000000E+00   0.0000000E+00   0.0000000E+00   0.0000000E+00
   1.4068904E+00   3.7966040E+04   3.7966040E+04   8.3284686E-04   2.7468139E-05   3.9927620E+01   3.7765324E+04   3.7966040E+04   0.0000000E+00   0.0000000E+00   0.0000000E+00   0.0000000E+00   0.0000000E+00
   1.5117614E+00   3.3633549E+04   3.3633549E+04   6.3925497E-04   2.1075960E-05   3.5119750E+01   3.3455736E+04   3.3633549E+04   0.0000000E+00   0.0000000E+00   0.0000000E+00   0.0000000E+00   0.0000000E+00
   1.6245211E+00   2.9780699E+04   2.9780699E+04   4.9014744E-04   1.6161994E-05   3.0900959E+01   2.9623253E+04   2.9780699E+04   0.0000000E+00   0.0000000E+00   0.0000000E+00   0.0000000E+00   0.0000000E+00
   1.7457150E+00   2.6357491E+04   2.6357491E+04   3.7575264E-04   1.2387876E-05   2.7200134E+01   2.6218142E+04   2.6357491E+04   0.0000000E+00   0.0000000E+00   0.0000000E+00   0.0000000E+00   0.0000000E+00
   1.8759571E+00   2.3318396E+04   2.3318396E+04   2.8775616E-04   9.4913832E-06   2.3949502E+01   2.3195114E+04   2.3318396E+04   0.0000000E+00   0.0000000E+00   0.0000000E+00   0.0000000E+00   0.0000000E+00
   2.0159178E+00   2.0621564E+04   2.0621564E+04   2.2034177E-04   7.2692359E-06   2.1091545E+01   2.0512539E+04   2.0621564E+04   0.0000000E+00   0.0000000E+00   0.0000000E+00   0.0000000E+00   0.0000000E+00
   2.1663209E+00   1.8229778E+04   1.8229778E+04   1.6866711E-04   5.5653215E-06   1.8577063E+01   1.8133397E+04   1.8229778E+04   0.0000000E+00   0.0000000E+00   0.0000000E+00   0.0000000E+00   0.0000000E+00
   2.3279454E+00   1.6109496E+04   1.6109496E+04   1.2906514E-04   4.2593281E-06   1.6363773E+01   1.6024325E+04   1.6109496E+04   0.0000000E+00   0.0000000E+00   0.0000000E+00   0.0000000E+00   0.0000000E+00
   2.5016284E+00   1.4230744E+04   1.4230744E+04   9.8722759E-05   3.2586482E-06   1.4416196E+01   1.4155506E+04   1.4230744E+04   0.0000000E+00   0.0000000E+00   0.0000000E+00   0.0000000E+00   0.0000000E+00
   2.6882695E+00   1.2566776E+04   1.2566776E+04   7.5454502E-05   2.4922744E-06   1.2699556E+01   1.2500335E+04   1.2566776E+04   0.0000000E+00   0.0000000E+00   0.0000000E+00   0.0000000E+00   0.0000000E+00
   2.8888354E+00   1.1093657E+04   1.1093657E+04   5.7720359E-05   1.9055158E-06   1.1188138E+01   1.1035004E+04   1.1093657E+04   0.0000000E+00   0.0000000E+00   0.0000000E+00   0.0000000E+00   0.0000000E+00
   3.1043651E+00   9.7900355E+03   9.7900355E+03   4.4107552E-05   1.4564647E-06   9.8554851E+00   9.7382749E+03   9.7900355E+03   0.0000000E+00   0.0000000E+00   0.0000000E+00   0.0000000E+00   0.0000000E+00
   3.3359751E+00   8.6368746E+03   8.6368746E+03   3.3693638E-05   1.1129250E-06   8.6806466E+00   8.5912107E+03   8.6368746E+03   0.0000000E+00   0.0000000E+00   0.0000000E+00   0.0000000E+00   0.0000000E+00
   3.5848649E+00   7.6172062E+03   7.6172062E+03   2.5734987E-05   8.5017082E-07   7.6454678E+00   7.5769333E+03   7.6172062E+03   0.0000000E+00   0.0000000E+00   0.0000000E+00   0.0000000E+00   0.0000000E+00
   3.8523239E+00   6.7159167E+03   6.7159167E+03   1.9646638E-05   6.4928604E-07   6.7327939E+00   6.6804090E+03   6.7159167E+03   0.0000000E+00   0.0000000E+00   0.0000000E+00   0.0000000E+00   0.0000000E+00
   4.1397374E+00   5.9195542E+03   5.9195542E+03   1.4987145E-05   4.9574306E-07   5.9282234E+00   5.8882568E+03   5.9195542E+03   0.0000000E+00   0.0000000E+00   0.0000000E+00   0.0000000E+00   0.0000000E+00
   4.4485943E+00   5.2161525E+03   5.2161525E+03   1.1444464E-05   3.7842043E-07   5.2192553E+00   5.1885740E+03   5.2161525E+03   0.0000000E+00   0.0000000E+00   0.0000000E+00   0.0000000E+00   0.0000000E+00
   4.7804942E+00   4.5950736E+03   4.5950736E+03   8.7295623E-06   2.8880041E-07   4.5941974E+00   4.5707789E+03   4.5950736E+03   0.0000000E+00   0.0000000E+00   0.0000000E+00   0.0000000E+00   0.0000000E+00
   5.1371565E+00   4.0468657E+03   4.0468657E+03   6.6588245E-06   2.2036200E-07   4.0432028E+00   4.0254694E+03   4.0468657E+03   0.0000000E+00   0.0000000E+00   0.0000000E+00   0.0000000E+00   0.0000000E+00
   5.5204286E+00   3.5631353E+03   3.5631353E+03   5.0742810E-06   1.6810891E-07   3.5579155E+00   3.5442966E+03   3.5631353E+03   0.0000000E+00   0.0000000E+00   0.0000000E+00   0.0000000E+00   0.0000000E+00
   5.9322958E+00   3.1364331E+03   3.1364331E+03   3.8710060E-06   1.2822460E-07   3.1302441E+00   3.1198504E+03   3.1364331E+03   0.0000000E+00   0.0000000E+00   0.0000000E+00   0.0000000E+00   0.0000000E+00
   6.3748915E+00   2.7601507E+03   2.7601507E+03   2.9487830E-06   9.7789005E-08   2.7534330E+00   2.7455574E+03   2.7601507E+03   0.0000000E+00   0.0000000E+00   0.0000000E+00   0.0000000E+00   0.0000000E+00
   6.8505083E+00   2.4284285E+03   2.4284285E+03   2.2460386E-06   7.4568320E-08   2.4215627E+00   2.4155891E+03   2.4284285E+03   0.0000000E+00   0.0000000E+00   0.0000000E+00   0.0000000E+00   0.0000000E+00
   7.3616098E+00   2.1360739E+03   2.1360739E+03   1.7113969E-06   5.6855371E-08   2.1292789E+00   2.1247801E+03   2.1360739E+03   0.0000000E+00   0.0000000E+00   0.0000000E+00   0.0000000E+00   0.0000000E+00
   7.9108436E+00   1.8784867E+03   1.8784867E+03   1.3033037E-06   4.3346926E-08   1.8719162E+00   1.8685549E+03   1.8784867E+03   0.0000000E+00   0.0000000E+00   0.0000000E+00   0.0000000E+00   0.0000000E+00
   8.5010544E+00   1.6515942E+03   1.6515942E+03   9.9245283E-07   3.3046091E-08   1.6454247E+00   1.6428619E+03   1.6515942E+03   0.0000000E+00   0.0000000E+00   0.0000000E+00   0.0000000E+00   0.0000000E+00
