#           k/h    CDM            baryon         photon         nu             mass_nu        total          no_nu          total_de       Weyl           v_CDM          v_b            v_b-v_c     
   1.0443052E-05   1.5519769E+07   1.5519769E+07   2.0685558E+07   1.2959063E+04   9.2199364E+06   1.5519809E+07   1.5519769E+07   0.0000000E+00   0.0000000E+00   0.0000000E+00   0.0000000E+00   0.0000000E+00
   1.1222186E-05   1.5519766E+07   1.5519766E+07   2.0684398E+07   1.2958597E+04   9.2198081E+06   1.5519805E+07   1.5519766E+07   0.0000000E+00   0.0000000E+00   0.0000000E+00   0.0000000E+00   0.0000000E+00
   1.2059449E-05   1.5519762E+07   1.5519762E+07   2.0683059E+07   1.2958058E+04   9.2196600E+06   1.5519801E+07   1.5519762E+07   0.0000000E+00   0.0000000E+00   0.0000000E+00   0.0000000E+00   0.0000000E+00
   1.2959178E-05   1.5519758E+07   1.5519758E+07   2.0681512E+07   1.2957437E+04   9.2194889E+06   1.5519797E+07   1.5519758E+07   0.0000000E+00   0.0000000E+00   0.0000000E+00   0.0000000E+00   0.0000000E+00
   1.3926034E-05   1.5519753E+07   1.5519753E+07   2.0679726E+07   1.2956718E+04   9.2192913E+06   1.5519791E+07   1.5519753E+07   0.0000000E+00   0.0000000E+00   0.0000000E+00   0.0000000E+00   0.0000000E+00
   1.4965025E-05   1.5519747E+07   1.5519747E+07   2.0677664E+07   1.2955889E+04   9.2190632E+06   1.5519785E+07   1.5519747E+07   0.0000000E+00   0.0000000E+00   0.0000000E+00   0.0000000E+00   0.0000000E+00
   1.6081533E-05   1.5519740E+07   1.5519740E+07   2.0675283E+07   1.2954932E+04   9.2187999E+06   1.5519778E+07   1.5519740E+07   0.0000000E+00   0.0000000E+00   0.0000000E+00   0.0000000E+00   0.0000000E+00
   1.7281342E-05   1.5519733E+07   1.5519733E+07   2.0672534E+07   1.2953827E+04   9.2184958E+06   1.5519770E+07   1.5519733E+07   0.0000000E+00   0.0000000E+00   0.0000000E+00   0.0000000E+00   0.0000000E+00
   1.8570665E-05   1.5519724E+07   1.5519724E+07   2.0669359E+07   1.2952550E+04   9.2181448E+06   1.5519761E+07   1.5519724E+07   0.0000000E+00   0.0000000E+00   0.0000000E+00   0.0000000E+00   0.0000000E+00
   1.9956182E-05   1.5519713E+07   1.5519713E+07   2.0665694E+07   1.2951076E+04   9.2177395E+06   1.5519750E+07   1.5519713E+07   0.0000000E+00   0.0000000E+00   0.0000000E+00   0.0000000E+00   0.0000000E+00
   2.1445069E-05   1.5519701E+07   1.5519701E+07   2.0661462E+07   1.2949375E+04   9.2172716E+06   1.5519737E+07   1.5519701E+07   0.0000000E+00   0.0000000E+00   0.0000000E+00   0.0000000E+00   0.0000000E+00
   2.3045039E-05   1.5519688E+07   1.5519688E+07   2.0656576E+07   1.2947410E+04   9.2167315E+06   1.5519723E+07   1.5519688E+07   0.0000000E+00   0.0000000E+00   0.0000000E+00   0.0000000E+00   0.0000000E+00
   2.4764380E-05   1.5519672E+07   1.5519672E+07   2.0650936E+07   1.2945141E+04   9.2161080E+06   1.5519706E+07   1.5519672E+07   0.0000000E+00   0.0000000E+00   0.0000000E+00   0.0000000E+00   0.0000000E+00
   2.6611996E-05   1.5519653E+07   1.5519653E+07   2.0644424E+07   1.2942522E+04   9.2153883E+06   1.5519687E+07   1.5519653E+07   0.0000000E+00   0.0000000E+00   0.0000000E+00   0.0000000E+00   0.0000000E+00
   2.8597460E-05   1.5519632E+07   1.5519632E+07   2.0636906E+07   1.2939499E+04   9.2145577E+06   1.5519665E+07   1.5519632E+07   0.0000000E+00   0.0000000E+00   0.0000000E+00   0.0000000E+00   0.0000000E+00
   3.0731054E-05   1.5519608E+07   1.5519608E+07   2.0628229E+07   1.2936008E+04   9.2135990E+06   1.5519639E+07   1.5519608E+07   0.0000000E+00   0.0000000E+00   0.0000000E+00   0.0000000E+00   0.0000000E+00
   3.3023831E-05   1.5519579E+07   1.5519579E+07   2.0618212E+07   1.2931978E+04   9.2124926E+06   1.5519609E+07   1.5519579E+07   0.0000000E+00   0.0000000E+00   0.0000000E+00   0.0000000E+00   0.0000000E+00
   3.5487668E-05   1.5519546E+07   1.5519546E+07   2.0606651E+07   1.2927326E+04   9.2112160E+06   1.5519575E+07   1.5519546E+07   0.0000000E+00   0.0000000E+00   0.0000000E+00   0.0000000E+00   0.0000000E+00
   3.8135325E-05   1.5519509E+07   1.5519509E+07   2.0593307E+07   1.2921957E+04   9.2097431E+06   1.5519535E+07   1.5519509E+07   0.0000000E+00   0.0000000E+00   0.0000000E+00   0.0000000E+00   0.0000000E+00
   4.0980519E-05   1.5519465E+07   1.5519465E+07   2.0577909E+07   1.2915760E+04   9.2080440E+06   1.5519489E+07   1.5519465E+07   0.0000000E+00   0.0000000E+00   0.0000000E+00   0.0000000E+00   0.0000000E+00
   4.4037987E-05   1.5519415E+07   1.5519415E+07   2.0560140E+07   1.2908608E+04   9.2060842E+06   1.5519437E+07   1.5519415E+07   0.0000000E+00   0.0000000E+00   0.0000000E+00   0.0000000E+00   0.0000000E+00
   4.7323565E-05   1.5519357E+07   1.5519357E+07   2.0539640E+07   1.2900354E+04   9.2038242E+06   1.5519376E+07   1.5519357E+07   0.0000000E+00   0.0000000E+00   0.0000000E+00   0.0000000E+00   0.0000000E+00
   5.0854274E-05   1.5519289E+07   1.5519289E+07   2.0515990E+07   1.2890830E+04   9.2012184E+06   1.5519305E+07   1.5519289E+07   0.0000000E+00   0.0000000E+00   0.0000000E+00   0.0000000E+00   0.0000000E+00
   5.4648401E-05   1.5519212E+07   1.5519212E+07   2.0488712E+07   1.2879842E+04   9.1982148E+06   1.5519224E+07   1.5519212E+07   0.0000000E+00   0.0000000E+00   0.0000000E+00   0.0000000E+00   0.0000000E+00
   5.8725599E-05   1.5519123E+07   1.5519123E+07   2.0457254E+07   1.2867167E+04   9.1947536E+06   1.5519130E+07   1.5519123E+07   0.0000000E+00   0.0000000E+00   0.0000000E+00   0.0000000E+00   0.0000000E+00
   6.3106989E-05   1.5519019E+07   1.5519019E+07   2.0420984E+07   1.2852547E+04   9.1907665E+06   1.5519022E+07   1.5519019E+07   0.0000000E+00   0.0000000E+00   0.0000000E+00   0.0000000E+00   0.0000000E+00
   6.7815264E-05   1.5518900E+07   1.5518900E+07   2.0379175E+07   1.2835687E+04   9.1861750E+06   1.5518897E+07   1.5518900E+07   0.0000000E+00   0.0000000E+00   0.0000000E+00   0.0000000E+00   0.0000000E+00
   7.2874813E-05   1.5518762E+07   1.5518762E+07   2.0330996E+07   1.2816249E+04   9.1808902E+06   1.5518752E+07   1.5518762E+07   0.0000000E+00   0.0000000E+00   0.0000000E+00   0.0000000E+00   0.0000000E+00
   7.8311845E-05   1.5518603E+07   1.5518603E+07   2.0275493E+07   1.2793844E+04   9.1748101E+06   1.5518586E+07   1.5518603E+07   0.0000000E+00   0.0000000E+00   0.0000000E+00   0.0000000E+00   0.0000000E+00
   8.4154522E-05   1.5518420E+07   1.5518420E+07   2.0211577E+07   1.2768026E+04   9.1678195E+06   1.5518393E+07   1.5518420E+07   0.0000000E+00   0.0000000E+00   0.0000000E+00   0.0000000E+00   0.0000000E+00
   9.0433108E-05   1.5518208E+07   1.5518208E+07   2.0138005E+07   1.2738285E+04   9.1597871E+06   1.5518171E+07   1.5518208E+07   0.0000000E+00   0.0000000E+00   0.0000000E+00   0.0000000E+00   0.0000000E+00
   9.7180126E-05   1.5517964E+07   1.5517964E+07   2.0053360E+07   1.2704039E+04   9.1505651E+06   1.5517915E+07   1.5517964E+07   0.0000000E+00   0.0000000E+00   0.0000000E+00   0.0000000E+00   0.0000000E+00
   1.0443052E-04   1.5517682E+07   1.5517682E+07   1.9956032E+07   1.2664621E+04   9.1399868E+06   1.5517619E+07   1.5517682E+07   0.0000000E+00   0.0000000E+00   0.0000000E+00   0.0000000E+00   0.0000000E+00
   1.1222186E-04   1.5517357E+07   1.5517357E+07   1.9844195E+07   1.2619276E+04   9.1278654E+06   1.5517278E+07   1.5517357E+07   0.0000000E+00   0.0000000E+00   0.0000000E+00   0.0000000E+00   0.0000000E+00
   1.2059449E-04   1.5516982E+07   1.5516982E+07   1.9715784E+07   1.2567141E+04   9.1139927E+06   1.5516885E+07   1.5516982E+07   0.0000000E+00   0.0000000E+00   0.0000000E+00   0.0000000E+00   0.0000000E+00
   1.2959178E-04   1.5516550E+07   1.5516550E+07   1.9568476E+07   1.2507240E+04   9.0981379E+06   1.5516431E+07   1.5516550E+07   0.0000000E+00   0.0000000E+00   0.0000000E+00   0.0000000E+00   0.0000000E+00
   1.3926034E-04   1.5516051E+07   1.5516051E+07   1.9399663E+07   1.2438472E+04   9.0800474E+06   1.5515908E+07   1.5516051E+07   0.0000000E+00   0.0000000E+00   0.0000000E+00   0.0000000E+00   0.0000000E+00
   1.4965025E-04   1.5515475E+07   1.5515475E+07   1.9206437E+07   1.2359596E+04   9.0594446E+06   1.5515304E+07   1.5515475E+07   0.0000000E+00   0.0000000E+00   0.0000000E+00   0.0000000E+00   0.0000000E+00
   1.6081533E-04   1.5514812E+07   1.5514812E+07   1.8985572E+07   1.2269219E+04   9.0360321E+06   1.5514609E+07   1.5514812E+07   0.0000000E+00   0.0000000E+00   0.0000000E+00   0.0000000E+00   0.0000000E+00
   1.7281342E-04   1.5514048E+07   1.5514048E+07   1.8733517E+07   1.2165793E+04   9.0094943E+06   1.5513807E+07   1.5514048E+07   0.0000000E+00   0.0000000E+00   0.0000000E+00   0.0000000E+00   0.0000000E+00
   1.8570665E-04   1.5513168E+07   1.5513168E+07   1.8446400E+07   1.2047598E+04   8.9795028E+06   1.5512884E+07   1.5513168E+07   0.0000000E+00   0.0000000E+00   0.0000000E+00   0.0000000E+00   0.0000000E+00
   1.9956182E-04   1.5512154E+07   1.5512154E+07   1.8120045E+07   1.1912744E+04   8.9457245E+06   1.5511820E+07   1.5512154E+07   0.0000000E+00   0.0000000E+00   0.0000000E+00   0.0000000E+00   0.0000000E+00
   2.1445069E-04   1.5510988E+07   1.5510988E+07   1.7750011E+07   1.1759173E+04   8.9078334E+06   1.5510596E+07   1.5510988E+07   0.0000000E+00   0.0000000E+00   0.0000000E+00   0.0000000E+00   0.0000000E+00
   2.3045039E-04   1.5509645E+07   1.5509645E+07   1.7331659E+07   1.1584667E+04   8.8655270E+06   1.5509188E+07   1.5509645E+07   0.0000000E+00   0.0000000E+00   0.0000000E+00   0.0000000E+00   0.0000000E+00
   2.4764380E-04   1.5508101E+07   1.5508101E+07   1.6860263E+07   1.1386869E+04   8.8185481E+06   1.5507568E+07   1.5508101E+07   0.0000000E+00   0.0000000E+00   0.0000000E+00   0.0000000E+00   0.0000000E+00
   2.6611996E-04   1.5506327E+07   1.5506327E+07   1.6331158E+07   1.1163323E+04   8.7667134E+06   1.5505707E+07   1.5506327E+07   0.0000000E+00   0.0000000E+00   0.0000000E+00   0.0000000E+00   0.0000000E+00
   2.8597460E-04   1.5504289E+07   1.5504289E+07   1.5739964E+07   1.0911527E+04   8.7099484E+06   1.5503569E+07   1.5504289E+07   0.0000000E+00   0.0000000E+00   0.0000000E+00   0.0000000E+00   0.0000000E+00
   3.0731054E-04   1.5501951E+07   1.5501951E+07   1.5082866E+07   1.0629018E+04   8.6483307E+06   1.5501115E+07   1.5501951E+07   0.0000000E+00   0.0000000E+00   0.0000000E+00   0.0000000E+00   0.0000000E+00
   3.3023831E-04   1.5499270E+07   1.5499270E+07   1.4356994E+07   1.0313480E+04   8.5821383E+06   1.5498302E+07   1.5499270E+07   0.0000000E+00   0.0000000E+00   0.0000000E+00   0.0000000E+00   0.0000000E+00
   3.5487668E-04   1.5496199E+07   1.5496199E+07   1.3560884E+07   9.9628977E+03   8.5119030E+06   1.5495080E+07   1.5496199E+07   0.0000000E+00   0.0000000E+00   0.0000000E+00   0.0000000E+00   0.0000000E+00
   3.8135325E-04   1.5492685E+07   1.5492685E+07   1.2695047E+07   9.5757430E+03   8.4384620E+06   1.5491393E+07   1.5492685E+07   0.0000000E+00   0.0000000E+00   0.0000000E+00   0.0000000E+00   0.0000000E+00
   4.0980519E-04   1.5488670E+07   1.5488670E+07   1.1762608E+07   9.1512127E+03   8.3629998E+06   1.5487180E+07   1.5488670E+07   0.0000000E+00   0.0000000E+00   0.0000000E+00   0.0000000E+00   0.0000000E+00
   4.4037987E-04   1.5484088E+07   1.5484088E+07   1.0770016E+07   8.6895050E+03   8.2870686E+06   1.5482372E+07   1.5484088E+07   0.0000000E+00   0.0000000E+00   0.0000000E+00   0.0000000E+00   0.0000000E+00
   4.7323565E-04   1.5478866E+07   1.5478866E+07   9.7277370E+06   8.1921322E+03   8.2125671E+06   1.5476893E+07   1.5478866E+07   0.0000000E+00   0.0000000E+00   0.0000000E+00   0.0000000E+00   0.0000000E+00
   5.0854274E-04   1.5472926E+07   1.5472926E+07   8.6508613E+06   7.6622498E+03   8.1416553E+06   1.5470659E+07   1.5472926E+07   0.0000000E+00   0.0000000E+00   0.0000000E+00   0.0000000E+00   0.0000000E+00
   5.4648401E-04   1.5466179E+07   1.5466179E+07   7.5594625E+06   7.1049691E+03   8.0765779E+06   1.5463580E+07   1.5466179E+07   0.0000000E+00   0.0000000E+00   0.0000000E+00   0.0000000E+00   0.0000000E+00
   5.8725599E-04   1.5458530E+07   1.5458530E+07   6.4785248E+06   6.5276006E+03   8.0193685E+06   1.5455556E+07   1.5458530E+07   0.0000000E+00   0.0000000E+00   0.0000000E+00   0.0000000E+00   0.0000000E+00
   6.3106989E-04   1.5449875E+07   1.5449875E+07   5.4372016E+06   5.9397585E+03   7.9714216E+06   1.5446477E+07   1.5449875E+07   0.0000000E+00   0.0000000E+00   0.0000000E+00   0.0000000E+00   0.0000000E+00
   6.7815264E-04   1.5440101E+07   1.5440101E+07   4.4671581E+06   5.3532327E+03   7.9329407E+06   1.5436227E+07   1.5440101E+07   0.0000000E+00   0.0000000E+00   0.0000000E+00   0.0000000E+00   0.0000000E+00
   7.2874813E-04   1.5429085E+07   1.5429085E+07   3.5998064E+06   4.7815280E+03   7.9023244E+06   1.5424678E+07   1.5429085E+07   0.0000000E+00   0.0000000E+00   0.0000000E+00   0.0000000E+00   0.0000000E+00
   7.8311845E-04   1.5416692E+07   1.5416692E+07   2.8623999E+06   4.2389801E+03   7.8756232E+06   1.5411692E+07   1.5416692E+07   0.0000000E+00   0.0000000E+00   0.0000000E+00   0.0000000E+00   0.0000000E+00
   8.4154522E-04   1.5402777E+07   1.5402777E+07   2.2732694E+06   3.7394035E+03   7.8462937E+06   1.5397118E+07   1.5402777E+07   0.0000000E+00   0.0000000E+00   0.0000000E+00   0.0000000E+00   0.0000000E+00
   9.0433108E-04   1.5387179E+07   1.5387179E+07   1.8369556E+06   3.2943300E+03   7.8055559E+06   1.5380794E+07   1.5387179E+07   0.0000000E+00   0.0000000E+00   0.0000000E+00   0.0000000E+00   0.0000000E+00
   9.7180126E-04   1.5369721E+07   1.5369721E+07   1.5405780E+06   2.9110544E+03   7.7436687E+06   1.5362542E+07   1.5369721E+07   0.0000000E+00   0.0000000E+00   0.0000000E+00   0.0000000E+00   0.0000000E+00
   1.0443052E-03   1.5350209E+07   1.5350209E+07   1.3532668E+06   2.5909098E+03   7.6522772E+06   1.5342168E+07   1.5350209E+07   0.0000000E+00   0.0000000E+00   0.0000000E+00   0.0000000E+00   0.0000000E+00
   1.1222186E-03   1.5328430E+07   1.5328430E+07   1.2305077E+06   2.3283881E+03   7.5275603E+06   1.5319459E+07   1.5328430E+07   0.0000000E+00   0.0000000E+00   0.0000000E+00   0.0000000E+00   0.0000000E+00
   1.2059449E-03   1.5304153E+07   1.5304153E+07   1.1242889E+06   2.1117764E+03   7.3731932E+06   1.5294188E+07   1.5304153E+07   0.0000000E+00   0.0000000E+00   0.0000000E+00   0.0000000E+00   0.0000000E+00
   1.2959178E-03   1.5277127E+07   1.5277127E+07   9.9759755E+05   1.9257406E+03   7.2013541E+06   1.5266112E+07   1.5277127E+07   0.0000000E+00   0.0000000E+00   0.0000000E+00   0.0000000E+00   0.0000000E+00
   1.3926034E-03   1.5247091E+07   1.5247091E+07   8.3834313E+05   1.7556159E+03   7.0297524E+06   1.5234976E+07   1.5247091E+07   0.0000000E+00   0.0000000E+00   0.0000000E+00   0.0000000E+00   0.0000000E+00
   1.4965025E-03   1.5213772E+07   1.5213772E+07   6.6478455E+05   1.5921144E+03   6.8738844E+06   1.5200518E+07   1.5213772E+07   0.0000000E+00   0.0000000E+00   0.0000000E+00   0.0000000E+00   0.0000000E+00
   1.6081533E-03   1.5176892E+07   1.5176892E+07   5.1519838E+05   1.4341968E+03   6.7370603E+06   1.5162469E+07   1.5176892E+07   0.0000000E+00   0.0000000E+00   0.0000000E+00   0.0000000E+00   0.0000000E+00
   1.7281342E-03   1.5136168E+07   1.5136168E+07   4.2211568E+05   1.2878653E+03   6.6051242E+06   1.5120559E+07   1.5136168E+07   0.0000000E+00   0.0000000E+00   0.0000000E+00   0.0000000E+00   0.0000000E+00
   1.8570665E-03   1.5091308E+07   1.5091308E+07   3.8517240E+05   1.1605254E+03   6.4539945E+06   1.5074505E+07   1.5091308E+07   0.0000000E+00   0.0000000E+00   0.0000000E+00   0.0000000E+00   0.0000000E+00
   1.9956182E-03   1.5042011E+07   1.5042011E+07   3.6665641E+05   1.0540763E+03   6.2703831E+06   1.5024012E+07   1.5042011E+07   0.0000000E+00   0.0000000E+00   0.0000000E+00   0.0000000E+00   0.0000000E+00
   2.1445069E-03   1.4987956E+07   1.4987956E+07   3.2332267E+05   9.6246557E+02   6.0694771E+06   1.4968764E+07   1.4987956E+07   0.0000000E+00   0.0000000E+00   0.0000000E+00   0.0000000E+00   0.0000000E+00
   2.3045039E-03   1.4928815E+07   1.4928815E+07   2.5134808E+05   8.7705763E+02   5.8842891E+06   1.4908432E+07   1.4928815E+07   0.0000000E+00   0.0000000E+00   0.0000000E+00   0.0000000E+00   0.0000000E+00
   2.4764380E-03   1.4864252E+07   1.4864252E+07   1.9066426E+05   7.9512431E+02   5.7256810E+06   1.4842676E+07   1.4864252E+07   0.0000000E+00   0.0000000E+00   0.0000000E+00   0.0000000E+00   0.0000000E+00
   2.6611996E-03   1.4793924E+07   1.4793924E+07   1.6915047E+05   7.2100022E+02   5.5620315E+06   1.4771148E+07   1.4793924E+07   0.0000000E+00   0.0000000E+00   0.0000000E+00   0.0000000E+00   0.0000000E+00
   2.8597460E-03   1.4717478E+07   1.4717478E+07   1.5950726E+05   6.5729709E+02   5.3650577E+06   1.4693493E+07   1.4717478E+07   0.0000000E+00   0.0000000E+00   0.0000000E+00   0.0000000E+00   0.0000000E+00
   3.0731054E-03   1.4634544E+07   1.4634544E+07   1.2908759E+05   5.9954649E+02   5.1607825E+06   1.4609337E+07   1.4634544E+07   0.0000000E+00   0.0000000E+00   0.0000000E+00   0.0000000E+00   0.0000000E+00
   3.3023831E-03   1.4544742E+07   1.4544742E+07   1.0160302E+05   5.4419052E+02   4.9765137E+06   1.4518304E+07   1.4544742E+07   0.0000000E+00   0.0000000E+00   0.0000000E+00   0.0000000E+00   0.0000000E+00
   3.5487668E-03   1.4447685E+07   1.4447685E+07   9.6560514E+04   4.9407733E+02   4.7769676E+06   1.4420012E+07   1.4447685E+07   0.0000000E+00   0.0000000E+00   0.0000000E+00   0.0000000E+00   0.0000000E+00
   3.8135325E-03   1.4342977E+07   1.4342977E+07   8.0211670E+04   4.4930743E+02   4.5564561E+06   1.4314070E+07   1.4342977E+07   0.0000000E+00   0.0000000E+00   0.0000000E+00   0.0000000E+00   0.0000000E+00
   4.0980519E-03   1.4230212E+07   1.4230212E+07   6.0534450E+04   4.0652228E+02   4.3596275E+06   1.4200082E+07   1.4230212E+07   0.0000000E+00   0.0000000E+00   0.0000000E+00   0.0000000E+00   0.0000000E+00
   4.4037987E-03   1.4108985E+07   1.4108985E+07   5.9845055E+04   3.6765092E+02   4.1485795E+06   1.4077655E+07   1.4108985E+07   0.0000000E+00   0.0000000E+00   0.0000000E+00   0.0000000E+00   0.0000000E+00
   4.7323565E-03   1.3978895E+07   1.3978895E+07   4.6341538E+04   3.3218854E+02   3.9291895E+06   1.3946410E+07   1.3978895E+07   0.0000000E+00   0.0000000E+00   0.0000000E+00   0.0000000E+00   0.0000000E+00
   5.0854274E-03   1.3839552E+07   1.3839552E+07   4.0934971E+04   2.9877967E+02   3.7292553E+06   1.3805972E+07   1.3839552E+07   0.0000000E+00   0.0000000E+00   0.0000000E+00   0.0000000E+00   0.0000000E+00
   5.4648401E-03   1.3690574E+07   1.3690574E+07   3.3591974E+04   2.6886874E+02   3.5143578E+06   1.3655964E+07   1.3690574E+07   0.0000000E+00   0.0000000E+00   0.0000000E+00   0.0000000E+00   0.0000000E+00
   5.8725599E-03   1.3531577E+07   1.3531577E+07   2.9847682E+04   2.4117235E+02   3.3163158E+06   1.3495990E+07   1.3531577E+07   0.0000000E+00   0.0000000E+00   0.0000000E+00   0.0000000E+00   0.0000000E+00
   6.3106989E-03   1.3362170E+07   1.3362170E+07   2.3556514E+04   2.1618997E+02   3.1030453E+06   1.3325657E+07   1.3362170E+07   0.0000000E+00   0.0000000E+00   0.0000000E+00   0.0000000E+00   0.0000000E+00
   6.7815264E-03   1.3181955E+07   1.3181955E+07   2.2028319E+04   1.9285313E+02   2.9053743E+06   1.3144597E+07   1.3181955E+07   0.0000000E+00   0.0000000E+00   0.0000000E+00   0.0000000E+00   0.0000000E+00
   7.2874813E-03   1.2990554E+07   1.2990554E+07   1.6797508E+04   1.7167542E+02   2.7098262E+06   1.2952456E+07   1.2990554E+07   0.0000000E+00   0.0000000E+00   0.0000000E+00   0.0000000E+00   0.0000000E+00
   7.8311845E-03   1.2787606E+07   1.2787606E+07   1.4613480E+04   1.5259881E+02   2.5147356E+06   1.2748867E+07   1.2787606E+07   0.0000000E+00   0.0000000E+00   0.0000000E+00   0.0000000E+00   0.0000000E+00
   8.4154522E-03   1.2572752E+07   1.2572752E+07   1.3481295E+04   1.3514534E+02   2.3307660E+06   1.2533465E+07   1.2572752E+07   0.0000000E+00   0.0000000E+00   0.0000000E+00   0.0000000E+00   0.0000000E+00
   9.0433108E-03   1.2345625E+07   1.2345625E+07   1.0844697E+04   1.1930491E+02   2.1533401E+06   1.2305901E+07   1.2345625E+07   0.0000000E+00   0.0000000E+00   0.0000000E+00   0.0000000E+00   0.0000000E+00
   9.7180126E-03   1.2105876E+07   1.2105876E+07   8.7563969E+03   1.0504355E+02   1.9805917E+06   1.2065834E+07   1.2105876E+07   0.0000000E+00   0.0000000E+00   0.0000000E+00   0.0000000E+00   0.0000000E+00
   1.0443052E-02   1.1853169E+07   1.1853169E+07   7.1294384E+03   9.2210905E+01   1.8143622E+06   1.1812929E+07   1.1853169E+07   0.0000000E+00   0.0000000E+00   0.0000000E+00   0.0000000E+00   0.0000000E+00
   1.1222186E-02   1.1587178E+07   1.1587178E+07   6.0296896E+03   8.0677456E+01   1.6556170E+06   1.1546864E+07   1.1587178E+07   0.0000000E+00   0.0000000E+00   0.0000000E+00   0.0000000E+00   0.0000000E+00
   1.2059449E-02   1.1307605E+07   1.1307605E+07   5.1430469E+03   7.0328201E+01   1.5065244E+06   1.1267351E+07   1.1307605E+07   0.0000000E+00   0.0000000E+00   0.0000000E+00   0.0000000E+00   0.0000000E+00
   1.2959178E-02   1.1014191E+07   1.1014191E+07   4.4938143E+03   6.1123455E+01   1.3646506E+06   1.0974126E+07   1.1014191E+07   0.0000000E+00   0.0000000E+00   0.0000000E+00   0.0000000E+00   0.0000000E+00
   1.3926034E-02   1.0706724E+07   1.0706724E+07   3.9646517E+03   5.2913775E+01   1.2298980E+06   1.0666982E+07   1.0706724E+07   0.0000000E+00   0.0000000E+00   0.0000000E+00   0.0000000E+00   0.0000000E+00
   1.4965025E-02   1.0385072E+07   1.0385072E+07   3.1199771E+03   4.5650583E+01   1.1038443E+06   1.0345792E+07   1.0385072E+07   0.0000000E+00   0.0000000E+00   0.0000000E+00   0.0000000E+00   0.0000000E+00
   1.6081533E-02   1.0049216E+07   1.0049216E+07   2.5743402E+03   3.9215024E+01   9.8868395E+05   1.0010532E+07   1.0049216E+07   0.0000000E+00   0.0000000E+00   0.0000000E+00   0.0000000E+00   0.0000000E+00
   1.7281342E-02   9.6992898E+06   9.6992898E+06   2.2382173E+03   3.3564630E+01   8.7902484E+05   9.6613383E+06   9.6992898E+06   0.0000000E+00   0.0000000E+00   0.0000000E+00   0.0000000E+00   0.0000000E+00
   1.8570665E-02   9.3356383E+06   9.3356383E+06   1.8320412E+03   2.8596282E+01   7.7994831E+05   9.2985515E+06   9.3356383E+06   0.0000000E+00   0.0000000E+00   0.0000000E+00   0.0000000E+00   0.0000000E+00
   1.9956182E-02   8.9588870E+06   8.9588870E+06   1.4383086E+03   2.4265500E+01   6.8722979E+05   8.9227922E+06   8.9588870E+06   0.0000000E+00   0.0000000E+00   0.0000000E+00   0.0000000E+00   0.0000000E+00
   2.1445067E-02   8.5700213E+06   8.5700213E+06   1.2055921E+03   2.0497347E+01   6.0265876E+05   8.5350413E+06   8.5700213E+06   0.0000000E+00   0.0000000E+00   0.0000000E+00   0.0000000E+00   0.0000000E+00
   2.3045025E-02   8.1704820E+06   8.1704820E+06   9.8780485E+02   1.7232307E+01   5.2610207E+05   8.1367298E+06   8.1704820E+06   0.0000000E+00   0.0000000E+00   0.0000000E+00   0.0000000E+00   0.0000000E+00
   2.4764300E-02   7.7622676E+06   7.7622676E+06   8.0215201E+02   1.4418704E+01   4.5717491E+05   7.7298444E+06   7.7622676E+06   0.0000000E+00   0.0000000E+00   0.0000000E+00   0.0000000E+00   0.0000000E+00
   2.6611623E-02   7.3480459E+06   7.3480459E+06   7.0928303E+02   1.2008291E+01   3.9502442E+05   7.3170387E+06   7.3480459E+06   0.0000000E+00   0.0000000E+00   0.0000000E+00   0.0000000E+00   0.0000000E+00
   2.8595945E-02   6.9312806E+06   6.9312806E+06   5.3806653E+02   9.9551485E+00   3.3922863E+05   6.9017574E+06   6.9312806E+06   0.0000000E+00   0.0000000E+00   0.0000000E+00   0.0000000E+00   0.0000000E+00
   3.0725648E-02   6.5163818E+06   6.5163818E+06   4.6846368E+02   8.2175974E+00   2.9015559E+05   6.4883873E+06   6.5163818E+06   0.0000000E+00   0.0000000E+00   0.0000000E+00   0.0000000E+00   0.0000000E+00
   3.3006728E-02   6.1088718E+06   6.1088718E+06   3.8428624E+02   6.7591487E+00   2.4736753E+05   6.0824224E+06   6.1088718E+06   0.0000000E+00   0.0000000E+00   0.0000000E+00   0.0000000E+00   0.0000000E+00
   3.5439415E-02   5.7154784E+06   5.7154784E+06   3.0873120E+02   5.5483459E+00   2.1015903E+05   5.6905563E+06   5.7154784E+06   0.0000000E+00   0.0000000E+00   0.0000000E+00   0.0000000E+00   0.0000000E+00
   3.8013430E-02   5.3439039E+06   5.3439039E+06   2.3344196E+02   4.5552633E+00   1.7854835E+05   5.3204531E+06   5.3439039E+06   0.0000000E+00   0.0000000E+00   0.0000000E+00   0.0000000E+00   0.0000000E+00
   4.0704037E-02   5.0019032E+06   5.0019032E+06   1.9930605E+02   3.7526300E+00   1.5232377E+05   4.9798283E+06   5.0019032E+06   0.0000000E+00   0.0000000E+00   0.0000000E+00   0.0000000E+00   0.0000000E+00
   4.3473121E-02   4.6955743E+06   4.6955743E+06   1.5971323E+02   3.1130504E+00   1.3023009E+05   4.6747475E+06   4.6955743E+06   0.0000000E+00   0.0000000E+00   0.0000000E+00   0.0000000E+00   0.0000000E+00
   4.6277790E-02   4.4275770E+06   4.4275770E+06   1.3829103E+02   2.6078363E+00   1.1271004E+05   4.4078534E+06   4.4275770E+06   0.0000000E+00   0.0000000E+00   0.0000000E+00   0.0000000E+00   0.0000000E+00
   4.9082327E-02   4.1965013E+06   4.1965013E+06   1.0927513E+02   2.2101273E+00   9.8199063E+04   4.1777367E+06   4.1965013E+06   0.0000000E+00   0.0000000E+00   0.0000000E+00   0.0000000E+00   0.0000000E+00
   5.1865539E-02   3.9977890E+06   3.9977890E+06   9.9601107E+01   1.8948764E+00   8.6622239E+04   3.9798547E+06   3.9977890E+06   0.0000000E+00   0.0000000E+00   0.0000000E+00   0.0000000E+00   0.0000000E+00
   5.4620568E-02   3.8253682E+06   3.8253682E+06   8.1531735E+01   1.6417837E+00   7.6947964E+04   3.8081588E+06   3.8253682E+06   0.0000000E+00   0.0000000E+00   0.0000000E+00   0.0000000E+00   0.0000000E+00
   5.7350480E-02   3.6730090E+06   3.6730090E+06   7.2691474E+01   1.4351074E+00   6.9031957E+04   3.6564439E+06   3.6730090E+06   0.0000000E+00   0.0000000E+00   0.0000000E+00   0.0000000E+00   0.0000000E+00
   6.0063631E-02   3.5350725E+06   3.5350725E+06   6.4240598E+01   1.2634217E+00   6.2131782E+04   3.5190945E+06   3.5350725E+06   0.0000000E+00   0.0000000E+00   0.0000000E+00   0.0000000E+00   0.0000000E+00
   6.2770472E-02   3.4068004E+06   3.4068004E+06   5.4554309E+01   1.1181395E+00   5.6325103E+04   3.3913721E+06   3.4068004E+06   0.0000000E+00   0.0000000E+00   0.0000000E+00   0.0000000E+00   0.0000000E+00
   6.5481799E-02   3.2843703E+06   3.2843703E+06   5.1361319E+01   9.9325905E-01   5.1082504E+04   3.2694702E+06   3.2843703E+06   0.0000000E+00   0.0000000E+00   0.0000000E+00   0.0000000E+00   0.0000000E+00
   6.8207932E-02   3.1648640E+06   3.1648640E+06   4.2084596E+01   8.8441717E-01   4.6499521E+04   3.1504831E+06   3.1648640E+06   0.0000000E+00   0.0000000E+00   0.0000000E+00   0.0000000E+00   0.0000000E+00
   7.0958429E-02   3.0462153E+06   3.0462153E+06   4.0940801E+01   7.8851534E-01   4.2308946E+04   3.0323535E+06   3.0462153E+06   0.0000000E+00   0.0000000E+00   0.0000000E+00   0.0000000E+00   0.0000000E+00
   7.3742037E-02   2.9271588E+06   2.9271588E+06   3.3126351E+01   7.0325383E-01   3.8535816E+04   2.9138210E+06   2.9271588E+06   0.0000000E+00   0.0000000E+00   0.0000000E+00   0.0000000E+00   0.0000000E+00
   7.6566769E-02   2.8071772E+06   2.8071772E+06   3.2025533E+01   6.2704296E-01   3.5014082E+04   2.7943703E+06   2.8071772E+06   0.0000000E+00   0.0000000E+00   0.0000000E+00   0.0000000E+00   0.0000000E+00
   7.9440003E-02   2.6864402E+06   2.6864402E+06   2.7565431E+01   5.5871712E-01   3.1900299E+04   2.6741702E+06   2.6864402E+06   0.0000000E+00   0.0000000E+00   0.0000000E+00   0.0000000E+00   0.0000000E+00
   8.2368597E-02   2.5657243E+06   2.5657243E+06   2.3243171E+01   4.9745704E-01   2.8928672E+04   2.5539933E+06   2.5657243E+06   0.0000000E+00   0.0000000E+00   0.0000000E+00   0.0000000E+00   0.0000000E+00
   8.5358993E-02   2.4463040E+06   2.4463040E+06   2.1645699E+01   4.4259857E-01   2.6233820E+04   2.4351080E+06   2.4463040E+06   0.0000000E+00   0.0000000E+00   0.0000000E+00   0.0000000E+00   0.0000000E+00
   8.8417304E-02   2.3298098E+06   2.3298098E+06   1.9784428E+01   3.9367272E-01   2.3819849E+04   2.3191372E+06   2.3298098E+06   0.0000000E+00   0.0000000E+00   0.0000000E+00   0.0000000E+00   0.0000000E+00
   9.1549390E-02   2.2180518E+06   2.2180518E+06   1.7613069E+01   3.5025059E-01   2.1636644E+04   2.2078824E+06   2.2180518E+06   0.0000000E+00   0.0000000E+00   0.0000000E+00   0.0000000E+00   0.0000000E+00
   9.4760924E-02   2.1128149E+06   2.1128149E+06   1.5653735E+01   3.1194836E-01   1.9670906E+04   2.1031203E+06   2.1128149E+06   0.0000000E+00   0.0000000E+00   0.0000000E+00   0.0000000E+00   0.0000000E+00
   9.8057437E-02   2.0156377E+06   2.0156377E+06   1.3592832E+01   2.7835922E-01   1.7911473E+04   2.0063820E+06   2.0156377E+06   0.0000000E+00   0.0000000E+00   0.0000000E+00   0.0000000E+00   0.0000000E+00
   1.0144437E-01   1.9275945E+06   1.9275945E+06   1.1565892E+01   2.4905087E-01   1.6393507E+04   1.9187367E+06   1.9275945E+06   0.0000000E+00   0.0000000E+00   0.0000000E+00   0.0000000E+00   0.0000000E+00
   1.0492710E-01   1.8491074E+06   1.8491074E+06   1.1229206E+01   2.2355332E-01   1.5047547E+04   1.8406047E+06   1.8491074E+06   0.0000000E+00   0.0000000E+00   0.0000000E+00   0.0000000E+00   0.0000000E+00
   1.0851097E-01   1.7798186E+06   1.7798186E+06   9.3107407E+00   2.0137225E-01   1.3856124E+04   1.7716293E+06   1.7798186E+06   0.0000000E+00   0.0000000E+00   0.0000000E+00   0.0000000E+00   0.0000000E+00
   1.1220132E-01   1.7185526E+06   1.7185526E+06   8.9713334E+00   1.8198172E-01   1.2804571E+04   1.7106406E+06   1.7185526E+06   0.0000000E+00   0.0000000E+00   0.0000000E+00   0.0000000E+00   0.0000000E+00
   1.1600349E-01   1.6633944E+06   1.6633944E+06   8.2609096E+00   1.6487095E-01   1.1892786E+04   1.6557321E+06   1.6633944E+06   0.0000000E+00   0.0000000E+00   0.0000000E+00   0.0000000E+00   0.0000000E+00
   1.1992284E-01   1.6118941E+06   1.6118941E+06   7.4586364E+00   1.4956559E-01   1.1055449E+04   1.6044650E+06   1.6118941E+06   0.0000000E+00   0.0000000E+00   0.0000000E+00   0.0000000E+00   0.0000000E+00
   1.2396477E-01   1.5613906E+06   1.5613906E+06   6.7183773E+00   1.3565536E-01   1.0270867E+04   1.5541908E+06   1.5613906E+06   0.0000000E+00   0.0000000E+00   0.0000000E+00   0.0000000E+00   0.0000000E+00
   1.2813474E-01   1.5094211E+06   1.5094211E+06   5.8415283E+00   1.2281644E-01   9.5335043E+03   1.5024576E+06   1.5094211E+06   0.0000000E+00   0.0000000E+00   0.0000000E+00   0.0000000E+00   0.0000000E+00
   1.3243823E-01   1.4541529E+06   1.4541529E+06   5.2742675E+00   1.1083547E-01   8.8402241E+03   1.4474414E+06   1.4541529E+06   0.0000000E+00   0.0000000E+00   0.0000000E+00   0.0000000E+00   0.0000000E+00
   1.3688080E-01   1.3947566E+06   1.3947566E+06   4.7092053E+00   9.9608191E-02   8.1404288E+03   1.3883166E+06   1.3947566E+06   0.0000000E+00   0.0000000E+00   0.0000000E+00   0.0000000E+00   0.0000000E+00
   1.4146806E-01   1.3316254E+06   1.3316254E+06   4.3634655E+00   8.9123188E-02   7.4805481E+03   1.3254745E+06   1.3316254E+06   0.0000000E+00   0.0000000E+00   0.0000000E+00   0.0000000E+00   0.0000000E+00
   1.4620570E-01   1.2663598E+06   1.2663598E+06   3.8760515E+00   7.9439702E-02   6.8510189E+03   1.2605082E+06   1.2663598E+06   0.0000000E+00   0.0000000E+00   0.0000000E+00   0.0000000E+00   0.0000000E+00
   1.5109947E-01   1.2014738E+06   1.2014738E+06   3.3070878E+00   7.0645828E-02   6.2650323E+03   1.1959200E+06   1.2014738E+06   0.0000000E+00   0.0000000E+00   0.0000000E+00   0.0000000E+00   0.0000000E+00
   1.5615522E-01   1.1398431E+06   1.1398431E+06   3.0142432E+00   6.2816103E-02   5.7417040E+03   1.1345724E+06   1.1398431E+06   0.0000000E+00   0.0000000E+00   0.0000000E+00   0.0000000E+00   0.0000000E+00
   1.6137886E-01   1.0839940E+06   1.0839940E+06   2.6143833E+00   5.5978842E-02   5.2631905E+03   1.0789800E+06   1.0839940E+06   0.0000000E+00   0.0000000E+00   0.0000000E+00   0.0000000E+00   0.0000000E+00
   1.6677641E-01   1.0354049E+06   1.0354049E+06   2.4196201E+00   5.0091839E-02   4.8556829E+03   1.0306142E+06   1.0354049E+06   0.0000000E+00   0.0000000E+00   0.0000000E+00   0.0000000E+00   0.0000000E+00
   1.7235399E-01   9.9403125E+05   9.9403125E+05   2.1704605E+00   4.5039942E-02   4.5056392E+03   9.8943072E+05   9.9403125E+05   0.0000000E+00   0.0000000E+00   0.0000000E+00   0.0000000E+00   0.0000000E+00
   1.7811785E-01   9.5824321E+05   9.5824321E+05   1.8843507E+00   4.0657316E-02   4.2050173E+03   9.5380715E+05   9.5824321E+05   0.0000000E+00   0.0000000E+00   0.0000000E+00   0.0000000E+00   0.0000000E+00
   1.8407434E-01   9.2526430E+05   9.2526430E+05   1.7914002E+00   3.6760110E-02   3.9305755E+03   9.2097984E+05   9.2526430E+05   0.0000000E+00   0.0000000E+00   0.0000000E+00   0.0000000E+00   0.0000000E+00
   1.9022999E-01   8.9203868E+05   8.9203868E+05   1.6047866E+00   3.3187916E-02   3.6750974E+03   8.8790710E+05   8.9203868E+05   0.0000000E+00   0.0000000E+00   0.0000000E+00   0.0000000E+00   0.0000000E+00
   1.9659148E-01   8.5627166E+05   8.5627166E+05   1.4466878E+00   2.9838771E-02   3.4204590E+03   8.5230485E+05   8.5627166E+05   0.0000000E+00   0.0000000E+00   0.0000000E+00   0.0000000E+00   0.0000000E+00
   2.0316571E-01   8.1726444E+05   8.1726444E+05   1.2765679E+00   2.6681028E-02   3.1667686E+03   8.1347755E+05   8.1726444E+05   0.0000000E+00   0.0000000E+00   0.0000000E+00   0.0000000E+00   0.0000000E+00
   2.0995979E-01   7.7617390E+05   7.7617390E+05   1.1276837E+00   2.3742910E-02   2.9248895E+03   7.7257669E+05   7.7617390E+05   0.0000000E+00   0.0000000E+00   0.0000000E+00   0.0000000E+00   0.0000000E+00
   2.1698112E-01   7.3551241E+05   7.3551241E+05   9.9044973E-01   2.1081553E-02   2.6946820E+03   7.3210301E+05   7.3551241E+05   0.0000000E+00   0.0000000E+00   0.0000000E+00   0.0000000E+00   0.0000000E+00
   2.2423739E-01   6.9802472E+05   6.9802472E+05   9.0050682E-01   1.8743682E-02   2.4884581E+03   6.9478853E+05   6.9802472E+05   0.0000000E+00   0.0000000E+00   0.0000000E+00   0.0000000E+00   0.0000000E+00
   2.3173665E-01   6.6540926E+05   6.6540926E+05   7.8266727E-01   1.6735445E-02   2.3090178E+03   6.6232376E+05   6.6540926E+05   0.0000000E+00   0.0000000E+00   0.0000000E+00   0.0000000E+00   0.0000000E+00
   2.3948740E-01   6.3750960E+05   6.3750960E+05   7.1694251E-01   1.5013813E-02   2.1565700E+03   6.3455302E+05   6.3750960E+05   0.0000000E+00   0.0000000E+00   0.0000000E+00   0.0000000E+00   0.0000000E+00
   2.4749860E-01   6.1244450E+05   6.1244450E+05   6.3995079E-01   1.3504638E-02   2.0210492E+03   6.0960374E+05   6.1244450E+05   0.0000000E+00   0.0000000E+00   0.0000000E+00   0.0000000E+00   0.0000000E+00
   2.5577977E-01   5.8767854E+05   5.8767854E+05   5.7548869E-01   1.2133782E-02   1.8952977E+03   5.8495227E+05   5.8767854E+05   0.0000000E+00   0.0000000E+00   0.0000000E+00   0.0000000E+00   0.0000000E+00
   2.6434109E-01   5.6147282E+05   5.6147282E+05   5.1000641E-01   1.0856571E-02   1.7696544E+03   5.5886778E+05   5.6147282E+05   0.0000000E+00   0.0000000E+00   0.0000000E+00   0.0000000E+00   0.0000000E+00
   2.7319350E-01   5.3384583E+05   5.3384583E+05   4.5998167E-01   9.6684645E-03   1.6454903E+03   5.3136867E+05   5.3384583E+05   0.0000000E+00   0.0000000E+00   0.0000000E+00   0.0000000E+00   0.0000000E+00
   2.8234878E-01   5.0639898E+05   5.0639898E+05   4.0410332E-01   8.5900312E-03   1.5272998E+03   5.0404891E+05   5.0639898E+05   0.0000000E+00   0.0000000E+00   0.0000000E+00   0.0000000E+00   0.0000000E+00
   2.9181973E-01   4.8108308E+05   4.8108308E+05   3.5896629E-01   7.6419429E-03   1.4217612E+03   4.7885025E+05   4.8108308E+05   0.0000000E+00   0.0000000E+00   0.0000000E+00   0.0000000E+00   0.0000000E+00
   3.0162029E-01   4.5876287E+05   4.5876287E+05   3.2358932E-01   6.8223546E-03   1.3298524E+03   4.5663341E+05   4.5876287E+05   0.0000000E+00   0.0000000E+00   0.0000000E+00   0.0000000E+00   0.0000000E+00
   3.1176574E-01   4.3866180E+05   4.3866180E+05   2.8728694E-01   6.1059511E-03   1.2475231E+03   4.3662545E+05   4.3866180E+05   0.0000000E+00   0.0000000E+00   0.0000000E+00   0.0000000E+00   0.0000000E+00
   3.2227290E-01   4.1913404E+05   4.1913404E+05   2.5928126E-01   5.4602209E-03   1.1705911E+03   4.1718816E+05   4.1913404E+05   0.0000000E+00   0.0000000E+00   0.0000000E+00   0.0000000E+00   0.0000000E+00
   3.3316035E-01   3.9910723E+05   3.9910723E+05   2.2949398E-01   4.8660509E-03   1.0953721E+03   3.9725417E+05   3.9910723E+05   0.0000000E+00   0.0000000E+00   0.0000000E+00   0.0000000E+00   0.0000000E+00
   3.4444876E-01   3.7890645E+05   3.7890645E+05   2.0514453E-01   4.3230969E-03   1.0223960E+03   3.7714704E+05   3.7890645E+05   0.0000000E+00   0.0000000E+00   0.0000000E+00   0.0000000E+00   0.0000000E+00
   3.5616121E-01   3.5970662E+05   3.5970662E+05   1.8125576E-01   3.8394112E-03   9.5563526E+02   3.5803623E+05   3.5970662E+05   0.0000000E+00   0.0000000E+00   0.0000000E+00   0.0000000E+00   0.0000000E+00
   3.6832358E-01   3.4220874E+05   3.4220874E+05   1.6138710E-01   3.4157067E-03   8.9469786E+02   3.4061950E+05   3.4220874E+05   0.0000000E+00   0.0000000E+00   0.0000000E+00   0.0000000E+00   0.0000000E+00
   3.8096510E-01   3.2596055E+05   3.2596055E+05   1.4351640E-01   3.0413144E-03   8.3999322E+02   3.2444665E+05   3.2596055E+05   0.0000000E+00   0.0000000E+00   0.0000000E+00   0.0000000E+00   0.0000000E+00
   3.9411888E-01   3.1002932E+05   3.1002932E+05   1.2766591E-01   2.7030890E-03   7.8761948E+02   3.0858933E+05   3.1002932E+05   0.0000000E+00   0.0000000E+00   0.0000000E+00   0.0000000E+00   0.0000000E+00
   4.0782269E-01   2.9413883E+05   2.9413883E+05   1.1304802E-01   2.3955072E-03   7.3720340E+02   2.9277256E+05   2.9413883E+05   0.0000000E+00   0.0000000E+00   0.0000000E+00   0.0000000E+00   0.0000000E+00
   4.2211984E-01   2.7882472E+05   2.7882472E+05   9.9902415E-02   2.1199953E-03   6.8973125E+02   2.7752951E+05   2.7882472E+05   0.0000000E+00   0.0000000E+00   0.0000000E+00   0.0000000E+00   0.0000000E+00
   4.3706033E-01   2.6450648E+05   2.6450648E+05   8.8508682E-02   1.8760908E-03   6.4626688E+02   2.6327771E+05   2.6450648E+05   0.0000000E+00   0.0000000E+00   0.0000000E+00   0.0000000E+00   0.0000000E+00
   4.5270221E-01   2.5089161E+05   2.5089161E+05   7.8301605E-02   1.6588063E-03   6.0584358E+02   2.4972603E+05   2.5089161E+05   0.0000000E+00   0.0000000E+00   0.0000000E+00   0.0000000E+00   0.0000000E+00
   4.6911340E-01   2.3754491E+05   2.3754491E+05   6.8943528E-02   1.4627493E-03   5.6713569E+02   2.3644128E+05   2.3754491E+05   0.0000000E+00   0.0000000E+00   0.0000000E+00   0.0000000E+00   0.0000000E+00
   4.8637391E-01   2.2455592E+05   2.2455592E+05   6.0601406E-02   1.2865095E-03   5.3021924E+02   2.2351259E+05   2.2455592E+05   0.0000000E+00   0.0000000E+00   0.0000000E+00   0.0000000E+00   0.0000000E+00
   5.0457871E-01   2.1217804E+05   2.1217804E+05   5.3194412E-02   1.1295495E-03   4.9576592E+02   2.1119218E+05   2.1217804E+05   0.0000000E+00   0.0000000E+00   0.0000000E+00   0.0000000E+00   0.0000000E+00
   5.2384142E-01   2.0027412E+05   2.0027412E+05   4.6622505E-02   9.8929342E-04   4.6327259E+02   1.9934353E+05   2.0027412E+05   0.0000000E+00   0.0000000E+00   0.0000000E+00   0.0000000E+00   0.0000000E+00
   5.4429906E-01   1.8865129E+05   1.8865129E+05   4.0676304E-02   8.6323556E-04   4.3210561E+02   1.8777467E+05   1.8865129E+05   0.0000000E+00   0.0000000E+00   0.0000000E+00   0.0000000E+00   0.0000000E+00
   5.6611821E-01   1.7739985E+05   1.7739985E+05   3.5334604E-02   7.5043709E-04   4.0264060E+02   1.7657548E+05   1.7739985E+05   0.0000000E+00   0.0000000E+00   0.0000000E+00   0.0000000E+00   0.0000000E+00
   5.8950285E-01   1.6652035E+05   1.6652035E+05   3.0591371E-02   6.4967312E-04   3.7454256E+02   1.6574651E+05   1.6652035E+05   0.0000000E+00   0.0000000E+00   0.0000000E+00   0.0000000E+00   0.0000000E+00
   6.1470435E-01   1.5589563E+05   1.5589563E+05   2.6340929E-02   5.5942299E-04   3.4759787E+02   1.5517114E+05   1.5589563E+05   0.0000000E+00   0.0000000E+00   0.0000000E+00   0.0000000E+00   0.0000000E+00
   6.4203383E-01   1.4554589E+05   1.4554589E+05   2.2538711E-02   4.7878830E-04   3.2184160E+02   1.4486947E+05   1.4554589E+05   0.0000000E+00   0.0000000E+00   0.0000000E+00   0.0000000E+00   0.0000000E+00
   6.7187661E-01   1.3543632E+05   1.3543632E+05   1.9148660E-02   4.0686276E-04   2.9705583E+02   1.3480686E+05   1.3543632E+05   0.0000000E+00   0.0000000E+00   0.0000000E+00   0.0000000E+00   0.0000000E+00
   7.0470722E-01   1.2553391E+05   1.2553391E+05   1.6133495E-02   3.4281755E-04   2.7319108E+02   1.2495046E+05   1.2553391E+05   0.0000000E+00   0.0000000E+00   0.0000000E+00   0.0000000E+00   0.0000000E+00
   7.4110097E-01   1.1583458E+05   1.1583458E+05   1.3459436E-02   2.8604731E-04   2.5017240E+02   1.1529619E+05   1.1583458E+05   0.0000000E+00   0.0000000E+00   0.0000000E+00   0.0000000E+00   0.0000000E+00
   7.8173318E-01   1.0633258E+05   1.0633258E+05   1.1103592E-02   2.3601259E-04   2.2797128E+02   1.0583835E+05   1.0633258E+05   0.0000000E+00   0.0000000E+00   0.0000000E+00   0.0000000E+00   0.0000000E+00
   8.2735138E-01   9.7051712E+04   9.7051712E+04   9.0469303E-03   1.9232445E-04   2.0661486E+02   9.6600604E+04   9.7051712E+04   0.0000000E+00   0.0000000E+00   0.0000000E+00   0.0000000E+00   0.0000000E+00
   8.7870361E-01   8.8045779E+04   8.8045779E+04   7.2809787E-03   1.5468870E-04   1.8618274E+02   8.7636521E+04   8.8045779E+04   0.0000000E+00   0.0000000E+00   0.0000000E+00   0.0000000E+00   0.0000000E+00
   9.3642153E-01   7.9401559E+04   7.9401559E+04   5.7798168E-03   1.2284169E-04   1.6683790E+02   7.9032472E+04   7.9401559E+04   0.0000000E+00   0.0000000E+00   0.0000000E+00   0.0000000E+00   0.0000000E+00
   1.0009005E+00   7.1227800E+04   7.1227800E+04   4.5362587E-03   9.6461952E-05   1.4878250E+02   7.0896700E+04   7.1227800E+04   0.0000000E+00   0.0000000E+00   0.0000000E+00   0.0000000E+00   0.0000000E+00
   1.0722618E+00   6.3626332E+04   6.3626332E+04   3.5303996E-03   7.5084130E-05   1.3219020E+02   6.3330562E+04   6.3626332E+04   0.0000000E+00   0.0000000E+00   0.0000000E+00   0.0000000E+00   0.0000000E+00
   1.1504499E+00   5.6665761E+04   5.6665761E+04   2.7310889E-03   5.8092457E-05   1.1716443E+02   5.6402343E+04   5.6665761E+04   0.0000000E+00   0.0000000E+00   0.0000000E+00   0.0000000E+00   0.0000000E+00
   1.2354060E+00   5.0369776E+04   5.0369776E+04   2.1051010E-03   4.4783362E-05   1.0369587E+02   5.0135622E+04   5.0369776E+04   0.0000000E+00   0.0000000E+00   0.0000000E+00   0.0000000E+00   0.0000000E+00
   1.3272017E+00   4.4719539E+04   4.4719539E+04   1.6193198E-03   3.4451536E-05   9.1723479E+01   4.4511648E+04   4.4719539E+04   0.0000000E+00   0.0000000E+00   0.0000000E+00   0.0000000E+00   0.0000000E+00
   1.4260796E+00   3.9671399E+04   3.9671399E+04   1.2431372E-03   2.6473105E-05   8.1099758E+01   3.9486973E+04   3.9671399E+04   0.0000000E+00   0.0000000E+00   0.0000000E+00   0.0000000E+00   0.0000000E+00
   1.5324291E+00   3.5172823E+04   3.5172823E+04   9.5536112E-04   2.0327476E-05   7.1698932E+01   3.5009309E+04   3.5172823E+04   0.0000000E+00   0.0000000E+00   0.0000000E+00   0.0000000E+00   0.0000000E+00
   1.6467467E+00   3.1168699E+04   3.1168699E+04   7.3307707E-04   1.5600258E-05   6.3377117E+01   3.1023798E+04   3.1168699E+04   0.0000000E+00   0.0000000E+00   0.0000000E+00   0.0000000E+00   0.0000000E+00
   1.7696035E+00   2.7608059E+04   2.7608059E+04   5.6232051E-04   1.1966824E-05   5.6015624E+01   2.7479710E+04   2.7608059E+04   0.0000000E+00   0.0000000E+00   0.0000000E+00   0.0000000E+00   0.0000000E+00
   1.9016290E+00   2.4443514E+04   2.4443514E+04   4.3112293E-04   9.1756689E-06   4.9501633E+01   2.4329877E+04   2.4443514E+04   0.0000000E+00   0.0000000E+00   0.0000000E+00   0.0000000E+00   0.0000000E+00
   2.0435053E+00   2.1632789E+04   2.1632789E+04   3.3036425E-04   7.0327760E-06   4.3736215E+01   2.1532218E+04   2.1632789E+04   0.0000000E+00   0.0000000E+00   0.0000000E+00   0.0000000E+00   0.0000000E+00
   2.1959667E+00   1.9137514E+04   1.9137514E+04   2.5306917E-04   5.3880970E-06   3.8636631E+01   1.9048543E+04   1.9137514E+04   0.0000000E+00   0.0000000E+00   0.0000000E+00   0.0000000E+00   0.0000000E+00
   2.3598031E+00   1.6923472E+04   1.6923472E+04   1.9378895E-04   4.1265560E-06   3.4123168E+01   1.6844794E+04   1.6923472E+04   0.0000000E+00   0.0000000E+00   0.0000000E+00   0.0000000E+00   0.0000000E+00
   2.5358628E+00   1.4959928E+04   1.4959928E+04   1.4833881E-04   3.1591865E-06   3.0132380E+01   1.4890378E+04   1.4959928E+04   0.0000000E+00   0.0000000E+00   0.0000000E+00   0.0000000E+00   0.0000000E+00
   2.7250581E+00   1.3219351E+04   1.3219351E+04   1.1351666E-04   2.4177708E-06   2.6600843E+01   1.3157893E+04   1.3219351E+04   0.0000000E+00   0.0000000E+00   0.0000000E+00   0.0000000E+00   0.0000000E+00
   2.9283687E+00   1.1677135E+04   1.1677135E+04   8.6846161E-05   1.8497124E-06   2.3478811E+01   1.1622847E+04   1.1677135E+04   0.0000000E+00   0.0000000E+00   0.0000000E+00   0.0000000E+00   0.0000000E+00
   3.1468479E+00   1.0311283E+04   1.0311283E+04   6.6399549E-05   1.4146700E-06   2.0717849E+01   1.0263345E+04   1.0311283E+04   0.0000000E+00   0.0000000E+00   0.0000000E+00   0.0000000E+00   0.0000000E+00
   3.3816274E+00   9.1021443E+03   9.1021443E+03   5.0754644E-05   1.0816153E-06   1.8277056E+01   9.0598273E+03   9.1021443E+03   0.0000000E+00   0.0000000E+00   0.0000000E+00   0.0000000E+00   0.0000000E+00
   3.6339233E+00   8.0321827E+03   8.0321827E+03   3.8792597E-05   8.2672597E-07   1.6119925E+01   7.9948399E+03   8.0321827E+03   0.0000000E+00   0.0000000E+00   0.0000000E+00   0.0000000E+00   0.0000000E+00
   3.9050424E+00   7.0857586E+03   7.0857586E+03   2.9629037E-05   6.3172265E-07   1.4214094E+01   7.0528159E+03   7.0857586E+03   0.0000000E+00   0.0000000E+00   0.0000000E+00   0.0000000E+00   0.0000000E+00
   4.1963892E+00   6.2489344E+03   6.2489344E+03   2.2614284E-05   4.8258751E-07   1.2530262E+01   6.2198822E+03   6.2489344E+03   0.0000000E+00   0.0000000E+00   0.0000000E+00   0.0000000E+00   0.0000000E+00
   4.5094727E+00   5.5092971E+03   5.5092971E+03   1.7279665E-05   3.6856646E-07   1.1043300E+01   5.4836835E+03   5.5092971E+03   0.0000000E+00   0.0000000E+00   0.0000000E+00   0.0000000E+00   0.0000000E+00
   4.8459146E+00   4.8557987E+03   4.8557987E+03   1.3185401E-05   2.8141796E-07   9.7304469E+00   4.8332233E+03   4.8557987E+03   0.0000000E+00   0.0000000E+00   0.0000000E+00   0.0000000E+00   0.0000000E+00
   5.2074578E+00   4.2786117E+03   4.2786117E+03   1.0060531E-05   2.1482892E-07   8.5715316E+00   4.2587197E+03   4.2786117E+03   0.0000000E+00   0.0000000E+00   0.0000000E+00   0.0000000E+00   0.0000000E+00
   5.5959749E+00   3.7690001E+03   3.7690001E+03   7.6715366E-06   1.6396279E-07   7.5489276E+00   3.7514774E+03   3.7690001E+03   0.0000000E+00   0.0000000E+00   0.0000000E+00   0.0000000E+00   0.0000000E+00
   6.0134785E+00   3.3192023E+03   3.3192023E+03   5.8526513E-06   1.2511669E-07   6.6466612E+00   3.3037708E+03   3.3192023E+03   0.0000000E+00   0.0000000E+00   0.0000000E+00   0.0000000E+00   0.0000000E+00
   6.4621310E+00   2.9223262E+03   2.9223262E+03   4.4624706E-06   9.5458705E-08   5.8509043E+00   2.9087398E+03   2.9223262E+03   0.0000000E+00   0.0000000E+00   0.0000000E+00   0.0000000E+00   0.0000000E+00
   6.9442566E+00   2.5722550E+03   2.5722550E+03   3.4005615E-06   7.2820154E-08   5.1492218E+00   2.5602962E+03   2.5722550E+03   0.0000000E+00   0.0000000E+00   0.0000000E+00   0.0000000E+00   0.0000000E+00
   7.4623525E+00   2.2635630E+03   2.2635630E+03   2.5920908E-06   5.5543849E-08   4.5306119E+00   2.2530393E+03   2.2635630E+03   0.0000000E+00   0.0000000E+00   0.0000000E+00   0.0000000E+00   0.0000000E+00
   8.0191024E+00   1.9914394E+03   1.9914394E+03   1.9747885E-06   4.2362121E-08   3.9854961E+00   1.9821808E+03   1.9914394E+03   0.0000000E+00   0.0000000E+00   0.0000000E+00   0.0000000E+00   0.0000000E+00
