#           k/h    CDM            baryon         photon         nu             mass_nu        total          no_nu          total_de       Weyl           v_CDM          v_b            v_b-v_c     
   1.0456193E-05   2.0669115E+07   2.0669115E+07   2.7546127E+07   1.6394137E+04   2.3574762E+07   2.0669134E+07   2.0669115E+07   0.0000000E+00   0.0000000E+00   0.0000000E+00   0.0000000E+00   0.0000000E+00
   1.1236307E-05   2.0669111E+07   2.0669111E+07   2.7544156E+07   1.6393382E+04   2.3574273E+07   2.0669129E+07   2.0669111E+07   0.0000000E+00   0.0000000E+00   0.0000000E+00   0.0000000E+00   0.0000000E+00
   1.2074623E-05   2.0669105E+07   2.0669105E+07   2.7541880E+07   1.6392510E+04   2.3573708E+07   2.0669123E+07   2.0669105E+07   0.0000000E+00   0.0000000E+00   0.0000000E+00   0.0000000E+00   0.0000000E+00
   1.2975485E-05   2.0669098E+07   2.0669098E+07   2.7539253E+07   1.6391503E+04   2.3573056E+07   2.0669117E+07   2.0669098E+07   0.0000000E+00   0.0000000E+00   0.0000000E+00   0.0000000E+00   0.0000000E+00
   1.3943557E-05   2.0669091E+07   2.0669091E+07   2.7536219E+07   1.6390340E+04   2.3572303E+07   2.0669109E+07   2.0669091E+07   0.0000000E+00   0.0000000E+00   0.0000000E+00   0.0000000E+00   0.0000000E+00
   1.4983856E-05   2.0669082E+07   2.0669082E+07   2.7532715E+07   1.6388998E+04   2.3571433E+07   2.0669100E+07   2.0669082E+07   0.0000000E+00   0.0000000E+00   0.0000000E+00   0.0000000E+00   0.0000000E+00
   1.6101769E-05   2.0669072E+07   2.0669072E+07   2.7528670E+07   1.6387448E+04   2.3570430E+07   2.0669089E+07   2.0669072E+07   0.0000000E+00   0.0000000E+00   0.0000000E+00   0.0000000E+00   0.0000000E+00
   1.7303087E-05   2.0669061E+07   2.0669061E+07   2.7524000E+07   1.6385658E+04   2.3569271E+07   2.0669077E+07   2.0669061E+07   0.0000000E+00   0.0000000E+00   0.0000000E+00   0.0000000E+00   0.0000000E+00
   1.8594032E-05   2.0669047E+07   2.0669047E+07   2.7518607E+07   1.6383592E+04   2.3567933E+07   2.0669063E+07   2.0669047E+07   0.0000000E+00   0.0000000E+00   0.0000000E+00   0.0000000E+00   0.0000000E+00
   1.9981293E-05   2.0669032E+07   2.0669032E+07   2.7512381E+07   1.6381206E+04   2.3566388E+07   2.0669047E+07   2.0669032E+07   0.0000000E+00   0.0000000E+00   0.0000000E+00   0.0000000E+00   0.0000000E+00
   2.1472054E-05   2.0669014E+07   2.0669014E+07   2.7505193E+07   1.6378451E+04   2.3564605E+07   2.0669029E+07   2.0669014E+07   0.0000000E+00   0.0000000E+00   0.0000000E+00   0.0000000E+00   0.0000000E+00
   2.3074037E-05   2.0668994E+07   2.0668994E+07   2.7496895E+07   1.6375270E+04   2.3562547E+07   2.0669007E+07   2.0668994E+07   0.0000000E+00   0.0000000E+00   0.0000000E+00   0.0000000E+00   0.0000000E+00
   2.4795541E-05   2.0668970E+07   2.0668970E+07   2.7487315E+07   1.6371598E+04   2.3560171E+07   2.0668983E+07   2.0668970E+07   0.0000000E+00   0.0000000E+00   0.0000000E+00   0.0000000E+00   0.0000000E+00
   2.6645482E-05   2.0668942E+07   2.0668942E+07   2.7476256E+07   1.6367359E+04   2.3557429E+07   2.0668954E+07   2.0668942E+07   0.0000000E+00   0.0000000E+00   0.0000000E+00   0.0000000E+00   0.0000000E+00
   2.8633444E-05   2.0668911E+07   2.0668911E+07   2.7463491E+07   1.6362465E+04   2.3554264E+07   2.0668921E+07   2.0668911E+07   0.0000000E+00   0.0000000E+00   0.0000000E+00   0.0000000E+00   0.0000000E+00
   3.0769723E-05   2.0668874E+07   2.0668874E+07   2.7448757E+07   1.6356816E+04   2.3550612E+07   2.0668883E+07   2.0668874E+07   0.0000000E+00   0.0000000E+00   0.0000000E+00   0.0000000E+00   0.0000000E+00
   3.3065385E-05   2.0668832E+07   2.0668832E+07   2.7431751E+07   1.6350295E+04   2.3546398E+07   2.0668839E+07   2.0668832E+07   0.0000000E+00   0.0000000E+00   0.0000000E+00   0.0000000E+00   0.0000000E+00
   3.5532322E-05   2.0668783E+07   2.0668783E+07   2.7412125E+07   1.6342768E+04   2.3541537E+07   2.0668788E+07   2.0668783E+07   0.0000000E+00   0.0000000E+00   0.0000000E+00   0.0000000E+00   0.0000000E+00
   3.8183311E-05   2.0668727E+07   2.0668727E+07   2.7389478E+07   1.6334081E+04   2.3535929E+07   2.0668730E+07   2.0668727E+07   0.0000000E+00   0.0000000E+00   0.0000000E+00   0.0000000E+00   0.0000000E+00
   4.1032085E-05   2.0668662E+07   2.0668662E+07   2.7363347E+07   1.6324056E+04   2.3529460E+07   2.0668662E+07   2.0668662E+07   0.0000000E+00   0.0000000E+00   0.0000000E+00   0.0000000E+00   0.0000000E+00
   4.4093400E-05   2.0668587E+07   2.0668587E+07   2.7333200E+07   1.6312487E+04   2.3522002E+07   2.0668584E+07   2.0668587E+07   0.0000000E+00   0.0000000E+00   0.0000000E+00   0.0000000E+00   0.0000000E+00
   4.7383113E-05   2.0668501E+07   2.0668501E+07   2.7298425E+07   1.6299140E+04   2.3513402E+07   2.0668493E+07   2.0668501E+07   0.0000000E+00   0.0000000E+00   0.0000000E+00   0.0000000E+00   0.0000000E+00
   5.0918264E-05   2.0668401E+07   2.0668401E+07   2.7258320E+07   1.6283741E+04   2.3503491E+07   2.0668389E+07   2.0668401E+07   0.0000000E+00   0.0000000E+00   0.0000000E+00   0.0000000E+00   0.0000000E+00
   5.4717165E-05   2.0668285E+07   2.0668285E+07   2.7212075E+07   1.6265979E+04   2.3492070E+07   2.0668269E+07   2.0668285E+07   0.0000000E+00   0.0000000E+00   0.0000000E+00   0.0000000E+00   0.0000000E+00
   5.8799494E-05   2.0668152E+07   2.0668152E+07   2.7158762E+07   1.6245495E+04   2.3478915E+07   2.0668130E+07   2.0668152E+07   0.0000000E+00   0.0000000E+00   0.0000000E+00   0.0000000E+00   0.0000000E+00
   6.3186396E-05   2.0667998E+07   2.0667998E+07   2.7097319E+07   1.6221877E+04   2.3463768E+07   2.0667970E+07   2.0667998E+07   0.0000000E+00   0.0000000E+00   0.0000000E+00   0.0000000E+00   0.0000000E+00
   6.7900596E-05   2.0667821E+07   2.0667821E+07   2.7026527E+07   1.6194650E+04   2.3446335E+07   2.0667785E+07   2.0667821E+07   0.0000000E+00   0.0000000E+00   0.0000000E+00   0.0000000E+00   0.0000000E+00
   7.2966512E-05   2.0667616E+07   2.0667616E+07   2.6944991E+07   1.6163272E+04   2.3426282E+07   2.0667571E+07   2.0667616E+07   0.0000000E+00   0.0000000E+00   0.0000000E+00   0.0000000E+00   0.0000000E+00
   7.8410385E-05   2.0667380E+07   2.0667380E+07   2.6851120E+07   1.6127122E+04   2.3403229E+07   2.0667325E+07   2.0667380E+07   0.0000000E+00   0.0000000E+00   0.0000000E+00   0.0000000E+00   0.0000000E+00
   8.4260413E-05   2.0667107E+07   2.0667107E+07   2.6743099E+07   1.6085490E+04   2.3376746E+07   2.0667040E+07   2.0667107E+07   0.0000000E+00   0.0000000E+00   0.0000000E+00   0.0000000E+00   0.0000000E+00
   9.0546900E-05   2.0666792E+07   2.0666792E+07   2.6618861E+07   1.6037562E+04   2.3346347E+07   2.0666712E+07   2.0666792E+07   0.0000000E+00   0.0000000E+00   0.0000000E+00   0.0000000E+00   0.0000000E+00
   9.7302407E-05   2.0666429E+07   2.0666429E+07   2.6476063E+07   1.5982415E+04   2.3311485E+07   2.0666333E+07   2.0666429E+07   0.0000000E+00   0.0000000E+00   0.0000000E+00   0.0000000E+00   0.0000000E+00
   1.0456193E-04   2.0666010E+07   2.0666010E+07   2.6312050E+07   1.5918996E+04   2.3271550E+07   2.0665896E+07   2.0666010E+07   0.0000000E+00   0.0000000E+00   0.0000000E+00   0.0000000E+00   0.0000000E+00
   1.1236307E-04   2.0665526E+07   2.0665526E+07   2.6123829E+07   1.5846111E+04   2.3225859E+07   2.0665392E+07   2.0665526E+07   0.0000000E+00   0.0000000E+00   0.0000000E+00   0.0000000E+00   0.0000000E+00
   1.2074623E-04   2.0664969E+07   2.0664969E+07   2.5908038E+07   1.5762411E+04   2.3173661E+07   2.0664811E+07   2.0664969E+07   0.0000000E+00   0.0000000E+00   0.0000000E+00   0.0000000E+00   0.0000000E+00
   1.2975485E-04   2.0664326E+07   2.0664326E+07   2.5660915E+07   1.5666371E+04   2.3114128E+07   2.0664140E+07   2.0664326E+07   0.0000000E+00   0.0000000E+00   0.0000000E+00   0.0000000E+00   0.0000000E+00
   1.3943557E-04   2.0663585E+07   2.0663585E+07   2.5378279E+07   1.5556284E+04   2.3046362E+07   2.0663368E+07   2.0663585E+07   0.0000000E+00   0.0000000E+00   0.0000000E+00   0.0000000E+00   0.0000000E+00
   1.4983856E-04   2.0662731E+07   2.0662731E+07   2.5055514E+07   1.5430239E+04   2.2969401E+07   2.0662477E+07   2.0662731E+07   0.0000000E+00   0.0000000E+00   0.0000000E+00   0.0000000E+00   0.0000000E+00
   1.6101769E-04   2.0661747E+07   2.0661747E+07   2.4687564E+07   1.5286115E+04   2.2882228E+07   2.0661451E+07   2.0661747E+07   0.0000000E+00   0.0000000E+00   0.0000000E+00   0.0000000E+00   0.0000000E+00
   1.7303087E-04   2.0660614E+07   2.0660614E+07   2.4268952E+07   1.5121572E+04   2.2783789E+07   2.0660269E+07   2.0660614E+07   0.0000000E+00   0.0000000E+00   0.0000000E+00   0.0000000E+00   0.0000000E+00
   1.8594032E-04   2.0659309E+07   2.0659309E+07   2.3793815E+07   1.4934050E+04   2.2673025E+07   2.0658908E+07   2.0659309E+07   0.0000000E+00   0.0000000E+00   0.0000000E+00   0.0000000E+00   0.0000000E+00
   1.9981293E-04   2.0657808E+07   2.0657808E+07   2.3255984E+07   1.4720780E+04   2.2548913E+07   2.0657342E+07   2.0657808E+07   0.0000000E+00   0.0000000E+00   0.0000000E+00   0.0000000E+00   0.0000000E+00
   2.1472054E-04   2.0656081E+07   2.0656081E+07   2.2649105E+07   1.4478803E+04   2.2410519E+07   2.0655541E+07   2.0656081E+07   0.0000000E+00   0.0000000E+00   0.0000000E+00   0.0000000E+00   0.0000000E+00
   2.3074037E-04   2.0654096E+07   2.0654096E+07   2.1966818E+07   1.4205010E+04   2.2257076E+07   2.0653470E+07   2.0654096E+07   0.0000000E+00   0.0000000E+00   0.0000000E+00   0.0000000E+00   0.0000000E+00
   2.4795541E-04   2.0651815E+07   2.0651815E+07   2.1203011E+07   1.3896205E+04   2.2088078E+07   2.0651091E+07   2.0651815E+07   0.0000000E+00   0.0000000E+00   0.0000000E+00   0.0000000E+00   0.0000000E+00
   2.6645482E-04   2.0649197E+07   2.0649197E+07   2.0352177E+07   1.3549195E+04   2.1903402E+07   2.0648360E+07   2.0649197E+07   0.0000000E+00   0.0000000E+00   0.0000000E+00   0.0000000E+00   0.0000000E+00
   2.8633444E-04   2.0646195E+07   2.0646195E+07   1.9409859E+07   1.3160921E+04   2.1703453E+07   2.0645228E+07   2.0646195E+07   0.0000000E+00   0.0000000E+00   0.0000000E+00   0.0000000E+00   0.0000000E+00
   3.0769723E-04   2.0642754E+07   2.0642754E+07   1.8373240E+07   1.2728628E+04   2.1489320E+07   2.0641638E+07   2.0642754E+07   0.0000000E+00   0.0000000E+00   0.0000000E+00   0.0000000E+00   0.0000000E+00
   3.3065385E-04   2.0638816E+07   2.0638816E+07   1.7241845E+07   1.2250092E+04   2.1262959E+07   2.0637528E+07   2.0638816E+07   0.0000000E+00   0.0000000E+00   0.0000000E+00   0.0000000E+00   0.0000000E+00
   3.5532322E-04   2.0634312E+07   2.0634312E+07   1.6018376E+07   1.1723899E+04   2.1027354E+07   2.0632829E+07   2.0634312E+07   0.0000000E+00   0.0000000E+00   0.0000000E+00   0.0000000E+00   0.0000000E+00
   3.8183311E-04   2.0629171E+07   2.0629171E+07   1.4709640E+07   1.1149781E+04   2.0786655E+07   2.0627462E+07   2.0629171E+07   0.0000000E+00   0.0000000E+00   0.0000000E+00   0.0000000E+00   0.0000000E+00
   4.1032085E-04   2.0623307E+07   2.0623307E+07   1.3327510E+07   1.0529009E+04   2.0546233E+07   2.0621342E+07   2.0623307E+07   0.0000000E+00   0.0000000E+00   0.0000000E+00   0.0000000E+00   0.0000000E+00
   4.4093400E-04   2.0616632E+07   2.0616632E+07   1.1889816E+07   9.8648094E+03   2.0312596E+07   2.0614374E+07   2.0616632E+07   0.0000000E+00   0.0000000E+00   0.0000000E+00   0.0000000E+00   0.0000000E+00
   4.7383113E-04   2.0609044E+07   2.0609044E+07   1.0420999E+07   9.1627837E+03   2.0093101E+07   2.0606453E+07   2.0609044E+07   0.0000000E+00   0.0000000E+00   0.0000000E+00   0.0000000E+00   0.0000000E+00
   5.0918264E-04   2.0600435E+07   2.0600435E+07   8.9522940E+06   8.4312717E+03   1.9895365E+07   2.0597464E+07   2.0600435E+07   0.0000000E+00   0.0000000E+00   0.0000000E+00   0.0000000E+00   0.0000000E+00
   5.4717165E-04   2.0590683E+07   2.0590683E+07   7.5211398E+06   7.6815702E+03   1.9726307E+07   2.0587282E+07   2.0590683E+07   0.0000000E+00   0.0000000E+00   0.0000000E+00   0.0000000E+00   0.0000000E+00
   5.8799494E-04   2.0579659E+07   2.0579659E+07   6.1694928E+06   6.9279049E+03   1.9590799E+07   2.0575772E+07   2.0579659E+07   0.0000000E+00   0.0000000E+00   0.0000000E+00   0.0000000E+00   0.0000000E+00
   6.3186396E-04   2.0567220E+07   2.0567220E+07   4.9407268E+06   6.1870240E+03   1.9489980E+07   2.0562784E+07   2.0567220E+07   0.0000000E+00   0.0000000E+00   0.0000000E+00   0.0000000E+00   0.0000000E+00
   6.7900596E-04   2.0553209E+07   2.0553209E+07   3.8749715E+06   5.4772869E+03   1.9419464E+07   2.0548157E+07   2.0553209E+07   0.0000000E+00   0.0000000E+00   0.0000000E+00   0.0000000E+00   0.0000000E+00
   7.2966512E-04   2.0537455E+07   2.0537455E+07   3.0030639E+06   4.8171590E+03   1.9367910E+07   2.0531714E+07   2.0537455E+07   0.0000000E+00   0.0000000E+00   0.0000000E+00   0.0000000E+00   0.0000000E+00
   7.8410385E-04   2.0519769E+07   2.0519769E+07   2.3398419E+06   4.2231242E+03   1.9316657E+07   2.0513260E+07   2.0519769E+07   0.0000000E+00   0.0000000E+00   0.0000000E+00   0.0000000E+00   0.0000000E+00
   8.4260413E-04   2.0499942E+07   2.0499942E+07   1.8782576E+06   3.7072004E+03   1.9241319E+07   2.0492582E+07   2.0499942E+07   0.0000000E+00   0.0000000E+00   0.0000000E+00   0.0000000E+00   0.0000000E+00
   9.0546900E-04   2.0477744E+07   2.0477744E+07   1.5865413E+06   3.2744937E+03   1.9116097E+07   2.0469447E+07   2.0477744E+07   0.0000000E+00   0.0000000E+00   0.0000000E+00   0.0000000E+00   0.0000000E+00
   9.7302407E-04   2.0452917E+07   2.0452917E+07   1.4110184E+06   2.9214919E+03   1.8920876E+07   2.0443594E+07   2.0452917E+07   0.0000000E+00   0.0000000E+00   0.0000000E+00   0.0000000E+00   0.0000000E+00
   1.0456193E-03   2.0425181E+07   2.0425181E+07   1.2865116E+06   2.6359695E+03   1.8649706E+07   2.0414743E+07   2.0425181E+07   0.0000000E+00   0.0000000E+00   0.0000000E+00   0.0000000E+00   0.0000000E+00
   1.1236307E-03   2.0394227E+07   2.0394227E+07   1.1539140E+06   2.3992493E+03   1.8317176E+07   2.0382588E+07   2.0394227E+07   0.0000000E+00   0.0000000E+00   0.0000000E+00   0.0000000E+00   0.0000000E+00
   1.2074623E-03   2.0359728E+07   2.0359728E+07   9.8033523E+05   2.1909375E+03   1.7957532E+07   2.0346806E+07   2.0359728E+07   0.0000000E+00   0.0000000E+00   0.0000000E+00   0.0000000E+00   0.0000000E+00
   1.2975485E-03   2.0321339E+07   2.0321339E+07   7.7254209E+05   1.9950662E+03   1.7612181E+07   2.0307059E+07   2.0321339E+07   0.0000000E+00   0.0000000E+00   0.0000000E+00   0.0000000E+00   0.0000000E+00
   1.3943557E-03   2.0278704E+07   2.0278704E+07   5.7269294E+05   1.8051794E+03   1.7306849E+07   2.0263000E+07   2.0278704E+07   0.0000000E+00   0.0000000E+00   0.0000000E+00   0.0000000E+00   0.0000000E+00
   1.4983856E-03   2.0231460E+07   2.0231460E+07   4.3140521E+05   1.6252431E+03   1.7030098E+07   2.0214277E+07   2.0231460E+07   0.0000000E+00   0.0000000E+00   0.0000000E+00   0.0000000E+00   0.0000000E+00
   1.6101769E-03   2.0179231E+07   2.0179231E+07   3.6899327E+05   1.4646146E+03   1.6733650E+07   2.0160529E+07   2.0179231E+07   0.0000000E+00   0.0000000E+00   0.0000000E+00   0.0000000E+00   0.0000000E+00
   1.7303087E-03   2.0121629E+07   2.0121629E+07   3.5353409E+05   1.3291707E+03   1.6368156E+07   2.0101377E+07   2.0121629E+07   0.0000000E+00   0.0000000E+00   0.0000000E+00   0.0000000E+00   0.0000000E+00
   1.8594032E-03   2.0058246E+07   2.0058246E+07   3.2401146E+05   1.2150551E+03   1.5935783E+07   2.0036424E+07   2.0058246E+07   0.0000000E+00   0.0000000E+00   0.0000000E+00   0.0000000E+00   0.0000000E+00
   1.9981293E-03   1.9988657E+07   1.9988657E+07   2.5019514E+05   1.1115448E+03   1.5502655E+07   1.9965253E+07   1.9988657E+07   0.0000000E+00   0.0000000E+00   0.0000000E+00   0.0000000E+00   0.0000000E+00
   2.1472054E-03   1.9912429E+07   1.9912429E+07   1.6791465E+05   1.0116458E+03   1.5129418E+07   1.9887434E+07   1.9912429E+07   0.0000000E+00   0.0000000E+00   0.0000000E+00   0.0000000E+00   0.0000000E+00
   2.3074037E-03   1.9829126E+07   1.9829126E+07   1.3184732E+05   9.1860192E+02   1.4782951E+07   1.9802528E+07   1.9829126E+07   0.0000000E+00   0.0000000E+00   0.0000000E+00   0.0000000E+00   0.0000000E+00
   2.4795541E-03   1.9738299E+07   1.9738299E+07   1.3338427E+05   8.3855918E+02   1.4372804E+07   1.9710082E+07   1.9738299E+07   0.0000000E+00   0.0000000E+00   0.0000000E+00   0.0000000E+00   0.0000000E+00
   2.6645482E-03   1.9639483E+07   1.9639483E+07   1.1556214E+05   7.6910192E+02   1.3901943E+07   1.9609627E+07   1.9639483E+07   0.0000000E+00   0.0000000E+00   0.0000000E+00   0.0000000E+00   0.0000000E+00
   2.8633444E-03   1.9532195E+07   1.9532195E+07   7.8134858E+04   7.0314008E+02   1.3463281E+07   1.9500675E+07   1.9532195E+07   0.0000000E+00   0.0000000E+00   0.0000000E+00   0.0000000E+00   0.0000000E+00
   3.0769723E-03   1.9415942E+07   1.9415942E+07   6.7839659E+04   6.4124494E+02   1.3036862E+07   1.9382735E+07   1.9415942E+07   0.0000000E+00   0.0000000E+00   0.0000000E+00   0.0000000E+00   0.0000000E+00
   3.3065385E-03   1.9290224E+07   1.9290224E+07   6.3696292E+04   5.8646947E+02   1.2542316E+07   1.9255310E+07   1.9290224E+07   0.0000000E+00   0.0000000E+00   0.0000000E+00   0.0000000E+00   0.0000000E+00
   3.5532322E-03   1.9154520E+07   1.9154520E+07   4.0550229E+04   5.3502648E+02   1.2060807E+07   1.9117888E+07   1.9154520E+07   0.0000000E+00   0.0000000E+00   0.0000000E+00   0.0000000E+00   0.0000000E+00
   3.8183311E-03   1.9008305E+07   1.9008305E+07   3.9502355E+04   4.8679851E+02   1.1590581E+07   1.8969951E+07   1.9008305E+07   0.0000000E+00   0.0000000E+00   0.0000000E+00   0.0000000E+00   0.0000000E+00
   4.1032085E-03   1.8851048E+07   1.8851048E+07   3.4117861E+04   4.4376539E+02   1.1054199E+07   1.8810978E+07   1.8851048E+07   0.0000000E+00   0.0000000E+00   0.0000000E+00   0.0000000E+00   0.0000000E+00
   4.4093400E-03   1.8682216E+07   1.8682216E+07   2.2141699E+04   4.0259897E+02   1.0565125E+07   1.8640459E+07   1.8682216E+07   0.0000000E+00   0.0000000E+00   0.0000000E+00   0.0000000E+00   0.0000000E+00
   4.7383113E-03   1.8501295E+07   1.8501295E+07   2.3641245E+04   3.6500791E+02   1.0040451E+07   1.8457905E+07   1.8501295E+07   0.0000000E+00   0.0000000E+00   0.0000000E+00   0.0000000E+00   0.0000000E+00
   5.0918264E-03   1.8307788E+07   1.8307788E+07   1.5309640E+04   3.2988656E+02   9.5394858E+06   1.8262840E+07   1.8307788E+07   0.0000000E+00   0.0000000E+00   0.0000000E+00   0.0000000E+00   0.0000000E+00
   5.4717165E-03   1.8101207E+07   1.8101207E+07   1.5359649E+04   2.9798267E+02   9.0184356E+06   1.8054779E+07   1.8101207E+07   0.0000000E+00   0.0000000E+00   0.0000000E+00   0.0000000E+00   0.0000000E+00
   5.8799494E-03   1.7881060E+07   1.7881060E+07   1.1096661E+04   2.6839253E+02   8.5252840E+06   1.7833217E+07   1.7881060E+07   0.0000000E+00   0.0000000E+00   0.0000000E+00   0.0000000E+00   0.0000000E+00
   6.3186396E-03   1.7646848E+07   1.7646848E+07   8.7098833E+03   2.4140562E+02   7.9999981E+06   1.7597660E+07   1.7646848E+07   0.0000000E+00   0.0000000E+00   0.0000000E+00   0.0000000E+00   0.0000000E+00
   6.7900596E-03   1.7398071E+07   1.7398071E+07   8.9141732E+03   2.1619135E+02   7.5049510E+06   1.7347651E+07   1.7398071E+07   0.0000000E+00   0.0000000E+00   0.0000000E+00   0.0000000E+00   0.0000000E+00
   7.2966512E-03   1.7134261E+07   1.7134261E+07   6.2771827E+03   1.9316126E+02   7.0208903E+06   1.7082746E+07   1.7134261E+07   0.0000000E+00   0.0000000E+00   0.0000000E+00   0.0000000E+00   0.0000000E+00
   7.8410385E-03   1.6854973E+07   1.6854973E+07   4.1612666E+03   1.7225968E+02   6.5367280E+06   1.6802491E+07   1.6854973E+07   0.0000000E+00   0.0000000E+00   0.0000000E+00   0.0000000E+00   0.0000000E+00
   8.4260413E-03   1.6559754E+07   1.6559754E+07   3.8861024E+03   1.5312959E+02   6.0624481E+06   1.6506438E+07   1.6559754E+07   0.0000000E+00   0.0000000E+00   0.0000000E+00   0.0000000E+00   0.0000000E+00
   9.0546900E-03   1.6248154E+07   1.6248154E+07   3.5464490E+03   1.3566771E+02   5.6080077E+06   1.6194155E+07   1.6248154E+07   0.0000000E+00   0.0000000E+00   0.0000000E+00   0.0000000E+00   0.0000000E+00
   9.7302407E-03   1.5919740E+07   1.5919740E+07   3.0116014E+03   1.1982895E+02   5.1691963E+06   1.5865225E+07   1.5919740E+07   0.0000000E+00   0.0000000E+00   0.0000000E+00   0.0000000E+00   0.0000000E+00
   1.0456193E-02   1.5574098E+07   1.5574098E+07   2.4397823E+03   1.0550941E+02   4.7467690E+06   1.5519232E+07   1.5574098E+07   0.0000000E+00   0.0000000E+00   0.0000000E+00   0.0000000E+00   0.0000000E+00
   1.1236307E-02   1.5210820E+07   1.5210820E+07   1.7207072E+03   9.2569611E+01   4.3421255E+06   1.5155777E+07   1.5210820E+07   0.0000000E+00   0.0000000E+00   0.0000000E+00   0.0000000E+00   0.0000000E+00
   1.2074623E-02   1.4829534E+07   1.4829534E+07   1.2108360E+03   8.0928233E+01   3.9598668E+06   1.4774506E+07   1.4829534E+07   0.0000000E+00   0.0000000E+00   0.0000000E+00   0.0000000E+00   0.0000000E+00
   1.2975485E-02   1.4429914E+07   1.4429914E+07   1.3244843E+03   7.0508901E+01   3.5943954E+06   1.4375082E+07   1.4429914E+07   0.0000000E+00   0.0000000E+00   0.0000000E+00   0.0000000E+00   0.0000000E+00
   1.3943557E-02   1.4011689E+07   1.4011689E+07   1.1336317E+03   6.1200318E+01   3.2436577E+06   1.3957249E+07   1.4011689E+07   0.0000000E+00   0.0000000E+00   0.0000000E+00   0.0000000E+00   0.0000000E+00
   1.4983856E-02   1.3574689E+07   1.3574689E+07   7.2682327E+02   5.2905951E+01   2.9209378E+06   1.3520836E+07   1.3574689E+07   0.0000000E+00   0.0000000E+00   0.0000000E+00   0.0000000E+00   0.0000000E+00
   1.6101769E-02   1.3118880E+07   1.3118880E+07   6.9714426E+02   4.5555831E+01   2.6122608E+06   1.3065812E+07   1.3118880E+07   0.0000000E+00   0.0000000E+00   0.0000000E+00   0.0000000E+00   0.0000000E+00
   1.7303087E-02   1.2644429E+07   1.2644429E+07   6.6284116E+02   3.9057821E+01   2.3296257E+06   1.2592339E+07   1.2644429E+07   0.0000000E+00   0.0000000E+00   0.0000000E+00   0.0000000E+00   0.0000000E+00
   1.8594032E-02   1.2151767E+07   1.2151767E+07   4.6110594E+02   3.3335576E+01   2.0665089E+06   1.2100852E+07   1.2151767E+07   0.0000000E+00   0.0000000E+00   0.0000000E+00   0.0000000E+00   0.0000000E+00
   1.9981293E-02   1.1641693E+07   1.1641693E+07   3.6191593E+02   2.8322600E+01   1.8223981E+06   1.1592139E+07   1.1641693E+07   0.0000000E+00   0.0000000E+00   0.0000000E+00   0.0000000E+00   0.0000000E+00
   2.1472052E-02   1.1115482E+07   1.1115482E+07   3.3373387E+02   2.3949625E+01   1.5982817E+06   1.1067470E+07   1.1115482E+07   0.0000000E+00   0.0000000E+00   0.0000000E+00   0.0000000E+00   0.0000000E+00
   2.3074029E-02   1.0575011E+07   1.0575011E+07   2.7013010E+02   2.0151217E+01   1.3929032E+06   1.0528711E+07   1.0575011E+07   0.0000000E+00   0.0000000E+00   0.0000000E+00   0.0000000E+00   0.0000000E+00
   2.4795493E-02   1.0022908E+07   1.0022908E+07   1.5607278E+02   1.6867177E+01   1.2088221E+06   9.9784708E+06   1.0022908E+07   0.0000000E+00   0.0000000E+00   0.0000000E+00   0.0000000E+00   0.0000000E+00
   2.6645248E-02   9.4627012E+06   9.4627012E+06   1.5844132E+02   1.4047191E+01   1.0412004E+06   9.4202586E+06   9.4627012E+06   0.0000000E+00   0.0000000E+00   0.0000000E+00   0.0000000E+00   0.0000000E+00
   2.8632448E-02   8.8989905E+06   8.8989905E+06   1.4555576E+02   1.1638338E+01   8.9272286E+05   8.8586479E+06   8.8989905E+06   0.0000000E+00   0.0000000E+00   0.0000000E+00   0.0000000E+00   0.0000000E+00
   3.0766018E-02   8.3376378E+06   8.3376378E+06   1.1379518E+02   9.5962673E+00   7.6077522E+05   8.2994673E+06   8.3376378E+06   0.0000000E+00   0.0000000E+00   0.0000000E+00   0.0000000E+00   0.0000000E+00
   3.3053203E-02   7.7859770E+06   7.7859770E+06   6.7521368E+01   7.8799329E+00   6.4513072E+05   7.7500102E+06   7.7859770E+06   0.0000000E+00   0.0000000E+00   0.0000000E+00   0.0000000E+00   0.0000000E+00
   3.5496659E-02   7.2529601E+06   7.2529601E+06   6.8240177E+01   6.4516817E+00   5.4562495E+05   7.2191798E+06   7.2529601E+06   0.0000000E+00   0.0000000E+00   0.0000000E+00   0.0000000E+00   0.0000000E+00
   3.8089934E-02   6.7489661E+06   6.7489661E+06   3.7756445E+01   5.2790806E+00   4.5998726E+05   6.7172988E+06   6.7489661E+06   0.0000000E+00   0.0000000E+00   0.0000000E+00   0.0000000E+00   0.0000000E+00
   4.0812748E-02   6.2847962E+06   6.2847962E+06   3.1381477E+01   4.3300563E+00   3.8817684E+05   6.2551098E+06   6.2847962E+06   0.0000000E+00   0.0000000E+00   0.0000000E+00   0.0000000E+00   0.0000000E+00
   4.3629910E-02   5.8695571E+06   5.8695571E+06   2.5015308E+01   3.5736027E+00   3.2928036E+05   5.8416680E+06   5.8695571E+06   0.0000000E+00   0.0000000E+00   0.0000000E+00   0.0000000E+00   0.0000000E+00
   4.6497705E-02   5.5080797E+06   5.5080797E+06   1.9250341E+01   2.9781199E+00   2.8162920E+05   5.4817726E+06   5.5080797E+06   0.0000000E+00   0.0000000E+00   0.0000000E+00   0.0000000E+00   0.0000000E+00
   4.9375912E-02   5.1995095E+06   5.1995095E+06   1.6463823E+01   2.5116444E+00   2.4329541E+05   5.1745645E+06   5.1995095E+06   0.0000000E+00   0.0000000E+00   0.0000000E+00   0.0000000E+00   0.0000000E+00
   5.2237605E-02   4.9380984E+06   4.9380984E+06   1.5137785E+01   2.1447556E+00   2.1237721E+05   4.9143151E+06   4.9380984E+06   0.0000000E+00   0.0000000E+00   0.0000000E+00   0.0000000E+00   0.0000000E+00
   5.5071333E-02   4.7154030E+06   4.7154030E+06   1.3668396E+01   1.8528692E+00   1.8718738E+05   4.6926153E+06   4.7154030E+06   0.0000000E+00   0.0000000E+00   0.0000000E+00   0.0000000E+00   0.0000000E+00
   5.7877481E-02   4.5223847E+06   4.5223847E+06   1.1913375E+01   1.6166559E+00   1.6633984E+05   4.5004648E+06   4.5223847E+06   0.0000000E+00   0.0000000E+00   0.0000000E+00   0.0000000E+00   0.0000000E+00
   6.0663281E-02   4.3506796E+06   4.3506796E+06   1.0146628E+01   1.4217596E+00   1.4878156E+05   4.3295366E+06   4.3506796E+06   0.0000000E+00   0.0000000E+00   0.0000000E+00   0.0000000E+00   0.0000000E+00
   6.3439005E-02   4.1931325E+06   4.1931325E+06   8.5411841E+00   1.2578346E+00   1.3371164E+05   4.1727075E+06   4.1931325E+06   0.0000000E+00   0.0000000E+00   0.0000000E+00   0.0000000E+00   0.0000000E+00
   6.6215732E-02   4.0439267E+06   4.0439267E+06   7.1843077E+00   1.1174230E+00   1.2053102E+05   4.0241870E+06   4.0439267E+06   0.0000000E+00   0.0000000E+00   0.0000000E+00   0.0000000E+00   0.0000000E+00
   6.9004254E-02   3.8985527E+06   3.8985527E+06   6.1053166E+00   9.9520507E-01   1.0882581E+05   3.8794864E+06   3.8985527E+06   0.0000000E+00   0.0000000E+00   0.0000000E+00   0.0000000E+00   0.0000000E+00
   7.1814637E-02   3.7537373E+06   3.7537373E+06   5.2785496E+00   8.8745108E-01   9.8313055E+04   3.7353473E+06   3.7537373E+06   0.0000000E+00   0.0000000E+00   0.0000000E+00   0.0000000E+00   0.0000000E+00
   7.4656116E-02   3.6073718E+06   3.6073718E+06   4.7432366E+00   7.9151108E-01   8.8784641E+04   3.5896706E+06   3.6073718E+06   0.0000000E+00   0.0000000E+00   0.0000000E+00   0.0000000E+00   0.0000000E+00
   7.7537141E-02   3.4584443E+06   3.4584443E+06   4.7592964E+00   7.0548771E-01   8.0091430E+04   3.4414490E+06   3.4584443E+06   0.0000000E+00   0.0000000E+00   0.0000000E+00   0.0000000E+00   0.0000000E+00
   8.0465474E-02   3.3069641E+06   3.3069641E+06   5.4298224E+00   6.2809573E-01   7.2099887E+04   3.2906912E+06   3.3069641E+06   0.0000000E+00   0.0000000E+00   0.0000000E+00   0.0000000E+00   0.0000000E+00
   8.3448309E-02   3.1538627E+06   3.1538627E+06   5.2361470E+00   5.5844487E-01   6.4695879E+04   3.1383235E+06   3.1538627E+06   0.0000000E+00   0.0000000E+00   0.0000000E+00   0.0000000E+00   0.0000000E+00
   8.6492379E-02   3.0008560E+06   3.0008560E+06   2.9686838E+00   4.9586715E-01   5.8020014E+04   2.9860533E+06   3.0008560E+06   0.0000000E+00   0.0000000E+00   0.0000000E+00   0.0000000E+00   0.0000000E+00
   8.9604050E-02   2.8502606E+06   2.8502606E+06   3.6240397E+00   4.3991093E-01   5.2055952E+04   2.8361852E+06   2.8502606E+06   0.0000000E+00   0.0000000E+00   0.0000000E+00   0.0000000E+00   0.0000000E+00
   9.2789408E-02   2.7047559E+06   2.7047559E+06   2.4782067E+00   3.9018594E-01   4.6531856E+04   2.6913853E+06   2.7047559E+06   0.0000000E+00   0.0000000E+00   0.0000000E+00   0.0000000E+00   0.0000000E+00
   9.6054323E-02   2.5671007E+06   2.5671007E+06   3.1185705E+00   3.4632666E-01   4.1710466E+04   2.5543984E+06   2.5671007E+06   0.0000000E+00   0.0000000E+00   0.0000000E+00   0.0000000E+00   0.0000000E+00
   9.9404510E-02   2.4398153E+06   2.4398153E+06   2.3903483E+00   3.0794247E-01   3.7459996E+04   2.4277319E+06   2.4398153E+06   0.0000000E+00   0.0000000E+00   0.0000000E+00   0.0000000E+00   0.0000000E+00
   1.0284557E-01   2.3248550E+06   2.3248550E+06   1.8555944E+00   2.7460877E-01   3.3702266E+04   2.3133311E+06   2.3248550E+06   0.0000000E+00   0.0000000E+00   0.0000000E+00   0.0000000E+00   0.0000000E+00
   1.0638303E-01   2.2233105E+06   2.2233105E+06   1.7440718E+00   2.4581099E-01   3.0437226E+04   2.2122811E+06   2.2233105E+06   0.0000000E+00   0.0000000E+00   0.0000000E+00   0.0000000E+00   0.0000000E+00
   1.1002239E-01   2.1351774E+06   2.1351774E+06   1.9251353E+00   2.2099181E-01   2.7588944E+04   2.1245772E+06   2.1351774E+06   0.0000000E+00   0.0000000E+00   0.0000000E+00   0.0000000E+00   0.0000000E+00
   1.1376911E-01   2.0592407E+06   2.0592407E+06   1.4622726E+00   1.9954546E-01   2.5083050E+04   2.0490102E+06   2.0592407E+06   0.0000000E+00   0.0000000E+00   0.0000000E+00   0.0000000E+00   0.0000000E+00
   1.1762866E-01   1.9931156E+06   1.9931156E+06   1.2573641E+00   1.8083768E-01   2.2975674E+04   1.9832069E+06   1.9931156E+06   0.0000000E+00   0.0000000E+00   0.0000000E+00   0.0000000E+00   0.0000000E+00
   1.2160653E-01   1.9334719E+06   1.9334719E+06   9.8205410E-01   1.6427432E-01   2.1007974E+04   1.9238536E+06   1.9334719E+06   0.0000000E+00   0.0000000E+00   0.0000000E+00   0.0000000E+00   0.0000000E+00
   1.2570825E-01   1.8764431E+06   1.8764431E+06   1.0944214E+00   1.4931406E-01   1.9243292E+04   1.8671029E+06   1.8764431E+06   0.0000000E+00   0.0000000E+00   0.0000000E+00   0.0000000E+00   0.0000000E+00
   1.2993939E-01   1.8181871E+06   1.8181871E+06   9.5462805E-01   1.3552393E-01   1.7602896E+04   1.8091317E+06   1.8181871E+06   0.0000000E+00   0.0000000E+00   0.0000000E+00   0.0000000E+00   0.0000000E+00
   1.3430555E-01   1.7555254E+06   1.7555254E+06   7.0471172E-01   1.2259696E-01   1.6057124E+04   1.7467774E+06   1.7555254E+06   0.0000000E+00   0.0000000E+00   0.0000000E+00   0.0000000E+00   0.0000000E+00
   1.3881242E-01   1.6865493E+06   1.6865493E+06   9.0165383E-01   1.1037085E-01   1.4569393E+04   1.6781408E+06   1.6865493E+06   0.0000000E+00   0.0000000E+00   0.0000000E+00   0.0000000E+00   0.0000000E+00
   1.4346572E-01   1.6110585E+06   1.6110585E+06   5.6214445E-01   9.8816838E-02   1.3127116E+04   1.6030225E+06   1.6110585E+06   0.0000000E+00   0.0000000E+00   0.0000000E+00   0.0000000E+00   0.0000000E+00
   1.4827125E-01   1.5306994E+06   1.5306994E+06   5.4076850E-01   8.8010129E-02   1.1755519E+04   1.5230607E+06   1.5306994E+06   0.0000000E+00   0.0000000E+00   0.0000000E+00   0.0000000E+00   0.0000000E+00
   1.5323491E-01   1.4487098E+06   1.4487098E+06   4.5526339E-01   7.8086203E-02   1.0499026E+04   1.4414771E+06   1.4487098E+06   0.0000000E+00   0.0000000E+00   0.0000000E+00   0.0000000E+00   0.0000000E+00
   1.5836264E-01   1.3692551E+06   1.3692551E+06   4.6784978E-01   6.9185822E-02   9.3730218E+03   1.3624163E+06   1.3692551E+06   0.0000000E+00   0.0000000E+00   0.0000000E+00   0.0000000E+00   0.0000000E+00
   1.6366048E-01   1.2964511E+06   1.2964511E+06   4.1801594E-01   6.1399397E-02   8.3514256E+03   1.2899734E+06   1.2964511E+06   0.0000000E+00   0.0000000E+00   0.0000000E+00   0.0000000E+00   0.0000000E+00
   1.6913458E-01   1.2332835E+06   1.2332835E+06   4.3627792E-01   5.4733833E-02   7.4944283E+03   1.2271193E+06   1.2332835E+06   0.0000000E+00   0.0000000E+00   0.0000000E+00   0.0000000E+00   0.0000000E+00
   1.7479116E-01   1.1807221E+06   1.1807221E+06   3.7807427E-01   4.9092008E-02   6.7613062E+03   1.1748185E+06   1.1807221E+06   0.0000000E+00   0.0000000E+00   0.0000000E+00   0.0000000E+00   0.0000000E+00
   1.8063659E-01   1.1373346E+06   1.1373346E+06   2.5939985E-01   4.4292805E-02   6.1403219E+03   1.1316462E+06   1.1373346E+06   0.0000000E+00   0.0000000E+00   0.0000000E+00   0.0000000E+00   0.0000000E+00
   1.8667734E-01   1.0996130E+06   1.0996130E+06   3.1537770E-01   4.0107089E-02   5.5938327E+03   1.0941115E+06   1.0996130E+06   0.0000000E+00   0.0000000E+00   0.0000000E+00   0.0000000E+00   0.0000000E+00
   1.9292004E-01   1.0630156E+06   1.0630156E+06   2.8170726E-01   3.6313393E-02   5.0978101E+03   1.0576957E+06   1.0630156E+06   0.0000000E+00   0.0000000E+00   0.0000000E+00   0.0000000E+00   0.0000000E+00
   1.9937149E-01   1.0234629E+06   1.0234629E+06   2.4523521E-01   3.2749470E-02   4.6182338E+03   1.0183395E+06   1.0234629E+06   0.0000000E+00   0.0000000E+00   0.0000000E+00   0.0000000E+00   0.0000000E+00
   2.0603868E-01   9.7878628E+05   9.7878628E+05   1.8274386E-01   2.9342900E-02   4.1645048E+03   9.7388524E+05   9.7878628E+05   0.0000000E+00   0.0000000E+00   0.0000000E+00   0.0000000E+00   0.0000000E+00
   2.1292884E-01   9.2954438E+05   9.2954438E+05   1.5832962E-01   2.6111850E-02   3.7203286E+03   9.2488877E+05   9.2954438E+05   0.0000000E+00   0.0000000E+00   0.0000000E+00   0.0000000E+00   0.0000000E+00
   2.2004943E-01   8.7877911E+05   8.7877911E+05   1.4137355E-01   2.3132933E-02   3.3135215E+03   8.7437674E+05   8.7877911E+05   0.0000000E+00   0.0000000E+00   0.0000000E+00   0.0000000E+00   0.0000000E+00
   2.2740825E-01   8.3068855E+05   8.3068855E+05   1.5343167E-01   2.0489662E-02   2.9458464E+03   8.2652619E+05   8.3068855E+05   0.0000000E+00   0.0000000E+00   0.0000000E+00   0.0000000E+00   0.0000000E+00
   2.3501342E-01   7.8871028E+05   7.8871028E+05   1.3327969E-01   1.8225126E-02   2.6342891E+03   7.8475745E+05   7.8871028E+05   0.0000000E+00   0.0000000E+00   0.0000000E+00   0.0000000E+00   0.0000000E+00
   2.4287349E-01   7.5389307E+05   7.5389307E+05   1.1951503E-01   1.6315906E-02   2.3668342E+03   7.5011400E+05   7.5389307E+05   0.0000000E+00   0.0000000E+00   0.0000000E+00   0.0000000E+00   0.0000000E+00
   2.5099749E-01   7.2442496E+05   7.2442496E+05   9.4398162E-02   1.4681620E-02   2.1415271E+03   7.2079294E+05   7.2442496E+05   0.0000000E+00   0.0000000E+00   0.0000000E+00   0.0000000E+00   0.0000000E+00
   2.5939497E-01   6.9667429E+05   6.9667429E+05   8.3849880E-02   1.3221474E-02   1.9369628E+03   6.9318080E+05   6.9667429E+05   0.0000000E+00   0.0000000E+00   0.0000000E+00   0.0000000E+00   0.0000000E+00
   2.6807615E-01   6.6726439E+05   6.6726439E+05   8.5940067E-02   1.1859737E-02   1.7433084E+03   6.6391783E+05   6.6726439E+05   0.0000000E+00   0.0000000E+00   0.0000000E+00   0.0000000E+00   0.0000000E+00
   2.7705197E-01   6.3500216E+05   6.3500216E+05   7.1720885E-02   1.0571358E-02   1.5605376E+03   6.3181692E+05   6.3500216E+05   0.0000000E+00   0.0000000E+00   0.0000000E+00   0.0000000E+00   0.0000000E+00
   2.8633420E-01   6.0143026E+05   6.0143026E+05   6.7026704E-02   9.3786982E-03   1.3887727E+03   5.9841298E+05   6.0143026E+05   0.0000000E+00   0.0000000E+00   0.0000000E+00   0.0000000E+00   0.0000000E+00
   2.9593562E-01   5.6957062E+05   5.6957062E+05   5.4224850E-02   8.3186792E-03   1.2364398E+03   5.6671278E+05   5.6957062E+05   0.0000000E+00   0.0000000E+00   0.0000000E+00   0.0000000E+00   0.0000000E+00
   3.0587011E-01   5.4167754E+05   5.4167754E+05   5.0809367E-02   7.4079100E-03   1.1044650E+03   5.3895931E+05   5.4167754E+05   0.0000000E+00   0.0000000E+00   0.0000000E+00   0.0000000E+00   0.0000000E+00
   3.1615287E-01   5.1763867E+05   5.1763867E+05   4.2198959E-02   6.6269903E-03   9.9086164E+02   5.1504075E+05   5.1763867E+05   0.0000000E+00   0.0000000E+00   0.0000000E+00   0.0000000E+00   0.0000000E+00
   3.2680059E-01   4.9528116E+05   4.9528116E+05   3.8573591E-02   5.9349317E-03   8.9047429E+02   4.9279517E+05   4.9528116E+05   0.0000000E+00   0.0000000E+00   0.0000000E+00   0.0000000E+00   0.0000000E+00
   3.3783169E-01   4.7233939E+05   4.7233939E+05   3.4454062E-02   5.2974545E-03   7.9659764E+02   4.6996829E+05   4.7233939E+05   0.0000000E+00   0.0000000E+00   0.0000000E+00   0.0000000E+00   0.0000000E+00
   3.4926665E-01   4.4836604E+05   4.4836604E+05   3.0721567E-02   4.7060935E-03   7.0996129E+02   4.4611505E+05   4.4836604E+05   0.0000000E+00   0.0000000E+00   0.0000000E+00   0.0000000E+00   0.0000000E+00
   3.6112825E-01   4.2483793E+05   4.2483793E+05   2.6962919E-02   4.1725509E-03   6.3094632E+02   4.2270486E+05   4.2483793E+05   0.0000000E+00   0.0000000E+00   0.0000000E+00   0.0000000E+00   0.0000000E+00
   3.7344205E-01   4.0340564E+05   4.0340564E+05   2.5172220E-02   3.7058477E-03   5.6125440E+02   4.0137999E+05   4.0340564E+05   0.0000000E+00   0.0000000E+00   0.0000000E+00   0.0000000E+00   0.0000000E+00
   3.8623681E-01   3.8414870E+05   3.8414870E+05   2.1666018E-02   3.2992411E-03   5.0104231E+02   3.8221959E+05   3.8414870E+05   0.0000000E+00   0.0000000E+00   0.0000000E+00   0.0000000E+00   0.0000000E+00
   3.9954511E-01   3.6572017E+05   3.6572017E+05   1.9373727E-02   2.9356152E-03   4.4672589E+02   3.6388344E+05   3.6572017E+05   0.0000000E+00   0.0000000E+00   0.0000000E+00   0.0000000E+00   0.0000000E+00
   4.1340400E-01   3.4709561E+05   3.4709561E+05   1.7534798E-02   2.6030243E-03   3.9648691E+02   3.4535229E+05   3.4709561E+05   0.0000000E+00   0.0000000E+00   0.0000000E+00   0.0000000E+00   0.0000000E+00
   4.2785592E-01   3.2868906E+05   3.2868906E+05   1.5084538E-02   2.3018054E-03   3.5120692E+02   3.2703807E+05   3.2868906E+05   0.0000000E+00   0.0000000E+00   0.0000000E+00   0.0000000E+00   0.0000000E+00
   4.4294972E-01   3.1146140E+05   3.1146140E+05   1.3559775E-02   2.0352844E-03   3.1094653E+02   3.0989684E+05   3.1146140E+05   0.0000000E+00   0.0000000E+00   0.0000000E+00   0.0000000E+00   0.0000000E+00
   4.5874204E-01   2.9543987E+05   2.9543987E+05   1.1820673E-02   1.8001795E-03   2.7528429E+02   2.9395569E+05   2.9543987E+05   0.0000000E+00   0.0000000E+00   0.0000000E+00   0.0000000E+00   0.0000000E+00
   4.7529897E-01   2.7985485E+05   2.7985485E+05   1.0488857E-02   1.5886687E-03   2.4320199E+02   2.7844888E+05   2.7985485E+05   0.0000000E+00   0.0000000E+00   0.0000000E+00   0.0000000E+00   0.0000000E+00
   4.9269817E-01   2.6446732E+05   2.6446732E+05   9.2741023E-03   1.3973888E-03   2.1394299E+02   2.6313857E+05   2.6446732E+05   0.0000000E+00   0.0000000E+00   0.0000000E+00   0.0000000E+00   0.0000000E+00
   5.1103162E-01   2.4974175E+05   2.4974175E+05   8.1026719E-03   1.2267513E-03   1.8796051E+02   2.4848692E+05   2.4974175E+05   0.0000000E+00   0.0000000E+00   0.0000000E+00   0.0000000E+00   0.0000000E+00
   5.3040905E-01   2.3576298E+05   2.3576298E+05   7.0842341E-03   1.0751319E-03   1.6468511E+02   2.3457832E+05   2.3576298E+05   0.0000000E+00   0.0000000E+00   0.0000000E+00   0.0000000E+00   0.0000000E+00
   5.5096246E-01   2.2213877E+05   2.2213877E+05   6.1922320E-03   9.3895301E-04   1.4385134E+02   2.2102252E+05   2.2213877E+05   0.0000000E+00   0.0000000E+00   0.0000000E+00   0.0000000E+00   0.0000000E+00
   5.7285190E-01   2.0886068E+05   2.0886068E+05   5.3640895E-03   8.1674988E-04   1.2495437E+02   2.0781110E+05   2.0886068E+05   0.0000000E+00   0.0000000E+00   0.0000000E+00   0.0000000E+00   0.0000000E+00
   5.9627292E-01   1.9609187E+05   1.9609187E+05   4.6434813E-03   7.0783477E-04   1.0810948E+02   1.9510640E+05   1.9609187E+05   0.0000000E+00   0.0000000E+00   0.0000000E+00   0.0000000E+00   0.0000000E+00
   6.2146601E-01   1.8366035E+05   1.8366035E+05   3.9998245E-03   6.1034841E-04   9.3138554E+01   1.8273733E+05   1.8366035E+05   0.0000000E+00   0.0000000E+00   0.0000000E+00   0.0000000E+00   0.0000000E+00
   6.4872854E-01   1.7152503E+05   1.7152503E+05   3.4266712E-03   5.2317453E-04   7.9564034E+01   1.7066296E+05   1.7152503E+05   0.0000000E+00   0.0000000E+00   0.0000000E+00   0.0000000E+00   0.0000000E+00
   6.7842888E-01   1.5971793E+05   1.5971793E+05   2.9182218E-03   4.4548426E-04   6.7511523E+01   1.5891517E+05   1.5971793E+05   0.0000000E+00   0.0000000E+00   0.0000000E+00   0.0000000E+00   0.0000000E+00
   7.1102195E-01   1.4815280E+05   1.4815280E+05   2.4623429E-03   3.7624394E-04   5.6787662E+01   1.4740814E+05   1.4815280E+05   0.0000000E+00   0.0000000E+00   0.0000000E+00   0.0000000E+00   0.0000000E+00
   7.4706291E-01   1.3684233E+05   1.3684233E+05   2.0584785E-03   3.1482679E-04   4.7263874E+01   1.3615448E+05   1.3684233E+05   0.0000000E+00   0.0000000E+00   0.0000000E+00   0.0000000E+00   0.0000000E+00
   7.8721193E-01   1.2576321E+05   1.2576321E+05   1.7038034E-03   2.6060358E-04   3.8827112E+01   1.2513104E+05   1.2576321E+05   0.0000000E+00   0.0000000E+00   0.0000000E+00   0.0000000E+00   0.0000000E+00
   8.3221666E-01   1.1493976E+05   1.1493976E+05   1.3965507E-03   2.1312922E-04   3.1473097E+01   1.1436197E+05   1.1493976E+05   0.0000000E+00   0.0000000E+00   0.0000000E+00   0.0000000E+00   0.0000000E+00
   8.8285505E-01   1.0441721E+05   1.0441721E+05   1.1225679E-03   1.7205920E-04   2.5132905E+01   1.0389230E+05   1.0441721E+05   0.0000000E+00   0.0000000E+00   0.0000000E+00   0.0000000E+00   0.0000000E+00
   9.3982858E-01   9.4284374E+04   9.4284374E+04   8.9429253E-04   1.3710689E-04   1.9742007E+01   9.3810388E+04   9.4284374E+04   0.0000000E+00   0.0000000E+00   0.0000000E+00   0.0000000E+00   0.0000000E+00
   1.0036321E+00   8.4661363E+04   8.4661363E+04   7.0326406E-04   1.0796594E-04   1.5259523E+01   8.4235741E+04   8.4661363E+04   0.0000000E+00   0.0000000E+00   0.0000000E+00   0.0000000E+00   0.0000000E+00
   1.0744776E+00   7.5671284E+04   7.5671284E+04   5.4807920E-04   8.4202183E-05   1.1631351E+01   7.5290849E+04   7.5671284E+04   0.0000000E+00   0.0000000E+00   0.0000000E+00   0.0000000E+00   0.0000000E+00
   1.1523493E+00   6.7406794E+04   6.7406794E+04   4.2408949E-04   6.5215577E-05   8.7531278E+00   6.7067900E+04   6.7406794E+04   0.0000000E+00   0.0000000E+00   0.0000000E+00   0.0000000E+00   0.0000000E+00
   1.2371687E+00   5.9910963E+04   5.9910963E+04   3.2728954E-04   5.0291776E-05   6.5107477E+00   5.9609749E+04   5.9910963E+04   0.0000000E+00   0.0000000E+00   0.0000000E+00   0.0000000E+00   0.0000000E+00
   1.3289565E+00   5.3175519E+04   5.3175519E+04   2.5158066E-04   3.8687528E-05   4.7948782E+00   5.2908164E+04   5.3175519E+04   0.0000000E+00   0.0000000E+00   0.0000000E+00   0.0000000E+00   0.0000000E+00
   1.4279044E+00   4.7155370E+04   4.7155370E+04   1.9309283E-04   2.9719571E-05   3.4874443E+00   4.6918280E+04   4.7155370E+04   0.0000000E+00   0.0000000E+00   0.0000000E+00   0.0000000E+00   0.0000000E+00
   1.5343669E+00   4.1791174E+04   4.1791174E+04   1.4810635E-04   2.2812334E-05   2.5021472E+00   4.1581051E+04   4.1791174E+04   0.0000000E+00   0.0000000E+00   0.0000000E+00   0.0000000E+00   0.0000000E+00
   1.6488214E+00   3.7018755E+04   3.7018755E+04   1.1368225E-04   1.7500373E-05   1.7632172E+00   3.6832625E+04   3.7018755E+04   0.0000000E+00   0.0000000E+00   0.0000000E+00   0.0000000E+00   0.0000000E+00
   1.7718308E+00   3.2776673E+04   3.2776673E+04   8.7054993E-05   1.3419057E-05   1.2140063E+00   3.2611871E+04   3.2776673E+04   0.0000000E+00   0.0000000E+00   0.0000000E+00   0.0000000E+00   0.0000000E+00
   1.9040219E+00   2.9008581E+04   2.9008581E+04   6.6685601E-05   1.0285423E-05   8.0325977E-01   2.8862723E+04   2.9008581E+04   0.0000000E+00   0.0000000E+00   0.0000000E+00   0.0000000E+00   0.0000000E+00
   2.0460766E+00   2.5663307E+04   2.5663307E+04   5.1068490E-05   7.8803069E-06   5.0633575E-01   2.5534269E+04   2.5663307E+04   0.0000000E+00   0.0000000E+00   0.0000000E+00   0.0000000E+00   0.0000000E+00
   2.1987299E+00   2.2694928E+04   2.2694928E+04   3.9096478E-05   6.0353428E-06   2.8932408E-01   2.2580815E+04   2.2694928E+04   0.0000000E+00   0.0000000E+00   0.0000000E+00   0.0000000E+00   0.0000000E+00
   2.3627724E+00   2.0062338E+04   2.0062338E+04   2.9776515E-05   4.6205746E-06   1.3514339E-01   1.9961460E+04   2.0062338E+04   0.0000000E+00   0.0000000E+00   0.0000000E+00   0.0000000E+00   0.0000000E+00
   2.5390537E+00   1.7728596E+04   1.7728596E+04   2.2918760E-05   3.5362280E-06   2.5194534E-02   1.7639453E+04   1.7728596E+04   0.0000000E+00   0.0000000E+00   0.0000000E+00   0.0000000E+00   0.0000000E+00
   2.7284870E+00   1.5660754E+04   1.5660754E+04   1.7520098E-05   2.7054161E-06   -4.8593257E-02   1.5582007E+04   1.5660754E+04   0.0000000E+00   0.0000000E+00   0.0000000E+00   0.0000000E+00   0.0000000E+00
   2.9320535E+00   1.3829331E+04   1.3829331E+04   1.3392688E-05   2.0691161E-06   -9.7786233E-02   1.3759794E+04   1.3829331E+04   0.0000000E+00   0.0000000E+00   0.0000000E+00   0.0000000E+00   0.0000000E+00
   3.1508076E+00   1.2207989E+04   1.2207989E+04   1.0235099E-05   1.5819840E-06   -1.2856840E-01   1.2146604E+04   1.2207989E+04   0.0000000E+00   0.0000000E+00   0.0000000E+00   0.0000000E+00   0.0000000E+00
   3.3858825E+00   1.0773226E+04   1.0773226E+04   7.8228036E-06   1.2091616E-06   -1.4532728E-01   1.0719055E+04   1.0773226E+04   0.0000000E+00   0.0000000E+00   0.0000000E+00   0.0000000E+00   0.0000000E+00
   3.6384959E+00   9.5040813E+03   9.5040813E+03   5.9706629E-06   9.2393384E-07   -1.5275253E-01   9.4562918E+03   9.5040813E+03   0.0000000E+00   0.0000000E+00   0.0000000E+00   0.0000000E+00   0.0000000E+00
   3.9099562E+00   8.3818753E+03   8.3818753E+03   4.5637589E-06   7.0579743E-07   -1.5344061E-01   8.3397286E+03   8.3818753E+03   0.0000000E+00   0.0000000E+00   0.0000000E+00   0.0000000E+00   0.0000000E+00
   4.2016695E+00   7.3899705E+03   7.3899705E+03   3.4847821E-06   5.3901862E-07   -1.4943714E-01   7.3528113E+03   7.3899705E+03   0.0000000E+00   0.0000000E+00   0.0000000E+00   0.0000000E+00   0.0000000E+00
   4.5151469E+00   6.5135581E+03   6.5135581E+03   2.6588123E-06   4.1154837E-07   -1.4266470E-01   6.4808057E+03   6.5135581E+03   0.0000000E+00   0.0000000E+00   0.0000000E+00   0.0000000E+00   0.0000000E+00
   4.8520122E+00   5.7394653E+03   5.7394653E+03   2.0292162E-06   3.1414991E-07   -1.3413988E-01   5.7106053E+03   5.7394653E+03   0.0000000E+00   0.0000000E+00   0.0000000E+00   0.0000000E+00   0.0000000E+00
   5.2140103E+00   5.0559815E+03   5.0559815E+03   1.5479795E-06   2.3975045E-07   -1.2462268E-01   5.0305583E+03   5.0559815E+03   0.0000000E+00   0.0000000E+00   0.0000000E+00   0.0000000E+00   0.0000000E+00
   5.6030163E+00   4.4527021E+03   4.4527021E+03   1.1815941E-06   1.8293373E-07   -1.1460726E-01   4.4303123E+03   4.4527021E+03   0.0000000E+00   0.0000000E+00   0.0000000E+00   0.0000000E+00   0.0000000E+00
   6.0210452E+00   3.9203878E+03   3.9203878E+03   8.9889141E-07   1.3955625E-07   -1.0467669E-01   3.9006746E+03   3.9203878E+03   0.0000000E+00   0.0000000E+00   0.0000000E+00   0.0000000E+00   0.0000000E+00
   6.4702623E+00   3.4508382E+03   3.4508382E+03   6.8646096E-07   1.0644678E-07   -9.4951491E-02   3.4334861E+03   3.4508382E+03   0.0000000E+00   0.0000000E+00   0.0000000E+00   0.0000000E+00   0.0000000E+00
   6.9529945E+00   3.0367792E+03   3.0367792E+03   5.2274658E-07   8.1180697E-08   -8.5699819E-02   3.0215092E+03   3.0367792E+03   0.0000000E+00   0.0000000E+00   0.0000000E+00   0.0000000E+00   0.0000000E+00
   7.4717424E+00   2.6717611E+03   2.6717611E+03   3.9845883E-07   6.1904125E-08   -7.7082451E-02   2.6583265E+03   2.6717611E+03   0.0000000E+00   0.0000000E+00   0.0000000E+00   0.0000000E+00   0.0000000E+00
   8.0291928E+00   2.3500681E+03   2.3500681E+03   3.0362152E-07   4.7200271E-08   -6.9048883E-02   2.3382510E+03   2.3500681E+03   0.0000000E+00   0.0000000E+00   0.0000000E+00   0.0000000E+00   0.0000000E+00
