#           k/h    CDM            baryon         photon         nu             mass_nu        total          no_nu          total_de       Weyl           v_CDM          v_b            v_b-v_c     
   1.0825576E-05   1.8272692E+07   1.8272692E+07   2.4351105E+07   1.0698790E+04   2.8971344E+07   1.8272696E+07   1.8272692E+07   0.0000000E+00   0.0000000E+00   0.0000000E+00   0.0000000E+00   0.0000000E+00
   1.1633249E-05   1.8272688E+07   1.8272688E+07   2.4349168E+07   1.0698241E+04   2.8970647E+07   1.8272693E+07   1.8272688E+07   0.0000000E+00   0.0000000E+00   0.0000000E+00   0.0000000E+00   0.0000000E+00
   1.2501180E-05   1.8272684E+07   1.8272684E+07   2.4346932E+07   1.0697608E+04   2.8969843E+07   1.8272688E+07   1.8272684E+07   0.0000000E+00   0.0000000E+00   0.0000000E+00   0.0000000E+00   0.0000000E+00
   1.3433866E-05   1.8272679E+07   1.8272679E+07   2.4344350E+07   1.0696877E+04   2.8968914E+07   1.8272684E+07   1.8272679E+07   0.0000000E+00   0.0000000E+00   0.0000000E+00   0.0000000E+00   0.0000000E+00
   1.4436138E-05   1.8272674E+07   1.8272674E+07   2.4341369E+07   1.0696032E+04   2.8967841E+07   1.8272678E+07   1.8272674E+07   0.0000000E+00   0.0000000E+00   0.0000000E+00   0.0000000E+00   0.0000000E+00
   1.5513187E-05   1.8272668E+07   1.8272668E+07   2.4337926E+07   1.0695057E+04   2.8966603E+07   1.8272671E+07   1.8272668E+07   0.0000000E+00   0.0000000E+00   0.0000000E+00   0.0000000E+00   0.0000000E+00
   1.6670592E-05   1.8272660E+07   1.8272660E+07   2.4333952E+07   1.0693931E+04   2.8965174E+07   1.8272664E+07   1.8272660E+07   0.0000000E+00   0.0000000E+00   0.0000000E+00   0.0000000E+00   0.0000000E+00
   1.7914349E-05   1.8272652E+07   1.8272652E+07   2.4329363E+07   1.0692631E+04   2.8963523E+07   1.8272655E+07   1.8272652E+07   0.0000000E+00   0.0000000E+00   0.0000000E+00   0.0000000E+00   0.0000000E+00
   1.9250899E-05   1.8272642E+07   1.8272642E+07   2.4324064E+07   1.0691130E+04   2.8961618E+07   1.8272645E+07   1.8272642E+07   0.0000000E+00   0.0000000E+00   0.0000000E+00   0.0000000E+00   0.0000000E+00
   2.0687167E-05   1.8272631E+07   1.8272631E+07   2.4317947E+07   1.0689396E+04   2.8959419E+07   1.8272633E+07   1.8272631E+07   0.0000000E+00   0.0000000E+00   0.0000000E+00   0.0000000E+00   0.0000000E+00
   2.2230592E-05   1.8272618E+07   1.8272618E+07   2.4310885E+07   1.0687395E+04   2.8956880E+07   1.8272620E+07   1.8272618E+07   0.0000000E+00   0.0000000E+00   0.0000000E+00   0.0000000E+00   0.0000000E+00
   2.3889168E-05   1.8272603E+07   1.8272603E+07   2.4302732E+07   1.0685085E+04   2.8953949E+07   1.8272604E+07   1.8272603E+07   0.0000000E+00   0.0000000E+00   0.0000000E+00   0.0000000E+00   0.0000000E+00
   2.5671487E-05   1.8272585E+07   1.8272585E+07   2.4293320E+07   1.0682418E+04   2.8950566E+07   1.8272586E+07   1.8272585E+07   0.0000000E+00   0.0000000E+00   0.0000000E+00   0.0000000E+00   0.0000000E+00
   2.7586781E-05   1.8272565E+07   1.8272565E+07   2.4282456E+07   1.0679339E+04   2.8946662E+07   1.8272565E+07   1.8272565E+07   0.0000000E+00   0.0000000E+00   0.0000000E+00   0.0000000E+00   0.0000000E+00
   2.9644970E-05   1.8272542E+07   1.8272542E+07   2.4269915E+07   1.0675784E+04   2.8942156E+07   1.8272541E+07   1.8272542E+07   0.0000000E+00   0.0000000E+00   0.0000000E+00   0.0000000E+00   0.0000000E+00
   3.1856717E-05   1.8272515E+07   1.8272515E+07   2.4255441E+07   1.0671681E+04   2.8936957E+07   1.8272513E+07   1.8272515E+07   0.0000000E+00   0.0000000E+00   0.0000000E+00   0.0000000E+00   0.0000000E+00
   3.4233478E-05   1.8272484E+07   1.8272484E+07   2.4238737E+07   1.0666945E+04   2.8930958E+07   1.8272481E+07   1.8272484E+07   0.0000000E+00   0.0000000E+00   0.0000000E+00   0.0000000E+00   0.0000000E+00
   3.6787563E-05   1.8272449E+07   1.8272449E+07   2.4219460E+07   1.0661479E+04   2.8924038E+07   1.8272444E+07   1.8272449E+07   0.0000000E+00   0.0000000E+00   0.0000000E+00   0.0000000E+00   0.0000000E+00
   3.9532203E-05   1.8272408E+07   1.8272408E+07   2.4197218E+07   1.0655171E+04   2.8916056E+07   1.8272402E+07   1.8272408E+07   0.0000000E+00   0.0000000E+00   0.0000000E+00   0.0000000E+00   0.0000000E+00
   4.2481615E-05   1.8272360E+07   1.8272360E+07   2.4171556E+07   1.0647892E+04   2.8906851E+07   1.8272352E+07   1.8272360E+07   0.0000000E+00   0.0000000E+00   0.0000000E+00   0.0000000E+00   0.0000000E+00
   4.5651076E-05   1.8272305E+07   1.8272305E+07   2.4141953E+07   1.0639492E+04   2.8896237E+07   1.8272295E+07   1.8272305E+07   0.0000000E+00   0.0000000E+00   0.0000000E+00   0.0000000E+00   0.0000000E+00
   4.9057004E-05   1.8272242E+07   1.8272242E+07   2.4107810E+07   1.0629802E+04   2.8884002E+07   1.8272230E+07   1.8272242E+07   0.0000000E+00   0.0000000E+00   0.0000000E+00   0.0000000E+00   0.0000000E+00
   5.2717040E-05   1.8272169E+07   1.8272169E+07   2.4068438E+07   1.0618624E+04   2.8869903E+07   1.8272154E+07   1.8272169E+07   0.0000000E+00   0.0000000E+00   0.0000000E+00   0.0000000E+00   0.0000000E+00
   5.6650144E-05   1.8272085E+07   1.8272085E+07   2.4023046E+07   1.0605732E+04   2.8853660E+07   1.8272066E+07   1.8272085E+07   0.0000000E+00   0.0000000E+00   0.0000000E+00   0.0000000E+00   0.0000000E+00
   6.0876689E-05   1.8271987E+07   1.8271987E+07   2.3970726E+07   1.0590866E+04   2.8834954E+07   1.8271965E+07   1.8271987E+07   0.0000000E+00   0.0000000E+00   0.0000000E+00   0.0000000E+00   0.0000000E+00
   6.5418566E-05   1.8271875E+07   1.8271875E+07   2.3910439E+07   1.0573728E+04   2.8813420E+07   1.8271848E+07   1.8271875E+07   0.0000000E+00   0.0000000E+00   0.0000000E+00   0.0000000E+00   0.0000000E+00
   7.0299303E-05   1.8271745E+07   1.8271745E+07   2.3840996E+07   1.0553975E+04   2.8788645E+07   1.8271713E+07   1.8271745E+07   0.0000000E+00   0.0000000E+00   0.0000000E+00   0.0000000E+00   0.0000000E+00
   7.5544182E-05   1.8271595E+07   1.8271595E+07   2.3761036E+07   1.0531216E+04   2.8760156E+07   1.8271558E+07   1.8271595E+07   0.0000000E+00   0.0000000E+00   0.0000000E+00   0.0000000E+00   0.0000000E+00
   8.1180369E-05   1.8271422E+07   1.8271422E+07   2.3669008E+07   1.0505002E+04   2.8727417E+07   1.8271378E+07   1.8271422E+07   0.0000000E+00   0.0000000E+00   0.0000000E+00   0.0000000E+00   0.0000000E+00
   8.7237060E-05   1.8271223E+07   1.8271223E+07   2.3563147E+07   1.0474821E+04   2.8689825E+07   1.8271171E+07   1.8271223E+07   0.0000000E+00   0.0000000E+00   0.0000000E+00   0.0000000E+00   0.0000000E+00
   9.3745627E-05   1.8270992E+07   1.8270992E+07   2.3441445E+07   1.0440088E+04   2.8646696E+07   1.8270932E+07   1.8270992E+07   0.0000000E+00   0.0000000E+00   0.0000000E+00   0.0000000E+00   0.0000000E+00
   1.0073979E-04   1.8270727E+07   1.8270727E+07   2.3301630E+07   1.0400138E+04   2.8597266E+07   1.8270656E+07   1.8270727E+07   0.0000000E+00   0.0000000E+00   0.0000000E+00   0.0000000E+00   0.0000000E+00
   1.0825576E-04   1.8270420E+07   1.8270420E+07   2.3141135E+07   1.0354216E+04   2.8540682E+07   1.8270338E+07   1.8270420E+07   0.0000000E+00   0.0000000E+00   0.0000000E+00   0.0000000E+00   0.0000000E+00
   1.1633249E-04   1.8270067E+07   1.8270067E+07   2.2957072E+07   1.0301467E+04   2.8475996E+07   1.8269971E+07   1.8270067E+07   0.0000000E+00   0.0000000E+00   0.0000000E+00   0.0000000E+00   0.0000000E+00
   1.2501180E-04   1.8269659E+07   1.8269659E+07   2.2746208E+07   1.0240925E+04   2.8402166E+07   1.8269548E+07   1.8269659E+07   0.0000000E+00   0.0000000E+00   0.0000000E+00   0.0000000E+00   0.0000000E+00
   1.3433866E-04   1.8269189E+07   1.8269189E+07   2.2504939E+07   1.0171506E+04   2.8318054E+07   1.8269060E+07   1.8269189E+07   0.0000000E+00   0.0000000E+00   0.0000000E+00   0.0000000E+00   0.0000000E+00
   1.4436138E-04   1.8268647E+07   1.8268647E+07   2.2229280E+07   1.0091996E+04   2.8222433E+07   1.8268498E+07   1.8268647E+07   0.0000000E+00   0.0000000E+00   0.0000000E+00   0.0000000E+00   0.0000000E+00
   1.5513187E-04   1.8268023E+07   1.8268023E+07   2.1914853E+07   1.0001042E+04   2.8113997E+07   1.8267849E+07   1.8268023E+07   0.0000000E+00   0.0000000E+00   0.0000000E+00   0.0000000E+00   0.0000000E+00
   1.6670592E-04   1.8267304E+07   1.8267304E+07   2.1556897E+07   9.8971526E+03   2.7991383E+07   1.8267103E+07   1.8267304E+07   0.0000000E+00   0.0000000E+00   0.0000000E+00   0.0000000E+00   0.0000000E+00
   1.7914349E-04   1.8266476E+07   1.8266476E+07   2.1150299E+07   9.7786881E+03   2.7853200E+07   1.8266243E+07   1.8266476E+07   0.0000000E+00   0.0000000E+00   0.0000000E+00   0.0000000E+00   0.0000000E+00
   1.9250899E-04   1.8265523E+07   1.8265523E+07   2.0689644E+07   9.6438701E+03   2.7698081E+07   1.8265253E+07   1.8265523E+07   0.0000000E+00   0.0000000E+00   0.0000000E+00   0.0000000E+00   0.0000000E+00
   2.0687167E-04   1.8264426E+07   1.8264426E+07   2.0169316E+07   9.4907899E+03   2.7524742E+07   1.8264114E+07   1.8264426E+07   0.0000000E+00   0.0000000E+00   0.0000000E+00   0.0000000E+00   0.0000000E+00
   2.2230592E-04   1.8263165E+07   1.8263165E+07   1.9583637E+07   9.3174316E+03   2.7332074E+07   1.8262804E+07   1.8263165E+07   0.0000000E+00   0.0000000E+00   0.0000000E+00   0.0000000E+00   0.0000000E+00
   2.3889168E-04   1.8261715E+07   1.8261715E+07   1.8927074E+07   9.1217077E+03   2.7119255E+07   1.8261299E+07   1.8261715E+07   0.0000000E+00   0.0000000E+00   0.0000000E+00   0.0000000E+00   0.0000000E+00
   2.5671487E-04   1.8260051E+07   1.8260051E+07   1.8194523E+07   8.9015129E+03   2.6885896E+07   1.8259570E+07   1.8260051E+07   0.0000000E+00   0.0000000E+00   0.0000000E+00   0.0000000E+00   0.0000000E+00
   2.7586781E-04   1.8258141E+07   1.8258141E+07   1.7381682E+07   8.6548010E+03   2.6632218E+07   1.8257586E+07   1.8258141E+07   0.0000000E+00   0.0000000E+00   0.0000000E+00   0.0000000E+00   0.0000000E+00
   2.9644970E-04   1.8255950E+07   1.8255950E+07   1.6485534E+07   8.3796896E+03   2.6359256E+07   1.8255310E+07   1.8255950E+07   0.0000000E+00   0.0000000E+00   0.0000000E+00   0.0000000E+00   0.0000000E+00
   3.1856717E-04   1.8253441E+07   1.8253441E+07   1.5504942E+07   8.0745962E+03   2.6069084E+07   1.8252704E+07   1.8253441E+07   0.0000000E+00   0.0000000E+00   0.0000000E+00   0.0000000E+00   0.0000000E+00
   3.4233478E-04   1.8250571E+07   1.8250571E+07   1.4441354E+07   7.7384124E+03   2.5765050E+07   1.8249721E+07   1.8250571E+07   0.0000000E+00   0.0000000E+00   0.0000000E+00   0.0000000E+00   0.0000000E+00
   3.6787563E-04   1.8247290E+07   1.8247290E+07   1.3299615E+07   7.3707141E+03   2.5451980E+07   1.8246312E+07   1.8247290E+07   0.0000000E+00   0.0000000E+00   0.0000000E+00   0.0000000E+00   0.0000000E+00
   3.9532203E-04   1.8243545E+07   1.8243545E+07   1.2088814E+07   6.9720082E+03   2.5136310E+07   1.8242421E+07   1.8243545E+07   0.0000000E+00   0.0000000E+00   0.0000000E+00   0.0000000E+00   0.0000000E+00
   4.2481615E-04   1.8239277E+07   1.8239277E+07   1.0823117E+07   6.5440052E+03   2.4826082E+07   1.8237985E+07   1.8239277E+07   0.0000000E+00   0.0000000E+00   0.0000000E+00   0.0000000E+00   0.0000000E+00
   4.5651076E-04   1.8234420E+07   1.8234420E+07   9.5224304E+06   6.0898989E+03   2.4530704E+07   1.8232936E+07   1.8234420E+07   0.0000000E+00   0.0000000E+00   0.0000000E+00   0.0000000E+00   0.0000000E+00
   4.9057004E-04   1.8228902E+07   1.8228902E+07   8.2127250E+06   5.6146207E+03   2.4260391E+07   1.8227200E+07   1.8228902E+07   0.0000000E+00   0.0000000E+00   0.0000000E+00   0.0000000E+00   0.0000000E+00
   5.2717040E-04   1.8222643E+07   1.8222643E+07   6.9257576E+06   5.1250210E+03   2.4025152E+07   1.8220692E+07   1.8222643E+07   0.0000000E+00   0.0000000E+00   0.0000000E+00   0.0000000E+00   0.0000000E+00
   5.6650144E-04   1.8215555E+07   1.8215555E+07   5.6979091E+06   4.6299098E+03   2.3833285E+07   1.8213323E+07   1.8215555E+07   0.0000000E+00   0.0000000E+00   0.0000000E+00   0.0000000E+00   0.0000000E+00
   6.0876689E-04   1.8207544E+07   1.8207544E+07   4.5678435E+06   4.1398753E+03   2.3689387E+07   1.8204994E+07   1.8207544E+07   0.0000000E+00   0.0000000E+00   0.0000000E+00   0.0000000E+00   0.0000000E+00
   6.5418566E-04   1.8198504E+07   1.8198504E+07   3.5727976E+06   3.6667953E+03   2.3592062E+07   1.8195594E+07   1.8198504E+07   0.0000000E+00   0.0000000E+00   0.0000000E+00   0.0000000E+00   0.0000000E+00
   7.0299303E-04   1.8188319E+07   1.8188319E+07   2.7435430E+06   3.2229700E+03   2.3531800E+07   1.8185006E+07   1.8188319E+07   0.0000000E+00   0.0000000E+00   0.0000000E+00   0.0000000E+00   0.0000000E+00
   7.5544182E-04   1.8176862E+07   1.8176862E+07   2.0984948E+06   2.8198595E+03   2.3489780E+07   1.8173097E+07   1.8176862E+07   0.0000000E+00   0.0000000E+00   0.0000000E+00   0.0000000E+00   0.0000000E+00
   8.1180369E-04   1.8163990E+07   1.8163990E+07   1.6380583E+06   2.4665054E+03   2.3438645E+07   1.8159722E+07   1.8163990E+07   0.0000000E+00   0.0000000E+00   0.0000000E+00   0.0000000E+00   0.0000000E+00
   8.7237060E-04   1.8149545E+07   1.8149545E+07   1.3410023E+06   2.1678690E+03   2.3346345E+07   1.8144719E+07   1.8149545E+07   0.0000000E+00   0.0000000E+00   0.0000000E+00   0.0000000E+00   0.0000000E+00
   9.3745627E-04   1.8133350E+07   1.8133350E+07   1.1651312E+06   1.9234947E+03   2.3183552E+07   1.8127909E+07   1.8133350E+07   0.0000000E+00   0.0000000E+00   0.0000000E+00   0.0000000E+00   0.0000000E+00
   1.0073979E-03   1.8115211E+07   1.8115211E+07   1.0542938E+06   1.7270499E+03   2.2933750E+07   1.8109096E+07   1.8115211E+07   0.0000000E+00   0.0000000E+00   0.0000000E+00   0.0000000E+00   0.0000000E+00
   1.0825576E-03   1.8094911E+07   1.8094911E+07   9.5219092E+05   1.5672866E+03   2.2602733E+07   1.8088063E+07   1.8094911E+07   0.0000000E+00   0.0000000E+00   0.0000000E+00   0.0000000E+00   0.0000000E+00
   1.1633249E-03   1.8072218E+07   1.8072218E+07   8.2020386E+05   1.4306710E+03   2.2221802E+07   1.8064580E+07   1.8072218E+07   0.0000000E+00   0.0000000E+00   0.0000000E+00   0.0000000E+00   0.0000000E+00
   1.2501180E-03   1.8046884E+07   1.8046884E+07   6.5222489E+05   1.3052554E+03   2.1838464E+07   1.8038399E+07   1.8046884E+07   0.0000000E+00   0.0000000E+00   0.0000000E+00   0.0000000E+00   0.0000000E+00
   1.3433866E-03   1.8018647E+07   1.8018647E+07   4.7671194E+05   1.1844467E+03   2.1492927E+07   1.8009265E+07   1.8018647E+07   0.0000000E+00   0.0000000E+00   0.0000000E+00   0.0000000E+00   0.0000000E+00
   1.4436138E-03   1.7987238E+07   1.7987238E+07   3.3900426E+05   1.0686627E+03   2.1189547E+07   1.7976913E+07   1.7987238E+07   0.0000000E+00   0.0000000E+00   0.0000000E+00   0.0000000E+00   0.0000000E+00
   1.5513187E-03   1.7952374E+07   1.7952374E+07   2.6843031E+05   9.6327020E+02   2.0885127E+07   1.7941068E+07   1.7952374E+07   0.0000000E+00   0.0000000E+00   0.0000000E+00   0.0000000E+00   0.0000000E+00
   1.6670592E-03   1.7913761E+07   1.7913761E+07   2.5132695E+05   8.7326180E+02   2.0516240E+07   1.7901442E+07   1.7913761E+07   0.0000000E+00   0.0000000E+00   0.0000000E+00   0.0000000E+00   0.0000000E+00
   1.7914349E-03   1.7871088E+07   1.7871088E+07   2.3785757E+05   7.9814438E+02   2.0059619E+07   1.7857731E+07   1.7871088E+07   0.0000000E+00   0.0000000E+00   0.0000000E+00   0.0000000E+00   0.0000000E+00
   1.9250899E-03   1.7824026E+07   1.7824026E+07   1.8836118E+05   7.3176246E+02   1.9570808E+07   1.7809613E+07   1.7824026E+07   0.0000000E+00   0.0000000E+00   0.0000000E+00   0.0000000E+00   0.0000000E+00
   2.0687167E-03   1.7772234E+07   1.7772234E+07   1.1778887E+05   6.6819962E+02   1.9134475E+07   1.7756751E+07   1.7772234E+07   0.0000000E+00   0.0000000E+00   0.0000000E+00   0.0000000E+00   0.0000000E+00
   2.2230592E-03   1.7715362E+07   1.7715362E+07   7.7092482E+04   6.0775621E+02   1.8751965E+07   1.7698795E+07   1.7715362E+07   0.0000000E+00   0.0000000E+00   0.0000000E+00   0.0000000E+00   0.0000000E+00
   2.3889168E-03   1.7653051E+07   1.7653051E+07   7.9011851E+04   5.5487489E+02   1.8323055E+07   1.7635385E+07   1.7653051E+07   0.0000000E+00   0.0000000E+00   0.0000000E+00   0.0000000E+00   0.0000000E+00
   2.5671487E-03   1.7584921E+07   1.7584921E+07   7.6627845E+04   5.1000420E+02   1.7802584E+07   1.7566139E+07   1.7584921E+07   0.0000000E+00   0.0000000E+00   0.0000000E+00   0.0000000E+00   0.0000000E+00
   2.7586781E-03   1.7510577E+07   1.7510577E+07   4.7379177E+04   4.6843783E+02   1.7288122E+07   1.7490657E+07   1.7510577E+07   0.0000000E+00   0.0000000E+00   0.0000000E+00   0.0000000E+00   0.0000000E+00
   2.9644970E-03   1.7429608E+07   1.7429608E+07   3.1774717E+04   4.2864206E+02   1.6817220E+07   1.7408525E+07   1.7429608E+07   0.0000000E+00   0.0000000E+00   0.0000000E+00   0.0000000E+00   0.0000000E+00
   3.1856717E-03   1.7341588E+07   1.7341588E+07   3.4798033E+04   3.9316116E+02   1.6281640E+07   1.7319319E+07   1.7341588E+07   0.0000000E+00   0.0000000E+00   0.0000000E+00   0.0000000E+00   0.0000000E+00
   3.4233478E-03   1.7246073E+07   1.7246073E+07   2.0452204E+04   3.6067618E+02   1.5714299E+07   1.7222599E+07   1.7246073E+07   0.0000000E+00   0.0000000E+00   0.0000000E+00   0.0000000E+00   0.0000000E+00
   3.6787563E-03   1.7142604E+07   1.7142604E+07   1.4814502E+04   3.2960717E+02   1.5184546E+07   1.7117907E+07   1.7142604E+07   0.0000000E+00   0.0000000E+00   0.0000000E+00   0.0000000E+00   0.0000000E+00
   3.9532203E-03   1.7030707E+07   1.7030707E+07   1.7496129E+04   3.0181206E+02   1.4578675E+07   1.7004776E+07   1.7030707E+07   0.0000000E+00   0.0000000E+00   0.0000000E+00   0.0000000E+00   0.0000000E+00
   4.2481615E-03   1.6909893E+07   1.6909893E+07   5.5169288E+03   2.7559179E+02   1.3991715E+07   1.6882725E+07   1.6909893E+07   0.0000000E+00   0.0000000E+00   0.0000000E+00   0.0000000E+00   0.0000000E+00
   4.5651076E-03   1.6779667E+07   1.6779667E+07   9.6845685E+03   2.5115111E+02   1.3396404E+07   1.6751272E+07   1.6779667E+07   0.0000000E+00   0.0000000E+00   0.0000000E+00   0.0000000E+00   0.0000000E+00
   4.9057004E-03   1.6639534E+07   1.6639534E+07   3.2441191E+03   2.2858138E+02   1.2777041E+07   1.6609940E+07   1.6639534E+07   0.0000000E+00   0.0000000E+00   0.0000000E+00   0.0000000E+00   0.0000000E+00
   5.2717040E-03   1.6489003E+07   1.6489003E+07   5.3207891E+03   2.0745879E+02   1.2174331E+07   1.6458251E+07   1.6489003E+07   0.0000000E+00   0.0000000E+00   0.0000000E+00   0.0000000E+00   0.0000000E+00
   5.6650144E-03   1.6327578E+07   1.6327578E+07   8.4109678E+02   1.8804088E+02   1.1568085E+07   1.6295710E+07   1.6327578E+07   0.0000000E+00   0.0000000E+00   0.0000000E+00   0.0000000E+00   0.0000000E+00
   6.0876689E-03   1.6154751E+07   1.6154751E+07   2.5317228E+03   1.7024958E+02   1.0943001E+07   1.6121803E+07   1.6154751E+07   0.0000000E+00   0.0000000E+00   0.0000000E+00   0.0000000E+00   0.0000000E+00
   6.5418566E-03   1.5969996E+07   1.5969996E+07   1.2719863E+03   1.5357438E+02   1.0343439E+07   1.5936009E+07   1.5969996E+07   0.0000000E+00   0.0000000E+00   0.0000000E+00   0.0000000E+00   0.0000000E+00
   7.0299303E-03   1.5772777E+07   1.5772777E+07   -4.0979450E+02   1.3820774E+02   9.7269168E+06   1.5737821E+07   1.5772777E+07   0.0000000E+00   0.0000000E+00   0.0000000E+00   0.0000000E+00   0.0000000E+00
   7.5544182E-03   1.5562572E+07   1.5562572E+07   1.5315280E+00   1.2407735E+02   9.1237946E+06   1.5526732E+07   1.5562572E+07   0.0000000E+00   0.0000000E+00   0.0000000E+00   0.0000000E+00   0.0000000E+00
   8.1180369E-03   1.5338861E+07   1.5338861E+07   5.9770055E+02   1.1110615E+02   8.5373544E+06   1.5302217E+07   1.5338861E+07   0.0000000E+00   0.0000000E+00   0.0000000E+00   0.0000000E+00   0.0000000E+00
   8.7237060E-03   1.5101109E+07   1.5101109E+07   3.7103567E+02   9.9175495E+01   7.9639668E+06   1.5063747E+07   1.5101109E+07   0.0000000E+00   0.0000000E+00   0.0000000E+00   0.0000000E+00   0.0000000E+00
   9.3745627E-03   1.4848774E+07   1.4848774E+07   5.7574662E+01   8.8268721E+01   7.4007391E+06   1.4810794E+07   1.4848774E+07   0.0000000E+00   0.0000000E+00   0.0000000E+00   0.0000000E+00   0.0000000E+00
   1.0073979E-02   1.4581321E+07   1.4581321E+07   1.7323502E+01   7.8325111E+01   6.8532377E+06   1.4542832E+07   1.4581321E+07   0.0000000E+00   0.0000000E+00   0.0000000E+00   0.0000000E+00   0.0000000E+00
   1.0825576E-02   1.4298216E+07   1.4298216E+07   -3.1307387E+01   6.9291993E+01   6.3215818E+06   1.4259330E+07   1.4298216E+07   0.0000000E+00   0.0000000E+00   0.0000000E+00   0.0000000E+00   0.0000000E+00
   1.1633249E-02   1.3998928E+07   1.3998928E+07   -2.5376814E+02   6.1088895E+01   5.8073244E+06   1.3959765E+07   1.3998928E+07   0.0000000E+00   0.0000000E+00   0.0000000E+00   0.0000000E+00   0.0000000E+00
   1.2501180E-02   1.3682956E+07   1.3682956E+07   -6.1187569E+02   5.3669395E+01   5.3197261E+06   1.3643646E+07   1.3682956E+07   0.0000000E+00   0.0000000E+00   0.0000000E+00   0.0000000E+00   0.0000000E+00
   1.3433866E-02   1.3349828E+07   1.3349828E+07   -3.7067553E+02   4.6983592E+01   4.8553147E+06   1.3310499E+07   1.3349828E+07   0.0000000E+00   0.0000000E+00   0.0000000E+00   0.0000000E+00   0.0000000E+00
   1.4436138E-02   1.2999127E+07   1.2999127E+07   -2.9298148E+02   4.0983255E+01   4.4058268E+06   1.2959918E+07   1.2999127E+07   0.0000000E+00   0.0000000E+00   0.0000000E+00   0.0000000E+00   0.0000000E+00
   1.5513187E-02   1.2630530E+07   1.2630530E+07   -3.1637629E+02   3.5606726E+01   3.9888870E+06   1.2591579E+07   1.2630530E+07   0.0000000E+00   0.0000000E+00   0.0000000E+00   0.0000000E+00   0.0000000E+00
   1.6670592E-02   1.2243837E+07   1.2243837E+07   -3.8883093E+02   3.0815904E+01   3.5891484E+06   1.2205288E+07   1.2243837E+07   0.0000000E+00   0.0000000E+00   0.0000000E+00   0.0000000E+00   0.0000000E+00
   1.7914349E-02   1.1839040E+07   1.1839040E+07   -2.3127760E+02   2.6560327E+01   3.2158690E+06   1.1801035E+07   1.1839040E+07   0.0000000E+00   0.0000000E+00   0.0000000E+00   0.0000000E+00   0.0000000E+00
   1.9250899E-02   1.1416383E+07   1.1416383E+07   -1.7145590E+02   2.2790788E+01   2.8689513E+06   1.1379065E+07   1.1416383E+07   0.0000000E+00   0.0000000E+00   0.0000000E+00   0.0000000E+00   0.0000000E+00
   2.0687167E-02   1.0976454E+07   1.0976454E+07   -1.8129834E+02   1.9469170E+01   2.5458404E+06   1.0939962E+07   1.0976454E+07   0.0000000E+00   0.0000000E+00   0.0000000E+00   0.0000000E+00   0.0000000E+00
   2.2230588E-02   1.0520289E+07   1.0520289E+07   -2.1318137E+02   1.6555001E+01   2.2484647E+06   1.0484761E+07   1.0520289E+07   0.0000000E+00   0.0000000E+00   0.0000000E+00   0.0000000E+00   0.0000000E+00
   2.3889147E-02   1.0049492E+07   1.0049492E+07   -1.2527632E+02   1.4009318E+01   1.9757958E+06   1.0015055E+07   1.0049492E+07   0.0000000E+00   0.0000000E+00   0.0000000E+00   0.0000000E+00   0.0000000E+00
   2.5671379E-02   9.5663650E+06   9.5663650E+06   -1.4947331E+02   1.1797941E+01   1.7246056E+06   9.5331376E+06   9.5663650E+06   0.0000000E+00   0.0000000E+00   0.0000000E+00   0.0000000E+00   0.0000000E+00
   2.7586291E-02   9.0740603E+06   9.0740603E+06   -9.3913399E+01   9.8870682E+00   1.4977875E+06   9.0421461E+06   9.0740603E+06   0.0000000E+00   0.0000000E+00   0.0000000E+00   0.0000000E+00   0.0000000E+00
   2.9643028E-02   8.5767515E+06   8.5767515E+06   -7.7227881E+01   8.2460699E+00   1.2940452E+06   8.5462361E+06   8.5767515E+06   0.0000000E+00   0.0000000E+00   0.0000000E+00   0.0000000E+00   0.0000000E+00
   3.1849930E-02   8.0798461E+06   8.0798461E+06   -8.2541763E+01   6.8472444E+00   1.1123567E+06   8.0507914E+06   8.0798461E+06   0.0000000E+00   0.0000000E+00   0.0000000E+00   0.0000000E+00   0.0000000E+00
   3.4212425E-02   7.5902189E+06   7.5902189E+06   -5.9777419E+01   5.6653272E+00   9.5276122E+05   7.5626576E+06   7.5902189E+06   0.0000000E+00   0.0000000E+00   0.0000000E+00   0.0000000E+00   0.0000000E+00
   3.6729287E-02   7.1163380E+06   7.1163380E+06   -5.9437529E+01   4.6776675E+00   8.1252428E+05   7.0902667E+06   7.1163380E+06   0.0000000E+00   0.0000000E+00   0.0000000E+00   0.0000000E+00   0.0000000E+00
   3.9387677E-02   6.6679348E+06   6.6679348E+06   -4.2948531E+01   3.8633074E+00   6.9261657E+05   6.6433090E+06   6.6679348E+06   0.0000000E+00   0.0000000E+00   0.0000000E+00   0.0000000E+00   0.0000000E+00
   4.2159657E-02   6.2547494E+06   6.2547494E+06   -3.6073859E+01   3.2017335E+00   5.9176020E+05   6.2314829E+06   6.2547494E+06   0.0000000E+00   0.0000000E+00   0.0000000E+00   0.0000000E+00   0.0000000E+00
   4.5004551E-02   5.8843167E+06   5.8843167E+06   -3.3604770E+01   2.6718504E+00   5.0833822E+05   5.8622887E+06   5.8843167E+06   0.0000000E+00   0.0000000E+00   0.0000000E+00   0.0000000E+00   0.0000000E+00
   4.7878857E-02   5.5598141E+06   5.5598141E+06   -2.9422721E+01   2.2515358E+00   4.4024049E+05   5.5388851E+06   5.5598141E+06   0.0000000E+00   0.0000000E+00   0.0000000E+00   0.0000000E+00   0.0000000E+00
   5.0748211E-02   5.2794643E+06   5.2794643E+06   -2.2901786E+01   1.9186617E+00   3.8472325E+05   5.2594945E+06   5.2794643E+06   0.0000000E+00   0.0000000E+00   0.0000000E+00   0.0000000E+00   0.0000000E+00
   5.3593598E-02   5.0377922E+06   5.0377922E+06   -1.7610472E+01   1.6532340E+00   3.3920897E+05   5.0186562E+06   5.0377922E+06   0.0000000E+00   0.0000000E+00   0.0000000E+00   0.0000000E+00   0.0000000E+00
   5.6410084E-02   4.8275982E+06   4.8275982E+06   -1.4425735E+01   1.4388750E+00   3.0154101E+05   4.8091932E+06   4.8275982E+06   0.0000000E+00   0.0000000E+00   0.0000000E+00   0.0000000E+00   0.0000000E+00
   5.9202031E-02   4.6415190E+06   4.6415190E+06   -1.2421149E+01   1.2629240E+00   2.6991656E+05   4.6237660E+06   4.6415190E+06   0.0000000E+00   0.0000000E+00   0.0000000E+00   0.0000000E+00   0.0000000E+00
   6.1978545E-02   4.4728667E+06   4.4728667E+06   -1.0901330E+01   1.1159096E+00   2.4291811E+05   4.4557094E+06   4.4728667E+06   0.0000000E+00   0.0000000E+00   0.0000000E+00   0.0000000E+00   0.0000000E+00
   6.4750481E-02   4.3159516E+06   4.3159516E+06   -9.6015798E+00   9.9094140E-01   2.1947944E+05   4.2993533E+06   4.3159516E+06   0.0000000E+00   0.0000000E+00   0.0000000E+00   0.0000000E+00   0.0000000E+00
   6.7528852E-02   4.1661480E+06   4.1661480E+06   -8.4651819E+00   8.8307065E-01   1.9880671E+05   4.1500883E+06   4.1661480E+06   0.0000000E+00   0.0000000E+00   0.0000000E+00   0.0000000E+00   0.0000000E+00
   7.0324106E-02   4.0198680E+06   4.0198680E+06   -7.5417296E+00   7.8869698E-01   1.8031563E+05   4.0043392E+06   4.0198680E+06   0.0000000E+00   0.0000000E+00   0.0000000E+00   0.0000000E+00   0.0000000E+00
   7.3145886E-02   3.8745145E+06   3.8745145E+06   -7.0161366E+00   7.0519445E-01   1.6359148E+05   3.8595179E+06   3.8745145E+06   0.0000000E+00   0.0000000E+00   0.0000000E+00   0.0000000E+00   0.0000000E+00
   7.6003017E-02   3.7284355E+06   3.7284355E+06   -7.1343190E+00   6.3068969E-01   1.4837314E+05   3.7139784E+06   3.7284355E+06   0.0000000E+00   0.0000000E+00   0.0000000E+00   0.0000000E+00   0.0000000E+00
   7.8903585E-02   3.5808790E+06   3.5808790E+06   -7.4407168E+00   5.6384910E-01   1.3452397E+05   3.5669710E+06   3.5808790E+06   0.0000000E+00   0.0000000E+00   0.0000000E+00   0.0000000E+00   0.0000000E+00
   8.1855048E-02   3.4319356E+06   3.4319356E+06   -6.0840630E+00   5.0369944E-01   1.2187218E+05   3.4185855E+06   3.4319356E+06   0.0000000E+00   0.0000000E+00   0.0000000E+00   0.0000000E+00   0.0000000E+00
   8.4864350E-02   3.2824578E+06   3.2824578E+06   -4.2565170E+00   4.4954373E-01   1.1008642E+05   3.2696708E+06   3.2824578E+06   0.0000000E+00   0.0000000E+00   0.0000000E+00   0.0000000E+00   0.0000000E+00
   8.7938024E-02   3.1339435E+06   3.1339435E+06   -5.2741025E+00   4.0087330E-01   9.9401533E+04   3.1217186E+06   3.1339435E+06   0.0000000E+00   0.0000000E+00   0.0000000E+00   0.0000000E+00   0.0000000E+00
   9.1082281E-02   2.9883758E+06   2.9883758E+06   -3.4631442E+00   3.5728958E-01   8.9680139E+04   2.9767040E+06   2.9883758E+06   0.0000000E+00   0.0000000E+00   0.0000000E+00   0.0000000E+00   0.0000000E+00
   9.4303084E-02   2.8480172E+06   2.8480172E+06   -3.8386931E+00   3.1846267E-01   8.0945471E+04   2.8368804E+06   2.8480172E+06   0.0000000E+00   0.0000000E+00   0.0000000E+00   0.0000000E+00   0.0000000E+00
   9.7606216E-02   2.7151621E+06   2.7151621E+06   -3.6614974E+00   2.8408875E-01   7.3017805E+04   2.7045331E+06   2.7151621E+06   0.0000000E+00   0.0000000E+00   0.0000000E+00   0.0000000E+00   0.0000000E+00
   1.0099732E-01   2.5918625E+06   2.5918625E+06   -3.1757154E+00   2.5384180E-01   6.5995331E+04   2.5817055E+06   2.5918625E+06   0.0000000E+00   0.0000000E+00   0.0000000E+00   0.0000000E+00   0.0000000E+00
   1.0448196E-01   2.4796483E+06   2.4796483E+06   -2.9107495E+00   2.2737629E-01   5.9813492E+04   2.4699215E+06   2.4796483E+06   0.0000000E+00   0.0000000E+00   0.0000000E+00   0.0000000E+00   0.0000000E+00
   1.0806563E-01   2.3792752E+06   2.3792752E+06   -2.5902125E+00   2.0430524E-01   5.4411062E+04   2.3699335E+06   2.3792752E+06   0.0000000E+00   0.0000000E+00   0.0000000E+00   0.0000000E+00   0.0000000E+00
   1.1175380E-01   2.2905378E+06   2.2905378E+06   -1.8325716E+00   1.8420522E-01   4.9626555E+04   2.2815366E+06   2.2905378E+06   0.0000000E+00   0.0000000E+00   0.0000000E+00   0.0000000E+00   0.0000000E+00
   1.1555193E-01   2.2121883E+06   2.2121883E+06   -2.1423444E+00   1.6663384E-01   4.5394353E+04   2.2034877E+06   2.2121883E+06   0.0000000E+00   0.0000000E+00   0.0000000E+00   0.0000000E+00   0.0000000E+00
   1.1946551E-01   2.1419962E+06   2.1419962E+06   -1.5367180E+00   1.5113808E-01   4.1654337E+04   2.1335651E+06   2.1419962E+06   0.0000000E+00   0.0000000E+00   0.0000000E+00   0.0000000E+00   0.0000000E+00
   1.2350002E-01   2.0769696E+06   2.0769696E+06   -1.4082266E+00   1.3729010E-01   3.8303359E+04   2.0687884E+06   2.0769696E+06   0.0000000E+00   0.0000000E+00   0.0000000E+00   0.0000000E+00   0.0000000E+00
   1.2766101E-01   2.0137366E+06   2.0137366E+06   -1.2792342E+00   1.2471577E-01   3.5195298E+04   2.0057989E+06   2.0137366E+06   0.0000000E+00   0.0000000E+00   0.0000000E+00   0.0000000E+00   0.0000000E+00
   1.3195405E-01   1.9490512E+06   1.9490512E+06   -1.2229843E+00   1.1311354E-01   3.2265492E+04   1.9413633E+06   1.9490512E+06   0.0000000E+00   0.0000000E+00   0.0000000E+00   0.0000000E+00   0.0000000E+00
   1.3638480E-01   1.8803540E+06   1.8803540E+06   -1.2951506E+00   1.0227488E-01   2.9526541E+04   1.8729324E+06   1.8803540E+06   0.0000000E+00   0.0000000E+00   0.0000000E+00   0.0000000E+00   0.0000000E+00
   1.4095893E-01   1.8062853E+06   1.8062853E+06   -1.0180143E+00   9.2092705E-02   2.6862879E+04   1.7991518E+06   1.8062853E+06   0.0000000E+00   0.0000000E+00   0.0000000E+00   0.0000000E+00   0.0000000E+00
   1.4568222E-01   1.7270279E+06   1.7270279E+06   -8.4544817E-01   8.2547500E-02   2.4357185E+04   1.7202036E+06   1.7270279E+06   0.0000000E+00   0.0000000E+00   0.0000000E+00   0.0000000E+00   0.0000000E+00
   1.5056050E-01   1.6443671E+06   1.6443671E+06   -7.6618544E-01   7.3689433E-02   2.1978845E+04   1.6378659E+06   1.6443671E+06   0.0000000E+00   0.0000000E+00   0.0000000E+00   0.0000000E+00   0.0000000E+00
   1.5559968E-01   1.5613923E+06   1.5613923E+06   -8.0834029E-01   6.5603399E-02   1.9779864E+04   1.5552161E+06   1.5613923E+06   0.0000000E+00   0.0000000E+00   0.0000000E+00   0.0000000E+00   0.0000000E+00
   1.6080574E-01   1.4818439E+06   1.4818439E+06   -6.2127299E-01   5.8370938E-02   1.7810409E+04   1.4759795E+06   1.4818439E+06   0.0000000E+00   0.0000000E+00   0.0000000E+00   0.0000000E+00   0.0000000E+00
   1.6618478E-01   1.4092086E+06   1.4092086E+06   -6.2535041E-01   5.2033836E-02   1.6059369E+04   1.4036291E+06   1.4092086E+06   0.0000000E+00   0.0000000E+00   0.0000000E+00   0.0000000E+00   0.0000000E+00
   1.7174297E-01   1.3457700E+06   1.3457700E+06   -5.4582063E-01   4.6569933E-02   1.4541024E+04   1.3404394E+06   1.3457700E+06   0.0000000E+00   0.0000000E+00   0.0000000E+00   0.0000000E+00   0.0000000E+00
   1.7748660E-01   1.2918898E+06   1.2918898E+06   -4.4241690E-01   4.1888181E-02   1.3225740E+04   1.2867706E+06   1.2918898E+06   0.0000000E+00   0.0000000E+00   0.0000000E+00   0.0000000E+00   0.0000000E+00
   1.8342207E-01   1.2457877E+06   1.2457877E+06   -4.6515022E-01   3.7841623E-02   1.2100064E+04   1.2408493E+06   1.2457877E+06   0.0000000E+00   0.0000000E+00   0.0000000E+00   0.0000000E+00   0.0000000E+00
   1.8955593E-01   1.2039826E+06   1.2039826E+06   -4.2936405E-01   3.4258965E-02   1.1085730E+04   1.1992082E+06   1.2039826E+06   0.0000000E+00   0.0000000E+00   0.0000000E+00   0.0000000E+00   0.0000000E+00
   1.9589488E-01   1.1623537E+06   1.1623537E+06   -3.7239504E-01   3.0983872E-02   1.0155337E+04   1.1577427E+06   1.1623537E+06   0.0000000E+00   0.0000000E+00   0.0000000E+00   0.0000000E+00   0.0000000E+00
   2.0244582E-01   1.1175324E+06   1.1175324E+06   -3.1128122E-01   2.7909648E-02   9.2542151E+03   1.1130978E+06   1.1175324E+06   0.0000000E+00   0.0000000E+00   0.0000000E+00   0.0000000E+00   0.0000000E+00
   2.0921582E-01   1.0681367E+06   1.0681367E+06   -2.7195806E-01   2.4996586E-02   8.3965111E+03   1.0638968E+06   1.0681367E+06   0.0000000E+00   0.0000000E+00   0.0000000E+00   0.0000000E+00   0.0000000E+00
   2.1621223E-01   1.0153195E+06   1.0153195E+06   -2.4404076E-01   2.2267090E-02   7.5713232E+03   1.0112881E+06   1.0153195E+06   0.0000000E+00   0.0000000E+00   0.0000000E+00   0.0000000E+00   0.0000000E+00
   2.2344266E-01   9.6229859E+05   9.6229859E+05   -2.4386591E-01   1.9777948E-02   6.8130160E+03   9.5847666E+05   9.6229859E+05   0.0000000E+00   0.0000000E+00   0.0000000E+00   0.0000000E+00   0.0000000E+00
   2.3091505E-01   9.1294419E+05   9.1294419E+05   -2.1156849E-01   1.7582224E-02   6.1337124E+03   9.0931733E+05   9.1294419E+05   0.0000000E+00   0.0000000E+00   0.0000000E+00   0.0000000E+00   0.0000000E+00
   2.3863773E-01   8.6998280E+05   8.6998280E+05   -1.9261524E-01   1.5696856E-02   5.5528527E+03   8.6652577E+05   8.6998280E+05   0.0000000E+00   0.0000000E+00   0.0000000E+00   0.0000000E+00   0.0000000E+00
   2.4661946E-01   8.3367248E+05   8.3367248E+05   -1.5692388E-01   1.4088841E-02   5.0531000E+03   8.3035897E+05   8.3367248E+05   0.0000000E+00   0.0000000E+00   0.0000000E+00   0.0000000E+00   0.0000000E+00
   2.5486952E-01   8.0170084E+05   8.0170084E+05   -1.4112335E-01   1.2688786E-02   4.6177174E+03   7.9851370E+05   8.0170084E+05   0.0000000E+00   0.0000000E+00   0.0000000E+00   0.0000000E+00   0.0000000E+00
   2.6339775E-01   7.7048095E+05   7.7048095E+05   -1.3715154E-01   1.1421018E-02   4.2166820E+03   7.6741729E+05   7.7048095E+05   0.0000000E+00   0.0000000E+00   0.0000000E+00   0.0000000E+00   0.0000000E+00
   2.7221472E-01   7.3720921E+05   7.3720921E+05   -1.1628169E-01   1.0235552E-02   3.8363533E+03   7.3427729E+05   7.3720921E+05   0.0000000E+00   0.0000000E+00   0.0000000E+00   0.0000000E+00   0.0000000E+00
   2.8133176E-01   7.0147581E+05   7.0147581E+05   -1.0842115E-01   9.1234365E-03   3.4718214E+03   6.9868548E+05   7.0147581E+05   0.0000000E+00   0.0000000E+00   0.0000000E+00   0.0000000E+00   0.0000000E+00
   2.9076110E-01   6.6535135E+05   6.6535135E+05   -9.1665107E-02   8.1060144E-03   3.1346324E+03   6.6270426E+05   6.6535135E+05   0.0000000E+00   0.0000000E+00   0.0000000E+00   0.0000000E+00   0.0000000E+00
   3.0051603E-01   6.3180087E+05   6.3180087E+05   -8.2212502E-02   7.2091629E-03   2.8325215E+03   6.2928685E+05   6.3180087E+05   0.0000000E+00   0.0000000E+00   0.0000000E+00   0.0000000E+00   0.0000000E+00
   3.1061106E-01   6.0248635E+05   6.0248635E+05   -7.5945570E-02   6.4370107E-03   2.5732471E+03   6.0008860E+05   6.0248635E+05   0.0000000E+00   0.0000000E+00   0.0000000E+00   0.0000000E+00   0.0000000E+00
   3.2106208E-01   5.7660308E+05   5.7660308E+05   -6.6742717E-02   5.7671254E-03   2.3458150E+03   5.7430801E+05   5.7660308E+05   0.0000000E+00   0.0000000E+00   0.0000000E+00   0.0000000E+00   0.0000000E+00
   3.3188659E-01   5.5171200E+05   5.5171200E+05   -6.1901911E-02   5.1651666E-03   2.1387701E+03   5.4951570E+05   5.5171200E+05   0.0000000E+00   0.0000000E+00   0.0000000E+00   0.0000000E+00   0.0000000E+00
   3.4310397E-01   5.2590256E+05   5.2590256E+05   -5.4130148E-02   4.6082446E-03   1.9443058E+03   5.2380874E+05   5.2590256E+05   0.0000000E+00   0.0000000E+00   0.0000000E+00   0.0000000E+00   0.0000000E+00
   3.5473579E-01   4.9936937E+05   4.9936937E+05   -4.8804675E-02   4.0951081E-03   1.7601753E+03   4.9738093E+05   4.9936937E+05   0.0000000E+00   0.0000000E+00   0.0000000E+00   0.0000000E+00   0.0000000E+00
   3.6680612E-01   4.7391894E+05   4.7391894E+05   -4.2063470E-02   3.6361081E-03   1.5941642E+03   4.7203163E+05   4.7391894E+05   0.0000000E+00   0.0000000E+00   0.0000000E+00   0.0000000E+00   0.0000000E+00
   3.7934203E-01   4.5092243E+05   4.5092243E+05   -3.7864497E-02   3.2355864E-03   1.4487166E+03   4.4912650E+05   4.5092243E+05   0.0000000E+00   0.0000000E+00   0.0000000E+00   0.0000000E+00   0.0000000E+00
   3.9237405E-01   4.2990342E+05   4.2990342E+05   -3.3541724E-02   2.8836476E-03   1.3189586E+03   4.2819103E+05   4.2990342E+05   0.0000000E+00   0.0000000E+00   0.0000000E+00   0.0000000E+00   0.0000000E+00
   4.0593685E-01   4.0931163E+05   4.0931163E+05   -3.0248003E-02   2.5656865E-03   1.2002746E+03   4.0768110E+05   4.0931163E+05   0.0000000E+00   0.0000000E+00   0.0000000E+00   0.0000000E+00   0.0000000E+00
   4.2007001E-01   3.8847139E+05   3.8847139E+05   -2.6657067E-02   2.2744893E-03   1.0891398E+03   3.8692373E+05   3.8847139E+05   0.0000000E+00   0.0000000E+00   0.0000000E+00   0.0000000E+00   0.0000000E+00
   4.3481896E-01   3.6820288E+05   3.6820288E+05   -2.3858276E-02   2.0126031E-03   9.8734688E+02   3.6673584E+05   3.6820288E+05   0.0000000E+00   0.0000000E+00   0.0000000E+00   0.0000000E+00   0.0000000E+00
   4.5023617E-01   3.4938500E+05   3.4938500E+05   -2.0906094E-02   1.7814771E-03   8.9669777E+02   3.4799282E+05   3.4938500E+05   0.0000000E+00   0.0000000E+00   0.0000000E+00   0.0000000E+00   0.0000000E+00
   4.6638268E-01   3.3165395E+05   3.3165395E+05   -1.8562303E-02   1.5762803E-03   8.1472029E+02   3.3033232E+05   3.3165395E+05   0.0000000E+00   0.0000000E+00   0.0000000E+00   0.0000000E+00   0.0000000E+00
   4.8332997E-01   3.1417123E+05   3.1417123E+05   -1.6382449E-02   1.3905516E-03   7.3912840E+02   3.1291917E+05   3.1417123E+05   0.0000000E+00   0.0000000E+00   0.0000000E+00   0.0000000E+00   0.0000000E+00
   5.0116233E-01   2.9700284E+05   2.9700284E+05   -1.4461225E-02   1.2229277E-03   6.6954130E+02   2.9581912E+05   2.9700284E+05   0.0000000E+00   0.0000000E+00   0.0000000E+00   0.0000000E+00   0.0000000E+00
   5.1997996E-01   2.8069276E+05   2.8069276E+05   -1.2650562E-02   1.0738007E-03   6.0633627E+02   2.7957397E+05   2.8069276E+05   0.0000000E+00   0.0000000E+00   0.0000000E+00   0.0000000E+00   0.0000000E+00
   5.3990292E-01   2.6507514E+05   2.6507514E+05   -1.1111618E-02   9.4072295E-04   5.4893474E+02   2.6401853E+05   2.6507514E+05   0.0000000E+00   0.0000000E+00   0.0000000E+00   0.0000000E+00   0.0000000E+00
   5.6107618E-01   2.4973946E+05   2.4973946E+05   -9.7029020E-03   8.2080149E-04   4.9572115E+02   2.4874392E+05   2.4973946E+05   0.0000000E+00   0.0000000E+00   0.0000000E+00   0.0000000E+00   0.0000000E+00
   5.8367619E-01   2.3486080E+05   2.3486080E+05   -8.4203925E-03   7.1339014E-04   4.4720066E+02   2.3392451E+05   2.3486080E+05   0.0000000E+00   0.0000000E+00   0.0000000E+00   0.0000000E+00   0.0000000E+00
   6.0791928E-01   2.2051134E+05   2.2051134E+05   -7.2976130E-03   6.1752624E-04   4.0265091E+02   2.1963221E+05   2.2051134E+05   0.0000000E+00   0.0000000E+00   0.0000000E+00   0.0000000E+00   0.0000000E+00
   6.3407230E-01   2.0645244E+05   2.0645244E+05   -6.2822325E-03   5.3151619E-04   3.6171292E+02   2.0562932E+05   2.0645244E+05   0.0000000E+00   0.0000000E+00   0.0000000E+00   0.0000000E+00   0.0000000E+00
   6.6246567E-01   1.9274543E+05   1.9274543E+05   -5.3783802E-03   4.5465700E-04   3.2388438E+02   1.9197691E+05   1.9274543E+05   0.0000000E+00   0.0000000E+00   0.0000000E+00   0.0000000E+00   0.0000000E+00
   6.9350841E-01   1.7935216E+05   1.7935216E+05   -4.5691860E-03   3.8608481E-04   2.8903382E+02   1.7863701E+05   1.7935216E+05   0.0000000E+00   0.0000000E+00   0.0000000E+00   0.0000000E+00   0.0000000E+00
   7.2770334E-01   1.6621020E+05   1.6621020E+05   -3.8485275E-03   3.2500272E-04   2.5685438E+02   1.6554742E+05   1.6621020E+05   0.0000000E+00   0.0000000E+00   0.0000000E+00   0.0000000E+00   0.0000000E+00
   7.6565760E-01   1.5333302E+05   1.5333302E+05   -3.2089490E-03   2.7086501E-04   2.2721698E+02   1.5272156E+05   1.5333302E+05   0.0000000E+00   0.0000000E+00   0.0000000E+00   0.0000000E+00   0.0000000E+00
   8.0807833E-01   1.4070749E+05   1.4070749E+05   -2.6381154E-03   2.2317524E-04   1.9989611E+02   1.4014636E+05   1.4070749E+05   0.0000000E+00   0.0000000E+00   0.0000000E+00   0.0000000E+00   0.0000000E+00
   8.5573772E-01   1.2837610E+05   1.2837610E+05   -2.1506168E-03   1.8158869E-04   1.7490363E+02   1.2786413E+05   1.2837610E+05   0.0000000E+00   0.0000000E+00   0.0000000E+00   0.0000000E+00   0.0000000E+00
   9.0939094E-01   1.1641914E+05   1.1641914E+05   -1.7288980E-03   1.4583317E-04   1.5215684E+02   1.1595483E+05   1.1641914E+05   0.0000000E+00   0.0000000E+00   0.0000000E+00   0.0000000E+00   0.0000000E+00
   9.6965135E-01   1.0495922E+05   1.0495922E+05   -1.3726122E-03   1.1565495E-04   1.3174420E+02   1.0454060E+05   1.0495922E+05   0.0000000E+00   0.0000000E+00   0.0000000E+00   0.0000000E+00   0.0000000E+00
   1.0368752E+00   9.4142739E+04   9.4142739E+04   -1.0772487E-03   9.0730867E-05   1.1367073E+02   9.3767245E+04   9.4142739E+04   0.0000000E+00   0.0000000E+00   0.0000000E+00   0.0000000E+00   0.0000000E+00
   1.1111455E+00   8.4102021E+04   8.4102021E+04   -8.3872312E-04   7.0586800E-05   9.7906950E+01   8.3766565E+04   8.4102021E+04   0.0000000E+00   0.0000000E+00   0.0000000E+00   0.0000000E+00   0.0000000E+00
   1.1923918E+00   7.4922237E+04   7.4922237E+04   -6.4836333E-04   5.4609936E-05   8.4325786E+01   7.4623388E+04   7.4922237E+04   0.0000000E+00   0.0000000E+00   0.0000000E+00   0.0000000E+00   0.0000000E+00
   1.2805697E+00   6.6625204E+04   6.6625204E+04   -5.0023970E-04   4.2108480E-05   7.2718734E+01   6.6359443E+04   6.6625204E+04   0.0000000E+00   0.0000000E+00   0.0000000E+00   0.0000000E+00   0.0000000E+00
   1.3757815E+00   5.9179447E+04   5.9179447E+04   -3.8520507E-04   3.2407307E-05   6.2827152E+01   5.8943381E+04   5.9179447E+04   0.0000000E+00   0.0000000E+00   0.0000000E+00   0.0000000E+00   0.0000000E+00
   1.4783040E+00   5.2525970E+04   5.2525970E+04   -2.9628128E-04   2.4914517E-05   5.4400440E+01   5.2316441E+04   5.2525970E+04   0.0000000E+00   0.0000000E+00   0.0000000E+00   0.0000000E+00   0.0000000E+00
   1.5885576E+00   4.6593239E+04   4.6593239E+04   -2.2738592E-04   1.9140710E-05   4.7201982E+01   4.6407374E+04   4.6593239E+04   0.0000000E+00   0.0000000E+00   0.0000000E+00   0.0000000E+00   0.0000000E+00
   1.7070652E+00   4.1309764E+04   4.1309764E+04   -1.7483180E-04   1.4696929E-05   4.1035897E+01   4.1144973E+04   4.1309764E+04   0.0000000E+00   0.0000000E+00   0.0000000E+00   0.0000000E+00   0.0000000E+00
   1.8344229E+00   3.6608329E+04   3.6608329E+04   -1.3422496E-04   1.1279508E-05   3.5740608E+01   3.6462291E+04   3.6608329E+04   0.0000000E+00   0.0000000E+00   0.0000000E+00   0.0000000E+00   0.0000000E+00
   1.9712847E+00   3.2427515E+04   3.2427515E+04   -1.0299039E-04   8.6528700E-06   3.1176890E+01   3.2298153E+04   3.2427515E+04   0.0000000E+00   0.0000000E+00   0.0000000E+00   0.0000000E+00   0.0000000E+00
   2.1183578E+00   2.8711767E+04   2.8711767E+04   -7.8985443E-05   6.6350713E-06   2.7234392E+01   2.8597228E+04   2.8711767E+04   0.0000000E+00   0.0000000E+00   0.0000000E+00   0.0000000E+00   0.0000000E+00
   2.2764039E+00   2.5411256E+04   2.5411256E+04   -6.0781465E-05   5.0857294E-06   2.3819024E+01   2.5309882E+04   2.5411256E+04   0.0000000E+00   0.0000000E+00   0.0000000E+00   0.0000000E+00   0.0000000E+00
   2.4462415E+00   2.2481055E+04   2.2481055E+04   -4.6355386E-05   3.8966334E-06   2.0852942E+01   2.2391370E+04   2.2481055E+04   0.0000000E+00   0.0000000E+00   0.0000000E+00   0.0000000E+00   0.0000000E+00
   2.6287502E+00   1.9880961E+04   1.9880961E+04   -3.5518857E-05   2.9844206E-06   1.8273185E+01   1.9801648E+04   1.9880961E+04   0.0000000E+00   0.0000000E+00   0.0000000E+00   0.0000000E+00   0.0000000E+00
   2.8248756E+00   1.7574930E+04   1.7574930E+04   -2.7197675E-05   2.2849281E-06   1.6024831E+01   1.7504817E+04   1.7574930E+04   0.0000000E+00   0.0000000E+00   0.0000000E+00   0.0000000E+00   0.0000000E+00
   3.0356334E+00   1.5530671E+04   1.5530671E+04   -2.0817029E-05   1.7487759E-06   1.4061593E+01   1.5468713E+04   1.5530671E+04   0.0000000E+00   0.0000000E+00   0.0000000E+00   0.0000000E+00   0.0000000E+00
   3.2621154E+00   1.3719301E+04   1.3719301E+04   -1.5921614E-05   1.3379741E-06   1.2346042E+01   1.3664568E+04   1.3719301E+04   0.0000000E+00   0.0000000E+00   0.0000000E+00   0.0000000E+00   0.0000000E+00
   3.5054948E+00   1.2115001E+04   1.2115001E+04   -1.2179856E-05   1.0233396E-06   1.0844163E+01   1.2066669E+04   1.2115001E+04   0.0000000E+00   0.0000000E+00   0.0000000E+00   0.0000000E+00   0.0000000E+00
   3.7670321E+00   1.0694714E+04   1.0694714E+04   -9.3087442E-06   7.8245467E-07   9.5284089E+00   1.0652047E+04   1.0694714E+04   0.0000000E+00   0.0000000E+00   0.0000000E+00   0.0000000E+00   0.0000000E+00
   4.0480822E+00   9.4378550E+03   9.4378550E+03   -7.1128974E-06   5.9809505E-07   8.3746804E+00   9.4002029E+03   9.4378550E+03   0.0000000E+00   0.0000000E+00   0.0000000E+00   0.0000000E+00   0.0000000E+00
   4.3501008E+00   8.3260684E+03   8.3260684E+03   -5.4356718E-06   4.5704600E-07   7.3618691E+00   8.2928517E+03   8.3260684E+03   0.0000000E+00   0.0000000E+00   0.0000000E+00   0.0000000E+00   0.0000000E+00
   4.6746524E+00   7.3429928E+03   7.3429928E+03   -4.1373438E-06   3.4916603E-07   6.4730548E+00   7.3136980E+03   7.3429928E+03   0.0000000E+00   0.0000000E+00   0.0000000E+00   0.0000000E+00   0.0000000E+00
   5.0234181E+00   6.4740562E+03   6.4740562E+03   -3.1690899E-06   2.6668478E-07   5.6917511E+00   6.4482279E+03   6.4740562E+03   0.0000000E+00   0.0000000E+00   0.0000000E+00   0.0000000E+00   0.0000000E+00
   5.3982044E+00   5.7062881E+03   5.7062881E+03   -2.4192753E-06   2.0363916E-07   5.0051324E+00   5.6835228E+03   5.7062881E+03   0.0000000E+00   0.0000000E+00   0.0000000E+00   0.0000000E+00   0.0000000E+00
   5.8009527E+00   5.0281506E+03   5.0281506E+03   -1.8468050E-06   1.5546397E-07   4.4016057E+00   5.0080908E+03   5.0281506E+03   0.0000000E+00   0.0000000E+00   0.0000000E+00   0.0000000E+00   0.0000000E+00
   6.2337492E+00   4.4293865E+03   4.4293865E+03   -1.4040096E-06   1.1866186E-07   3.8707110E+00   4.4117154E+03   4.4293865E+03   0.0000000E+00   0.0000000E+00   0.0000000E+00   0.0000000E+00   0.0000000E+00
   6.6988357E+00   3.9008820E+03   3.9008820E+03   -1.0740336E-06   9.0555639E-08   3.4037286E+00   3.8853194E+03   3.9008820E+03   0.0000000E+00   0.0000000E+00   0.0000000E+00   0.0000000E+00   0.0000000E+00
   7.1986212E+00   3.4345439E+03   3.4345439E+03   -8.1856413E-07   6.9095489E-08   2.9929543E+00   3.4208418E+03   3.4345439E+03   0.0000000E+00   0.0000000E+00   0.0000000E+00   0.0000000E+00   0.0000000E+00
   7.7356947E+00   3.0231893E+03   3.0231893E+03   -6.2413360E-07   5.2713888E-08   2.6315108E+00   3.0111282E+03   3.0231893E+03   0.0000000E+00   0.0000000E+00   0.0000000E+00   0.0000000E+00   0.0000000E+00
   8.3128381E+00   2.6604460E+03   2.6604460E+03   -4.7554474E-07   4.0211477E-08   2.3135603E+00   2.6498321E+03   2.6604460E+03   0.0000000E+00   0.0000000E+00   0.0000000E+00   0.0000000E+00   0.0000000E+00
