#           k/h    CDM            baryon         photon         nu             mass_nu        total          no_nu          total_de       Weyl           v_CDM          v_b            v_b-v_c     
   1.1041116E-05   1.3908806E+07   1.3908806E+07   1.8536980E+07   7.2458431E+03   1.3954904E+07   1.3908817E+07   1.3908806E+07   0.0000000E+00   0.0000000E+00   0.0000000E+00   0.0000000E+00   0.0000000E+00
   1.1864870E-05   1.3908804E+07   1.3908804E+07   1.8535724E+07   7.2455258E+03   1.3954669E+07   1.3908815E+07   1.3908804E+07   0.0000000E+00   0.0000000E+00   0.0000000E+00   0.0000000E+00   0.0000000E+00
   1.2750082E-05   1.3908801E+07   1.3908801E+07   1.8534274E+07   7.2451595E+03   1.3954397E+07   1.3908812E+07   1.3908801E+07   0.0000000E+00   0.0000000E+00   0.0000000E+00   0.0000000E+00   0.0000000E+00
   1.3701338E-05   1.3908798E+07   1.3908798E+07   1.8532600E+07   7.2447364E+03   1.3954083E+07   1.3908809E+07   1.3908798E+07   0.0000000E+00   0.0000000E+00   0.0000000E+00   0.0000000E+00   0.0000000E+00
   1.4723565E-05   1.3908795E+07   1.3908795E+07   1.8530667E+07   7.2442480E+03   1.3953720E+07   1.3908805E+07   1.3908795E+07   0.0000000E+00   0.0000000E+00   0.0000000E+00   0.0000000E+00   0.0000000E+00
   1.5822059E-05   1.3908791E+07   1.3908791E+07   1.8528435E+07   7.2436839E+03   1.3953302E+07   1.3908801E+07   1.3908791E+07   0.0000000E+00   0.0000000E+00   0.0000000E+00   0.0000000E+00   0.0000000E+00
   1.7002508E-05   1.3908786E+07   1.3908786E+07   1.8525857E+07   7.2430327E+03   1.3952818E+07   1.3908796E+07   1.3908786E+07   0.0000000E+00   0.0000000E+00   0.0000000E+00   0.0000000E+00   0.0000000E+00
   1.8271028E-05   1.3908781E+07   1.3908781E+07   1.8522881E+07   7.2422807E+03   1.3952260E+07   1.3908790E+07   1.3908781E+07   0.0000000E+00   0.0000000E+00   0.0000000E+00   0.0000000E+00   0.0000000E+00
   1.9634190E-05   1.3908774E+07   1.3908774E+07   1.8519445E+07   7.2414124E+03   1.3951616E+07   1.3908784E+07   1.3908774E+07   0.0000000E+00   0.0000000E+00   0.0000000E+00   0.0000000E+00   0.0000000E+00
   2.1099054E-05   1.3908767E+07   1.3908767E+07   1.8515478E+07   7.2404098E+03   1.3950872E+07   1.3908776E+07   1.3908767E+07   0.0000000E+00   0.0000000E+00   0.0000000E+00   0.0000000E+00   0.0000000E+00
   2.2673209E-05   1.3908759E+07   1.3908759E+07   1.8510898E+07   7.2392523E+03   1.3950013E+07   1.3908768E+07   1.3908759E+07   0.0000000E+00   0.0000000E+00   0.0000000E+00   0.0000000E+00   0.0000000E+00
   2.4364808E-05   1.3908749E+07   1.3908749E+07   1.8505610E+07   7.2379159E+03   1.3949022E+07   1.3908758E+07   1.3908749E+07   0.0000000E+00   0.0000000E+00   0.0000000E+00   0.0000000E+00   0.0000000E+00
   2.6182613E-05   1.3908738E+07   1.3908738E+07   1.8499505E+07   7.2363730E+03   1.3947878E+07   1.3908746E+07   1.3908738E+07   0.0000000E+00   0.0000000E+00   0.0000000E+00   0.0000000E+00   0.0000000E+00
   2.8136041E-05   1.3908725E+07   1.3908725E+07   1.8492458E+07   7.2345917E+03   1.3946558E+07   1.3908733E+07   1.3908725E+07   0.0000000E+00   0.0000000E+00   0.0000000E+00   0.0000000E+00   0.0000000E+00
   3.0235210E-05   1.3908710E+07   1.3908710E+07   1.8484324E+07   7.2325353E+03   1.3945034E+07   1.3908717E+07   1.3908710E+07   0.0000000E+00   0.0000000E+00   0.0000000E+00   0.0000000E+00   0.0000000E+00
   3.2490994E-05   1.3908693E+07   1.3908693E+07   1.8474934E+07   7.2301614E+03   1.3943275E+07   1.3908699E+07   1.3908693E+07   0.0000000E+00   0.0000000E+00   0.0000000E+00   0.0000000E+00   0.0000000E+00
   3.4915076E-05   1.3908673E+07   1.3908673E+07   1.8464097E+07   7.2274212E+03   1.3941246E+07   1.3908679E+07   1.3908673E+07   0.0000000E+00   0.0000000E+00   0.0000000E+00   0.0000000E+00   0.0000000E+00
   3.7520014E-05   1.3908651E+07   1.3908651E+07   1.8451589E+07   7.2242583E+03   1.3938904E+07   1.3908655E+07   1.3908651E+07   0.0000000E+00   0.0000000E+00   0.0000000E+00   0.0000000E+00   0.0000000E+00
   4.0319301E-05   1.3908624E+07   1.3908624E+07   1.8437156E+07   7.2206078E+03   1.3936203E+07   1.3908628E+07   1.3908624E+07   0.0000000E+00   0.0000000E+00   0.0000000E+00   0.0000000E+00   0.0000000E+00
   4.3327436E-05   1.3908594E+07   1.3908594E+07   1.8420502E+07   7.2163947E+03   1.3933088E+07   1.3908596E+07   1.3908594E+07   0.0000000E+00   0.0000000E+00   0.0000000E+00   0.0000000E+00   0.0000000E+00
   4.6560002E-05   1.3908559E+07   1.3908559E+07   1.8401287E+07   7.2115331E+03   1.3929496E+07   1.3908559E+07   1.3908559E+07   0.0000000E+00   0.0000000E+00   0.0000000E+00   0.0000000E+00   0.0000000E+00
   5.0033743E-05   1.3908518E+07   1.3908518E+07   1.8379122E+07   7.2059234E+03   1.3925354E+07   1.3908517E+07   1.3908518E+07   0.0000000E+00   0.0000000E+00   0.0000000E+00   0.0000000E+00   0.0000000E+00
   5.3766652E-05   1.3908471E+07   1.3908471E+07   1.8353557E+07   7.1994516E+03   1.3920580E+07   1.3908468E+07   1.3908471E+07   0.0000000E+00   0.0000000E+00   0.0000000E+00   0.0000000E+00   0.0000000E+00
   5.7778065E-05   1.3908417E+07   1.3908417E+07   1.8324077E+07   7.1919862E+03   1.3915079E+07   1.3908412E+07   1.3908417E+07   0.0000000E+00   0.0000000E+00   0.0000000E+00   0.0000000E+00   0.0000000E+00
   6.2088761E-05   1.3908354E+07   1.3908354E+07   1.8290089E+07   7.1833760E+03   1.3908742E+07   1.3908347E+07   1.3908354E+07   0.0000000E+00   0.0000000E+00   0.0000000E+00   0.0000000E+00   0.0000000E+00
   6.6721068E-05   1.3908282E+07   1.3908282E+07   1.8250914E+07   7.1734475E+03   1.3901444E+07   1.3908272E+07   1.3908282E+07   0.0000000E+00   0.0000000E+00   0.0000000E+00   0.0000000E+00   0.0000000E+00
   7.1698982E-05   1.3908199E+07   1.3908199E+07   1.8205773E+07   7.1620014E+03   1.3893046E+07   1.3908185E+07   1.3908199E+07   0.0000000E+00   0.0000000E+00   0.0000000E+00   0.0000000E+00   0.0000000E+00
   7.7048288E-05   1.3908103E+07   1.3908103E+07   1.8153776E+07   7.1488091E+03   1.3883384E+07   1.3908085E+07   1.3908103E+07   0.0000000E+00   0.0000000E+00   0.0000000E+00   0.0000000E+00   0.0000000E+00
   8.2796693E-05   1.3907992E+07   1.3907992E+07   1.8093904E+07   7.1336088E+03   1.3872275E+07   1.3907969E+07   1.3907992E+07   0.0000000E+00   0.0000000E+00   0.0000000E+00   0.0000000E+00   0.0000000E+00
   8.8973975E-05   1.3907864E+07   1.3907864E+07   1.8024995E+07   7.1161009E+03   1.3859512E+07   1.3907836E+07   1.3907864E+07   0.0000000E+00   0.0000000E+00   0.0000000E+00   0.0000000E+00   0.0000000E+00
   9.5612130E-05   1.3907716E+07   1.3907716E+07   1.7945728E+07   7.0959430E+03   1.3844860E+07   1.3907682E+07   1.3907716E+07   0.0000000E+00   0.0000000E+00   0.0000000E+00   0.0000000E+00   0.0000000E+00
   1.0274554E-04   1.3907545E+07   1.3907545E+07   1.7854598E+07   7.0727449E+03   1.3828055E+07   1.3907504E+07   1.3907545E+07   0.0000000E+00   0.0000000E+00   0.0000000E+00   0.0000000E+00   0.0000000E+00
   1.1041116E-04   1.3907348E+07   1.3907348E+07   1.7749904E+07   7.0460621E+03   1.3808800E+07   1.3907300E+07   1.3907348E+07   0.0000000E+00   0.0000000E+00   0.0000000E+00   0.0000000E+00   0.0000000E+00
   1.1864870E-04   1.3907121E+07   1.3907121E+07   1.7629724E+07   7.0153901E+03   1.3786767E+07   1.3907063E+07   1.3907121E+07   0.0000000E+00   0.0000000E+00   0.0000000E+00   0.0000000E+00   0.0000000E+00
   1.2750082E-04   1.3906859E+07   1.3906859E+07   1.7491893E+07   6.9801575E+03   1.3761589E+07   1.3906791E+07   1.3906859E+07   0.0000000E+00   0.0000000E+00   0.0000000E+00   0.0000000E+00   0.0000000E+00
   1.3701338E-04   1.3906557E+07   1.3906557E+07   1.7333991E+07   6.9397195E+03   1.3732865E+07   1.3906476E+07   1.3906557E+07   0.0000000E+00   0.0000000E+00   0.0000000E+00   0.0000000E+00   0.0000000E+00
   1.4723565E-04   1.3906209E+07   1.3906209E+07   1.7153317E+07   6.8933510E+03   1.3700159E+07   1.3906114E+07   1.3906209E+07   0.0000000E+00   0.0000000E+00   0.0000000E+00   0.0000000E+00   0.0000000E+00
   1.5822059E-04   1.3905808E+07   1.3905808E+07   1.6946885E+07   6.8402406E+03   1.3663001E+07   1.3905696E+07   1.3905808E+07   0.0000000E+00   0.0000000E+00   0.0000000E+00   0.0000000E+00   0.0000000E+00
   1.7002508E-04   1.3905345E+07   1.3905345E+07   1.6711415E+07   6.7794852E+03   1.3620895E+07   1.3905214E+07   1.3905345E+07   0.0000000E+00   0.0000000E+00   0.0000000E+00   0.0000000E+00   0.0000000E+00
   1.8271028E-04   1.3904812E+07   1.3904812E+07   1.6443338E+07   6.7100861E+03   1.3573324E+07   1.3904660E+07   1.3904812E+07   0.0000000E+00   0.0000000E+00   0.0000000E+00   0.0000000E+00   0.0000000E+00
   1.9634190E-04   1.3904198E+07   1.3904198E+07   1.6138821E+07   6.6309480E+03   1.3519767E+07   1.3904021E+07   1.3904198E+07   0.0000000E+00   0.0000000E+00   0.0000000E+00   0.0000000E+00   0.0000000E+00
   2.1099054E-04   1.3903492E+07   1.3903492E+07   1.5793804E+07   6.5408813E+03   1.3459715E+07   1.3903285E+07   1.3903492E+07   0.0000000E+00   0.0000000E+00   0.0000000E+00   0.0000000E+00   0.0000000E+00
   2.2673209E-04   1.3902679E+07   1.3902679E+07   1.5404074E+07   6.4386090E+03   1.3392701E+07   1.3902439E+07   1.3902679E+07   0.0000000E+00   0.0000000E+00   0.0000000E+00   0.0000000E+00   0.0000000E+00
   2.4364808E-04   1.3901743E+07   1.3901743E+07   1.4965369E+07   6.3227820E+03   1.3318331E+07   1.3901465E+07   1.3901743E+07   0.0000000E+00   0.0000000E+00   0.0000000E+00   0.0000000E+00   0.0000000E+00
   2.6182613E-04   1.3900668E+07   1.3900668E+07   1.4473534E+07   6.1920025E+03   1.3236335E+07   1.3900346E+07   1.3900668E+07   0.0000000E+00   0.0000000E+00   0.0000000E+00   0.0000000E+00   0.0000000E+00
   2.8136041E-04   1.3899434E+07   1.3899434E+07   1.3924728E+07   6.0448597E+03   1.3146619E+07   1.3899060E+07   1.3899434E+07   0.0000000E+00   0.0000000E+00   0.0000000E+00   0.0000000E+00   0.0000000E+00
   3.0235210E-04   1.3898017E+07   1.3898017E+07   1.3315709E+07   5.8799808E+03   1.3049339E+07   1.3897585E+07   1.3898017E+07   0.0000000E+00   0.0000000E+00   0.0000000E+00   0.0000000E+00   0.0000000E+00
   3.2490994E-04   1.3896391E+07   1.3896391E+07   1.2644191E+07   5.6961009E+03   1.2944973E+07   1.3895893E+07   1.3896391E+07   0.0000000E+00   0.0000000E+00   0.0000000E+00   0.0000000E+00   0.0000000E+00
   3.4915076E-04   1.3894529E+07   1.3894529E+07   1.1909285E+07   5.4921532E+03   1.2834414E+07   1.3893954E+07   1.3894529E+07   0.0000000E+00   0.0000000E+00   0.0000000E+00   0.0000000E+00   0.0000000E+00
   3.7520014E-04   1.3892398E+07   1.3892398E+07   1.1112034E+07   5.2673848E+03   1.2719046E+07   1.3891734E+07   1.3892398E+07   0.0000000E+00   0.0000000E+00   0.0000000E+00   0.0000000E+00   0.0000000E+00
   4.0319301E-04   1.3889961E+07   1.3889961E+07   1.0256007E+07   5.0214970E+03   1.2600818E+07   1.3889197E+07   1.3889961E+07   0.0000000E+00   0.0000000E+00   0.0000000E+00   0.0000000E+00   0.0000000E+00
   4.3327436E-04   1.3887180E+07   1.3887180E+07   9.3479457E+06   4.7548091E+03   1.2482271E+07   1.3886299E+07   1.3887180E+07   0.0000000E+00   0.0000000E+00   0.0000000E+00   0.0000000E+00   0.0000000E+00
   4.6560002E-04   1.3884008E+07   1.3884008E+07   8.3983734E+06   4.4684399E+03   1.2366512E+07   1.3882996E+07   1.3884008E+07   0.0000000E+00   0.0000000E+00   0.0000000E+00   0.0000000E+00   0.0000000E+00
   5.0033743E-04   1.3880397E+07   1.3880397E+07   7.4221000E+06   4.1644943E+03   1.2257079E+07   1.3879235E+07   1.3880397E+07   0.0000000E+00   0.0000000E+00   0.0000000E+00   0.0000000E+00   0.0000000E+00
   5.3766652E-04   1.3876292E+07   1.3876292E+07   6.4384587E+06   3.8462328E+03   1.2157666E+07   1.3874960E+07   1.3876292E+07   0.0000000E+00   0.0000000E+00   0.0000000E+00   0.0000000E+00   0.0000000E+00
   5.7778065E-04   1.3871635E+07   1.3871635E+07   5.4711010E+06   3.5181926E+03   1.2071669E+07   1.3870109E+07   1.3871635E+07   0.0000000E+00   0.0000000E+00   0.0000000E+00   0.0000000E+00   0.0000000E+00
   6.2088761E-04   1.3866359E+07   1.3866359E+07   4.5471273E+06   3.1862151E+03   1.2001524E+07   1.3864613E+07   1.3866359E+07   0.0000000E+00   0.0000000E+00   0.0000000E+00   0.0000000E+00   0.0000000E+00
   6.6721068E-04   1.3860392E+07   1.3860392E+07   3.6953396E+06   2.8573261E+03   1.1947869E+07   1.3858400E+07   1.3860392E+07   0.0000000E+00   0.0000000E+00   0.0000000E+00   0.0000000E+00   0.0000000E+00
   7.1698982E-04   1.3853657E+07   1.3853657E+07   2.9434704E+06   2.5394111E+03   1.1908622E+07   1.3851387E+07   1.3853657E+07   0.0000000E+00   0.0000000E+00   0.0000000E+00   0.0000000E+00   0.0000000E+00
   7.7048288E-04   1.3846066E+07   1.3846066E+07   2.3144209E+06   2.2406398E+03   1.1878186E+07   1.3843485E+07   1.3846066E+07   0.0000000E+00   0.0000000E+00   0.0000000E+00   0.0000000E+00   0.0000000E+00
   8.2796693E-04   1.3837524E+07   1.3837524E+07   1.8218644E+06   1.9686259E+03   1.1847140E+07   1.3834596E+07   1.3837524E+07   0.0000000E+00   0.0000000E+00   0.0000000E+00   0.0000000E+00   0.0000000E+00
   8.8973975E-04   1.3827926E+07   1.3827926E+07   1.4660310E+06   1.7293783E+03   1.1802844E+07   1.3824613E+07   1.3827926E+07   0.0000000E+00   0.0000000E+00   0.0000000E+00   0.0000000E+00   0.0000000E+00
   9.5612130E-04   1.3817153E+07   1.3817153E+07   1.2310142E+06   1.5261965E+03   1.1731428E+07   1.3813416E+07   1.3817153E+07   0.0000000E+00   0.0000000E+00   0.0000000E+00   0.0000000E+00   0.0000000E+00
   1.0274554E-03   1.3805076E+07   1.3805076E+07   1.0853016E+06   1.3587829E+03   1.1621284E+07   1.3800874E+07   1.3805076E+07   0.0000000E+00   0.0000000E+00   0.0000000E+00   0.0000000E+00   0.0000000E+00
   1.1041116E-03   1.3791551E+07   1.3791551E+07   9.8705412E+05   1.2229407E+03   1.1467556E+07   1.3786843E+07   1.3791551E+07   0.0000000E+00   0.0000000E+00   0.0000000E+00   0.0000000E+00   0.0000000E+00
   1.1864870E-03   1.3776421E+07   1.3776421E+07   8.9448012E+05   1.1112203E+03   1.1276025E+07   1.3771166E+07   1.3776421E+07   0.0000000E+00   0.0000000E+00   0.0000000E+00   0.0000000E+00   0.0000000E+00
   1.2750082E-03   1.3759513E+07   1.3759513E+07   7.7921475E+05   1.0146797E+03   1.1063785E+07   1.3753675E+07   1.3759513E+07   0.0000000E+00   0.0000000E+00   0.0000000E+00   0.0000000E+00   0.0000000E+00
   1.3701338E-03   1.3740648E+07   1.3740648E+07   6.3742714E+05   9.2547224E+02   1.0854041E+07   1.3734189E+07   1.3740648E+07   0.0000000E+00   0.0000000E+00   0.0000000E+00   0.0000000E+00   0.0000000E+00
   1.4723565E-03   1.3719633E+07   1.3719633E+07   4.9129235E+05   8.3936500E+02   1.0664652E+07   1.3712523E+07   1.3719633E+07   0.0000000E+00   0.0000000E+00   0.0000000E+00   0.0000000E+00   0.0000000E+00
   1.5822059E-03   1.3696271E+07   1.3696271E+07   3.7556396E+05   7.5683668E+02   1.0495181E+07   1.3688482E+07   1.3696271E+07   0.0000000E+00   0.0000000E+00   0.0000000E+00   0.0000000E+00   0.0000000E+00
   1.7002508E-03   1.3670353E+07   1.3670353E+07   3.1262445E+05   6.8167632E+02   1.0322812E+07   1.3661866E+07   1.3670353E+07   0.0000000E+00   0.0000000E+00   0.0000000E+00   0.0000000E+00   0.0000000E+00
   1.8271028E-03   1.3641664E+07   1.3641664E+07   2.9192600E+05   6.1738090E+02   1.0116943E+07   1.3632462E+07   1.3641664E+07   0.0000000E+00   0.0000000E+00   0.0000000E+00   0.0000000E+00   0.0000000E+00
   1.9634190E-03   1.3609974E+07   1.3609974E+07   2.7497359E+05   5.6367848E+02   9.8683214E+06   1.3600045E+07   1.3609974E+07   0.0000000E+00   0.0000000E+00   0.0000000E+00   0.0000000E+00   0.0000000E+00
   2.1099054E-03   1.3575039E+07   1.3575039E+07   2.3047298E+05   5.1636740E+02   9.6059109E+06   1.3564376E+07   1.3575039E+07   0.0000000E+00   0.0000000E+00   0.0000000E+00   0.0000000E+00   0.0000000E+00
   2.2673209E-03   1.3536605E+07   1.3536605E+07   1.6862134E+05   4.7128564E+02   9.3708931E+06   1.3525202E+07   1.3536605E+07   0.0000000E+00   0.0000000E+00   0.0000000E+00   0.0000000E+00   0.0000000E+00
   2.4364808E-03   1.3494410E+07   1.3494410E+07   1.2806462E+05   4.2841705E+02   9.1626356E+06   1.3482260E+07   1.3494410E+07   0.0000000E+00   0.0000000E+00   0.0000000E+00   0.0000000E+00   0.0000000E+00
   2.6182613E-03   1.3448183E+07   1.3448183E+07   1.2004981E+05   3.9063173E+02   8.9323119E+06   1.3435274E+07   1.3448183E+07   0.0000000E+00   0.0000000E+00   0.0000000E+00   0.0000000E+00   0.0000000E+00
   2.8136041E-03   1.3397636E+07   1.3397636E+07   1.1088598E+05   3.5827127E+02   8.6591017E+06   1.3383956E+07   1.3397636E+07   0.0000000E+00   0.0000000E+00   0.0000000E+00   0.0000000E+00   0.0000000E+00
   3.0235210E-03   1.3342465E+07   1.3342465E+07   8.3742521E+04   3.2827831E+02   8.3892622E+06   1.3328000E+07   1.3342465E+07   0.0000000E+00   0.0000000E+00   0.0000000E+00   0.0000000E+00   0.0000000E+00
   3.2490994E-03   1.3282354E+07   1.3282354E+07   6.7871334E+04   2.9967881E+02   8.1374355E+06   1.3267088E+07   1.3282354E+07   0.0000000E+00   0.0000000E+00   0.0000000E+00   0.0000000E+00   0.0000000E+00
   3.4915076E-03   1.3216973E+07   1.3216973E+07   6.5396506E+04   2.7416346E+02   7.8516257E+06   1.3200893E+07   1.3216973E+07   0.0000000E+00   0.0000000E+00   0.0000000E+00   0.0000000E+00   0.0000000E+00
   3.7520014E-03   1.3145974E+07   1.3145974E+07   4.8719014E+04   2.5076585E+02   7.5537712E+06   1.3129070E+07   1.3145974E+07   0.0000000E+00   0.0000000E+00   0.0000000E+00   0.0000000E+00   0.0000000E+00
   4.0319301E-03   1.3068996E+07   1.3068996E+07   3.9693653E+04   2.2839340E+02   7.2784603E+06   1.3051259E+07   1.3068996E+07   0.0000000E+00   0.0000000E+00   0.0000000E+00   0.0000000E+00   0.0000000E+00
   4.3327436E-03   1.2985664E+07   1.2985664E+07   3.9333811E+04   2.0840814E+02   6.9647593E+06   1.2967093E+07   1.2985664E+07   0.0000000E+00   0.0000000E+00   0.0000000E+00   0.0000000E+00   0.0000000E+00
   4.6560002E-03   1.2895592E+07   1.2895592E+07   2.7324794E+04   1.8965320E+02   6.6595173E+06   1.2876194E+07   1.2895592E+07   0.0000000E+00   0.0000000E+00   0.0000000E+00   0.0000000E+00   0.0000000E+00
   5.0033743E-03   1.2798392E+07   1.2798392E+07   2.6777250E+04   1.7214243E+02   6.3554942E+06   1.2778183E+07   1.2798392E+07   0.0000000E+00   0.0000000E+00   0.0000000E+00   0.0000000E+00   0.0000000E+00
   5.3766652E-03   1.2693668E+07   1.2693668E+07   1.9507946E+04   1.5604316E+02   6.0445958E+06   1.2672677E+07   1.2693668E+07   0.0000000E+00   0.0000000E+00   0.0000000E+00   0.0000000E+00   0.0000000E+00
   5.7778065E-03   1.2581017E+07   1.2581017E+07   1.9416610E+04   1.4116665E+02   5.7392435E+06   1.2559274E+07   1.2581017E+07   0.0000000E+00   0.0000000E+00   0.0000000E+00   0.0000000E+00   0.0000000E+00
   6.2088761E-03   1.2460024E+07   1.2460024E+07   1.3384927E+04   1.2754652E+02   5.4321558E+06   1.2437553E+07   1.2460024E+07   0.0000000E+00   0.0000000E+00   0.0000000E+00   0.0000000E+00   0.0000000E+00
   6.6721068E-03   1.2330250E+07   1.2330250E+07   1.3383399E+04   1.1499254E+02   5.1185384E+06   1.2307078E+07   1.2330250E+07   0.0000000E+00   0.0000000E+00   0.0000000E+00   0.0000000E+00   0.0000000E+00
   7.1698982E-03   1.2191248E+07   1.2191248E+07   1.0733369E+04   1.0326951E+02   4.8190205E+06   1.2167418E+07   1.2191248E+07   0.0000000E+00   0.0000000E+00   0.0000000E+00   0.0000000E+00   0.0000000E+00
   7.7048288E-03   1.2042567E+07   1.2042567E+07   8.0742988E+03   9.2578219E+01   4.5171729E+06   1.2018138E+07   1.2042567E+07   0.0000000E+00   0.0000000E+00   0.0000000E+00   0.0000000E+00   0.0000000E+00
   8.2796693E-03   1.1883755E+07   1.1883755E+07   7.4073261E+03   8.2826415E+01   4.2191653E+06   1.1858781E+07   1.1883755E+07   0.0000000E+00   0.0000000E+00   0.0000000E+00   0.0000000E+00   0.0000000E+00
   8.8973975E-03   1.1714340E+07   1.1714340E+07   6.7702034E+03   7.3851703E+01   3.9327621E+06   1.1688876E+07   1.1714340E+07   0.0000000E+00   0.0000000E+00   0.0000000E+00   0.0000000E+00   0.0000000E+00
   9.5612130E-03   1.1533837E+07   1.1533837E+07   5.6663108E+03   6.5654610E+01   3.6531654E+06   1.1507950E+07   1.1533837E+07   0.0000000E+00   0.0000000E+00   0.0000000E+00   0.0000000E+00   0.0000000E+00
   1.0274554E-02   1.1341761E+07   1.1341761E+07   4.7270418E+03   5.8200374E+01   3.3817732E+06   1.1315523E+07   1.1341761E+07   0.0000000E+00   0.0000000E+00   0.0000000E+00   0.0000000E+00   0.0000000E+00
   1.1041116E-02   1.1137620E+07   1.1137620E+07   3.9271384E+03   5.1442203E+01   3.1181936E+06   1.1111105E+07   1.1137620E+07   0.0000000E+00   0.0000000E+00   0.0000000E+00   0.0000000E+00   0.0000000E+00
   1.1864870E-02   1.0920918E+07   1.0920918E+07   3.3678251E+03   4.5321537E+01   2.8630744E+06   1.0894206E+07   1.0920918E+07   0.0000000E+00   0.0000000E+00   0.0000000E+00   0.0000000E+00   0.0000000E+00
   1.2750082E-02   1.0691176E+07   1.0691176E+07   2.7688368E+03   3.9793166E+01   2.6193629E+06   1.0664353E+07   1.0691176E+07   0.0000000E+00   0.0000000E+00   0.0000000E+00   0.0000000E+00   0.0000000E+00
   1.3701338E-02   1.0447931E+07   1.0447931E+07   2.0379759E+03   3.4824210E+01   2.3877645E+06   1.0421082E+07   1.0447931E+07   0.0000000E+00   0.0000000E+00   0.0000000E+00   0.0000000E+00   0.0000000E+00
   1.4723565E-02   1.0190763E+07   1.0190763E+07   1.7795242E+03   3.0354646E+01   2.1700907E+06   1.0163979E+07   1.0190763E+07   0.0000000E+00   0.0000000E+00   0.0000000E+00   0.0000000E+00   0.0000000E+00
   1.5822059E-02   9.9193119E+06   9.9193119E+06   1.5835158E+03   2.6372119E+01   1.9596761E+06   9.8926865E+06   9.9193119E+06   0.0000000E+00   0.0000000E+00   0.0000000E+00   0.0000000E+00   0.0000000E+00
   1.7002508E-02   9.6333205E+06   9.6333205E+06   1.2248187E+03   2.2815651E+01   1.7657673E+06   9.6069482E+06   9.6333205E+06   0.0000000E+00   0.0000000E+00   0.0000000E+00   0.0000000E+00   0.0000000E+00
   1.8271028E-02   9.3326716E+06   9.3326716E+06   9.9227639E+02   1.9665544E+01   1.5805062E+06   9.3066479E+06   9.3326716E+06   0.0000000E+00   0.0000000E+00   0.0000000E+00   0.0000000E+00   0.0000000E+00
   1.9634190E-02   9.0174476E+06   9.0174476E+06   9.1667289E+02   1.6875419E+01   1.4095079E+06   8.9918685E+06   9.0174476E+06   0.0000000E+00   0.0000000E+00   0.0000000E+00   0.0000000E+00   0.0000000E+00
   2.1099054E-02   8.6879994E+06   8.6879994E+06   7.7571484E+02   1.4419245E+01   1.2509254E+06   8.6629584E+06   8.6879994E+06   0.0000000E+00   0.0000000E+00   0.0000000E+00   0.0000000E+00   0.0000000E+00
   2.2673204E-02   8.3450294E+06   8.3450294E+06   6.2896542E+02   1.2265905E+01   1.1042266E+06   8.3206183E+06   8.3450294E+06   0.0000000E+00   0.0000000E+00   0.0000000E+00   0.0000000E+00   0.0000000E+00
   2.4364777E-02   7.9896868E+06   7.9896868E+06   4.7196532E+02   1.0385352E+01   9.6973796E+05   7.9659926E+06   7.9896868E+06   0.0000000E+00   0.0000000E+00   0.0000000E+00   0.0000000E+00   0.0000000E+00
   2.6182458E-02   7.6236761E+06   7.6236761E+06   3.9572681E+02   8.7512458E+00   8.4789429E+05   7.6007785E+06   7.6236761E+06   0.0000000E+00   0.0000000E+00   0.0000000E+00   0.0000000E+00   0.0000000E+00
   2.8135357E-02   7.2493801E+06   7.2493801E+06   3.2399922E+02   7.3405531E+00   7.3600519E+05   7.2273502E+06   7.2493801E+06   0.0000000E+00   0.0000000E+00   0.0000000E+00   0.0000000E+00   0.0000000E+00
   3.0232575E-02   6.8700095E+06   6.8700095E+06   2.8533673E+02   6.1287176E+00   6.3637355E+05   6.8489061E+06   6.8700095E+06   0.0000000E+00   0.0000000E+00   0.0000000E+00   0.0000000E+00   0.0000000E+00
   3.2482041E-02   6.4897907E+06   6.4897907E+06   2.3216500E+02   5.0956347E+00   5.4743343E+05   6.4696569E+06   6.4897907E+06   0.0000000E+00   0.0000000E+00   0.0000000E+00   0.0000000E+00   0.0000000E+00
   3.4888047E-02   6.1141719E+06   6.1141719E+06   1.8165163E+02   4.2228429E+00   4.6881594E+05   6.0950308E+06   6.1141719E+06   0.0000000E+00   0.0000000E+00   0.0000000E+00   0.0000000E+00   0.0000000E+00
   3.7447102E-02   5.7499170E+06   5.7499170E+06   1.3632784E+02   3.4934761E+00   4.0082751E+05   5.7317676E+06   5.7499170E+06   0.0000000E+00   0.0000000E+00   0.0000000E+00   0.0000000E+00   0.0000000E+00
   4.0142978E-02   5.4047783E+06   5.4047783E+06   1.2256644E+02   2.8924251E+00   3.4220466E+05   5.3875915E+06   5.4047783E+06   0.0000000E+00   0.0000000E+00   0.0000000E+00   0.0000000E+00   0.0000000E+00
   4.2944170E-02   5.0863822E+06   5.0863822E+06   9.8352262E+01   2.4042590E+00   2.9326827E+05   5.0701008E+06   5.0863822E+06   0.0000000E+00   0.0000000E+00   0.0000000E+00   0.0000000E+00   0.0000000E+00
   4.5808121E-02   4.8004143E+06   4.8004143E+06   7.5585929E+01   2.0131685E+00   2.5250137E+05   4.7849589E+06   4.8004143E+06   0.0000000E+00   0.0000000E+00   0.0000000E+00   0.0000000E+00   0.0000000E+00
   4.8692368E-02   4.5490484E+06   4.5490484E+06   6.3736921E+01   1.7022835E+00   2.1906245E+05   4.5343283E+06   4.5490484E+06   0.0000000E+00   0.0000000E+00   0.0000000E+00   0.0000000E+00   0.0000000E+00
   5.1565781E-02   4.3307138E+06   4.3307138E+06   5.7732579E+01   1.4551957E+00   1.9186035E+05   4.3166386E+06   4.3307138E+06   0.0000000E+00   0.0000000E+00   0.0000000E+00   0.0000000E+00   0.0000000E+00
   5.4412896E-02   4.1412005E+06   4.1412005E+06   5.0257476E+01   1.2573140E+00   1.6963870E+05   4.1276899E+06   4.1412005E+06   0.0000000E+00   0.0000000E+00   0.0000000E+00   0.0000000E+00   0.0000000E+00
   5.7231400E-02   3.9751437E+06   3.9751437E+06   4.0471974E+01   1.0967254E+00   1.5110765E+05   3.9621316E+06   3.9751437E+06   0.0000000E+00   0.0000000E+00   0.0000000E+00   0.0000000E+00   0.0000000E+00
   6.0027128E-02   3.8271184E+06   3.8271184E+06   3.5873161E+01   9.6429422E-01   1.3539361E+05   3.8145539E+06   3.8271184E+06   0.0000000E+00   0.0000000E+00   0.0000000E+00   0.0000000E+00   0.0000000E+00
   6.2809833E-02   3.6922059E+06   3.6922059E+06   3.3492466E+01   8.5324359E-01   1.2206325E+05   3.6800525E+06   3.6922059E+06   0.0000000E+00   0.0000000E+00   0.0000000E+00   0.0000000E+00   0.0000000E+00
   6.5590540E-02   3.5662065E+06   3.5662065E+06   2.7578889E+01   7.5860504E-01   1.1045029E+05   3.5544403E+06   3.5662065E+06   0.0000000E+00   0.0000000E+00   0.0000000E+00   0.0000000E+00   0.0000000E+00
   6.8380204E-02   3.4456835E+06   3.4456835E+06   2.4498197E+01   6.7675326E-01   1.0007271E+05   3.4342908E+06   3.4456835E+06   0.0000000E+00   0.0000000E+00   0.0000000E+00   0.0000000E+00   0.0000000E+00
   7.1189127E-02   3.3279483E+06   3.3279483E+06   2.3679467E+01   6.0504409E-01   9.0905088E+04   3.3169236E+06   3.3279483E+06   0.0000000E+00   0.0000000E+00   0.0000000E+00   0.0000000E+00   0.0000000E+00
   7.4026787E-02   3.2110336E+06   3.2110336E+06   2.0081307E+01   5.4156482E-01   8.2657828E+04   3.2003773E+06   3.2110336E+06   0.0000000E+00   0.0000000E+00   0.0000000E+00   0.0000000E+00   0.0000000E+00
   7.6901852E-02   3.0936687E+06   3.0936687E+06   1.6684049E+01   4.8492867E-01   7.5051372E+04   3.0833851E+06   3.0936687E+06   0.0000000E+00   0.0000000E+00   0.0000000E+00   0.0000000E+00   0.0000000E+00
   7.9822277E-02   2.9752535E+06   2.9752535E+06   1.5100142E+01   4.3411113E-01   6.8077070E+04   2.9653486E+06   2.9752535E+06   0.0000000E+00   0.0000000E+00   0.0000000E+00   0.0000000E+00   0.0000000E+00
   8.2795411E-02   2.8558234E+06   2.8558234E+06   1.3924293E+01   3.8836821E-01   6.1715596E+04   2.8463027E+06   2.8558234E+06   0.0000000E+00   0.0000000E+00   0.0000000E+00   0.0000000E+00   0.0000000E+00
   8.5828113E-02   2.7359950E+06   2.7359950E+06   1.2472117E+01   3.4716967E-01   5.5898088E+04   2.7268619E+06   2.7359950E+06   0.0000000E+00   0.0000000E+00   0.0000000E+00   0.0000000E+00   0.0000000E+00
   8.8926855E-02   2.6168840E+06   2.6168840E+06   1.0817924E+01   3.1011235E-01   5.0582912E+04   2.6081378E+06   2.6168840E+06   0.0000000E+00   0.0000000E+00   0.0000000E+00   0.0000000E+00   0.0000000E+00
   9.2097801E-02   2.4999880E+06   2.4999880E+06   9.4270607E+00   2.7688339E-01   4.5766395E+04   2.4916230E+06   2.4999880E+06   0.0000000E+00   0.0000000E+00   0.0000000E+00   0.0000000E+00   0.0000000E+00
   9.5346885E-02   2.3870334E+06   2.3870334E+06   9.0001351E+00   2.4723295E-01   4.1398564E+04   2.3790378E+06   2.3870334E+06   0.0000000E+00   0.0000000E+00   0.0000000E+00   0.0000000E+00   0.0000000E+00
   9.8679870E-02   2.2797879E+06   2.2797879E+06   8.0868288E+00   2.2091514E-01   3.7414712E+04   2.2721438E+06   2.2797879E+06   0.0000000E+00   0.0000000E+00   0.0000000E+00   0.0000000E+00   0.0000000E+00
   1.0210240E-01   2.1798497E+06   2.1798497E+06   6.9012340E+00   1.9768967E-01   3.3935322E+04   2.1725338E+06   2.1798497E+06   0.0000000E+00   0.0000000E+00   0.0000000E+00   0.0000000E+00   0.0000000E+00
   1.0562002E-01   2.0884307E+06   2.0884307E+06   6.1919465E+00   1.7729731E-01   3.0783355E+04   2.0814154E+06   2.0884307E+06   0.0000000E+00   0.0000000E+00   0.0000000E+00   0.0000000E+00   0.0000000E+00
   1.0923825E-01   2.0061574E+06   2.0061574E+06   5.9275762E+00   1.5945511E-01   2.8044175E+04   1.9994128E+06   2.0061574E+06   0.0000000E+00   0.0000000E+00   0.0000000E+00   0.0000000E+00   0.0000000E+00
   1.1296256E-01   1.9329192E+06   1.9329192E+06   5.3677404E+00   1.4385120E-01   2.5634428E+04   1.9264157E+06   1.9329192E+06   0.0000000E+00   0.0000000E+00   0.0000000E+00   0.0000000E+00   0.0000000E+00
   1.1679844E-01   1.8677972E+06   1.8677972E+06   4.8366547E+00   1.3016339E-01   2.3489943E+04   1.8615081E+06   1.8677972E+06   0.0000000E+00   0.0000000E+00   0.0000000E+00   0.0000000E+00   0.0000000E+00
   1.2075138E-01   1.8091009E+06   1.8091009E+06   4.1798182E+00   1.1806354E-01   2.1574077E+04   1.8030051E+06   1.8091009E+06   0.0000000E+00   0.0000000E+00   0.0000000E+00   0.0000000E+00   0.0000000E+00
   1.2482692E-01   1.7545312E+06   1.7545312E+06   3.6560281E+00   1.0723785E-01   1.9874169E+04   1.7486153E+06   1.7545312E+06   0.0000000E+00   0.0000000E+00   0.0000000E+00   0.0000000E+00   0.0000000E+00
   1.2903060E-01   1.7014708E+06   1.7014708E+06   3.5099601E+00   9.7409895E-02   1.8273818E+04   1.6957302E+06   1.7014708E+06   0.0000000E+00   0.0000000E+00   0.0000000E+00   0.0000000E+00   0.0000000E+00
   1.3336804E-01   1.6473758E+06   1.6473758E+06   3.1968479E+00   8.8356091E-02   1.6808506E+04   1.6418144E+06   1.6473758E+06   0.0000000E+00   0.0000000E+00   0.0000000E+00   0.0000000E+00   0.0000000E+00
   1.3784491E-01   1.5902166E+06   1.5902166E+06   2.8060982E+00   7.9918652E-02   1.5405168E+04   1.5848451E+06   1.5902166E+06   0.0000000E+00   0.0000000E+00   0.0000000E+00   0.0000000E+00   0.0000000E+00
   1.4246695E-01   1.5288876E+06   1.5288876E+06   2.5717678E+00   7.2011376E-02   1.4062056E+04   1.5237206E+06   1.5288876E+06   0.0000000E+00   0.0000000E+00   0.0000000E+00   0.0000000E+00   0.0000000E+00
   1.4723993E-01   1.4634897E+06   1.4634897E+06   2.3368712E+00   6.4613775E-02   1.2770108E+04   1.4585412E+06   1.4634897E+06   0.0000000E+00   0.0000000E+00   0.0000000E+00   0.0000000E+00   0.0000000E+00
   1.5216974E-01   1.3953930E+06   1.3953930E+06   1.9492589E+00   5.7755031E-02   1.1573463E+04   1.3906725E+06   1.3953930E+06   0.0000000E+00   0.0000000E+00   0.0000000E+00   0.0000000E+00   0.0000000E+00
   1.5726231E-01   1.3270173E+06   1.3270173E+06   1.7677859E+00   5.1492209E-02   1.0445547E+04   1.3225261E+06   1.3270173E+06   0.0000000E+00   0.0000000E+00   0.0000000E+00   0.0000000E+00   0.0000000E+00
   1.6252368E-01   1.2613262E+06   1.2613262E+06   1.5965148E+00   4.5880575E-02   9.4335036E+03   1.2570554E+06   1.2613262E+06   0.0000000E+00   0.0000000E+00   0.0000000E+00   0.0000000E+00   0.0000000E+00
   1.6795998E-01   1.2011121E+06   1.2011121E+06   1.3779542E+00   4.0949468E-02   8.5400186E+03   1.1970436E+06   1.2011121E+06   0.0000000E+00   0.0000000E+00   0.0000000E+00   0.0000000E+00   0.0000000E+00
   1.7357741E-01   1.1482336E+06   1.1482336E+06   1.2879957E+00   3.6681665E-02   7.7667611E+03   1.1443427E+06   1.1482336E+06   0.0000000E+00   0.0000000E+00   0.0000000E+00   0.0000000E+00   0.0000000E+00
   1.7938231E-01   1.1030243E+06   1.1030243E+06   1.1106354E+00   3.3010207E-02   7.0890405E+03   1.0992853E+06   1.1030243E+06   0.0000000E+00   0.0000000E+00   0.0000000E+00   0.0000000E+00   0.0000000E+00
   1.8538114E-01   1.0640945E+06   1.0640945E+06   1.0172905E+00   2.9826427E-02   6.5029371E+03   1.0604862E+06   1.0640945E+06   0.0000000E+00   0.0000000E+00   0.0000000E+00   0.0000000E+00   0.0000000E+00
   1.9158051E-01   1.0286632E+06   1.0286632E+06   9.0602298E-01   2.7003638E-02   5.9839587E+03   1.0251739E+06   1.0286632E+06   0.0000000E+00   0.0000000E+00   0.0000000E+00   0.0000000E+00   0.0000000E+00
   1.9798716E-01   9.9340147E+05   9.9340147E+05   8.6825956E-01   2.4424828E-02   5.5007798E+03   9.9003075E+05   9.9340147E+05   0.0000000E+00   0.0000000E+00   0.0000000E+00   0.0000000E+00   0.0000000E+00
   2.0460807E-01   9.5555981E+05   9.5555981E+05   7.5215539E-01   2.2008757E-02   5.0392282E+03   9.5231656E+05   9.5555981E+05   0.0000000E+00   0.0000000E+00   0.0000000E+00   0.0000000E+00   0.0000000E+00
   2.1145038E-01   9.1398812E+05   9.1398812E+05   6.7389056E-01   1.9724161E-02   4.5907608E+03   9.1088512E+05   9.1398812E+05   0.0000000E+00   0.0000000E+00   0.0000000E+00   0.0000000E+00   0.0000000E+00
   2.1852152E-01   8.6960984E+05   8.6960984E+05   6.2086883E-01   1.7586079E-02   4.1605186E+03   8.6665675E+05   8.6960984E+05   0.0000000E+00   0.0000000E+00   0.0000000E+00   0.0000000E+00   0.0000000E+00
   2.2582920E-01   8.2506270E+05   8.2506270E+05   5.2816071E-01   1.5636081E-02   3.7636689E+03   8.2226021E+05   8.2506270E+05   0.0000000E+00   0.0000000E+00   0.0000000E+00   0.0000000E+00   0.0000000E+00
   2.3338147E-01   7.8355049E+05   7.8355049E+05   4.6880916E-01   1.3913724E-02   3.4086268E+03   7.8088839E+05   7.8355049E+05   0.0000000E+00   0.0000000E+00   0.0000000E+00   0.0000000E+00   0.0000000E+00
   2.4118678E-01   7.4735103E+05   7.4735103E+05   4.3302724E-01   1.2431578E-02   3.1027285E+03   7.4481136E+05   7.4735103E+05   0.0000000E+00   0.0000000E+00   0.0000000E+00   0.0000000E+00   0.0000000E+00
   2.4925402E-01   7.1669182E+05   7.1669182E+05   3.7609417E-01   1.1164564E-02   2.8397075E+03   7.1425584E+05   7.1669182E+05   0.0000000E+00   0.0000000E+00   0.0000000E+00   0.0000000E+00   0.0000000E+00
   2.5759262E-01   6.8963598E+05   6.8963598E+05   3.4001825E-01   1.0059586E-02   2.6099430E+03   6.8729152E+05   6.8963598E+05   0.0000000E+00   0.0000000E+00   0.0000000E+00   0.0000000E+00   0.0000000E+00
   2.6621264E-01   6.6315320E+05   6.6315320E+05   3.1256583E-01   9.0582186E-03   2.3998325E+03   6.6089835E+05   6.6315320E+05   0.0000000E+00   0.0000000E+00   0.0000000E+00   0.0000000E+00   0.0000000E+00
   2.7512482E-01   6.3486214E+05   6.3486214E+05   2.7459697E-01   8.1216542E-03   2.1966819E+03   6.3270312E+05   6.3486214E+05   0.0000000E+00   0.0000000E+00   0.0000000E+00   0.0000000E+00   0.0000000E+00
   2.8434072E-01   6.0442173E+05   6.0442173E+05   2.4726773E-01   7.2429297E-03   2.0018067E+03   6.0236590E+05   6.0442173E+05   0.0000000E+00   0.0000000E+00   0.0000000E+00   0.0000000E+00   0.0000000E+00
   2.9387287E-01   5.7362992E+05   5.7362992E+05   2.2078025E-01   6.4389084E-03   1.8181980E+03   5.7167852E+05   5.7362992E+05   0.0000000E+00   0.0000000E+00   0.0000000E+00   0.0000000E+00   0.0000000E+00
   3.0373484E-01   5.4506697E+05   5.4506697E+05   1.9643964E-01   5.7298465E-03   1.6553007E+03   5.4321248E+05   5.4506697E+05   0.0000000E+00   0.0000000E+00   0.0000000E+00   0.0000000E+00   0.0000000E+00
   3.1394150E-01   5.2017781E+05   5.2017781E+05   1.7446005E-01   5.1195542E-03   1.5153352E+03   5.1840776E+05   5.2017781E+05   0.0000000E+00   0.0000000E+00   0.0000000E+00   0.0000000E+00   0.0000000E+00
   3.2450913E-01   4.9823493E+05   4.9823493E+05   1.5580998E-01   4.5896994E-03   1.3926493E+03   4.9653933E+05   4.9823493E+05   0.0000000E+00   0.0000000E+00   0.0000000E+00   0.0000000E+00   0.0000000E+00
   3.3545572E-01   4.7706222E+05   4.7706222E+05   1.4174687E-01   4.1129278E-03   1.2800586E+03   4.7543848E+05   4.7706222E+05   0.0000000E+00   0.0000000E+00   0.0000000E+00   0.0000000E+00   0.0000000E+00
   3.4680118E-01   4.5496449E+05   4.5496449E+05   1.2639075E-01   3.6709210E-03   1.1730124E+03   4.5341578E+05   4.5496449E+05   0.0000000E+00   0.0000000E+00   0.0000000E+00   0.0000000E+00   0.0000000E+00
   3.5856767E-01   4.3215318E+05   4.3215318E+05   1.1062942E-01   3.2630442E-03   1.0712364E+03   4.3068196E+05   4.3215318E+05   0.0000000E+00   0.0000000E+00   0.0000000E+00   0.0000000E+00   0.0000000E+00
   3.7078002E-01   4.1029981E+05   4.1029981E+05   9.8381850E-02   2.8982153E-03   9.7862070E+02   4.0890285E+05   4.1029981E+05   0.0000000E+00   0.0000000E+00   0.0000000E+00   0.0000000E+00   0.0000000E+00
   3.8346612E-01   3.9065399E+05   3.9065399E+05   8.7917360E-02   2.5803720E-03   8.9724109E+02   3.8932380E+05   3.9065399E+05   0.0000000E+00   0.0000000E+00   0.0000000E+00   0.0000000E+00   0.0000000E+00
   3.9665751E-01   3.7273839E+05   3.7273839E+05   7.8333487E-02   2.3011662E-03   8.2499075E+02   3.7146909E+05   3.7273839E+05   0.0000000E+00   0.0000000E+00   0.0000000E+00   0.0000000E+00   0.0000000E+00
   4.1039003E-01   3.5508786E+05   3.5508786E+05   6.9836570E-02   2.0481501E-03   7.5791111E+02   3.5387855E+05   3.5508786E+05   0.0000000E+00   0.0000000E+00   0.0000000E+00   0.0000000E+00   0.0000000E+00
   4.2470464E-01   3.3709932E+05   3.3709932E+05   6.1735213E-02   1.8159713E-03   6.9432408E+02   3.3595118E+05   3.3709932E+05   0.0000000E+00   0.0000000E+00   0.0000000E+00   0.0000000E+00   0.0000000E+00
   4.3964843E-01   3.1960303E+05   3.1960303E+05   5.4647500E-02   1.6070615E-03   6.3532502E+02   3.1851440E+05   3.1960303E+05   0.0000000E+00   0.0000000E+00   0.0000000E+00   0.0000000E+00   0.0000000E+00
   4.5527590E-01   3.0344344E+05   3.0344344E+05   4.8542899E-02   1.4230293E-03   5.8296310E+02   3.0240978E+05   3.0344344E+05   0.0000000E+00   0.0000000E+00   0.0000000E+00   0.0000000E+00   0.0000000E+00
   4.7165051E-01   2.8822288E+05   2.8822288E+05   4.2785683E-02   1.2595264E-03   5.3554386E+02   2.8724100E+05   2.8822288E+05   0.0000000E+00   0.0000000E+00   0.0000000E+00   0.0000000E+00   0.0000000E+00
   4.8884669E-01   2.7311337E+05   2.7311337E+05   3.7840942E-02   1.1111823E-03   4.9096752E+02   2.7218290E+05   2.7311337E+05   0.0000000E+00   0.0000000E+00   0.0000000E+00   0.0000000E+00   0.0000000E+00
   5.0695241E-01   2.5823456E+05   2.5823456E+05   3.3276970E-02   9.7712882E-04   4.4937346E+02   2.5735473E+05   2.5823456E+05   0.0000000E+00   0.0000000E+00   0.0000000E+00   0.0000000E+00   0.0000000E+00
   5.2607242E-01   2.4415134E+05   2.4415134E+05   2.9178760E-02   8.5799888E-04   4.1160665E+02   2.4331945E+05   2.4415134E+05   0.0000000E+00   0.0000000E+00   0.0000000E+00   0.0000000E+00   0.0000000E+00
   5.4633244E-01   2.3065510E+05   2.3065510E+05   2.5569803E-02   7.5163125E-04   3.7695451E+02   2.2986914E+05   2.3065510E+05   0.0000000E+00   0.0000000E+00   0.0000000E+00   0.0000000E+00   0.0000000E+00
   5.6788456E-01   2.1733326E+05   2.1733326E+05   2.2271756E-02   6.5557638E-04   3.4443380E+02   2.1659265E+05   2.1733326E+05   0.0000000E+00   0.0000000E+00   0.0000000E+00   0.0000000E+00   0.0000000E+00
   5.9091424E-01   2.0441577E+05   2.0441577E+05   1.9346971E-02   5.6954816E-04   3.1433751E+02   2.0371915E+05   2.0441577E+05   0.0000000E+00   0.0000000E+00   0.0000000E+00   0.0000000E+00   0.0000000E+00
   6.1564921E-01   1.9195889E+05   1.9195889E+05   1.6734326E-02   4.9276888E-04   2.8656423E+02   1.9130469E+05   1.9195889E+05   0.0000000E+00   0.0000000E+00   0.0000000E+00   0.0000000E+00   0.0000000E+00
   6.4237071E-01   1.7970871E+05   1.7970871E+05   1.4385946E-02   4.2379535E-04   2.6055850E+02   1.7909623E+05   1.7970871E+05   0.0000000E+00   0.0000000E+00   0.0000000E+00   0.0000000E+00   0.0000000E+00
   6.7142706E-01   1.6776803E+05   1.6776803E+05   1.2294496E-02   3.6216583E-04   2.3631565E+02   1.6719622E+05   1.6776803E+05   0.0000000E+00   0.0000000E+00   0.0000000E+00   0.0000000E+00   0.0000000E+00
   7.0324911E-01   1.5607774E+05   1.5607774E+05   1.0423599E-02   3.0715744E-04   2.1363926E+02   1.5554575E+05   1.5607774E+05   0.0000000E+00   0.0000000E+00   0.0000000E+00   0.0000000E+00   0.0000000E+00
   7.3836492E-01   1.4459370E+05   1.4459370E+05   8.7584714E-03   2.5816172E-04   1.9239381E+02   1.4410084E+05   1.4459370E+05   0.0000000E+00   0.0000000E+00   0.0000000E+00   0.0000000E+00   0.0000000E+00
   7.7740799E-01   1.3332964E+05   1.3332964E+05   7.2834340E-03   2.1475906E-04   1.7251521E+02   1.3287515E+05   1.3332964E+05   0.0000000E+00   0.0000000E+00   0.0000000E+00   0.0000000E+00   0.0000000E+00
   8.2110741E-01   1.2228101E+05   1.2228101E+05   5.9868090E-03   1.7657318E-04   1.5391048E+02   1.2186417E+05   1.2228101E+05   0.0000000E+00   0.0000000E+00   0.0000000E+00   0.0000000E+00   0.0000000E+00
   8.7024292E-01   1.1149230E+05   1.1149230E+05   4.8626860E-03   1.4333748E-04   1.3659675E+02   1.1111222E+05   1.1149230E+05   0.0000000E+00   0.0000000E+00   0.0000000E+00   0.0000000E+00   0.0000000E+00
   9.2555097E-01   1.0104571E+05   1.0104571E+05   3.8929927E-03   1.1485625E-04   1.2058885E+02   1.0070123E+05   1.0104571E+05   0.0000000E+00   0.0000000E+00   0.0000000E+00   0.0000000E+00   0.0000000E+00
   9.8759487E-01   9.1055742E+04   9.1055742E+04   3.0803623E-03   9.0913029E-05   1.0596673E+02   9.0745312E+04   9.1055742E+04   0.0000000E+00   0.0000000E+00   0.0000000E+00   0.0000000E+00   0.0000000E+00
   1.0566644E+00   8.1652162E+04   8.1652162E+04   2.4124771E-03   7.1219479E-05   9.2814693E+01   8.1373783E+04   8.1652162E+04   0.0000000E+00   0.0000000E+00   0.0000000E+00   0.0000000E+00   0.0000000E+00
   1.1327919E+00   7.2946858E+04   7.2946858E+04   1.8749259E-03   5.5366882E-05   8.1134325E+01   7.2698151E+04   7.2946858E+04   0.0000000E+00   0.0000000E+00   0.0000000E+00   0.0000000E+00   0.0000000E+00
   1.2158976E+00   6.5004212E+04   6.5004212E+04   1.4499236E-03   4.2827271E-05   7.0886937E+01   6.4782580E+04   6.5004212E+04   0.0000000E+00   0.0000000E+00   0.0000000E+00   0.0000000E+00   0.0000000E+00
   1.3059637E+00   5.7831816E+04   5.7831816E+04   1.1155552E-03   3.3029969E-05   6.1962746E+01   5.7634634E+04   5.7831816E+04   0.0000000E+00   0.0000000E+00   0.0000000E+00   0.0000000E+00   0.0000000E+00
   1.4031343E+00   5.1396982E+04   5.1396982E+04   8.6094967E-04   2.5431616E-05   5.4209951E+01   5.1221737E+04   5.1396982E+04   0.0000000E+00   0.0000000E+00   0.0000000E+00   0.0000000E+00   0.0000000E+00
   1.5077242E+00   4.5644913E+04   4.5644913E+04   6.6206289E-04   1.9562033E-05   4.7478094E+01   4.5489278E+04   4.5644913E+04   0.0000000E+00   0.0000000E+00   0.0000000E+00   0.0000000E+00   0.0000000E+00
   1.6201823E+00   4.0512790E+04   4.0512790E+04   5.0879779E-04   1.5036984E-05   4.1626418E+01   4.0374652E+04   4.0512790E+04   0.0000000E+00   0.0000000E+00   0.0000000E+00   0.0000000E+00   0.0000000E+00
   1.7410524E+00   3.5939317E+04   3.5939317E+04   3.9106282E-04   1.1552498E-05   3.6531181E+01   3.5816772E+04   3.5939317E+04   0.0000000E+00   0.0000000E+00   0.0000000E+00   0.0000000E+00   0.0000000E+00
   1.8709466E+00   3.1866653E+04   3.1866653E+04   3.0005845E-04   8.8711038E-06   3.2087166E+01   3.1757993E+04   3.1866653E+04   0.0000000E+00   0.0000000E+00   0.0000000E+00   0.0000000E+00   0.0000000E+00
   2.0105335E+00   2.8242471E+04   2.8242471E+04   2.3025623E-04   6.8088991E-06   2.8204808E+01   2.8146169E+04   2.8242471E+04   0.0000000E+00   0.0000000E+00   0.0000000E+00   0.0000000E+00   0.0000000E+00
   2.1605350E+00   2.5019279E+04   2.5019279E+04   1.7662045E-04   5.2238292E-06   2.4805333E+01   2.4933967E+04   2.5019279E+04   0.0000000E+00   0.0000000E+00   0.0000000E+00   0.0000000E+00   0.0000000E+00
   2.3217278E+00   2.2154325E+04   2.2154325E+04   1.3542228E-04   4.0060512E-06   2.1826282E+01   2.2078781E+04   2.2154325E+04   0.0000000E+00   0.0000000E+00   0.0000000E+00   0.0000000E+00   0.0000000E+00
   2.4949468E+00   1.9609231E+04   1.9609231E+04   1.0379275E-04   3.0708901E-06   1.9213048E+01   1.9542365E+04   1.9609231E+04   0.0000000E+00   0.0000000E+00   0.0000000E+00   0.0000000E+00   0.0000000E+00
   2.6810894E+00   1.7349473E+04   1.7349473E+04   7.9489622E-05   2.3531233E-06   1.6916760E+01   1.7290313E+04   1.7349473E+04   0.0000000E+00   0.0000000E+00   0.0000000E+00   0.0000000E+00   0.0000000E+00
   2.8811196E+00   1.5344087E+04   1.5344087E+04   6.0911619E-05   1.8024375E-06   1.4898672E+01   1.5291764E+04   1.5344087E+04   0.0000000E+00   0.0000000E+00   0.0000000E+00   0.0000000E+00   0.0000000E+00
   3.0960737E+00   1.3565322E+04   1.3565322E+04   4.6627344E-05   1.3801246E-06   1.3123350E+01   1.3519065E+04   1.3565322E+04   0.0000000E+00   0.0000000E+00   0.0000000E+00   0.0000000E+00   0.0000000E+00
   3.3270651E+00   1.1988326E+04   1.1988326E+04   3.5680582E-05   1.0563935E-06   1.1560788E+01   1.1947446E+04   1.1988326E+04   0.0000000E+00   0.0000000E+00   0.0000000E+00   0.0000000E+00   0.0000000E+00
   3.5752902E+00   1.0590859E+04   1.0590859E+04   2.7299199E-05   8.0832780E-07   1.0184954E+01   1.0554744E+04   1.0590859E+04   0.0000000E+00   0.0000000E+00   0.0000000E+00   0.0000000E+00   0.0000000E+00
   3.8420348E+00   9.3530366E+03   9.3530366E+03   2.0871018E-05   6.1831621E-07   8.9729733E+00   9.3211429E+03   9.3530366E+03   0.0000000E+00   0.0000000E+00   0.0000000E+00   0.0000000E+00   0.0000000E+00
   4.1286807E+00   8.2570970E+03   8.2570970E+03   1.5958898E-05   4.7282911E-07   7.9048082E+00   8.2289404E+03   8.2570970E+03   0.0000000E+00   0.0000000E+00   0.0000000E+00   0.0000000E+00   0.0000000E+00
   4.4367126E+00   7.2871838E+03   7.2871838E+03   1.2197666E-05   3.6146949E-07   6.9636038E+00   7.2623345E+03   7.2871838E+03   0.0000000E+00   0.0000000E+00   0.0000000E+00   0.0000000E+00   0.0000000E+00
   4.7677261E+00   6.4291529E+03   6.4291529E+03   9.3177143E-06   2.7626179E-07   6.1340075E+00   6.4072295E+03   6.4291529E+03   0.0000000E+00   0.0000000E+00   0.0000000E+00   0.0000000E+00   0.0000000E+00
   5.1234357E+00   5.6703968E+03   5.6703968E+03   7.1155604E-06   2.1108606E-07   5.4025685E+00   5.6510607E+03   5.6703968E+03   0.0000000E+00   0.0000000E+00   0.0000000E+00   0.0000000E+00   0.0000000E+00
   5.5056842E+00   4.9996845E+03   4.9996845E+03   5.4341042E-06   1.6124850E-07   4.7578009E+00   4.9826355E+03   4.9996845E+03   0.0000000E+00   0.0000000E+00   0.0000000E+00   0.0000000E+00   0.0000000E+00
   5.9164513E+00   4.4070186E+03   4.4070186E+03   4.1477422E-06   1.2315045E-07   4.1894221E+00   4.3919905E+03   4.4070186E+03   0.0000000E+00   0.0000000E+00   0.0000000E+00   0.0000000E+00   0.0000000E+00
   6.3578649E+00   3.8835044E+03   3.8835044E+03   3.1649268E-06   9.4035093E-08   3.6884283E+00   3.8702615E+03   3.8835044E+03   0.0000000E+00   0.0000000E+00   0.0000000E+00   0.0000000E+00   0.0000000E+00
   6.8322114E+00   3.4212336E+03   3.4212336E+03   2.4146571E-06   7.1790115E-08   3.2468320E+00   3.4095672E+03   3.4212336E+03   0.0000000E+00   0.0000000E+00   0.0000000E+00   0.0000000E+00   0.0000000E+00
   7.3419478E+00   3.0131790E+03   3.0131790E+03   1.8415931E-06   5.4798885E-08   2.8576424E+00   3.0029040E+03   3.0131790E+03   0.0000000E+00   0.0000000E+00   0.0000000E+00   0.0000000E+00   0.0000000E+00
   7.8897146E+00   2.6530994E+03   2.6530994E+03   1.4034471E-06   4.1823507E-08   2.5146535E+00   2.6440522E+03   2.6530994E+03   0.0000000E+00   0.0000000E+00   0.0000000E+00   0.0000000E+00   0.0000000E+00
   8.4783491E+00   2.3354548E+03   2.3354548E+03   1.0704151E-06   3.1917180E-08   2.2124021E+00   2.3274909E+03   2.3354548E+03   0.0000000E+00   0.0000000E+00   0.0000000E+00   0.0000000E+00   0.0000000E+00
