#           k/h    CDM            baryon         photon         nu             mass_nu        total          no_nu          total_de       Weyl           v_CDM          v_b            v_b-v_c     
   1.0937276E-05   8.6278834E+06   8.6278834E+06   1.1501352E+07   9.4556407E+03   1.6490765E+06   8.6279543E+06   8.6278834E+06   0.0000000E+00   0.0000000E+00   0.0000000E+00   0.0000000E+00   0.0000000E+00
   1.1753282E-05   8.6278820E+06   8.6278820E+06   1.1500964E+07   9.4554396E+03   1.6490617E+06   8.6279527E+06   8.6278820E+06   0.0000000E+00   0.0000000E+00   0.0000000E+00   0.0000000E+00   0.0000000E+00
   1.2630169E-05   8.6278803E+06   8.6278803E+06   1.1500516E+07   9.4552074E+03   1.6490447E+06   8.6279509E+06   8.6278803E+06   0.0000000E+00   0.0000000E+00   0.0000000E+00   0.0000000E+00   0.0000000E+00
   1.3572478E-05   8.6278784E+06   8.6278784E+06   1.1499999E+07   9.4549393E+03   1.6490251E+06   8.6279489E+06   8.6278784E+06   0.0000000E+00   0.0000000E+00   0.0000000E+00   0.0000000E+00   0.0000000E+00
   1.4585091E-05   8.6278761E+06   8.6278761E+06   1.1499403E+07   9.4546297E+03   1.6490024E+06   8.6279465E+06   8.6278761E+06   0.0000000E+00   0.0000000E+00   0.0000000E+00   0.0000000E+00   0.0000000E+00
   1.5673253E-05   8.6278735E+06   8.6278735E+06   1.1498713E+07   9.4542721E+03   1.6489762E+06   8.6279437E+06   8.6278735E+06   0.0000000E+00   0.0000000E+00   0.0000000E+00   0.0000000E+00   0.0000000E+00
   1.6842601E-05   8.6278705E+06   8.6278705E+06   1.1497917E+07   9.4538593E+03   1.6489459E+06   8.6279406E+06   8.6278705E+06   0.0000000E+00   0.0000000E+00   0.0000000E+00   0.0000000E+00   0.0000000E+00
   1.8099191E-05   8.6278671E+06   8.6278671E+06   1.1496998E+07   9.4533825E+03   1.6489110E+06   8.6279369E+06   8.6278671E+06   0.0000000E+00   0.0000000E+00   0.0000000E+00   0.0000000E+00   0.0000000E+00
   1.9449532E-05   8.6278631E+06   8.6278631E+06   1.1495937E+07   9.4528321E+03   1.6488707E+06   8.6279326E+06   8.6278631E+06   0.0000000E+00   0.0000000E+00   0.0000000E+00   0.0000000E+00   0.0000000E+00
   2.0900619E-05   8.6278585E+06   8.6278585E+06   1.1494711E+07   9.4521964E+03   1.6488241E+06   8.6279277E+06   8.6278585E+06   0.0000000E+00   0.0000000E+00   0.0000000E+00   0.0000000E+00   0.0000000E+00
   2.2459969E-05   8.6278532E+06   8.6278532E+06   1.1493296E+07   9.4514624E+03   1.6487703E+06   8.6279221E+06   8.6278532E+06   0.0000000E+00   0.0000000E+00   0.0000000E+00   0.0000000E+00   0.0000000E+00
   2.4135659E-05   8.6278470E+06   8.6278470E+06   1.1491662E+07   9.4506149E+03   1.6487083E+06   8.6279156E+06   8.6278470E+06   0.0000000E+00   0.0000000E+00   0.0000000E+00   0.0000000E+00   0.0000000E+00
   2.5936368E-05   8.6278400E+06   8.6278400E+06   1.1489776E+07   9.4496364E+03   1.6486366E+06   8.6279080E+06   8.6278400E+06   0.0000000E+00   0.0000000E+00   0.0000000E+00   0.0000000E+00   0.0000000E+00
   2.7871424E-05   8.6278318E+06   8.6278318E+06   1.1487598E+07   9.4485065E+03   1.6485539E+06   8.6278993E+06   8.6278318E+06   0.0000000E+00   0.0000000E+00   0.0000000E+00   0.0000000E+00   0.0000000E+00
   2.9950850E-05   8.6278223E+06   8.6278223E+06   1.1485083E+07   9.4472019E+03   1.6484584E+06   8.6278893E+06   8.6278223E+06   0.0000000E+00   0.0000000E+00   0.0000000E+00   0.0000000E+00   0.0000000E+00
   3.2185418E-05   8.6278114E+06   8.6278114E+06   1.1482180E+07   9.4456956E+03   1.6483481E+06   8.6278776E+06   8.6278114E+06   0.0000000E+00   0.0000000E+00   0.0000000E+00   0.0000000E+00   0.0000000E+00
   3.4586702E-05   8.6277988E+06   8.6277988E+06   1.1478828E+07   9.4439566E+03   1.6482208E+06   8.6278642E+06   8.6277988E+06   0.0000000E+00   0.0000000E+00   0.0000000E+00   0.0000000E+00   0.0000000E+00
   3.7167141E-05   8.6277842E+06   8.6277842E+06   1.1474959E+07   9.4419488E+03   1.6480740E+06   8.6278488E+06   8.6277842E+06   0.0000000E+00   0.0000000E+00   0.0000000E+00   0.0000000E+00   0.0000000E+00
   3.9940101E-05   8.6277674E+06   8.6277674E+06   1.1470492E+07   9.4396309E+03   1.6479044E+06   8.6278309E+06   8.6277674E+06   0.0000000E+00   0.0000000E+00   0.0000000E+00   0.0000000E+00   0.0000000E+00
   4.2919945E-05   8.6277480E+06   8.6277480E+06   1.1465336E+07   9.4369551E+03   1.6477088E+06   8.6278102E+06   8.6277480E+06   0.0000000E+00   0.0000000E+00   0.0000000E+00   0.0000000E+00   0.0000000E+00
   4.6122109E-05   8.6277256E+06   8.6277256E+06   1.1459385E+07   9.4338661E+03   1.6474831E+06   8.6277864E+06   8.6277256E+06   0.0000000E+00   0.0000000E+00   0.0000000E+00   0.0000000E+00   0.0000000E+00
   4.9563179E-05   8.6276997E+06   8.6276997E+06   1.1452516E+07   9.4303005E+03   1.6472226E+06   8.6277589E+06   8.6276997E+06   0.0000000E+00   0.0000000E+00   0.0000000E+00   0.0000000E+00   0.0000000E+00
   5.3260980E-05   8.6276698E+06   8.6276698E+06   1.1444589E+07   9.4261849E+03   1.6469222E+06   8.6277271E+06   8.6276698E+06   0.0000000E+00   0.0000000E+00   0.0000000E+00   0.0000000E+00   0.0000000E+00
   5.7234667E-05   8.6276353E+06   8.6276353E+06   1.1435442E+07   9.4214348E+03   1.6465756E+06   8.6276904E+06   8.6276353E+06   0.0000000E+00   0.0000000E+00   0.0000000E+00   0.0000000E+00   0.0000000E+00
   6.1504821E-05   8.6275955E+06   8.6275955E+06   1.1424887E+07   9.4159530E+03   1.6461760E+06   8.6276481E+06   8.6275955E+06   0.0000000E+00   0.0000000E+00   0.0000000E+00   0.0000000E+00   0.0000000E+00
   6.6093562E-05   8.6275495E+06   8.6275495E+06   1.1412710E+07   9.4096272E+03   1.6457152E+06   8.6275992E+06   8.6275495E+06   0.0000000E+00   0.0000000E+00   0.0000000E+00   0.0000000E+00   0.0000000E+00
   7.1024659E-05   8.6274964E+06   8.6274964E+06   1.1398664E+07   9.4023284E+03   1.6451841E+06   8.6275427E+06   8.6274964E+06   0.0000000E+00   0.0000000E+00   0.0000000E+00   0.0000000E+00   0.0000000E+00
   7.6323654E-05   8.6274351E+06   8.6274351E+06   1.1382465E+07   9.3939079E+03   1.6445721E+06   8.6274775E+06   8.6274351E+06   0.0000000E+00   0.0000000E+00   0.0000000E+00   0.0000000E+00   0.0000000E+00
   8.2017997E-05   8.6273643E+06   8.6273643E+06   1.1363785E+07   9.3841950E+03   1.6438670E+06   8.6274022E+06   8.6273643E+06   0.0000000E+00   0.0000000E+00   0.0000000E+00   0.0000000E+00   0.0000000E+00
   8.8137181E-05   8.6272826E+06   8.6272826E+06   1.1342251E+07   9.3729930E+03   1.6430551E+06   8.6273153E+06   8.6272826E+06   0.0000000E+00   0.0000000E+00   0.0000000E+00   0.0000000E+00   0.0000000E+00
   9.4712905E-05   8.6271883E+06   8.6271883E+06   1.1317432E+07   9.3600763E+03   1.6421206E+06   8.6272151E+06   8.6271883E+06   0.0000000E+00   0.0000000E+00   0.0000000E+00   0.0000000E+00   0.0000000E+00
   1.0177923E-04   8.6270795E+06   8.6270795E+06   1.1288837E+07   9.3451859E+03   1.6410455E+06   8.6270993E+06   8.6270795E+06   0.0000000E+00   0.0000000E+00   0.0000000E+00   0.0000000E+00   0.0000000E+00
   1.0937276E-04   8.6269538E+06   8.6269538E+06   1.1255901E+07   9.3280246E+03   1.6398093E+06   8.6269657E+06   8.6269538E+06   0.0000000E+00   0.0000000E+00   0.0000000E+00   0.0000000E+00   0.0000000E+00
   1.1753282E-04   8.6268088E+06   8.6268088E+06   1.1217982E+07   9.3082522E+03   1.6383889E+06   8.6268115E+06   8.6268088E+06   0.0000000E+00   0.0000000E+00   0.0000000E+00   0.0000000E+00   0.0000000E+00
   1.2630169E-04   8.6266415E+06   8.6266415E+06   1.1174346E+07   9.2854796E+03   1.6367582E+06   8.6266335E+06   8.6266415E+06   0.0000000E+00   0.0000000E+00   0.0000000E+00   0.0000000E+00   0.0000000E+00
   1.3572478E-04   8.6264484E+06   8.6264484E+06   1.1124158E+07   9.2592621E+03   1.6348876E+06   8.6264282E+06   8.6264484E+06   0.0000000E+00   0.0000000E+00   0.0000000E+00   0.0000000E+00   0.0000000E+00
   1.4585091E-04   8.6262256E+06   8.6262256E+06   1.1066471E+07   9.2290930E+03   1.6327441E+06   8.6261913E+06   8.6262256E+06   0.0000000E+00   0.0000000E+00   0.0000000E+00   0.0000000E+00   0.0000000E+00
   1.5673253E-04   8.6259686E+06   8.6259686E+06   1.1000212E+07   9.1943954E+03   1.6302909E+06   8.6259180E+06   8.6259686E+06   0.0000000E+00   0.0000000E+00   0.0000000E+00   0.0000000E+00   0.0000000E+00
   1.6842601E-04   8.6256722E+06   8.6256722E+06   1.0924170E+07   9.1545148E+03   1.6274871E+06   8.6256027E+06   8.6256722E+06   0.0000000E+00   0.0000000E+00   0.0000000E+00   0.0000000E+00   0.0000000E+00
   1.8099191E-04   8.6253303E+06   8.6253303E+06   1.0836987E+07   9.1087104E+03   1.6242880E+06   8.6252392E+06   8.6253303E+06   0.0000000E+00   0.0000000E+00   0.0000000E+00   0.0000000E+00   0.0000000E+00
   1.9449532E-04   8.6249361E+06   8.6249361E+06   1.0737140E+07   9.0561464E+03   1.6206445E+06   8.6248201E+06   8.6249361E+06   0.0000000E+00   0.0000000E+00   0.0000000E+00   0.0000000E+00   0.0000000E+00
   2.0900619E-04   8.6244818E+06   8.6244818E+06   1.0622939E+07   8.9958840E+03   1.6165040E+06   8.6243370E+06   8.6244818E+06   0.0000000E+00   0.0000000E+00   0.0000000E+00   0.0000000E+00   0.0000000E+00
   2.2459969E-04   8.6239582E+06   8.6239582E+06   1.0492515E+07   8.9268733E+03   1.6118107E+06   8.6237803E+06   8.6239582E+06   0.0000000E+00   0.0000000E+00   0.0000000E+00   0.0000000E+00   0.0000000E+00
   2.4135659E-04   8.6233550E+06   8.6233550E+06   1.0343822E+07   8.8479467E+03   1.6065065E+06   8.6231389E+06   8.6233550E+06   0.0000000E+00   0.0000000E+00   0.0000000E+00   0.0000000E+00   0.0000000E+00
   2.5936368E-04   8.6226603E+06   8.6226603E+06   1.0174642E+07   8.7578152E+03   1.6005323E+06   8.6224004E+06   8.6226603E+06   0.0000000E+00   0.0000000E+00   0.0000000E+00   0.0000000E+00   0.0000000E+00
   2.7871424E-04   8.6218606E+06   8.6218606E+06   9.9825989E+06   8.6550663E+03   1.5938304E+06   8.6215502E+06   8.6218606E+06   0.0000000E+00   0.0000000E+00   0.0000000E+00   0.0000000E+00   0.0000000E+00
   2.9950850E-04   8.6209405E+06   8.6209405E+06   9.7651923E+06   8.5381691E+03   1.5863470E+06   8.6205721E+06   8.6209405E+06   0.0000000E+00   0.0000000E+00   0.0000000E+00   0.0000000E+00   0.0000000E+00
   3.2185418E-04   8.6198823E+06   8.6198823E+06   9.5198425E+06   8.4054839E+03   1.5780365E+06   8.6194472E+06   8.6198823E+06   0.0000000E+00   0.0000000E+00   0.0000000E+00   0.0000000E+00   0.0000000E+00
   3.4586702E-04   8.6186662E+06   8.6186662E+06   9.2439648E+06   8.2552827E+03   1.5688660E+06   8.6181546E+06   8.6186662E+06   0.0000000E+00   0.0000000E+00   0.0000000E+00   0.0000000E+00   0.0000000E+00
   3.7167141E-04   8.6172694E+06   8.6172694E+06   8.9350717E+06   8.0857817E+03   1.5588216E+06   8.6166701E+06   8.6172694E+06   0.0000000E+00   0.0000000E+00   0.0000000E+00   0.0000000E+00   0.0000000E+00
   3.9940101E-04   8.6156665E+06   8.6156665E+06   8.5909127E+06   7.8951888E+03   1.5479163E+06   8.6149667E+06   8.6156665E+06   0.0000000E+00   0.0000000E+00   0.0000000E+00   0.0000000E+00   0.0000000E+00
   4.2919945E-04   8.6138286E+06   8.6138286E+06   8.2096582E+06   7.6817723E+03   1.5361977E+06   8.6130138E+06   8.6138286E+06   0.0000000E+00   0.0000000E+00   0.0000000E+00   0.0000000E+00   0.0000000E+00
   4.6122109E-04   8.6117233E+06   8.6117233E+06   7.7901325E+06   7.4439516E+03   1.5237577E+06   8.6107772E+06   8.6117233E+06   0.0000000E+00   0.0000000E+00   0.0000000E+00   0.0000000E+00   0.0000000E+00
   4.9563179E-04   8.6093146E+06   8.6093146E+06   7.3320997E+06   7.1804178E+03   1.5107408E+06   8.6082186E+06   8.6093146E+06   0.0000000E+00   0.0000000E+00   0.0000000E+00   0.0000000E+00   0.0000000E+00
   5.3260980E-04   8.6065620E+06   8.6065620E+06   6.8365987E+06   6.8902827E+03   1.4973510E+06   8.6052956E+06   8.6065620E+06   0.0000000E+00   0.0000000E+00   0.0000000E+00   0.0000000E+00   0.0000000E+00
   5.7234667E-04   8.6034210E+06   8.6034210E+06   6.3063192E+06   6.5732611E+03   1.4838543E+06   8.6019608E+06   8.6034210E+06   0.0000000E+00   0.0000000E+00   0.0000000E+00   0.0000000E+00   0.0000000E+00
   6.1504821E-04   8.5998420E+06   8.5998420E+06   5.7459904E+06   6.2298802E+03   1.4705726E+06   8.5981624E+06   8.5998420E+06   0.0000000E+00   0.0000000E+00   0.0000000E+00   0.0000000E+00   0.0000000E+00
   6.6093562E-04   8.5957710E+06   8.5957710E+06   5.1627437E+06   5.8617083E+03   1.4578665E+06   8.5938434E+06   8.5957710E+06   0.0000000E+00   0.0000000E+00   0.0000000E+00   0.0000000E+00   0.0000000E+00
   7.1024659E-04   8.5911488E+06   8.5911488E+06   4.5663791E+06   5.4715850E+03   1.4460994E+06   8.5889420E+06   8.5911488E+06   0.0000000E+00   0.0000000E+00   0.0000000E+00   0.0000000E+00   0.0000000E+00
   7.6323654E-04   8.5859109E+06   8.5859109E+06   3.9694439E+06   5.0638227E+03   1.4355790E+06   8.5833909E+06   8.5859109E+06   0.0000000E+00   0.0000000E+00   0.0000000E+00   0.0000000E+00   0.0000000E+00
   8.2017997E-04   8.5799876E+06   8.5799876E+06   3.3869999E+06   4.6443366E+03   1.4264730E+06   8.5771179E+06   8.5799876E+06   0.0000000E+00   0.0000000E+00   0.0000000E+00   0.0000000E+00   0.0000000E+00
   8.8137181E-04   8.5733037E+06   8.5733037E+06   2.8359451E+06   4.2206446E+03   1.4187003E+06   8.5700454E+06   8.5733037E+06   0.0000000E+00   0.0000000E+00   0.0000000E+00   0.0000000E+00   0.0000000E+00
   9.4712905E-04   8.5657783E+06   8.5657783E+06   2.3337620E+06   3.8016679E+03   1.4118082E+06   8.5620905E+06   8.5657783E+06   0.0000000E+00   0.0000000E+00   0.0000000E+00   0.0000000E+00   0.0000000E+00
   1.0177923E-03   8.5573243E+06   8.5573243E+06   1.8966259E+06   3.3972631E+03   1.4048635E+06   8.5531650E+06   8.5573243E+06   0.0000000E+00   0.0000000E+00   0.0000000E+00   0.0000000E+00   0.0000000E+00
   1.0937276E-03   8.5478479E+06   8.5478479E+06   1.5369405E+06   3.0174347E+03   1.3963994E+06   8.5431747E+06   8.5478479E+06   0.0000000E+00   0.0000000E+00   0.0000000E+00   0.0000000E+00   0.0000000E+00
   1.1753282E-03   8.5372478E+06   8.5372478E+06   1.2605894E+06   2.6712305E+03   1.3844853E+06   8.5320192E+06   8.5372478E+06   0.0000000E+00   0.0000000E+00   0.0000000E+00   0.0000000E+00   0.0000000E+00
   1.2630169E-03   8.5254142E+06   8.5254142E+06   1.0645033E+06   2.3654118E+03   1.3669881E+06   8.5195907E+06   8.5254142E+06   0.0000000E+00   0.0000000E+00   0.0000000E+00   0.0000000E+00   0.0000000E+00
   1.3572478E-03   8.5122277E+06   8.5122277E+06   9.3545643E+05   2.1031273E+03   1.3420719E+06   8.5057737E+06   8.5122277E+06   0.0000000E+00   0.0000000E+00   0.0000000E+00   0.0000000E+00   0.0000000E+00
   1.4585091E-03   8.4975586E+06   8.4975586E+06   8.5117578E+05   1.8829623E+03   1.3089038E+06   8.4904435E+06   8.4975586E+06   0.0000000E+00   0.0000000E+00   0.0000000E+00   0.0000000E+00   0.0000000E+00
   1.5673253E-03   8.4812664E+06   8.4812664E+06   7.8460054E+05   1.6988358E+03   1.2683851E+06   8.4734667E+06   8.4812664E+06   0.0000000E+00   0.0000000E+00   0.0000000E+00   0.0000000E+00   0.0000000E+00
   1.6842601E-03   8.4632008E+06   8.4632008E+06   7.1118999E+05   1.5411616E+03   1.2235381E+06   8.4547010E+06   8.4632008E+06   0.0000000E+00   0.0000000E+00   0.0000000E+00   0.0000000E+00   0.0000000E+00
   1.8099191E-03   8.4432036E+06   8.4432036E+06   6.1745917E+05   1.3993664E+03   1.1790578E+06   8.4339967E+06   8.4432036E+06   0.0000000E+00   0.0000000E+00   0.0000000E+00   0.0000000E+00   0.0000000E+00
   1.9449532E-03   8.4211112E+06   8.4211112E+06   5.0692153E+05   1.2652209E+03   1.1396858E+06   8.4111990E+06   8.4211112E+06   0.0000000E+00   0.0000000E+00   0.0000000E+00   0.0000000E+00   0.0000000E+00
   2.0900619E-03   8.3967578E+06   8.3967578E+06   3.9873442E+05   1.1356685E+03   1.1076951E+06   8.3861493E+06   8.3967578E+06   0.0000000E+00   0.0000000E+00   0.0000000E+00   0.0000000E+00   0.0000000E+00
   2.2459969E-03   8.3699764E+06   8.3699764E+06   3.1660758E+05   1.0134209E+03   1.0808332E+06   8.3586858E+06   8.3699764E+06   0.0000000E+00   0.0000000E+00   0.0000000E+00   0.0000000E+00   0.0000000E+00
   2.4135659E-03   8.3405974E+06   8.3405974E+06   2.7199368E+05   9.0425073E+02   1.0528445E+06   8.3286413E+06   8.3405974E+06   0.0000000E+00   0.0000000E+00   0.0000000E+00   0.0000000E+00   0.0000000E+00
   2.5936368E-03   8.3084449E+06   8.3084449E+06   2.5338009E+05   8.1198167E+02   1.0177739E+06   8.2958390E+06   8.3084449E+06   0.0000000E+00   0.0000000E+00   0.0000000E+00   0.0000000E+00   0.0000000E+00
   2.7871424E-03   8.2733332E+06   8.2733332E+06   2.3435307E+05   7.3468478E+02   9.7573821E+05   8.2600893E+06   8.2733332E+06   0.0000000E+00   0.0000000E+00   0.0000000E+00   0.0000000E+00   0.0000000E+00
   2.9950850E-03   8.2350662E+06   8.2350662E+06   1.9874513E+05   6.6590584E+02   9.3396017E+05   8.2211915E+06   8.2350662E+06   0.0000000E+00   0.0000000E+00   0.0000000E+00   0.0000000E+00   0.0000000E+00
   3.2185418E-03   8.1934404E+06   8.1934404E+06   1.5810781E+05   6.0063464E+02   8.9887520E+05   8.1789378E+06   8.1934404E+06   0.0000000E+00   0.0000000E+00   0.0000000E+00   0.0000000E+00   0.0000000E+00
   3.4586702E-03   8.1482483E+06   8.1482483E+06   1.3486949E+05   5.3965321E+02   8.6659452E+05   8.1331189E+06   8.1482483E+06   0.0000000E+00   0.0000000E+00   0.0000000E+00   0.0000000E+00   0.0000000E+00
   3.7167141E-03   8.0992757E+06   8.0992757E+06   1.2694296E+05   4.8615637E+02   8.2745909E+05   8.0835217E+06   8.0992757E+06   0.0000000E+00   0.0000000E+00   0.0000000E+00   0.0000000E+00   0.0000000E+00
   3.9940101E-03   8.0462972E+06   8.0462972E+06   1.1036795E+05   4.3908777E+02   7.8305286E+05   8.0299240E+06   8.0462972E+06   0.0000000E+00   0.0000000E+00   0.0000000E+00   0.0000000E+00   0.0000000E+00
   4.2919945E-03   7.9890782E+06   7.9890782E+06   8.4693352E+04   3.9453889E+02   7.4510143E+05   7.9720962E+06   7.9890782E+06   0.0000000E+00   0.0000000E+00   0.0000000E+00   0.0000000E+00   0.0000000E+00
   4.6122109E-03   7.9273826E+06   7.9273826E+06   7.3159519E+04   3.5290438E+02   7.1088059E+05   7.9098083E+06   7.9273826E+06   0.0000000E+00   0.0000000E+00   0.0000000E+00   0.0000000E+00   0.0000000E+00
   4.9563179E-03   7.8609753E+06   7.8609753E+06   6.8407853E+04   3.1644816E+02   6.6913690E+05   7.8428335E+06   7.8609753E+06   0.0000000E+00   0.0000000E+00   0.0000000E+00   0.0000000E+00   0.0000000E+00
   5.3260980E-03   7.7896187E+06   7.7896187E+06   5.4016583E+04   2.8295793E+02   6.2983526E+05   7.7709447E+06   7.7896187E+06   0.0000000E+00   0.0000000E+00   0.0000000E+00   0.0000000E+00   0.0000000E+00
   5.7234667E-03   7.7130759E+06   7.7130759E+06   4.7989727E+04   2.5179005E+02   5.9558521E+05   7.6939125E+06   7.7130759E+06   0.0000000E+00   0.0000000E+00   0.0000000E+00   0.0000000E+00   0.0000000E+00
   6.1504821E-03   7.6311097E+06   7.6311097E+06   4.2683578E+04   2.2462485E+02   5.5511733E+05   7.6114974E+06   7.6311097E+06   0.0000000E+00   0.0000000E+00   0.0000000E+00   0.0000000E+00   0.0000000E+00
   6.6093562E-03   7.5434731E+06   7.5434731E+06   3.2981198E+04   1.9954179E+02   5.2136834E+05   7.5234434E+06   7.5434731E+06   0.0000000E+00   0.0000000E+00   0.0000000E+00   0.0000000E+00   0.0000000E+00
   7.1024659E-03   7.4499138E+06   7.4499138E+06   3.1181211E+04   1.7703129E+02   4.8455827E+05   7.4295002E+06   7.4499138E+06   0.0000000E+00   0.0000000E+00   0.0000000E+00   0.0000000E+00   0.0000000E+00
   7.6323654E-03   7.3501788E+06   7.3501788E+06   2.4247929E+04   1.5637536E+02   4.5082046E+05   7.3294342E+06   7.3501788E+06   0.0000000E+00   0.0000000E+00   0.0000000E+00   0.0000000E+00   0.0000000E+00
   8.2017997E-03   7.2440199E+06   7.2440199E+06   2.2850269E+04   1.3794065E+02   4.1665961E+05   7.2230079E+06   7.2440199E+06   0.0000000E+00   0.0000000E+00   0.0000000E+00   0.0000000E+00   0.0000000E+00
   8.8137181E-03   7.1311867E+06   7.1311867E+06   1.7753780E+04   1.2137262E+02   3.8642044E+05   7.1099596E+06   7.1311867E+06   0.0000000E+00   0.0000000E+00   0.0000000E+00   0.0000000E+00   0.0000000E+00
   9.4712905E-03   7.0114236E+06   7.0114236E+06   1.5638207E+04   1.0658681E+02   3.5397839E+05   6.9900313E+06   7.0114236E+06   0.0000000E+00   0.0000000E+00   0.0000000E+00   0.0000000E+00   0.0000000E+00
   1.0177923E-02   6.8844742E+06   6.8844742E+06   1.3976977E+04   9.3183043E+01   3.2592226E+05   6.8629801E+06   6.8844742E+06   0.0000000E+00   0.0000000E+00   0.0000000E+00   0.0000000E+00   0.0000000E+00
   1.0937276E-02   6.7500847E+06   6.7500847E+06   1.0888962E+04   8.1311248E+01   2.9846306E+05   6.7285522E+06   6.7500847E+06   0.0000000E+00   0.0000000E+00   0.0000000E+00   0.0000000E+00   0.0000000E+00
   1.1753282E-02   6.6080034E+06   6.6080034E+06   9.2099759E+03   7.0771270E+01   2.7119928E+05   6.5864936E+06   6.6080034E+06   0.0000000E+00   0.0000000E+00   0.0000000E+00   0.0000000E+00   0.0000000E+00
   1.2630169E-02   6.4579886E+06   6.4579886E+06   8.1753762E+03   6.1377657E+01   2.4597845E+05   6.4365670E+06   6.4579886E+06   0.0000000E+00   0.0000000E+00   0.0000000E+00   0.0000000E+00   0.0000000E+00
   1.3572478E-02   6.2998137E+06   6.2998137E+06   7.0593832E+03   5.3050402E+01   2.2309678E+05   6.2785491E+06   6.2998137E+06   0.0000000E+00   0.0000000E+00   0.0000000E+00   0.0000000E+00   0.0000000E+00
   1.4585091E-02   6.1332781E+06   6.1332781E+06   6.0030418E+03   4.5715319E+01   2.0129077E+05   6.1122330E+06   6.1332781E+06   0.0000000E+00   0.0000000E+00   0.0000000E+00   0.0000000E+00   0.0000000E+00
   1.5673253E-02   5.9582201E+06   5.9582201E+06   5.0034952E+03   3.9244623E+01   1.8103038E+05   5.9374652E+06   5.9582201E+06   0.0000000E+00   0.0000000E+00   0.0000000E+00   0.0000000E+00   0.0000000E+00
   1.6842601E-02   5.7745393E+06   5.7745393E+06   4.1192632E+03   3.3582150E+01   1.6198279E+05   5.7541394E+06   5.7745393E+06   0.0000000E+00   0.0000000E+00   0.0000000E+00   0.0000000E+00   0.0000000E+00
   1.8099191E-02   5.5822208E+06   5.5822208E+06   3.3028213E+03   2.8621337E+01   1.4474823E+05   5.5622437E+06   5.5822208E+06   0.0000000E+00   0.0000000E+00   0.0000000E+00   0.0000000E+00   0.0000000E+00
   1.9449532E-02   5.3813693E+06   5.3813693E+06   2.7821858E+03   2.4295919E+01   1.2907143E+05   5.3618787E+06   5.3813693E+06   0.0000000E+00   0.0000000E+00   0.0000000E+00   0.0000000E+00   0.0000000E+00
   2.0900619E-02   5.1722503E+06   5.1722503E+06   2.4191322E+03   2.0545610E+01   1.1405252E+05   5.1533103E+06   5.1722503E+06   0.0000000E+00   0.0000000E+00   0.0000000E+00   0.0000000E+00   0.0000000E+00
   2.2459967E-02   4.9553403E+06   4.9553403E+06   1.9030864E+03   1.7295637E+01   1.0078620E+05   4.9370094E+06   4.9553403E+06   0.0000000E+00   0.0000000E+00   0.0000000E+00   0.0000000E+00   0.0000000E+00
   2.4135642E-02   4.7313835E+06   4.7313835E+06   1.6319532E+03   1.4500930E+01   8.8356807E+04   4.7137178E+06   4.7313835E+06   0.0000000E+00   0.0000000E+00   0.0000000E+00   0.0000000E+00   0.0000000E+00
   2.5936278E-02   4.5014567E+06   4.5014567E+06   1.3606820E+03   1.2099928E+01   7.7564460E+04   4.4845061E+06   4.5014567E+06   0.0000000E+00   0.0000000E+00   0.0000000E+00   0.0000000E+00   0.0000000E+00
   2.7871007E-02   4.2670397E+06   4.2670397E+06   1.0857836E+03   1.0050420E+01   6.7709337E+04   4.2508466E+06   4.2670397E+06   0.0000000E+00   0.0000000E+00   0.0000000E+00   0.0000000E+00   0.0000000E+00
   2.9949167E-02   4.0300978E+06   4.0300978E+06   8.8116261E+02   8.3113621E+00   5.8836730E+04   4.0146952E+06   4.0300978E+06   0.0000000E+00   0.0000000E+00   0.0000000E+00   0.0000000E+00   0.0000000E+00
   3.2179444E-02   3.7931803E+06   3.7931803E+06   7.3310258E+02   6.8450687E+00   5.0977410E+04   3.7785895E+06   3.7931803E+06   0.0000000E+00   0.0000000E+00   0.0000000E+00   0.0000000E+00   0.0000000E+00
   3.4567907E-02   3.5595313E+06   3.5595313E+06   6.0787820E+02   5.6184399E+00   4.3961868E+04   3.5457590E+06   3.5595313E+06   0.0000000E+00   0.0000000E+00   0.0000000E+00   0.0000000E+00   0.0000000E+00
   3.7114394E-02   3.3331572E+06   3.3331572E+06   4.6463185E+02   4.6019873E+00   3.7987138E+04   3.3201928E+06   3.3331572E+06   0.0000000E+00   0.0000000E+00   0.0000000E+00   0.0000000E+00   0.0000000E+00
   3.9807535E-02   3.1186982E+06   3.1186982E+06   4.0230034E+02   3.7707236E+00   3.2883060E+04   3.1065109E+06   3.1186982E+06   0.0000000E+00   0.0000000E+00   0.0000000E+00   0.0000000E+00   0.0000000E+00
   4.2620766E-02   2.9208775E+06   2.9208775E+06   3.1130668E+02   3.1001071E+00   2.8610056E+04   2.9094157E+06   2.9208775E+06   0.0000000E+00   0.0000000E+00   0.0000000E+00   0.0000000E+00   0.0000000E+00
   4.5513810E-02   2.7434715E+06   2.7434715E+06   2.5679794E+02   2.5670482E+00   2.4949798E+04   2.7326666E+06   2.7434715E+06   0.0000000E+00   0.0000000E+00   0.0000000E+00   0.0000000E+00   0.0000000E+00
   4.8441979E-02   2.5882366E+06   2.5882366E+06   2.2377193E+02   2.1469074E+00   2.2044005E+04   2.5780110E+06   2.5882366E+06   0.0000000E+00   0.0000000E+00   0.0000000E+00   0.0000000E+00   0.0000000E+00
   5.1368597E-02   2.4545212E+06   2.4545212E+06   1.8747191E+02   1.8165995E+00   1.9731744E+04   2.4447976E+06   2.4545212E+06   0.0000000E+00   0.0000000E+00   0.0000000E+00   0.0000000E+00   0.0000000E+00
   5.4272309E-02   2.3397972E+06   2.3397972E+06   1.5332809E+02   1.5555605E+00   1.7785564E+04   2.3305065E+06   2.3397972E+06   0.0000000E+00   0.0000000E+00   0.0000000E+00   0.0000000E+00   0.0000000E+00
   5.7146564E-02   2.2406085E+06   2.2406085E+06   1.3432651E+02   1.3464075E+00   1.6148030E+04   2.2316938E+06   2.2406085E+06   0.0000000E+00   0.0000000E+00   0.0000000E+00   0.0000000E+00   0.0000000E+00
   5.9994924E-02   2.1533600E+06   2.1533600E+06   1.2087398E+02   1.1760191E+00   1.4829646E+04   2.1447773E+06   2.1533600E+06   0.0000000E+00   0.0000000E+00   0.0000000E+00   0.0000000E+00   0.0000000E+00
   6.2826273E-02   2.0747563E+06   2.0747563E+06   1.0393542E+02   1.0347802E+00   1.3708904E+04   2.0664741E+06   2.0747563E+06   0.0000000E+00   0.0000000E+00   0.0000000E+00   0.0000000E+00   0.0000000E+00
   6.5651571E-02   2.0019771E+06   2.0019771E+06   9.0163838E+01   9.1566933E-01   1.2694642E+04   1.9939744E+06   2.0019771E+06   0.0000000E+00   0.0000000E+00   0.0000000E+00   0.0000000E+00   0.0000000E+00
   6.8482075E-02   1.9327167E+06   1.9327167E+06   8.1697052E+01   8.1356851E-01   1.1791075E+04   1.9249814E+06   1.9327167E+06   0.0000000E+00   0.0000000E+00   0.0000000E+00   0.0000000E+00   0.0000000E+00
   7.1328523E-02   1.8651736E+06   1.8651736E+06   7.4183574E+01   7.2470561E-01   1.1011522E+04   1.8577002E+06   1.8651736E+06   0.0000000E+00   0.0000000E+00   0.0000000E+00   0.0000000E+00   0.0000000E+00
   7.4200850E-02   1.7980283E+06   1.7980283E+06   6.3130679E+01   6.4652934E-01   1.0277282E+04   1.7908167E+06   1.7980283E+06   0.0000000E+00   0.0000000E+00   0.0000000E+00   0.0000000E+00   0.0000000E+00
   7.7108150E-02   1.7304227E+06   1.7304227E+06   5.6314581E+01   5.7711239E-01   9.5602013E+03   1.7234757E+06   1.7304227E+06   0.0000000E+00   0.0000000E+00   0.0000000E+00   0.0000000E+00   0.0000000E+00
   8.0058751E-02   1.6619385E+06   1.6619385E+06   5.2498157E+01   5.1505654E-01   8.9167876E+03   1.6552608E+06   1.6619385E+06   0.0000000E+00   0.0000000E+00   0.0000000E+00   0.0000000E+00   0.0000000E+00
   8.3060327E-02   1.5925730E+06   1.5925730E+06   4.7018265E+01   4.5937498E-01   8.3269006E+03   1.5861690E+06   1.5925730E+06   0.0000000E+00   0.0000000E+00   0.0000000E+00   0.0000000E+00   0.0000000E+00
   8.6120013E-02   1.5227019E+06   1.5227019E+06   4.0982842E+01   4.0933812E-01   7.7600974E+03   1.5165744E+06   1.5227019E+06   0.0000000E+00   0.0000000E+00   0.0000000E+00   0.0000000E+00   0.0000000E+00
   8.9244514E-02   1.4530268E+06   1.4530268E+06   3.5926309E+01   3.6444625E-01   7.2192158E+03   1.4471757E+06   1.4530268E+06   0.0000000E+00   0.0000000E+00   0.0000000E+00   0.0000000E+00   0.0000000E+00
   9.2440197E-02   1.3845009E+06   1.3845009E+06   3.1940973E+01   3.2430627E-01   6.7125619E+03   1.3789222E+06   1.3845009E+06   0.0000000E+00   0.0000000E+00   0.0000000E+00   0.0000000E+00   0.0000000E+00
   9.5713169E-02   1.3182319E+06   1.3182319E+06   2.8779430E+01   2.8855879E-01   6.2424857E+03   1.3129171E+06   1.3182319E+06   0.0000000E+00   0.0000000E+00   0.0000000E+00   0.0000000E+00   0.0000000E+00
   9.9069340E-02   1.2553641E+06   1.2553641E+06   2.5933174E+01   2.5692308E-01   5.8060477E+03   1.2503000E+06   1.2553641E+06   0.0000000E+00   0.0000000E+00   0.0000000E+00   0.0000000E+00   0.0000000E+00
   1.0251448E-01   1.1969452E+06   1.1969452E+06   2.2382600E+01   2.2910013E-01   5.4117693E+03   1.1921143E+06   1.1969452E+06   0.0000000E+00   0.0000000E+00   0.0000000E+00   0.0000000E+00   0.0000000E+00
   1.0605427E-01   1.1437882E+06   1.1437882E+06   1.9876025E+01   2.0475676E-01   5.0800846E+03   1.1391696E+06   1.1437882E+06   0.0000000E+00   0.0000000E+00   0.0000000E+00   0.0000000E+00   0.0000000E+00
   1.0969431E-01   1.0963441E+06   1.0963441E+06   1.8128495E+01   1.8357323E-01   4.7650671E+03   1.0919151E+06   1.0963441E+06   0.0000000E+00   0.0000000E+00   0.0000000E+00   0.0000000E+00   0.0000000E+00
   1.1344018E-01   1.0546025E+06   1.0546025E+06   1.6197274E+01   1.6514510E-01   4.5093090E+03   1.0503403E+06   1.0546025E+06   0.0000000E+00   0.0000000E+00   0.0000000E+00   0.0000000E+00   0.0000000E+00
   1.1729745E-01   1.0180415E+06   1.0180415E+06   1.4299980E+01   1.4908800E-01   4.2663288E+03   1.0139255E+06   1.0180415E+06   0.0000000E+00   0.0000000E+00   0.0000000E+00   0.0000000E+00   0.0000000E+00
   1.2127170E-01   9.8564377E+05   9.8564377E+05   1.3477355E+01   1.3498700E-01   4.0601399E+03   9.8165720E+05   9.8564377E+05   0.0000000E+00   0.0000000E+00   0.0000000E+00   0.0000000E+00   0.0000000E+00
   1.2536853E-01   9.5599122E+05   9.5599122E+05   1.2299502E+01   1.2244642E-01   3.8784365E+03   9.5212322E+05   9.5599122E+05   0.0000000E+00   0.0000000E+00   0.0000000E+00   0.0000000E+00   0.0000000E+00
   1.2959357E-01   9.2743992E+05   9.2743992E+05   1.1143979E+01   1.1112364E-01   3.7043606E+03   9.2368619E+05   9.2743992E+05   0.0000000E+00   0.0000000E+00   0.0000000E+00   0.0000000E+00   0.0000000E+00
   1.3395252E-01   8.9836059E+05   8.9836059E+05   1.0082294E+01   1.0073005E-01   3.5319656E+03   8.9472341E+05   8.9836059E+05   0.0000000E+00   0.0000000E+00   0.0000000E+00   0.0000000E+00   0.0000000E+00
   1.3845112E-01   8.6741363E+05   8.6741363E+05   8.8531122E+00   9.1058544E-02   3.3596785E+03   8.6390071E+05   8.6741363E+05   0.0000000E+00   0.0000000E+00   0.0000000E+00   0.0000000E+00   0.0000000E+00
   1.4309515E-01   8.3381042E+05   8.3381042E+05   7.9835258E+00   8.1987315E-02   3.1921091E+03   8.3043265E+05   8.3381042E+05   0.0000000E+00   0.0000000E+00   0.0000000E+00   0.0000000E+00   0.0000000E+00
   1.4789048E-01   7.9750191E+05   7.9750191E+05   7.1779738E+00   7.3487872E-02   3.0072536E+03   7.9427038E+05   7.9750191E+05   0.0000000E+00   0.0000000E+00   0.0000000E+00   0.0000000E+00   0.0000000E+00
   1.5284306E-01   7.5923639E+05   7.5923639E+05   6.5057261E+00   6.5585754E-02   2.8293994E+03   7.5615915E+05   7.5923639E+05   0.0000000E+00   0.0000000E+00   0.0000000E+00   0.0000000E+00   0.0000000E+00
   1.5795890E-01   7.2044510E+05   7.2044510E+05   5.7843149E+00   5.8352100E-02   2.6545002E+03   7.1752440E+05   7.2044510E+05   0.0000000E+00   0.0000000E+00   0.0000000E+00   0.0000000E+00   0.0000000E+00
   1.6324408E-01   6.8294889E+05   6.8294889E+05   5.1294545E+00   5.1861400E-02   2.4880807E+03   6.8017959E+05   6.8294889E+05   0.0000000E+00   0.0000000E+00   0.0000000E+00   0.0000000E+00   0.0000000E+00
   1.6870481E-01   6.4852760E+05   6.4852760E+05   4.5819245E+00   4.6158143E-02   2.3353009E+03   6.4589733E+05   6.4852760E+05   0.0000000E+00   0.0000000E+00   0.0000000E+00   0.0000000E+00   0.0000000E+00
   1.7434736E-01   6.1844591E+05   6.1844591E+05   3.9749772E+00   4.1233225E-02   2.2026680E+03   6.1593715E+05   6.1844591E+05   0.0000000E+00   0.0000000E+00   0.0000000E+00   0.0000000E+00   0.0000000E+00
   1.8017813E-01   5.9306746E+05   5.9306746E+05   3.6352668E+00   3.7018765E-02   2.0943182E+03   5.9066121E+05   5.9306746E+05   0.0000000E+00   0.0000000E+00   0.0000000E+00   0.0000000E+00   0.0000000E+00
   1.8620363E-01   5.7169408E+05   5.7169408E+05   3.1945137E+00   3.3392735E-02   1.9988689E+03   5.6937414E+05   5.7169408E+05   0.0000000E+00   0.0000000E+00   0.0000000E+00   0.0000000E+00   0.0000000E+00
   1.9243051E-01   5.5272354E+05   5.5272354E+05   2.9090143E+00   3.0206515E-02   1.9148781E+03   5.5048022E+05   5.5272354E+05   0.0000000E+00   0.0000000E+00   0.0000000E+00   0.0000000E+00   0.0000000E+00
   1.9886560E-01   5.3412652E+05   5.3412652E+05   2.6460722E+00   2.7315067E-02   1.8356105E+03   5.3195835E+05   5.3412652E+05   0.0000000E+00   0.0000000E+00   0.0000000E+00   0.0000000E+00   0.0000000E+00
   2.0551588E-01   5.1412164E+05   5.1412164E+05   2.4328192E+00   2.4614701E-02   1.7523622E+03   5.1203436E+05   5.1412164E+05   0.0000000E+00   0.0000000E+00   0.0000000E+00   0.0000000E+00   0.0000000E+00
   2.1238855E-01   4.9182040E+05   4.9182040E+05   2.1265349E+00   2.2057374E-02   1.6626081E+03   4.8982340E+05   4.9182040E+05   0.0000000E+00   0.0000000E+00   0.0000000E+00   0.0000000E+00   0.0000000E+00
   2.1949105E-01   4.6757605E+05   4.6757605E+05   1.9370328E+00   1.9652744E-02   1.5692945E+03   4.6567724E+05   4.6757605E+05   0.0000000E+00   0.0000000E+00   0.0000000E+00   0.0000000E+00   0.0000000E+00
   2.2683112E-01   4.4284470E+05   4.4284470E+05   1.7207963E+00   1.7447273E-02   1.4763131E+03   4.4104611E+05   4.4284470E+05   0.0000000E+00   0.0000000E+00   0.0000000E+00   0.0000000E+00   0.0000000E+00
   2.3441680E-01   4.1955500E+05   4.1955500E+05   1.5070974E+00   1.5491081E-02   1.3891235E+03   4.1785081E+05   4.1955500E+05   0.0000000E+00   0.0000000E+00   0.0000000E+00   0.0000000E+00   0.0000000E+00
   2.4225653E-01   3.9922169E+05   3.9922169E+05   1.3421762E+00   1.3806527E-02   1.3144349E+03   3.9759991E+05   3.9922169E+05   0.0000000E+00   0.0000000E+00   0.0000000E+00   0.0000000E+00   0.0000000E+00
   2.5035917E-01   3.8221390E+05   3.8221390E+05   1.1918805E+00   1.2373519E-02   1.2504518E+03   3.8066105E+05   3.8221390E+05   0.0000000E+00   0.0000000E+00   0.0000000E+00   0.0000000E+00   0.0000000E+00
   2.5873412E-01   3.6757870E+05   3.6757870E+05   1.0806736E+00   1.1135299E-02   1.1958140E+03   3.6608517E+05   3.6757870E+05   0.0000000E+00   0.0000000E+00   0.0000000E+00   0.0000000E+00   0.0000000E+00
   2.6739135E-01   3.5357318E+05   3.5357318E+05   9.6607749E-01   1.0023708E-02   1.1444280E+03   3.5213643E+05   3.5357318E+05   0.0000000E+00   0.0000000E+00   0.0000000E+00   0.0000000E+00   0.0000000E+00
   2.7634151E-01   3.3866078E+05   3.3866078E+05   8.8022163E-01   8.9887972E-03   1.0908734E+03   3.3728451E+05   3.3866078E+05   0.0000000E+00   0.0000000E+00   0.0000000E+00   0.0000000E+00   0.0000000E+00
   2.8559606E-01   3.2240057E+05   3.2240057E+05   7.8141386E-01   8.0154956E-03   1.0337126E+03   3.2109028E+05   3.2240057E+05   0.0000000E+00   0.0000000E+00   0.0000000E+00   0.0000000E+00   0.0000000E+00
   2.9516734E-01   3.0564891E+05   3.0564891E+05   6.9462597E-01   7.1192955E-03   9.7567403E+02   3.0440661E+05   3.0564891E+05   0.0000000E+00   0.0000000E+00   0.0000000E+00   0.0000000E+00   0.0000000E+00
   3.0506877E-01   2.8989325E+05   2.8989325E+05   6.1628154E-01   6.3247281E-03   9.2116056E+02   2.8871490E+05   2.8989325E+05   0.0000000E+00   0.0000000E+00   0.0000000E+00   0.0000000E+00   0.0000000E+00
   3.1531496E-01   2.7614830E+05   2.7614830E+05   5.4991511E-01   5.6399422E-03   8.7421681E+02   2.7502574E+05   2.7614830E+05   0.0000000E+00   0.0000000E+00   0.0000000E+00   0.0000000E+00   0.0000000E+00
   3.2592193E-01   2.6422733E+05   2.6422733E+05   4.9207888E-01   5.0492426E-03   8.3327419E+02   2.6315317E+05   2.6422733E+05   0.0000000E+00   0.0000000E+00   0.0000000E+00   0.0000000E+00   0.0000000E+00
   3.3690731E-01   2.5298050E+05   2.5298050E+05   4.3755059E-01   4.5228632E-03   7.9492621E+02   2.5195201E+05   2.5298050E+05   0.0000000E+00   0.0000000E+00   0.0000000E+00   0.0000000E+00   0.0000000E+00
   3.4829060E-01   2.4132326E+05   2.4132326E+05   3.9344282E-01   4.0372320E-03   7.5572516E+02   2.4034210E+05   2.4132326E+05   0.0000000E+00   0.0000000E+00   0.0000000E+00   0.0000000E+00   0.0000000E+00
   3.6009347E-01   2.2915598E+05   2.2915598E+05   3.4788679E-01   3.5879450E-03   7.1535471E+02   2.2822424E+05   2.2915598E+05   0.0000000E+00   0.0000000E+00   0.0000000E+00   0.0000000E+00   0.0000000E+00
   3.7234015E-01   2.1731509E+05   2.1731509E+05   3.0975992E-01   3.1836098E-03   6.7639456E+02   2.1643145E+05   2.1731509E+05   0.0000000E+00   0.0000000E+00   0.0000000E+00   0.0000000E+00   0.0000000E+00
   3.8505782E-01   2.0661039E+05   2.0661039E+05   2.7554248E-01   2.8302895E-03   6.4118948E+02   2.0577024E+05   2.0661039E+05   0.0000000E+00   0.0000000E+00   0.0000000E+00   0.0000000E+00   0.0000000E+00
   3.9827713E-01   1.9696933E+05   1.9696933E+05   2.4413332E-01   2.5215640E-03   6.0974974E+02   1.9616835E+05   1.9696933E+05   0.0000000E+00   0.0000000E+00   0.0000000E+00   0.0000000E+00   0.0000000E+00
   4.1203287E-01   1.8763068E+05   1.8763068E+05   2.1769248E-01   2.2441069E-03   5.7936922E+02   1.8686764E+05   1.8763068E+05   0.0000000E+00   0.0000000E+00   0.0000000E+00   0.0000000E+00   0.0000000E+00
   4.2636471E-01   1.7812004E+05   1.7812004E+05   1.9330720E-01   1.9900172E-03   5.4860016E+02   1.7739565E+05   1.7812004E+05   0.0000000E+00   0.0000000E+00   0.0000000E+00   0.0000000E+00   0.0000000E+00
   4.4131817E-01   1.6875756E+05   1.6875756E+05   1.7069136E-01   1.7602339E-03   5.1856832E+02   1.6807123E+05   1.6875756E+05   0.0000000E+00   0.0000000E+00   0.0000000E+00   0.0000000E+00   0.0000000E+00
   4.5694578E-01   1.6005917E+05   1.6005917E+05   1.5112772E-01   1.5572732E-03   4.9085786E+02   1.5940818E+05   1.6005917E+05   0.0000000E+00   0.0000000E+00   0.0000000E+00   0.0000000E+00   0.0000000E+00
   4.7330859E-01   1.5195203E+05   1.5195203E+05   1.3362525E-01   1.3778559E-03   4.6504721E+02   1.5133399E+05   1.5195203E+05   0.0000000E+00   0.0000000E+00   0.0000000E+00   0.0000000E+00   0.0000000E+00
   4.9047803E-01   1.4398634E+05   1.4398634E+05   1.1806752E-01   1.2158402E-03   4.3979254E+02   1.4340069E+05   1.4398634E+05   0.0000000E+00   0.0000000E+00   0.0000000E+00   0.0000000E+00   0.0000000E+00
   5.0853826E-01   1.3610322E+05   1.3610322E+05   1.0378834E-01   1.0692729E-03   4.1493342E+02   1.3554961E+05   1.3610322E+05   0.0000000E+00   0.0000000E+00   0.0000000E+00   0.0000000E+00   0.0000000E+00
   5.2758923E-01   1.2859819E+05   1.2859819E+05   9.1108003E-02   9.3869349E-04   3.9140605E+02   1.2807510E+05   1.2859819E+05   0.0000000E+00   0.0000000E+00   0.0000000E+00   0.0000000E+00   0.0000000E+00
   5.4775059E-01   1.2146092E+05   1.2146092E+05   7.9781518E-02   8.2253110E-04   3.6905195E+02   1.2096685E+05   1.2146092E+05   0.0000000E+00   0.0000000E+00   0.0000000E+00   0.0000000E+00   0.0000000E+00
   5.6916665E-01   1.1445444E+05   1.1445444E+05   6.9619670E-02   7.1788515E-04   3.4721363E+02   1.1398886E+05   1.1445444E+05   0.0000000E+00   0.0000000E+00   0.0000000E+00   0.0000000E+00   0.0000000E+00
   5.9201292E-01   1.0762980E+05   1.0762980E+05   6.0526111E-02   6.2402426E-04   3.2601214E+02   1.0719197E+05   1.0762980E+05   0.0000000E+00   0.0000000E+00   0.0000000E+00   0.0000000E+00   0.0000000E+00
   6.1650438E-01   1.0106886E+05   1.0106886E+05   5.2406229E-02   5.4036631E-04   3.0569996E+02   1.0065770E+05   1.0106886E+05   0.0000000E+00   0.0000000E+00   0.0000000E+00   0.0000000E+00   0.0000000E+00
   6.4290606E-01   9.4647271E+04   9.4647271E+04   4.5128798E-02   4.6534161E-04   2.8589322E+02   9.4262235E+04   9.4647271E+04   0.0000000E+00   0.0000000E+00   0.0000000E+00   0.0000000E+00   0.0000000E+00
   6.7154599E-01   8.8377154E+04   8.8377154E+04   3.8626974E-02   3.9825601E-04   2.6659886E+02   8.8017617E+04   8.8377154E+04   0.0000000E+00   0.0000000E+00   0.0000000E+00   0.0000000E+00   0.0000000E+00
   7.0283040E-01   8.2263687E+04   8.2263687E+04   3.2823673E-02   3.3845907E-04   2.4783643E+02   8.1929014E+04   8.2263687E+04   0.0000000E+00   0.0000000E+00   0.0000000E+00   0.0000000E+00   0.0000000E+00
   7.3725936E-01   7.6261205E+04   7.6261205E+04   2.7654822E-02   2.8515075E-04   2.2947761E+02   7.5950947E+04   7.6261205E+04   0.0000000E+00   0.0000000E+00   0.0000000E+00   0.0000000E+00   0.0000000E+00
   7.7543845E-01   7.0384574E+04   7.0384574E+04   2.3071003E-02   2.3790765E-04   2.1154800E+02   7.0098218E+04   7.0384574E+04   0.0000000E+00   0.0000000E+00   0.0000000E+00   0.0000000E+00   0.0000000E+00
   8.1807707E-01   6.4620995E+04   6.4620995E+04   1.9031002E-02   1.9625839E-04   1.9400742E+02   6.4358084E+04   6.4620995E+04   0.0000000E+00   0.0000000E+00   0.0000000E+00   0.0000000E+00   0.0000000E+00
   8.6595759E-01   5.8990710E+04   5.8990710E+04   1.5504733E-02   1.5990138E-04   1.7691277E+02   5.8750701E+04   5.8990710E+04   0.0000000E+00   0.0000000E+00   0.0000000E+00   0.0000000E+00   0.0000000E+00
   9.1985808E-01   5.3526299E+04   5.3526299E+04   1.2467847E-02   1.2859137E-04   1.6036048E+02   5.3308519E+04   5.3526299E+04   0.0000000E+00   0.0000000E+00   0.0000000E+00   0.0000000E+00   0.0000000E+00
   9.8042875E-01   4.8281527E+04   4.8281527E+04   9.8994138E-03   1.0210413E-04   1.4451155E+02   4.8085083E+04   4.8281527E+04   0.0000000E+00   0.0000000E+00   0.0000000E+00   0.0000000E+00   0.0000000E+00
   1.0480686E+00   4.3322650E+04   4.3322650E+04   7.7730317E-03   8.0177559E-05   1.2955433E+02   4.3146381E+04   4.3322650E+04   0.0000000E+00   0.0000000E+00   0.0000000E+00   0.0000000E+00   0.0000000E+00
   1.1228921E+00   3.8711340E+04   3.8711340E+04   6.0507340E-03   6.2415531E-05   1.1567444E+02   3.8553831E+04   3.8711340E+04   0.0000000E+00   0.0000000E+00   0.0000000E+00   0.0000000E+00   0.0000000E+00
   1.2048370E+00   3.4489292E+04   3.4489292E+04   4.6897377E-03   4.8304136E-05   1.0298190E+02   3.4348960E+04   3.4489292E+04   0.0000000E+00   0.0000000E+00   0.0000000E+00   0.0000000E+00   0.0000000E+00
   1.2938459E+00   3.0669771E+04   3.0669771E+04   3.6113570E-03   3.7249171E-05   9.1521781E+01   3.0544978E+04   3.0669771E+04   0.0000000E+00   0.0000000E+00   0.0000000E+00   0.0000000E+00   0.0000000E+00
   1.3900018E+00   2.7240592E+04   2.7240592E+04   2.7787418E-03   2.8666384E-05   8.1244459E+01   2.7129751E+04   2.7240592E+04   0.0000000E+00   0.0000000E+00   0.0000000E+00   0.0000000E+00   0.0000000E+00
   1.4935659E+00   2.4175782E+04   2.4175782E+04   2.1358859E-03   2.2036647E-05   7.2068130E+01   2.4077411E+04   2.4175782E+04   0.0000000E+00   0.0000000E+00   0.0000000E+00   0.0000000E+00   0.0000000E+00
   1.6049511E+00   2.1443085E+04   2.1443085E+04   1.6405936E-03   1.6927988E-05   6.3894541E+01   2.1355834E+04   2.1443085E+04   0.0000000E+00   0.0000000E+00   0.0000000E+00   0.0000000E+00   0.0000000E+00
   1.7246796E+00   1.9009622E+04   1.9009622E+04   1.2594695E-03   1.2996308E-05   5.6623881E+01   1.8932271E+04   1.9009622E+04   0.0000000E+00   0.0000000E+00   0.0000000E+00   0.0000000E+00   0.0000000E+00
   1.8533509E+00   1.6844529E+04   1.6844529E+04   9.6642885E-04   9.9731596E-06   5.0159576E+01   1.6775988E+04   1.6844529E+04   0.0000000E+00   0.0000000E+00   0.0000000E+00   0.0000000E+00   0.0000000E+00
   1.9916246E+00   1.4919401E+04   1.4919401E+04   7.4124107E-04   7.6498899E-06   4.4415178E+01   1.4858693E+04   1.4919401E+04   0.0000000E+00   0.0000000E+00   0.0000000E+00   0.0000000E+00   0.0000000E+00
   2.1402153E+00   1.3208647E+04   1.3208647E+04   5.6826880E-04   5.8654714E-06   3.9311818E+01   1.3154900E+04   1.3208647E+04   0.0000000E+00   0.0000000E+00   0.0000000E+00   0.0000000E+00   0.0000000E+00
   2.2998921E+00   1.1689242E+04   1.1689242E+04   4.3532128E-04   4.4954272E-06   3.4783186E+01   1.1641678E+04   1.1689242E+04   0.0000000E+00   0.0000000E+00   0.0000000E+00   0.0000000E+00   0.0000000E+00
   2.4714820E+00   1.0340462E+04   1.0340462E+04   3.3365475E-04   3.4440237E-06   3.0764497E+01   1.0298386E+04   1.0340462E+04   0.0000000E+00   0.0000000E+00   0.0000000E+00   0.0000000E+00   0.0000000E+00
   2.6558740E+00   9.1437653E+03   9.1437653E+03   2.5550019E-04   2.6375937E-06   2.7199459E+01   9.1065584E+03   9.1437653E+03   0.0000000E+00   0.0000000E+00   0.0000000E+00   0.0000000E+00   0.0000000E+00
   2.8540229E+00   8.0825228E+03   8.0825228E+03   1.9556278E-04   2.0192590E-06   2.4039426E+01   8.0496342E+03   8.0825228E+03   0.0000000E+00   0.0000000E+00   0.0000000E+00   0.0000000E+00   0.0000000E+00
   3.0669554E+00   7.1418430E+03   7.1418430E+03   1.4963661E-04   1.5453370E-06   2.1239287E+01   7.1127820E+03   7.1418430E+03   0.0000000E+00   0.0000000E+00   0.0000000E+00   0.0000000E+00   0.0000000E+00
   3.2957743E+00   6.3084096E+03   6.3084096E+03   1.1445638E-04   1.1822541E-06   1.8758894E+01   6.2827399E+03   6.3084096E+03   0.0000000E+00   0.0000000E+00   0.0000000E+00   0.0000000E+00   0.0000000E+00
   3.5416648E+00   5.5703218E+03   5.5703218E+03   8.7514866E-05   9.0419044E-07   1.6562697E+01   5.5476554E+03   5.5703218E+03   0.0000000E+00   0.0000000E+00   0.0000000E+00   0.0000000E+00   0.0000000E+00
   3.8059008E+00   4.9169512E+03   4.9169512E+03   6.6900404E-05   6.9132977E-07   1.4618789E+01   4.8969435E+03   4.9169512E+03   0.0000000E+00   0.0000000E+00   0.0000000E+00   0.0000000E+00   0.0000000E+00
   4.0898507E+00   4.3388131E+03   4.3388131E+03   5.1119865E-05   5.2842216E-07   1.2899013E+01   4.3211579E+03   4.3388131E+03   0.0000000E+00   0.0000000E+00   0.0000000E+00   0.0000000E+00   0.0000000E+00
   4.3949856E+00   3.8274495E+03   3.8274495E+03   3.9050718E-05   4.0379487E-07   1.1378133E+01   3.8118751E+03   3.8274495E+03   0.0000000E+00   0.0000000E+00   0.0000000E+00   0.0000000E+00   0.0000000E+00
   4.7228860E+00   3.3753232E+03   3.3753232E+03   2.9809021E-05   3.0847935E-07   1.0033644E+01   3.3615885E+03   3.3753232E+03   0.0000000E+00   0.0000000E+00   0.0000000E+00   0.0000000E+00   0.0000000E+00
   5.0752502E+00   2.9757222E+03   2.9757222E+03   2.2767546E-05   2.3560704E-07   8.8454260E+00   2.9636135E+03   2.9757222E+03   0.0000000E+00   0.0000000E+00   0.0000000E+00   0.0000000E+00   0.0000000E+00
   5.4539036E+00   2.6226729E+03   2.6226729E+03   1.7376912E-05   1.7991092E-07   7.7956151E+00   2.6120008E+03   2.6226729E+03   0.0000000E+00   0.0000000E+00   0.0000000E+00   0.0000000E+00   0.0000000E+00
   5.8608075E+00   2.3108623E+03   2.3108623E+03   1.3257698E-05   1.3735187E-07   6.8685847E+00   2.3014590E+03   2.3108623E+03   0.0000000E+00   0.0000000E+00   0.0000000E+00   0.0000000E+00   0.0000000E+00
   6.2980697E+00   2.0355676E+03   2.0355676E+03   1.0113662E-05   1.0484109E-07   6.0501394E+00   2.0272845E+03   2.0355676E+03   0.0000000E+00   0.0000000E+00   0.0000000E+00   0.0000000E+00   0.0000000E+00
   6.7679550E+00   1.7925931E+03   1.7925931E+03   7.7125656E-06   8.0012953E-08   5.3277956E+00   1.7852987E+03   1.7925931E+03   0.0000000E+00   0.0000000E+00   0.0000000E+00   0.0000000E+00   0.0000000E+00
   7.2728974E+00   1.5782133E+03   1.5782133E+03   5.8800465E-06   6.1055457E-08   4.6905313E+00   1.5717913E+03   1.5782133E+03   0.0000000E+00   0.0000000E+00   0.0000000E+00   0.0000000E+00   0.0000000E+00
   7.8155125E+00   1.3891223E+03   1.3891223E+03   4.4821357E-06   4.6584091E-08   4.1284795E+00   1.3834697E+03   1.3891223E+03   0.0000000E+00   0.0000000E+00   0.0000000E+00   0.0000000E+00   0.0000000E+00
   8.3986109E+00   1.2223874E+03   1.2223874E+03   3.4170523E-06   3.5539852E-08   3.6328456E+00   1.2174133E+03   1.2223874E+03   0.0000000E+00   0.0000000E+00   0.0000000E+00   0.0000000E+00   0.0000000E+00
