#           k/h    CDM            baryon         photon         nu             mass_nu        total          no_nu          total_de       Weyl           v_CDM          v_b            v_b-v_c     
   1.0814176E-05   1.3992475E+07   1.3992475E+07   1.8651059E+07   1.3857873E+04   5.3988770E+06   1.3992539E+07   1.3992475E+07   0.0000000E+00   0.0000000E+00   0.0000000E+00   0.0000000E+00   0.0000000E+00
   1.1620998E-05   1.3992472E+07   1.3992472E+07   1.8650192E+07   1.3857462E+04   5.3988182E+06   1.3992536E+07   1.3992472E+07   0.0000000E+00   0.0000000E+00   0.0000000E+00   0.0000000E+00   0.0000000E+00
   1.2488016E-05   1.3992469E+07   1.3992469E+07   1.8649191E+07   1.3856988E+04   5.3987504E+06   1.3992532E+07   1.3992469E+07   0.0000000E+00   0.0000000E+00   0.0000000E+00   0.0000000E+00   0.0000000E+00
   1.3419719E-05   1.3992465E+07   1.3992465E+07   1.8648035E+07   1.3856440E+04   5.3986720E+06   1.3992528E+07   1.3992465E+07   0.0000000E+00   0.0000000E+00   0.0000000E+00   0.0000000E+00   0.0000000E+00
   1.4420935E-05   1.3992460E+07   1.3992460E+07   1.8646701E+07   1.3855807E+04   5.3985816E+06   1.3992523E+07   1.3992460E+07   0.0000000E+00   0.0000000E+00   0.0000000E+00   0.0000000E+00   0.0000000E+00
   1.5496850E-05   1.3992455E+07   1.3992455E+07   1.8645160E+07   1.3855076E+04   5.3984771E+06   1.3992518E+07   1.3992455E+07   0.0000000E+00   0.0000000E+00   0.0000000E+00   0.0000000E+00   0.0000000E+00
   1.6653037E-05   1.3992449E+07   1.3992449E+07   1.8643381E+07   1.3854233E+04   5.3983565E+06   1.3992512E+07   1.3992449E+07   0.0000000E+00   0.0000000E+00   0.0000000E+00   0.0000000E+00   0.0000000E+00
   1.7895483E-05   1.3992442E+07   1.3992442E+07   1.8641327E+07   1.3853258E+04   5.3982173E+06   1.3992504E+07   1.3992442E+07   0.0000000E+00   0.0000000E+00   0.0000000E+00   0.0000000E+00   0.0000000E+00
   1.9230627E-05   1.3992434E+07   1.3992434E+07   1.8638955E+07   1.3852133E+04   5.3980565E+06   1.3992496E+07   1.3992434E+07   0.0000000E+00   0.0000000E+00   0.0000000E+00   0.0000000E+00   0.0000000E+00
   2.0665382E-05   1.3992425E+07   1.3992425E+07   1.8636216E+07   1.3850835E+04   5.3978709E+06   1.3992486E+07   1.3992425E+07   0.0000000E+00   0.0000000E+00   0.0000000E+00   0.0000000E+00   0.0000000E+00
   2.2207181E-05   1.3992414E+07   1.3992414E+07   1.8633053E+07   1.3849335E+04   5.3976565E+06   1.3992475E+07   1.3992414E+07   0.0000000E+00   0.0000000E+00   0.0000000E+00   0.0000000E+00   0.0000000E+00
   2.3864011E-05   1.3992402E+07   1.3992402E+07   1.8629402E+07   1.3847603E+04   5.3974091E+06   1.3992462E+07   1.3992402E+07   0.0000000E+00   0.0000000E+00   0.0000000E+00   0.0000000E+00   0.0000000E+00
   2.5644453E-05   1.3992388E+07   1.3992388E+07   1.8625187E+07   1.3845604E+04   5.3971235E+06   1.3992447E+07   1.3992388E+07   0.0000000E+00   0.0000000E+00   0.0000000E+00   0.0000000E+00   0.0000000E+00
   2.7557730E-05   1.3992371E+07   1.3992371E+07   1.8620320E+07   1.3843295E+04   5.3967938E+06   1.3992429E+07   1.3992371E+07   0.0000000E+00   0.0000000E+00   0.0000000E+00   0.0000000E+00   0.0000000E+00
   2.9613752E-05   1.3992352E+07   1.3992352E+07   1.8614701E+07   1.3840630E+04   5.3964133E+06   1.3992409E+07   1.3992352E+07   0.0000000E+00   0.0000000E+00   0.0000000E+00   0.0000000E+00   0.0000000E+00
   3.1823170E-05   1.3992330E+07   1.3992330E+07   1.8608215E+07   1.3837553E+04   5.3959740E+06   1.3992386E+07   1.3992330E+07   0.0000000E+00   0.0000000E+00   0.0000000E+00   0.0000000E+00   0.0000000E+00
   3.4197427E-05   1.3992305E+07   1.3992305E+07   1.8600727E+07   1.3834001E+04   5.3954671E+06   1.3992359E+07   1.3992305E+07   0.0000000E+00   0.0000000E+00   0.0000000E+00   0.0000000E+00   0.0000000E+00
   3.6748823E-05   1.3992275E+07   1.3992275E+07   1.8592084E+07   1.3829900E+04   5.3948821E+06   1.3992328E+07   1.3992275E+07   0.0000000E+00   0.0000000E+00   0.0000000E+00   0.0000000E+00   0.0000000E+00
   3.9490573E-05   1.3992241E+07   1.3992241E+07   1.8582108E+07   1.3825166E+04   5.3942070E+06   1.3992292E+07   1.3992241E+07   0.0000000E+00   0.0000000E+00   0.0000000E+00   0.0000000E+00   0.0000000E+00
   4.2436879E-05   1.3992202E+07   1.3992202E+07   1.8570594E+07   1.3819702E+04   5.3934282E+06   1.3992251E+07   1.3992202E+07   0.0000000E+00   0.0000000E+00   0.0000000E+00   0.0000000E+00   0.0000000E+00
   4.5603002E-05   1.3992157E+07   1.3992157E+07   1.8557307E+07   1.3813395E+04   5.3925297E+06   1.3992204E+07   1.3992157E+07   0.0000000E+00   0.0000000E+00   0.0000000E+00   0.0000000E+00   0.0000000E+00
   4.9005343E-05   1.3992105E+07   1.3992105E+07   1.8541974E+07   1.3806116E+04   5.3914934E+06   1.3992149E+07   1.3992105E+07   0.0000000E+00   0.0000000E+00   0.0000000E+00   0.0000000E+00   0.0000000E+00
   5.2661525E-05   1.3992045E+07   1.3992045E+07   1.8524283E+07   1.3797715E+04   5.3902983E+06   1.3992085E+07   1.3992045E+07   0.0000000E+00   0.0000000E+00   0.0000000E+00   0.0000000E+00   0.0000000E+00
   5.6590487E-05   1.3991975E+07   1.3991975E+07   1.8503873E+07   1.3788022E+04   5.3889203E+06   1.3992012E+07   1.3991975E+07   0.0000000E+00   0.0000000E+00   0.0000000E+00   0.0000000E+00   0.0000000E+00
   6.0812581E-05   1.3991895E+07   1.3991895E+07   1.8480331E+07   1.3776838E+04   5.3873320E+06   1.3991927E+07   1.3991895E+07   0.0000000E+00   0.0000000E+00   0.0000000E+00   0.0000000E+00   0.0000000E+00
   6.5349675E-05   1.3991803E+07   1.3991803E+07   1.8453180E+07   1.3763936E+04   5.3855017E+06   1.3991829E+07   1.3991803E+07   0.0000000E+00   0.0000000E+00   0.0000000E+00   0.0000000E+00   0.0000000E+00
   7.0225273E-05   1.3991696E+07   1.3991696E+07   1.8421874E+07   1.3749054E+04   5.3833932E+06   1.3991717E+07   1.3991696E+07   0.0000000E+00   0.0000000E+00   0.0000000E+00   0.0000000E+00   0.0000000E+00
   7.5464628E-05   1.3991572E+07   1.3991572E+07   1.8385785E+07   1.3731891E+04   5.3809652E+06   1.3991587E+07   1.3991572E+07   0.0000000E+00   0.0000000E+00   0.0000000E+00   0.0000000E+00   0.0000000E+00
   8.1094880E-05   1.3991430E+07   1.3991430E+07   1.8344193E+07   1.3712102E+04   5.3781704E+06   1.3991436E+07   1.3991430E+07   0.0000000E+00   0.0000000E+00   0.0000000E+00   0.0000000E+00   0.0000000E+00
   8.7145193E-05   1.3991265E+07   1.3991265E+07   1.8296275E+07   1.3689290E+04   5.3749551E+06   1.3991263E+07   1.3991265E+07   0.0000000E+00   0.0000000E+00   0.0000000E+00   0.0000000E+00   0.0000000E+00
   9.3646906E-05   1.3991075E+07   1.3991075E+07   1.8241088E+07   1.3663002E+04   5.3712581E+06   1.3991062E+07   1.3991075E+07   0.0000000E+00   0.0000000E+00   0.0000000E+00   0.0000000E+00   0.0000000E+00
   1.0063370E-04   1.3990856E+07   1.3990856E+07   1.8177555E+07   1.3632716E+04   5.3670102E+06   1.3990831E+07   1.3990856E+07   0.0000000E+00   0.0000000E+00   0.0000000E+00   0.0000000E+00   0.0000000E+00
   1.0814176E-04   1.3990603E+07   1.3990603E+07   1.8104451E+07   1.3597838E+04   5.3621330E+06   1.3990565E+07   1.3990603E+07   0.0000000E+00   0.0000000E+00   0.0000000E+00   0.0000000E+00   0.0000000E+00
   1.1620998E-04   1.3990312E+07   1.3990312E+07   1.8020378E+07   1.3557688E+04   5.3565383E+06   1.3990257E+07   1.3990312E+07   0.0000000E+00   0.0000000E+00   0.0000000E+00   0.0000000E+00   0.0000000E+00
   1.2488016E-04   1.3989975E+07   1.3989975E+07   1.7923754E+07   1.3511492E+04   5.3501274E+06   1.3989902E+07   1.3989975E+07   0.0000000E+00   0.0000000E+00   0.0000000E+00   0.0000000E+00   0.0000000E+00
   1.3419719E-04   1.3989587E+07   1.3989587E+07   1.7812787E+07   1.3458369E+04   5.3427899E+06   1.3989492E+07   1.3989587E+07   0.0000000E+00   0.0000000E+00   0.0000000E+00   0.0000000E+00   0.0000000E+00
   1.4420935E-04   1.3989139E+07   1.3989139E+07   1.7685458E+07   1.3397322E+04   5.3344037E+06   1.3989020E+07   1.3989139E+07   0.0000000E+00   0.0000000E+00   0.0000000E+00   0.0000000E+00   0.0000000E+00
   1.5496850E-04   1.3988622E+07   1.3988622E+07   1.7539497E+07   1.3327220E+04   5.3248344E+06   1.3988475E+07   1.3988622E+07   0.0000000E+00   0.0000000E+00   0.0000000E+00   0.0000000E+00   0.0000000E+00
   1.6653037E-04   1.3988027E+07   1.3988027E+07   1.7372371E+07   1.3246791E+04   5.3139357E+06   1.3987847E+07   1.3988027E+07   0.0000000E+00   0.0000000E+00   0.0000000E+00   0.0000000E+00   0.0000000E+00
   1.7895483E-04   1.3987340E+07   1.3987340E+07   1.7181264E+07   1.3154606E+04   5.3015498E+06   1.3987123E+07   1.3987340E+07   0.0000000E+00   0.0000000E+00   0.0000000E+00   0.0000000E+00   0.0000000E+00
   1.9230627E-04   1.3986549E+07   1.3986549E+07   1.6963072E+07   1.3049070E+04   5.2875095E+06   1.3986288E+07   1.3986549E+07   0.0000000E+00   0.0000000E+00   0.0000000E+00   0.0000000E+00   0.0000000E+00
   2.0665382E-04   1.3985638E+07   1.3985638E+07   1.6714397E+07   1.2928412E+04   5.2716405E+06   1.3985327E+07   1.3985638E+07   0.0000000E+00   0.0000000E+00   0.0000000E+00   0.0000000E+00   0.0000000E+00
   2.2207181E-04   1.3984588E+07   1.3984588E+07   1.6431565E+07   1.2790678E+04   5.2537659E+06   1.3984220E+07   1.3984588E+07   0.0000000E+00   0.0000000E+00   0.0000000E+00   0.0000000E+00   0.0000000E+00
   2.3864011E-04   1.3983380E+07   1.3983380E+07   1.6110651E+07   1.2633737E+04   5.2337124E+06   1.3982945E+07   1.3983380E+07   0.0000000E+00   0.0000000E+00   0.0000000E+00   0.0000000E+00   0.0000000E+00
   2.5644453E-04   1.3981989E+07   1.3981989E+07   1.5747536E+07   1.2455280E+04   5.2113188E+06   1.3981479E+07   1.3981989E+07   0.0000000E+00   0.0000000E+00   0.0000000E+00   0.0000000E+00   0.0000000E+00
   2.7557730E-04   1.3980390E+07   1.3980390E+07   1.5337990E+07   1.2252846E+04   5.1864475E+06   1.3979792E+07   1.3980390E+07   0.0000000E+00   0.0000000E+00   0.0000000E+00   0.0000000E+00   0.0000000E+00
   2.9613752E-04   1.3978553E+07   1.3978553E+07   1.4877799E+07   1.2023854E+04   5.1589995E+06   1.3977854E+07   1.3978553E+07   0.0000000E+00   0.0000000E+00   0.0000000E+00   0.0000000E+00   0.0000000E+00
   3.1823170E-04   1.3976442E+07   1.3976442E+07   1.4362941E+07   1.1765653E+04   5.1289328E+06   1.3975628E+07   1.3976442E+07   0.0000000E+00   0.0000000E+00   0.0000000E+00   0.0000000E+00   0.0000000E+00
   3.4197427E-04   1.3974020E+07   1.3974020E+07   1.3789828E+07   1.1475604E+04   5.0962851E+06   1.3973073E+07   1.3974020E+07   0.0000000E+00   0.0000000E+00   0.0000000E+00   0.0000000E+00   0.0000000E+00
   3.6748823E-04   1.3971242E+07   1.3971242E+07   1.3155621E+07   1.1151187E+04   5.0611990E+06   1.3970143E+07   1.3971242E+07   0.0000000E+00   0.0000000E+00   0.0000000E+00   0.0000000E+00   0.0000000E+00
   3.9490573E-04   1.3968061E+07   1.3968061E+07   1.2458619E+07   1.0790147E+04   5.0239501E+06   1.3966788E+07   1.3968061E+07   0.0000000E+00   0.0000000E+00   0.0000000E+00   0.0000000E+00   0.0000000E+00
   4.2436879E-04   1.3964420E+07   1.3964420E+07   1.1698749E+07   1.0390681E+04   4.9849734E+06   1.3962948E+07   1.3964420E+07   0.0000000E+00   0.0000000E+00   0.0000000E+00   0.0000000E+00   0.0000000E+00
   4.5603002E-04   1.3960259E+07   1.3960259E+07   1.0878120E+07   9.9516775E+03   4.9448850E+06   1.3958560E+07   1.3960259E+07   0.0000000E+00   0.0000000E+00   0.0000000E+00   0.0000000E+00   0.0000000E+00
   4.9005343E-04   1.3955511E+07   1.3955511E+07   1.0001645E+07   9.4729900E+03   4.9044913E+06   1.3953553E+07   1.3955511E+07   0.0000000E+00   0.0000000E+00   0.0000000E+00   0.0000000E+00   0.0000000E+00
   5.2661525E-04   1.3950100E+07   1.3950100E+07   9.0776812E+06   8.9557644E+03   4.8647756E+06   1.3947847E+07   1.3950100E+07   0.0000000E+00   0.0000000E+00   0.0000000E+00   0.0000000E+00   0.0000000E+00
   5.6590487E-04   1.3943944E+07   1.3943944E+07   8.1185948E+06   8.4027819E+03   4.8268498E+06   1.3941356E+07   1.3943944E+07   0.0000000E+00   0.0000000E+00   0.0000000E+00   0.0000000E+00   0.0000000E+00
   6.0812581E-04   1.3936952E+07   1.3936952E+07   7.1411645E+06   7.8187978E+03   4.7918547E+06   1.3933986E+07   1.3936952E+07   0.0000000E+00   0.0000000E+00   0.0000000E+00   0.0000000E+00   0.0000000E+00
   6.5349675E-04   1.3929026E+07   1.3929026E+07   6.1666363E+06   7.2108268E+03   4.7607955E+06   1.3925632E+07   1.3929026E+07   0.0000000E+00   0.0000000E+00   0.0000000E+00   0.0000000E+00   0.0000000E+00
   7.0225273E-04   1.3920060E+07   1.3920060E+07   5.2202401E+06   6.5883023E+03   4.7343022E+06   1.3916185E+07   1.3920060E+07   0.0000000E+00   0.0000000E+00   0.0000000E+00   0.0000000E+00   0.0000000E+00
   7.5464628E-04   1.3909936E+07   1.3909936E+07   4.3299424E+06   5.9630209E+03   4.7123194E+06   1.3905523E+07   1.3909936E+07   0.0000000E+00   0.0000000E+00   0.0000000E+00   0.0000000E+00   0.0000000E+00
   8.1094880E-04   1.3898531E+07   1.3898531E+07   3.5242414E+06   5.3487653E+03   4.6937580E+06   1.3893517E+07   1.3898531E+07   0.0000000E+00   0.0000000E+00   0.0000000E+00   0.0000000E+00   0.0000000E+00
   8.7145193E-04   1.3885707E+07   1.3885707E+07   2.8289235E+06   4.7605037E+03   4.6761803E+06   1.3880027E+07   1.3885707E+07   0.0000000E+00   0.0000000E+00   0.0000000E+00   0.0000000E+00   0.0000000E+00
   9.3646906E-04   1.3871318E+07   1.3871318E+07   2.2629464E+06   4.2131029E+03   4.6556462E+06   1.3864903E+07   1.3871318E+07   0.0000000E+00   0.0000000E+00   0.0000000E+00   0.0000000E+00   0.0000000E+00
   1.0063370E-03   1.3855203E+07   1.3855203E+07   1.8339980E+06   3.7195781E+03   4.6268946E+06   1.3847982E+07   1.3855203E+07   0.0000000E+00   0.0000000E+00   0.0000000E+00   0.0000000E+00   0.0000000E+00
   1.0814176E-03   1.3837188E+07   1.3837188E+07   1.5347928E+06   3.2890581E+03   4.5840525E+06   1.3829090E+07   1.3837188E+07   0.0000000E+00   0.0000000E+00   0.0000000E+00   0.0000000E+00   0.0000000E+00
   1.1620998E-03   1.3817081E+07   1.3817081E+07   1.3416552E+06   2.9248501E+03   4.5219841E+06   1.3808037E+07   1.3817081E+07   0.0000000E+00   0.0000000E+00   0.0000000E+00   0.0000000E+00   0.0000000E+00
   1.2488016E-03   1.3794674E+07   1.3794674E+07   1.2171162E+06   2.6232035E+03   4.4381694E+06   1.3784618E+07   1.3794674E+07   0.0000000E+00   0.0000000E+00   0.0000000E+00   0.0000000E+00   0.0000000E+00
   1.3419719E-03   1.3769739E+07   1.3769739E+07   1.1176716E+06   2.3734897E+03   4.3345921E+06   1.3758612E+07   1.3769739E+07   0.0000000E+00   0.0000000E+00   0.0000000E+00   0.0000000E+00   0.0000000E+00
   1.4420935E-03   1.3742034E+07   1.3742034E+07   1.0060908E+06   2.1603598E+03   4.2186245E+06   1.3729786E+07   1.3742034E+07   0.0000000E+00   0.0000000E+00   0.0000000E+00   0.0000000E+00   0.0000000E+00
   1.5496850E-03   1.3711304E+07   1.3711304E+07   8.6473172E+05   1.9678666E+03   4.1016422E+06   1.3697893E+07   1.3711304E+07   0.0000000E+00   0.0000000E+00   0.0000000E+00   0.0000000E+00   0.0000000E+00
   1.6653037E-03   1.3677285E+07   1.3677285E+07   7.0326202E+05   1.7845079E+03   3.9946245E+06   1.3662683E+07   1.3677285E+07   0.0000000E+00   0.0000000E+00   0.0000000E+00   0.0000000E+00   0.0000000E+00
   1.7895483E-03   1.3639709E+07   1.3639709E+07   5.5354258E+05   1.6070292E+03   3.9018139E+06   1.3623902E+07   1.3639709E+07   0.0000000E+00   0.0000000E+00   0.0000000E+00   0.0000000E+00   0.0000000E+00
   1.9230627E-03   1.3598308E+07   1.3598308E+07   4.4939960E+05   1.4404412E+03   3.8162566E+06   1.3581291E+07   1.3598308E+07   0.0000000E+00   0.0000000E+00   0.0000000E+00   0.0000000E+00   0.0000000E+00
   2.0665382E-03   1.3552807E+07   1.3552807E+07   4.0037839E+05   1.2931181E+03   3.7225767E+06   1.3534585E+07   1.3552807E+07   0.0000000E+00   0.0000000E+00   0.0000000E+00   0.0000000E+00   0.0000000E+00
   2.2207181E-03   1.3502923E+07   1.3502923E+07   3.7997861E+05   1.1692527E+03   3.6089415E+06   1.3483507E+07   1.3502923E+07   0.0000000E+00   0.0000000E+00   0.0000000E+00   0.0000000E+00   0.0000000E+00
   2.3864011E-03   1.3448359E+07   1.3448359E+07   3.4588343E+05   1.0643661E+03   3.4804588E+06   1.3427762E+07   1.3448359E+07   0.0000000E+00   0.0000000E+00   0.0000000E+00   0.0000000E+00   0.0000000E+00
   2.5644453E-03   1.3388806E+07   1.3388806E+07   2.8184574E+05   9.6884638E+02   3.3577604E+06   1.3367036E+07   1.3388806E+07   0.0000000E+00   0.0000000E+00   0.0000000E+00   0.0000000E+00   0.0000000E+00
   2.7557730E-03   1.3323947E+07   1.3323947E+07   2.1638094E+05   8.7717630E+02   3.2539246E+06   1.3301009E+07   1.3323947E+07   0.0000000E+00   0.0000000E+00   0.0000000E+00   0.0000000E+00   0.0000000E+00
   2.9613752E-03   1.3253464E+07   1.3253464E+07   1.8417461E+05   7.9235179E+02   3.1540108E+06   1.3229356E+07   1.3253464E+07   0.0000000E+00   0.0000000E+00   0.0000000E+00   0.0000000E+00   0.0000000E+00
   3.1823170E-03   1.3177032E+07   1.3177032E+07   1.7359018E+05   7.1869836E+02   3.0344280E+06   1.3151749E+07   1.3177032E+07   0.0000000E+00   0.0000000E+00   0.0000000E+00   0.0000000E+00   0.0000000E+00
   3.4197427E-03   1.3094310E+07   1.3094310E+07   1.4816733E+05   6.5327644E+02   2.9035766E+06   1.3067848E+07   1.3094310E+07   0.0000000E+00   0.0000000E+00   0.0000000E+00   0.0000000E+00   0.0000000E+00
   3.6748823E-03   1.3004950E+07   1.3004950E+07   1.1596969E+05   5.9094468E+02   2.7860974E+06   1.2977310E+07   1.3004950E+07   0.0000000E+00   0.0000000E+00   0.0000000E+00   0.0000000E+00   0.0000000E+00
   3.9490573E-03   1.2908605E+07   1.2908605E+07   1.0576467E+05   5.3350810E+02   2.6675265E+06   1.2879792E+07   1.2908605E+07   0.0000000E+00   0.0000000E+00   0.0000000E+00   0.0000000E+00   0.0000000E+00
   4.2436879E-03   1.2804922E+07   1.2804922E+07   9.4530256E+04   4.8292901E+02   2.5306153E+06   1.2774953E+07   1.2804922E+07   0.0000000E+00   0.0000000E+00   0.0000000E+00   0.0000000E+00   0.0000000E+00
   4.5603002E-03   1.2693546E+07   1.2693546E+07   7.1200396E+04   4.3526736E+02   2.4061302E+06   1.2662446E+07   1.2693546E+07   0.0000000E+00   0.0000000E+00   0.0000000E+00   0.0000000E+00   0.0000000E+00
   4.9005343E-03   1.2574127E+07   1.2574127E+07   6.6279877E+04   3.9100043E+02   2.2851093E+06   1.2541940E+07   1.2574127E+07   0.0000000E+00   0.0000000E+00   0.0000000E+00   0.0000000E+00   0.0000000E+00
   5.2661525E-03   1.2446326E+07   1.2446326E+07   5.6586689E+04   3.5151442E+02   2.1508552E+06   1.2413116E+07   1.2446326E+07   0.0000000E+00   0.0000000E+00   0.0000000E+00   0.0000000E+00   0.0000000E+00
   5.6590487E-03   1.2309815E+07   1.2309815E+07   4.6022262E+04   3.1449563E+02   2.0341023E+06   1.2275655E+07   1.2309815E+07   0.0000000E+00   0.0000000E+00   0.0000000E+00   0.0000000E+00   0.0000000E+00
   6.0812581E-03   1.2164274E+07   1.2164274E+07   4.1438066E+04   2.8165734E+02   1.9065295E+06   1.2129226E+07   1.2164274E+07   0.0000000E+00   0.0000000E+00   0.0000000E+00   0.0000000E+00   0.0000000E+00
   6.5349675E-03   1.2009385E+07   1.2009385E+07   3.3241122E+04   2.5129314E+02   1.7903123E+06   1.1973502E+07   1.2009385E+07   0.0000000E+00   0.0000000E+00   0.0000000E+00   0.0000000E+00   0.0000000E+00
   7.0225273E-03   1.1844830E+07   1.1844830E+07   2.9929372E+04   2.2385969E+02   1.6645947E+06   1.1808183E+07   1.1844830E+07   0.0000000E+00   0.0000000E+00   0.0000000E+00   0.0000000E+00   0.0000000E+00
   7.5464628E-03   1.1670298E+07   1.1670298E+07   2.4829837E+04   1.9841989E+02   1.5540857E+06   1.1632992E+07   1.1670298E+07   0.0000000E+00   0.0000000E+00   0.0000000E+00   0.0000000E+00   0.0000000E+00
   8.1094880E-03   1.1485503E+07   1.1485503E+07   2.0277878E+04   1.7582377E+02   1.4391099E+06   1.1447644E+07   1.1485503E+07   0.0000000E+00   0.0000000E+00   0.0000000E+00   0.0000000E+00   0.0000000E+00
   8.7145193E-03   1.1290176E+07   1.1290176E+07   1.8651967E+04   1.5532412E+02   1.3301372E+06   1.1251856E+07   1.1290176E+07   0.0000000E+00   0.0000000E+00   0.0000000E+00   0.0000000E+00   0.0000000E+00
   9.3646906E-03   1.1084052E+07   1.1084052E+07   1.5403533E+04   1.3667618E+02   1.2282157E+06   1.1045373E+07   1.1084052E+07   0.0000000E+00   0.0000000E+00   0.0000000E+00   0.0000000E+00   0.0000000E+00
   1.0063370E-02   1.0866875E+07   1.0866875E+07   1.2265015E+04   1.2000795E+02   1.1269489E+06   1.0827954E+07   1.0866875E+07   0.0000000E+00   0.0000000E+00   0.0000000E+00   0.0000000E+00   0.0000000E+00
   1.0814176E-02   1.0638407E+07   1.0638407E+07   1.0395593E+04   1.0506479E+02   1.0301626E+06   1.0599360E+07   1.0638407E+07   0.0000000E+00   0.0000000E+00   0.0000000E+00   0.0000000E+00   0.0000000E+00
   1.1620998E-02   1.0398438E+07   1.0398438E+07   8.9729071E+03   9.1691627E+01   9.3828120E+05   1.0359381E+07   1.0398438E+07   0.0000000E+00   0.0000000E+00   0.0000000E+00   0.0000000E+00   0.0000000E+00
   1.2488016E-02   1.0146777E+07   1.0146777E+07   7.6868830E+03   7.9719521E+01   8.5244691E+05   1.0107836E+07   1.0146777E+07   0.0000000E+00   0.0000000E+00   0.0000000E+00   0.0000000E+00   0.0000000E+00
   1.3419719E-02   9.8832752E+06   9.8832752E+06   6.3760940E+03   6.9117870E+01   7.7165404E+05   9.8445746E+06   9.8832752E+06   0.0000000E+00   0.0000000E+00   0.0000000E+00   0.0000000E+00   0.0000000E+00
   1.4420935E-02   9.6078335E+06   9.6078335E+06   5.2673469E+03   5.9687051E+01   6.9576333E+05   9.5694935E+06   9.6078335E+06   0.0000000E+00   0.0000000E+00   0.0000000E+00   0.0000000E+00   0.0000000E+00
   1.5496850E-02   9.3204177E+06   9.3204177E+06   4.4522164E+03   5.1374379E+01   6.2554177E+05   9.2825679E+06   9.3204177E+06   0.0000000E+00   0.0000000E+00   0.0000000E+00   0.0000000E+00   0.0000000E+00
   1.6653037E-02   9.0210963E+06   9.0210963E+06   3.9088545E+03   4.4050680E+01   5.5930734E+05   8.9838585E+06   9.0210963E+06   0.0000000E+00   0.0000000E+00   0.0000000E+00   0.0000000E+00   0.0000000E+00
   1.7895483E-02   8.7100644E+06   8.7100644E+06   3.2102752E+03   3.7636264E+01   4.9753504E+05   8.6735622E+06   8.7100644E+06   0.0000000E+00   0.0000000E+00   0.0000000E+00   0.0000000E+00   0.0000000E+00
   1.9230627E-02   8.3876934E+06   8.3876934E+06   2.6161638E+03   3.2017777E+01   4.4161276E+05   8.3520445E+06   8.3876934E+06   0.0000000E+00   0.0000000E+00   0.0000000E+00   0.0000000E+00   0.0000000E+00
   2.0665382E-02   8.0545820E+06   8.0545820E+06   2.2277021E+03   2.7137128E+01   3.8948297E+05   8.0199019E+06   8.0545820E+06   0.0000000E+00   0.0000000E+00   0.0000000E+00   0.0000000E+00   0.0000000E+00
   2.2207179E-02   7.7116223E+06   7.7116223E+06   1.8629473E+03   2.2895047E+01   3.4275924E+05   7.6780189E+06   7.7116223E+06   0.0000000E+00   0.0000000E+00   0.0000000E+00   0.0000000E+00   0.0000000E+00
   2.3863998E-02   7.3600694E+06   7.3600694E+06   1.4920452E+03   1.9234239E+01   2.9998485E+05   7.3276417E+06   7.3600694E+06   0.0000000E+00   0.0000000E+00   0.0000000E+00   0.0000000E+00   0.0000000E+00
   2.5644381E-02   7.0016222E+06   7.0016222E+06   1.2237296E+03   1.6089276E+01   2.6128951E+05   6.9704589E+06   7.0016222E+06   0.0000000E+00   0.0000000E+00   0.0000000E+00   0.0000000E+00   0.0000000E+00
   2.7557390E-02   6.6385076E+06   6.6385076E+06   1.0319555E+03   1.3399067E+01   2.2660382E+05   6.6086842E+06   6.6385076E+06   0.0000000E+00   0.0000000E+00   0.0000000E+00   0.0000000E+00   0.0000000E+00
   2.9612358E-02   6.2735756E+06   6.2735756E+06   8.5305983E+02   1.1111002E+01   1.9537763E+05   6.2451503E+06   6.2735756E+06   0.0000000E+00   0.0000000E+00   0.0000000E+00   0.0000000E+00   0.0000000E+00
   3.1818135E-02   5.9104149E+06   5.9104149E+06   6.5931195E+02   9.1764142E+00   1.6827893E+05   5.8834258E+06   5.9104149E+06   0.0000000E+00   0.0000000E+00   0.0000000E+00   0.0000000E+00   0.0000000E+00
   3.4181326E-02   5.5534879E+06   5.5534879E+06   5.5439754E+02   7.5548974E+00   1.4407946E+05   5.5279482E+06   5.5534879E+06   0.0000000E+00   0.0000000E+00   0.0000000E+00   0.0000000E+00   0.0000000E+00
   3.6702922E-02   5.2082222E+06   5.2082222E+06   4.6433395E+02   6.2068777E+00   1.2341783E+05   5.1841161E+06   5.2082222E+06   0.0000000E+00   0.0000000E+00   0.0000000E+00   0.0000000E+00   0.0000000E+00
   3.9373436E-02   4.8808698E+06   4.8808698E+06   3.7908209E+02   5.1002980E+00   1.0568037E+05   4.8581482E+06   4.8808698E+06   0.0000000E+00   0.0000000E+00   0.0000000E+00   0.0000000E+00   0.0000000E+00
   4.2168550E-02   4.5778257E+06   4.5778257E+06   3.0549112E+02   4.2037197E+00   9.0672850E+04   4.5564053E+06   4.5778257E+06   0.0000000E+00   0.0000000E+00   0.0000000E+00   0.0000000E+00   0.0000000E+00
   4.5049559E-02   4.3042776E+06   4.3042776E+06   2.3909566E+02   3.4871741E+00   7.8314672E+04   4.2840463E+06   4.3042776E+06   0.0000000E+00   0.0000000E+00   0.0000000E+00   0.0000000E+00   0.0000000E+00
   4.7971678E-02   4.0626987E+06   4.0626987E+06   1.9823137E+02   2.9197904E+00   6.8330189E+04   4.0435280E+06   4.0626987E+06   0.0000000E+00   0.0000000E+00   0.0000000E+00   0.0000000E+00   0.0000000E+00
   5.0896534E-02   3.8521979E+06   3.8521979E+06   1.7630623E+02   2.4716531E+00   6.0070599E+04   3.8339589E+06   3.8521979E+06   0.0000000E+00   0.0000000E+00   0.0000000E+00   0.0000000E+00   0.0000000E+00
   5.3800529E-02   3.6691775E+06   3.6691775E+06   1.4996576E+02   2.1158356E+00   5.3255573E+04   3.6517542E+06   3.6691775E+06   0.0000000E+00   0.0000000E+00   0.0000000E+00   0.0000000E+00   0.0000000E+00
   5.6675290E-02   3.5086765E+06   3.5086765E+06   1.2656398E+02   1.8298567E+00   4.7698406E+04   3.4919733E+06   3.5086765E+06   0.0000000E+00   0.0000000E+00   0.0000000E+00   0.0000000E+00   0.0000000E+00
   5.9523274E-02   3.3655453E+06   3.3655453E+06   1.0883715E+02   1.5962468E+00   4.3036745E+04   3.3494880E+06   3.3655453E+06   0.0000000E+00   0.0000000E+00   0.0000000E+00   0.0000000E+00   0.0000000E+00
   6.2352845E-02   3.2351162E+06   3.2351162E+06   9.3723681E+01   1.4021425E+00   3.9073426E+04   3.2196509E+06   3.2351162E+06   0.0000000E+00   0.0000000E+00   0.0000000E+00   0.0000000E+00   0.0000000E+00
   6.5174794E-02   3.1134707E+06   3.1134707E+06   8.2426444E+01   1.2382013E+00   3.5660162E+04   3.0985611E+06   3.1134707E+06   0.0000000E+00   0.0000000E+00   0.0000000E+00   0.0000000E+00   0.0000000E+00
   6.8000387E-02   2.9974924E+06   2.9974924E+06   7.4746105E+01   1.0976339E+00   3.2640900E+04   2.9831158E+06   2.9974924E+06   0.0000000E+00   0.0000000E+00   0.0000000E+00   0.0000000E+00   0.0000000E+00
   7.0840449E-02   2.8848357E+06   2.8848357E+06   6.8405250E+01   9.7556913E-01   2.9900883E+04   2.8709799E+06   2.8848357E+06   0.0000000E+00   0.0000000E+00   0.0000000E+00   0.0000000E+00   0.0000000E+00
   7.3705020E-02   2.7738724E+06   2.7738724E+06   6.0610023E+01   8.6842206E-01   2.7396252E+04   2.7605324E+06   2.7738724E+06   0.0000000E+00   0.0000000E+00   0.0000000E+00   0.0000000E+00   0.0000000E+00
   7.6603298E-02   2.6636349E+06   2.6636349E+06   5.1212479E+01   7.7359905E-01   2.5150164E+04   2.6508101E+06   2.6636349E+06   0.0000000E+00   0.0000000E+00   0.0000000E+00   0.0000000E+00   0.0000000E+00
   7.9543700E-02   2.5537594E+06   2.5537594E+06   4.5190997E+01   6.8926435E-01   2.3150488E+04   2.5414504E+06   2.5537594E+06   0.0000000E+00   0.0000000E+00   0.0000000E+00   0.0000000E+00   0.0000000E+00
   8.2533974E-02   2.4444205E+06   2.4444205E+06   4.2942448E+01   6.1405500E-01   2.1244166E+04   2.4326267E+06   2.4444205E+06   0.0000000E+00   0.0000000E+00   0.0000000E+00   0.0000000E+00   0.0000000E+00
   8.5581318E-02   2.3362517E+06   2.3362517E+06   3.5970588E+01   5.4689560E-01   1.9474444E+04   2.3249693E+06   2.3362517E+06   0.0000000E+00   0.0000000E+00   0.0000000E+00   0.0000000E+00   0.0000000E+00
   8.8692481E-02   2.2302453E+06   2.2302453E+06   3.3138959E+01   4.8699759E-01   1.7925490E+04   2.2194656E+06   2.2302453E+06   0.0000000E+00   0.0000000E+00   0.0000000E+00   0.0000000E+00   0.0000000E+00
   9.1873864E-02   2.1276282E+06   2.1276282E+06   2.8584448E+01   4.3375028E-01   1.6437564E+04   2.1173363E+06   2.1276282E+06   0.0000000E+00   0.0000000E+00   0.0000000E+00   0.0000000E+00   0.0000000E+00
   9.5131598E-02   2.0297157E+06   2.0297157E+06   2.6259648E+01   3.8655889E-01   1.5134901E+04   2.0198900E+06   2.0297157E+06   0.0000000E+00   0.0000000E+00   0.0000000E+00   0.0000000E+00   0.0000000E+00
   9.8471612E-02   1.9377477E+06   1.9377477E+06   2.2501533E+01   3.4494737E-01   1.3943606E+04   1.9283606E+06   1.9377477E+06   0.0000000E+00   0.0000000E+00   0.0000000E+00   0.0000000E+00   0.0000000E+00
   1.0189969E-01   1.8527204E+06   1.8527204E+06   2.0265297E+01   3.0838417E-01   1.2865906E+04   1.8437394E+06   1.8527204E+06   0.0000000E+00   0.0000000E+00   0.0000000E+00   0.0000000E+00   0.0000000E+00
   1.0542150E-01   1.7752296E+06   1.7752296E+06   1.8390443E+01   2.7636883E-01   1.1919365E+04   1.7666188E+06   1.7752296E+06   0.0000000E+00   0.0000000E+00   0.0000000E+00   0.0000000E+00   0.0000000E+00
   1.0904265E-01   1.7053446E+06   1.7053446E+06   1.6361769E+01   2.4835205E-01   1.1084538E+04   1.6970681E+06   1.7053446E+06   0.0000000E+00   0.0000000E+00   0.0000000E+00   0.0000000E+00   0.0000000E+00
   1.1276873E-01   1.6425393E+06   1.6425393E+06   1.4395534E+01   2.2380105E-01   1.0353319E+04   1.6345632E+06   1.6425393E+06   0.0000000E+00   0.0000000E+00   0.0000000E+00   0.0000000E+00   0.0000000E+00
   1.1660529E-01   1.5856962E+06   1.5856962E+06   1.3396623E+01   2.0216821E-01   9.7087744E+03   1.5779922E+06   1.5856962E+06   0.0000000E+00   0.0000000E+00   0.0000000E+00   0.0000000E+00   0.0000000E+00
   1.2055791E-01   1.5332027E+06   1.5332027E+06   1.2360778E+01   1.8293722E-01   9.0913832E+03   1.5257502E+06   1.5332027E+06   0.0000000E+00   0.0000000E+00   0.0000000E+00   0.0000000E+00   0.0000000E+00
   1.2463216E-01   1.4831389E+06   1.4831389E+06   1.0906335E+01   1.6563836E-01   8.5612521E+03   1.4759264E+06   1.4831389E+06   0.0000000E+00   0.0000000E+00   0.0000000E+00   0.0000000E+00   0.0000000E+00
   1.2883369E-01   1.4335453E+06   1.4335453E+06   9.7518475E+00   1.4989073E-01   8.0331709E+03   1.4265711E+06   1.4335453E+06   0.0000000E+00   0.0000000E+00   0.0000000E+00   0.0000000E+00   0.0000000E+00
   1.3316815E-01   1.3827355E+06   1.3827355E+06   9.0460596E+00   1.3538782E-01   7.5407303E+03   1.3760057E+06   1.3827355E+06   0.0000000E+00   0.0000000E+00   0.0000000E+00   0.0000000E+00   0.0000000E+00
   1.3764127E-01   1.3296024E+06   1.3296024E+06   8.2485386E+00   1.2194108E-01   7.0645007E+03   1.3231287E+06   1.3296024E+06   0.0000000E+00   0.0000000E+00   0.0000000E+00   0.0000000E+00   0.0000000E+00
   1.4225884E-01   1.2738518E+06   1.2738518E+06   7.3670738E+00   1.0945524E-01   6.5928614E+03   1.2676474E+06   1.2738518E+06   0.0000000E+00   0.0000000E+00   0.0000000E+00   0.0000000E+00   0.0000000E+00
   1.4702670E-01   1.2160996E+06   1.2160996E+06   6.3053554E+00   9.7915463E-02   6.1430342E+03   1.2101744E+06   1.2160996E+06   0.0000000E+00   0.0000000E+00   0.0000000E+00   0.0000000E+00   0.0000000E+00
   1.5195077E-01   1.1577794E+06   1.1577794E+06   5.9132747E+00   8.7361576E-02   5.7129078E+03   1.1521365E+06   1.1577794E+06   0.0000000E+00   0.0000000E+00   0.0000000E+00   0.0000000E+00   0.0000000E+00
   1.5703705E-01   1.1008512E+06   1.1008512E+06   5.0539773E+00   7.7846734E-02   5.3101464E+03   1.0954842E+06   1.1008512E+06   0.0000000E+00   0.0000000E+00   0.0000000E+00   0.0000000E+00   0.0000000E+00
   1.6229161E-01   1.0473458E+06   1.0473458E+06   4.4672719E+00   6.9403160E-02   4.9373468E+03   1.0422382E+06   1.0473458E+06   0.0000000E+00   0.0000000E+00   0.0000000E+00   0.0000000E+00   0.0000000E+00
   1.6772063E-01   9.9884161E+05   9.9884161E+05   4.0200981E+00   6.2011346E-02   4.6091509E+03   9.9396922E+05   9.9884161E+05   0.0000000E+00   0.0000000E+00   0.0000000E+00   0.0000000E+00   0.0000000E+00
   1.7333035E-01   9.5601067E+05   9.5601067E+05   3.6445631E+00   5.5592716E-02   4.3209789E+03   9.5134602E+05   9.5601067E+05   0.0000000E+00   0.0000000E+00   0.0000000E+00   0.0000000E+00   0.0000000E+00
   1.7912716E-01   9.1838418E+05   9.1838418E+05   3.3523769E+00   5.0011578E-02   4.0655466E+03   9.1390205E+05   9.1838418E+05   0.0000000E+00   0.0000000E+00   0.0000000E+00   0.0000000E+00   0.0000000E+00
   1.8511754E-01   8.8444687E+05   8.8444687E+05   2.9678507E+00   4.5097167E-02   3.8446307E+03   8.8012939E+05   8.8444687E+05   0.0000000E+00   0.0000000E+00   0.0000000E+00   0.0000000E+00   0.0000000E+00
   1.9130812E-01   8.5207898E+05   8.5207898E+05   2.6519350E+00   4.0680894E-02   3.6354374E+03   8.4791862E+05   8.5207898E+05   0.0000000E+00   0.0000000E+00   0.0000000E+00   0.0000000E+00   0.0000000E+00
   1.9770567E-01   8.1923999E+05   8.1923999E+05   2.4295041E+00   3.6627976E-02   3.4334472E+03   8.1523917E+05   8.1923999E+05   0.0000000E+00   0.0000000E+00   0.0000000E+00   0.0000000E+00   0.0000000E+00
   2.0431716E-01   7.8467186E+05   7.8467186E+05   2.1658422E+00   3.2859851E-02   3.2295557E+03   7.8083912E+05   7.8467186E+05   0.0000000E+00   0.0000000E+00   0.0000000E+00   0.0000000E+00   0.0000000E+00
   2.1114974E-01   7.4834825E+05   7.4834825E+05   1.9258950E+00   2.9358435E-02   3.0322735E+03   7.4469228E+05   7.4834825E+05   0.0000000E+00   0.0000000E+00   0.0000000E+00   0.0000000E+00   0.0000000E+00
   2.1821082E-01   7.1145376E+05   7.1145376E+05   1.6900377E+00   2.6149994E-02   2.8370231E+03   7.0797745E+05   7.1145376E+05   0.0000000E+00   0.0000000E+00   0.0000000E+00   0.0000000E+00   0.0000000E+00
   2.2550806E-01   6.7585076E+05   6.7585076E+05   1.5114895E+00   2.3272943E-02   2.6558700E+03   6.7254789E+05   6.7585076E+05   0.0000000E+00   0.0000000E+00   0.0000000E+00   0.0000000E+00   0.0000000E+00
   2.3304947E-01   6.4322692E+05   6.4322692E+05   1.3784570E+00   2.0747703E-02   2.4904764E+03   6.4008301E+05   6.4322692E+05   0.0000000E+00   0.0000000E+00   0.0000000E+00   0.0000000E+00   0.0000000E+00
   2.4084340E-01   6.1430503E+05   6.1430503E+05   1.2201022E+00   1.8556646E-02   2.3472141E+03   6.1130206E+05   6.1430503E+05   0.0000000E+00   0.0000000E+00   0.0000000E+00   0.0000000E+00   0.0000000E+00
   2.4889865E-01   5.8851991E+05   5.8851991E+05   1.0880892E+00   1.6645863E-02   2.2190050E+03   5.8564261E+05   5.8851991E+05   0.0000000E+00   0.0000000E+00   0.0000000E+00   0.0000000E+00   0.0000000E+00
   2.5722452E-01   5.6436565E+05   5.6436565E+05   9.8540414E-01   1.4945841E-02   2.1017692E+03   5.6160609E+05   5.6436565E+05   0.0000000E+00   0.0000000E+00   0.0000000E+00   0.0000000E+00   0.0000000E+00
   2.6583089E-01   5.4025647E+05   5.4025647E+05   8.7012581E-01   1.3397254E-02   1.9873781E+03   5.3761449E+05   5.4025647E+05   0.0000000E+00   0.0000000E+00   0.0000000E+00   0.0000000E+00   0.0000000E+00
   2.7472829E-01   5.1541762E+05   5.1541762E+05   7.7887946E-01   1.1969960E-02   1.8743977E+03   5.1289682E+05   5.1541762E+05   0.0000000E+00   0.0000000E+00   0.0000000E+00   0.0000000E+00   0.0000000E+00
   2.8392804E-01   4.9025541E+05   4.9025541E+05   6.9664597E-01   1.0663659E-02   1.7642710E+03   4.8785743E+05   4.9025541E+05   0.0000000E+00   0.0000000E+00   0.0000000E+00   0.0000000E+00   0.0000000E+00
   2.9344235E-01   4.6595390E+05   4.6595390E+05   6.2573775E-01   9.4915688E-03   1.6593748E+03   4.6367456E+05   4.6595390E+05   0.0000000E+00   0.0000000E+00   0.0000000E+00   0.0000000E+00   0.0000000E+00
   3.0328445E-01   4.4356675E+05   4.4356675E+05   5.5770977E-01   8.4604725E-03   1.5642549E+03   4.4139672E+05   4.4356675E+05   0.0000000E+00   0.0000000E+00   0.0000000E+00   0.0000000E+00   0.0000000E+00
   3.1346876E-01   4.2326073E+05   4.2326073E+05   4.9181506E-01   7.5574484E-03   1.4788123E+03   4.2118986E+05   4.2326073E+05   0.0000000E+00   0.0000000E+00   0.0000000E+00   0.0000000E+00   0.0000000E+00
   3.2401107E-01   4.0428348E+05   4.0428348E+05   4.4294933E-01   6.7566572E-03   1.4000539E+03   4.0230529E+05   4.0428348E+05   0.0000000E+00   0.0000000E+00   0.0000000E+00   0.0000000E+00   0.0000000E+00
   3.3492874E-01   3.8566292E+05   3.8566292E+05   3.9584993E-01   6.0327989E-03   1.3242478E+03   3.8377570E+05   3.8566292E+05   0.0000000E+00   0.0000000E+00   0.0000000E+00   0.0000000E+00   0.0000000E+00
   3.4624098E-01   3.6702096E+05   3.6702096E+05   3.5217917E-01   5.3731557E-03   1.2504889E+03   3.6522483E+05   3.6702096E+05   0.0000000E+00   0.0000000E+00   0.0000000E+00   0.0000000E+00   0.0000000E+00
   3.5796912E-01   3.4877298E+05   3.4877298E+05   3.1351348E-01   4.7779057E-03   1.1792129E+03   3.4706604E+05   3.4877298E+05   0.0000000E+00   0.0000000E+00   0.0000000E+00   0.0000000E+00   0.0000000E+00
   3.7013695E-01   3.3156508E+05   3.3156508E+05   2.7757817E-01   4.2490913E-03   1.1126458E+03   3.2994225E+05   3.3156508E+05   0.0000000E+00   0.0000000E+00   0.0000000E+00   0.0000000E+00   0.0000000E+00
   3.8277118E-01   3.1556286E+05   3.1556286E+05   2.4674093E-01   3.7816222E-03   1.0519459E+03   3.1401825E+05   3.1556286E+05   0.0000000E+00   0.0000000E+00   0.0000000E+00   0.0000000E+00   0.0000000E+00
   3.9590191E-01   3.0034642E+05   3.0034642E+05   2.2039989E-01   3.3645872E-03   9.9472023E+02   2.9887621E+05   3.0034642E+05   0.0000000E+00   0.0000000E+00   0.0000000E+00   0.0000000E+00   0.0000000E+00
   4.0956327E-01   2.8546497E+05   2.8546497E+05   1.9569442E-01   2.9885959E-03   9.3971610E+02   2.8406753E+05   2.8546497E+05   0.0000000E+00   0.0000000E+00   0.0000000E+00   0.0000000E+00   0.0000000E+00
   4.2379414E-01   2.7092865E+05   2.7092865E+05   1.7351715E-01   2.6494336E-03   8.8669618E+02   2.6960231E+05   2.7092865E+05   0.0000000E+00   0.0000000E+00   0.0000000E+00   0.0000000E+00   0.0000000E+00
   4.3863909E-01   2.5704092E+05   2.5704092E+05   1.5326730E-01   2.3466221E-03   8.3641313E+02   2.5578250E+05   2.5704092E+05   0.0000000E+00   0.0000000E+00   0.0000000E+00   0.0000000E+00   0.0000000E+00
   4.5414954E-01   2.4388639E+05   2.4388639E+05   1.3568692E-01   2.0771977E-03   7.8946647E+02   2.4269232E+05   2.4388639E+05   0.0000000E+00   0.0000000E+00   0.0000000E+00   0.0000000E+00   0.0000000E+00
   4.7038516E-01   2.3123633E+05   2.3123633E+05   1.2006336E-01   1.8359290E-03   7.4473839E+02   2.3010414E+05   2.3123633E+05   0.0000000E+00   0.0000000E+00   0.0000000E+00   0.0000000E+00   0.0000000E+00
   4.8741571E-01   2.1893417E+05   2.1893417E+05   1.0574895E-01   1.6190791E-03   7.0174137E+02   2.1786217E+05   2.1893417E+05   0.0000000E+00   0.0000000E+00   0.0000000E+00   0.0000000E+00   0.0000000E+00
   5.0532330E-01   2.0706813E+05   2.0706813E+05   9.3062830E-02   1.4248048E-03   6.6068526E+02   2.0605420E+05   2.0706813E+05   0.0000000E+00   0.0000000E+00   0.0000000E+00   0.0000000E+00   0.0000000E+00
   5.2420535E-01   1.9569401E+05   1.9569401E+05   8.1712986E-02   1.2513883E-03   6.2166287E+02   1.9473573E+05   1.9569401E+05   0.0000000E+00   0.0000000E+00   0.0000000E+00   0.0000000E+00   0.0000000E+00
   5.4417831E-01   1.8470010E+05   1.8470010E+05   7.1616960E-02   1.0960167E-03   5.8432111E+02   1.8379563E+05   1.8470010E+05   0.0000000E+00   0.0000000E+00   0.0000000E+00   0.0000000E+00   0.0000000E+00
   5.6538253E-01   1.7402551E+05   1.7402551E+05   6.2475711E-02   9.5673000E-04   5.4836604E+02   1.7317329E+05   1.7402551E+05   0.0000000E+00   0.0000000E+00   0.0000000E+00   0.0000000E+00   0.0000000E+00
   5.8798847E-01   1.6369972E+05   1.6369972E+05   5.4342138E-02   8.3217456E-04   5.1387067E+02   1.6289803E+05   1.6369972E+05   0.0000000E+00   0.0000000E+00   0.0000000E+00   0.0000000E+00   0.0000000E+00
   6.1220475E-01   1.5368138E+05   1.5368138E+05   4.7055543E-02   7.2068278E-04   4.8067148E+02   1.5292873E+05   1.5368138E+05   0.0000000E+00   0.0000000E+00   0.0000000E+00   0.0000000E+00   0.0000000E+00
   6.3828835E-01   1.4392064E+05   1.4392064E+05   4.0540280E-02   6.2091354E-04   4.4859278E+02   1.4321578E+05   1.4392064E+05   0.0000000E+00   0.0000000E+00   0.0000000E+00   0.0000000E+00   0.0000000E+00
   6.6655720E-01   1.3441087E+05   1.3441087E+05   3.4721652E-02   5.3178481E-04   4.1754584E+02   1.3375256E+05   1.3441087E+05   0.0000000E+00   0.0000000E+00   0.0000000E+00   0.0000000E+00   0.0000000E+00
   6.9740515E-01   1.2511727E+05   1.2511727E+05   2.9522320E-02   4.5220947E-04   3.8741984E+02   1.2450446E+05   1.2511727E+05   0.0000000E+00   0.0000000E+00   0.0000000E+00   0.0000000E+00   0.0000000E+00
   7.3131764E-01   1.1602033E+05   1.1602033E+05   2.4896026E-02   3.8136834E-04   3.5813086E+02   1.1545207E+05   1.1602033E+05   0.0000000E+00   0.0000000E+00   0.0000000E+00   0.0000000E+00   0.0000000E+00
   7.6888441E-01   1.0710654E+05   1.0710654E+05   2.0791034E-02   3.1851069E-04   3.2964283E+02   1.0658192E+05   1.0710654E+05   0.0000000E+00   0.0000000E+00   0.0000000E+00   0.0000000E+00   0.0000000E+00
   8.1080045E-01   9.8374257E+04   9.8374257E+04   1.7171963E-02   2.6309155E-04   3.0190201E+02   9.7892399E+04   9.8374257E+04   0.0000000E+00   0.0000000E+00   0.0000000E+00   0.0000000E+00   0.0000000E+00
   8.5784039E-01   8.9841206E+04   8.9841206E+04   1.4009380E-02   2.1466013E-04   2.7494011E+02   8.9401135E+04   8.9841206E+04   0.0000000E+00   0.0000000E+00   0.0000000E+00   0.0000000E+00   0.0000000E+00
   9.1078854E-01   8.1553560E+04   8.1553560E+04   1.1281111E-02   1.7286821E-04   2.4892939E+02   8.1154075E+04   8.1553560E+04   0.0000000E+00   0.0000000E+00   0.0000000E+00   0.0000000E+00   0.0000000E+00
   9.7032045E-01   7.3588428E+04   7.3588428E+04   8.9677298E-03   1.3743796E-04   2.2406904E+02   7.3227953E+04   7.3588428E+04   0.0000000E+00   0.0000000E+00   0.0000000E+00   0.0000000E+00   0.0000000E+00
   1.0368748E+00   6.6045037E+04   6.6045037E+04   7.0534619E-03   1.0802821E-04   2.0063737E+02   6.5721507E+04   6.6045037E+04   0.0000000E+00   0.0000000E+00   0.0000000E+00   0.0000000E+00   0.0000000E+00
   1.1106023E+00   5.9018985E+04   5.9018985E+04   5.4907847E-03   8.4147966E-05   1.7892295E+02   5.8729869E+04   5.9018985E+04   0.0000000E+00   0.0000000E+00   0.0000000E+00   0.0000000E+00   0.0000000E+00
   1.1914549E+00   5.2576272E+04   5.2576272E+04   4.2496492E-03   6.5135658E-05   1.5909568E+02   5.2318713E+04   5.2576272E+04   0.0000000E+00   0.0000000E+00   0.0000000E+00   0.0000000E+00   0.0000000E+00
   1.2793644E+00   4.6742547E+04   4.6742547E+04   3.2765752E-03   5.0226489E-05   1.4120971E+02   4.6513563E+04   4.6742547E+04   0.0000000E+00   0.0000000E+00   0.0000000E+00   0.0000000E+00   0.0000000E+00
   1.3743896E+00   4.1504286E+04   4.1504286E+04   2.5208892E-03   3.8646021E-05   1.2520335E+02   4.1300961E+04   4.1504286E+04   0.0000000E+00   0.0000000E+00   0.0000000E+00   0.0000000E+00   0.0000000E+00
   1.4767671E+00   3.6822355E+04   3.6822355E+04   1.9371376E-03   2.9698731E-05   1.1094211E+02   3.6641964E+04   3.6822355E+04   0.0000000E+00   0.0000000E+00   0.0000000E+00   0.0000000E+00   0.0000000E+00
   1.5868908E+00   3.2649219E+04   3.2649219E+04   1.4869460E-03   2.2806318E-05   9.8260727E+01   3.2489270E+04   3.2649219E+04   0.0000000E+00   0.0000000E+00   0.0000000E+00   0.0000000E+00   0.0000000E+00
   1.7052692E+00   2.8934385E+04   2.8934385E+04   1.1417930E-03   1.7503594E-05   8.6998236E+01   2.8792635E+04   2.8934385E+04   0.0000000E+00   0.0000000E+00   0.0000000E+00   0.0000000E+00   0.0000000E+00
   1.8324915E+00   2.5630526E+04   2.5630526E+04   8.7572817E-04   1.3427513E-05   7.7001202E+01   2.5504960E+04   2.5630526E+04   0.0000000E+00   0.0000000E+00   0.0000000E+00   0.0000000E+00   0.0000000E+00
   1.9692088E+00   2.2694031E+04   2.2694031E+04   6.7140758E-04   1.0296364E-05   6.8128965E+01   2.2582851E+04   2.2694031E+04   0.0000000E+00   0.0000000E+00   0.0000000E+00   0.0000000E+00   0.0000000E+00
   2.1161271E+00   2.0085596E+04   2.0085596E+04   5.1465222E-04   7.8920410E-06   6.0260525E+01   1.9987194E+04   2.0085596E+04   0.0000000E+00   0.0000000E+00   0.0000000E+00   0.0000000E+00   0.0000000E+00
   2.2740067E+00   1.7769733E+04   1.7769733E+04   3.9424294E-04   6.0467323E-06   5.3283673E+01   1.7682677E+04   1.7769733E+04   0.0000000E+00   0.0000000E+00   0.0000000E+00   0.0000000E+00   0.0000000E+00
   2.4436654E+00   1.5714755E+04   1.5714755E+04   3.0190540E-04   4.6311334E-06   4.7099785E+01   1.5637766E+04   1.5714755E+04   0.0000000E+00   0.0000000E+00   0.0000000E+00   0.0000000E+00   0.0000000E+00
   2.6259820E+00   1.3892130E+04   1.3892130E+04   2.3111058E-04   3.5456133E-06   4.1620739E+01   1.3824070E+04   1.3892130E+04   0.0000000E+00   0.0000000E+00   0.0000000E+00   0.0000000E+00   0.0000000E+00
   2.8219008E+00   1.2276366E+04   1.2276366E+04   1.7685331E-04   2.7135785E-06   3.6766780E+01   1.2216222E+04   1.2276366E+04   0.0000000E+00   0.0000000E+00   0.0000000E+00   0.0000000E+00   0.0000000E+00
   3.0324366E+00   1.0844653E+04   1.0844653E+04   1.3530129E-04   2.0760954E-06   3.2468900E+01   1.0791523E+04   1.0844653E+04   0.0000000E+00   0.0000000E+00   0.0000000E+00   0.0000000E+00   0.0000000E+00
   3.2586802E+00   9.5765904E+03   9.5765904E+03   1.0340230E-04   1.5878567E-06   2.8664399E+01   9.5296727E+03   9.5765904E+03   0.0000000E+00   0.0000000E+00   0.0000000E+00   0.0000000E+00   0.0000000E+00
   3.5018032E+00   8.4539559E+03   8.4539559E+03   7.9089633E-05   1.2140571E-06   2.5298388E+01   8.4125382E+03   8.4539559E+03   0.0000000E+00   0.0000000E+00   0.0000000E+00   0.0000000E+00   0.0000000E+00
   3.7630651E+00   7.4604868E+03   7.4604868E+03   6.0439694E-05   9.2797031E-07   2.2321137E+01   7.4239362E+03   7.4604868E+03   0.0000000E+00   0.0000000E+00   0.0000000E+00   0.0000000E+00   0.0000000E+00
   4.0438193E+00   6.5816775E+03   6.5816775E+03   4.6174809E-05   7.0909686E-07   1.9688382E+01   6.5494324E+03   6.5816775E+03   0.0000000E+00   0.0000000E+00   0.0000000E+00   0.0000000E+00   0.0000000E+00
   4.3455198E+00   5.8045993E+03   5.8045993E+03   3.5263697E-05   5.4170167E-07   1.7361149E+01   5.7761612E+03   5.8045993E+03   0.0000000E+00   0.0000000E+00   0.0000000E+00   0.0000000E+00   0.0000000E+00
   4.6697296E+00   5.1177364E+03   5.1177364E+03   2.6918086E-05   4.1371572E-07   1.5304663E+01   5.0926634E+03   5.1177364E+03   0.0000000E+00   0.0000000E+00   0.0000000E+00   0.0000000E+00   0.0000000E+00
   5.0181280E+00   4.5108382E+03   4.5108382E+03   2.0552339E-05   3.1589098E-07   1.3488295E+01   4.4887385E+03   4.5108382E+03   0.0000000E+00   0.0000000E+00   0.0000000E+00   0.0000000E+00   0.0000000E+00
   5.3925197E+00   3.9747863E+03   3.9747863E+03   1.5681342E-05   2.4114372E-07   1.1884134E+01   3.9553129E+03   3.9747863E+03   0.0000000E+00   0.0000000E+00   0.0000000E+00   0.0000000E+00   0.0000000E+00
   5.7948438E+00   3.5014740E+03   3.5014740E+03   1.1961849E-05   1.8404348E-07   1.0468132E+01   3.4843195E+03   3.5014740E+03   0.0000000E+00   0.0000000E+00   0.0000000E+00   0.0000000E+00   0.0000000E+00
   6.2271846E+00   3.0836982E+03   3.0836982E+03   9.1222907E-06   1.4043777E-07   9.2183041E+00   3.0685904E+03   3.0836982E+03   0.0000000E+00   0.0000000E+00   0.0000000E+00   0.0000000E+00   0.0000000E+00
   6.6917813E+00   2.7150623E+03   2.7150623E+03   6.9560351E-06   1.0714393E-07   8.1158287E+00   2.7017605E+03   2.7150623E+03   0.0000000E+00   0.0000000E+00   0.0000000E+00   0.0000000E+00   0.0000000E+00
   7.1910405E+00   2.3898888E+03   2.3898888E+03   5.3027131E-06   8.1730849E-08   7.1433865E+00   2.3781801E+03   2.3898888E+03   0.0000000E+00   0.0000000E+00   0.0000000E+00   0.0000000E+00   0.0000000E+00
   7.7275485E+00   2.1031412E+03   2.1031412E+03   4.0402011E-06   6.2336788E-08   6.2859775E+00   2.0928374E+03   2.1031412E+03   0.0000000E+00   0.0000000E+00   0.0000000E+00   0.0000000E+00   0.0000000E+00
   8.3040841E+00   1.8503539E+03   1.8503539E+03   3.0785799E-06   4.7539711E-08   5.5301983E+00   1.8412885E+03   1.8503539E+03   0.0000000E+00   0.0000000E+00   0.0000000E+00   0.0000000E+00   0.0000000E+00
