#           k/h    CDM            baryon         photon         nu             mass_nu        total          no_nu          total_de       Weyl           v_CDM          v_b            v_b-v_c     
   9.7460994E-06   1.6993772E+07   1.6993772E+07   2.2651550E+07   2.2913982E+04   6.1576344E+06   1.6993880E+07   1.6993772E+07   0.0000000E+00   0.0000000E+00   0.0000000E+00   0.0000000E+00   0.0000000E+00
   1.0473235E-05   1.6993767E+07   1.6993767E+07   2.2650490E+07   2.2913300E+04   6.1575577E+06   1.6993875E+07   1.6993767E+07   0.0000000E+00   0.0000000E+00   0.0000000E+00   0.0000000E+00   0.0000000E+00
   1.1254620E-05   1.6993762E+07   1.6993762E+07   2.2649265E+07   2.2912512E+04   6.1574691E+06   1.6993870E+07   1.6993762E+07   0.0000000E+00   0.0000000E+00   0.0000000E+00   0.0000000E+00   0.0000000E+00
   1.2094303E-05   1.6993756E+07   1.6993756E+07   2.2647852E+07   2.2911602E+04   6.1573668E+06   1.6993863E+07   1.6993756E+07   0.0000000E+00   0.0000000E+00   0.0000000E+00   0.0000000E+00   0.0000000E+00
   1.2996632E-05   1.6993749E+07   1.6993749E+07   2.2646219E+07   2.2910552E+04   6.1572487E+06   1.6993856E+07   1.6993749E+07   0.0000000E+00   0.0000000E+00   0.0000000E+00   0.0000000E+00   0.0000000E+00
   1.3966283E-05   1.6993741E+07   1.6993741E+07   2.2644334E+07   2.2909339E+04   6.1571124E+06   1.6993847E+07   1.6993741E+07   0.0000000E+00   0.0000000E+00   0.0000000E+00   0.0000000E+00   0.0000000E+00
   1.5008277E-05   1.6993732E+07   1.6993732E+07   2.2642157E+07   2.2907938E+04   6.1569549E+06   1.6993837E+07   1.6993732E+07   0.0000000E+00   0.0000000E+00   0.0000000E+00   0.0000000E+00   0.0000000E+00
   1.6128012E-05   1.6993721E+07   1.6993721E+07   2.2639644E+07   2.2906320E+04   6.1567731E+06   1.6993826E+07   1.6993721E+07   0.0000000E+00   0.0000000E+00   0.0000000E+00   0.0000000E+00   0.0000000E+00
   1.7331288E-05   1.6993708E+07   1.6993708E+07   2.2636742E+07   2.2904453E+04   6.1565632E+06   1.6993813E+07   1.6993708E+07   0.0000000E+00   0.0000000E+00   0.0000000E+00   0.0000000E+00   0.0000000E+00
   1.8624338E-05   1.6993694E+07   1.6993694E+07   2.2633391E+07   2.2902296E+04   6.1563209E+06   1.6993798E+07   1.6993694E+07   0.0000000E+00   0.0000000E+00   0.0000000E+00   0.0000000E+00   0.0000000E+00
   2.0013859E-05   1.6993677E+07   1.6993677E+07   2.2629522E+07   2.2899806E+04   6.1560411E+06   1.6993780E+07   1.6993677E+07   0.0000000E+00   0.0000000E+00   0.0000000E+00   0.0000000E+00   0.0000000E+00
   2.1507050E-05   1.6993658E+07   1.6993658E+07   2.2625055E+07   2.2896931E+04   6.1557181E+06   1.6993760E+07   1.6993658E+07   0.0000000E+00   0.0000000E+00   0.0000000E+00   0.0000000E+00   0.0000000E+00
   2.3111644E-05   1.6993636E+07   1.6993636E+07   2.2619898E+07   2.2893612E+04   6.1553453E+06   1.6993736E+07   1.6993636E+07   0.0000000E+00   0.0000000E+00   0.0000000E+00   0.0000000E+00   0.0000000E+00
   2.4835954E-05   1.6993611E+07   1.6993611E+07   2.2613944E+07   2.2889779E+04   6.1549148E+06   1.6993709E+07   1.6993611E+07   0.0000000E+00   0.0000000E+00   0.0000000E+00   0.0000000E+00   0.0000000E+00
   2.6688910E-05   1.6993581E+07   1.6993581E+07   2.2607070E+07   2.2885354E+04   6.1544180E+06   1.6993678E+07   1.6993581E+07   0.0000000E+00   0.0000000E+00   0.0000000E+00   0.0000000E+00   0.0000000E+00
   2.8680112E-05   1.6993547E+07   1.6993547E+07   2.2599134E+07   2.2880246E+04   6.1538446E+06   1.6993642E+07   1.6993547E+07   0.0000000E+00   0.0000000E+00   0.0000000E+00   0.0000000E+00   0.0000000E+00
   3.0819873E-05   1.6993508E+07   1.6993508E+07   2.2589974E+07   2.2874348E+04   6.1531827E+06   1.6993601E+07   1.6993508E+07   0.0000000E+00   0.0000000E+00   0.0000000E+00   0.0000000E+00   0.0000000E+00
   3.3119276E-05   1.6993462E+07   1.6993462E+07   2.2579400E+07   2.2867539E+04   6.1524190E+06   1.6993553E+07   1.6993462E+07   0.0000000E+00   0.0000000E+00   0.0000000E+00   0.0000000E+00   0.0000000E+00
   3.5590234E-05   1.6993410E+07   1.6993410E+07   2.2567196E+07   2.2859680E+04   6.1515377E+06   1.6993497E+07   1.6993410E+07   0.0000000E+00   0.0000000E+00   0.0000000E+00   0.0000000E+00   0.0000000E+00
   3.8245544E-05   1.6993350E+07   1.6993350E+07   2.2553110E+07   2.2850608E+04   6.1505208E+06   1.6993433E+07   1.6993350E+07   0.0000000E+00   0.0000000E+00   0.0000000E+00   0.0000000E+00   0.0000000E+00
   4.1098961E-05   1.6993280E+07   1.6993280E+07   2.2536854E+07   2.2840137E+04   6.1493477E+06   1.6993359E+07   1.6993280E+07   0.0000000E+00   0.0000000E+00   0.0000000E+00   0.0000000E+00   0.0000000E+00
   4.4165265E-05   1.6993199E+07   1.6993199E+07   2.2518096E+07   2.2828052E+04   6.1479947E+06   1.6993274E+07   1.6993199E+07   0.0000000E+00   0.0000000E+00   0.0000000E+00   0.0000000E+00   0.0000000E+00
   4.7460339E-05   1.6993106E+07   1.6993106E+07   2.2496452E+07   2.2814105E+04   6.1464343E+06   1.6993175E+07   1.6993106E+07   0.0000000E+00   0.0000000E+00   0.0000000E+00   0.0000000E+00   0.0000000E+00
   5.1001252E-05   1.6992998E+07   1.6992998E+07   2.2471484E+07   2.2798012E+04   6.1446352E+06   1.6993061E+07   1.6992998E+07   0.0000000E+00   0.0000000E+00   0.0000000E+00   0.0000000E+00   0.0000000E+00
   5.4806345E-05   1.6992874E+07   1.6992874E+07   2.2442683E+07   2.2779444E+04   6.1425614E+06   1.6992930E+07   1.6992874E+07   0.0000000E+00   0.0000000E+00   0.0000000E+00   0.0000000E+00   0.0000000E+00
   5.8895327E-05   1.6992731E+07   1.6992731E+07   2.2409468E+07   2.2758023E+04   6.1401715E+06   1.6992778E+07   1.6992731E+07   0.0000000E+00   0.0000000E+00   0.0000000E+00   0.0000000E+00   0.0000000E+00
   6.3289380E-05   1.6992565E+07   1.6992565E+07   2.2371170E+07   2.2733315E+04   6.1374183E+06   1.6992603E+07   1.6992565E+07   0.0000000E+00   0.0000000E+00   0.0000000E+00   0.0000000E+00   0.0000000E+00
   6.8011263E-05   1.6992374E+07   1.6992374E+07   2.2327021E+07   2.2704822E+04   6.1342477E+06   1.6992401E+07   1.6992374E+07   0.0000000E+00   0.0000000E+00   0.0000000E+00   0.0000000E+00   0.0000000E+00
   7.3085435E-05   1.6992154E+07   1.6992154E+07   2.2276141E+07   2.2671968E+04   6.1305981E+06   1.6992167E+07   1.6992154E+07   0.0000000E+00   0.0000000E+00   0.0000000E+00   0.0000000E+00   0.0000000E+00
   7.8538181E-05   1.6991899E+07   1.6991899E+07   2.2217523E+07   2.2634097E+04   6.1263991E+06   1.6991898E+07   1.6991899E+07   0.0000000E+00   0.0000000E+00   0.0000000E+00   0.0000000E+00   0.0000000E+00
   8.4397744E-05   1.6991606E+07   1.6991606E+07   2.2150014E+07   2.2590454E+04   6.1215708E+06   1.6991587E+07   1.6991606E+07   0.0000000E+00   0.0000000E+00   0.0000000E+00   0.0000000E+00   0.0000000E+00
   9.0694476E-05   1.6991267E+07   1.6991267E+07   2.2072297E+07   2.2540175E+04   6.1160225E+06   1.6991228E+07   1.6991267E+07   0.0000000E+00   0.0000000E+00   0.0000000E+00   0.0000000E+00   0.0000000E+00
   9.7460994E-05   1.6990875E+07   1.6990875E+07   2.1982873E+07   2.2482272E+04   6.1096519E+06   1.6990814E+07   1.6990875E+07   0.0000000E+00   0.0000000E+00   0.0000000E+00   0.0000000E+00   0.0000000E+00
   1.0473235E-04   1.6990424E+07   1.6990424E+07   2.1880035E+07   2.2415619E+04   6.1023436E+06   1.6990336E+07   1.6990424E+07   0.0000000E+00   0.0000000E+00   0.0000000E+00   0.0000000E+00   0.0000000E+00
   1.1254620E-04   1.6989903E+07   1.6989903E+07   2.1761848E+07   2.2338930E+04   6.0939680E+06   1.6989785E+07   1.6989903E+07   0.0000000E+00   0.0000000E+00   0.0000000E+00   0.0000000E+00   0.0000000E+00
   1.2094303E-04   1.6989302E+07   1.6989302E+07   2.1626121E+07   2.2250745E+04   6.0843808E+06   1.6989149E+07   1.6989302E+07   0.0000000E+00   0.0000000E+00   0.0000000E+00   0.0000000E+00   0.0000000E+00
   1.2996632E-04   1.6988610E+07   1.6988610E+07   2.1470386E+07   2.2149406E+04   6.0734219E+06   1.6988416E+07   1.6988610E+07   0.0000000E+00   0.0000000E+00   0.0000000E+00   0.0000000E+00   0.0000000E+00
   1.3966283E-04   1.6987811E+07   1.6987811E+07   2.1291873E+07   2.2033039E+04   6.0609150E+06   1.6987570E+07   1.6987811E+07   0.0000000E+00   0.0000000E+00   0.0000000E+00   0.0000000E+00   0.0000000E+00
   1.5008277E-04   1.6986889E+07   1.6986889E+07   2.1087483E+07   2.1899533E+04   6.0466678E+06   1.6986595E+07   1.6986889E+07   0.0000000E+00   0.0000000E+00   0.0000000E+00   0.0000000E+00   0.0000000E+00
   1.6128012E-04   1.6985828E+07   1.6985828E+07   2.0853780E+07   2.1746518E+04   6.0304730E+06   1.6985471E+07   1.6985828E+07   0.0000000E+00   0.0000000E+00   0.0000000E+00   0.0000000E+00   0.0000000E+00
   1.7331288E-04   1.6984604E+07   1.6984604E+07   2.0586972E+07   2.1571348E+04   6.0121104E+06   1.6984176E+07   1.6984604E+07   0.0000000E+00   0.0000000E+00   0.0000000E+00   0.0000000E+00   0.0000000E+00
   1.8624338E-04   1.6983195E+07   1.6983195E+07   2.0282914E+07   2.1371087E+04   5.9913499E+06   1.6982685E+07   1.6983195E+07   0.0000000E+00   0.0000000E+00   0.0000000E+00   0.0000000E+00   0.0000000E+00
   2.0013859E-04   1.6981573E+07   1.6981573E+07   1.9937123E+07   2.1142498E+04   5.9679576E+06   1.6980967E+07   1.6981573E+07   0.0000000E+00   0.0000000E+00   0.0000000E+00   0.0000000E+00   0.0000000E+00
   2.1507050E-04   1.6979705E+07   1.6979705E+07   1.9544815E+07   2.0882046E+04   5.9417030E+06   1.6978990E+07   1.6979705E+07   0.0000000E+00   0.0000000E+00   0.0000000E+00   0.0000000E+00   0.0000000E+00
   2.3111644E-04   1.6977557E+07   1.6977557E+07   1.9100973E+07   2.0585907E+04   5.9123707E+06   1.6976716E+07   1.6977557E+07   0.0000000E+00   0.0000000E+00   0.0000000E+00   0.0000000E+00   0.0000000E+00
   2.4835954E-04   1.6975087E+07   1.6975087E+07   1.8600449E+07   2.0250008E+04   5.8797744E+06   1.6974102E+07   1.6975087E+07   0.0000000E+00   0.0000000E+00   0.0000000E+00   0.0000000E+00   0.0000000E+00
   2.6688910E-04   1.6972249E+07   1.6972249E+07   1.8038123E+07   1.9870073E+04   5.8437771E+06   1.6971097E+07   1.6972249E+07   0.0000000E+00   0.0000000E+00   0.0000000E+00   0.0000000E+00   0.0000000E+00
   2.8680112E-04   1.6968991E+07   1.6968991E+07   1.7409123E+07   1.9441722E+04   5.8043139E+06   1.6967648E+07   1.6968991E+07   0.0000000E+00   0.0000000E+00   0.0000000E+00   0.0000000E+00   0.0000000E+00
   3.0819873E-04   1.6965253E+07   1.6965253E+07   1.6709113E+07   1.8960595E+04   5.7614223E+06   1.6963691E+07   1.6965253E+07   0.0000000E+00   0.0000000E+00   0.0000000E+00   0.0000000E+00   0.0000000E+00
   3.3119276E-04   1.6960968E+07   1.6960968E+07   1.5934690E+07   1.8422535E+04   5.7152746E+06   1.6959156E+07   1.6960968E+07   0.0000000E+00   0.0000000E+00   0.0000000E+00   0.0000000E+00   0.0000000E+00
   3.5590234E-04   1.6956063E+07   1.6956063E+07   1.5083859E+07   1.7823831E+04   5.6662146E+06   1.6953964E+07   1.6956063E+07   0.0000000E+00   0.0000000E+00   0.0000000E+00   0.0000000E+00   0.0000000E+00
   3.8245544E-04   1.6950453E+07   1.6950453E+07   1.4156629E+07   1.7161534E+04   5.6147931E+06   1.6948026E+07   1.6950453E+07   0.0000000E+00   0.0000000E+00   0.0000000E+00   0.0000000E+00   0.0000000E+00
   4.1098961E-04   1.6944046E+07   1.6944046E+07   1.3155698E+07   1.6433843E+04   5.5617968E+06   1.6941244E+07   1.6944046E+07   0.0000000E+00   0.0000000E+00   0.0000000E+00   0.0000000E+00   0.0000000E+00
   4.4165265E-04   1.6936740E+07   1.6936740E+07   1.2087211E+07   1.5640575E+04   5.5082627E+06   1.6933511E+07   1.6936740E+07   0.0000000E+00   0.0000000E+00   0.0000000E+00   0.0000000E+00   0.0000000E+00
   4.7460339E-04   1.6928420E+07   1.6928420E+07   1.0961532E+07   1.4783695E+04   5.4554642E+06   1.6924706E+07   1.6928420E+07   0.0000000E+00   0.0000000E+00   0.0000000E+00   0.0000000E+00   0.0000000E+00
   5.1001252E-04   1.6918963E+07   1.6918963E+07   9.7939342E+06   1.3867889E+04   5.4048522E+06   1.6914699E+07   1.6918963E+07   0.0000000E+00   0.0000000E+00   0.0000000E+00   0.0000000E+00   0.0000000E+00
   5.4806345E-04   1.6908235E+07   1.6908235E+07   8.6050765E+06   1.2901124E+04   5.3579337E+06   1.6903348E+07   1.6908235E+07   0.0000000E+00   0.0000000E+00   0.0000000E+00   0.0000000E+00   0.0000000E+00
   5.8895327E-04   1.6896087E+07   1.6896087E+07   7.4210467E+06   1.1895107E+04   5.3160659E+06   1.6890499E+07   1.6896087E+07   0.0000000E+00   0.0000000E+00   0.0000000E+00   0.0000000E+00   0.0000000E+00
   6.3289380E-04   1.6882362E+07   1.6882362E+07   6.2727427E+06   1.0865548E+04   5.2801563E+06   1.6875985E+07   1.6882362E+07   0.0000000E+00   0.0000000E+00   0.0000000E+00   0.0000000E+00   0.0000000E+00
   6.8011263E-04   1.6866889E+07   1.6866889E+07   5.1943071E+06   9.8320455E+03   5.2502720E+06   1.6859630E+07   1.6866889E+07   0.0000000E+00   0.0000000E+00   0.0000000E+00   0.0000000E+00   0.0000000E+00
   7.3085435E-04   1.6849483E+07   1.6849483E+07   4.2203884E+06   8.8174487E+03   5.2251980E+06   1.6841242E+07   1.6849483E+07   0.0000000E+00   0.0000000E+00   0.0000000E+00   0.0000000E+00   0.0000000E+00
   7.8538181E-04   1.6829947E+07   1.6829947E+07   3.3821346E+06   7.8465044E+03   5.2020365E+06   1.6820618E+07   1.6829947E+07   0.0000000E+00   0.0000000E+00   0.0000000E+00   0.0000000E+00   0.0000000E+00
   8.4397744E-04   1.6808066E+07   1.6808066E+07   2.7021341E+06   6.9437031E+03   5.1760038E+06   1.6797539E+07   1.6808066E+07   0.0000000E+00   0.0000000E+00   0.0000000E+00   0.0000000E+00   0.0000000E+00
   9.0694476E-04   1.6783610E+07   1.6783610E+07   2.1889972E+06   6.1303625E+03   5.1406477E+06   1.6771773E+07   1.6783610E+07   0.0000000E+00   0.0000000E+00   0.0000000E+00   0.0000000E+00   0.0000000E+00
   9.7460994E-04   1.6756326E+07   1.6756326E+07   1.8328984E+06   5.4212555E+03   5.0887249E+06   1.6743068E+07   1.6756326E+07   0.0000000E+00   0.0000000E+00   0.0000000E+00   0.0000000E+00   0.0000000E+00
   1.0473235E-03   1.6725940E+07   1.6725940E+07   1.6039935E+06   4.8214300E+03   5.0138836E+06   1.6711152E+07   1.6725940E+07   0.0000000E+00   0.0000000E+00   0.0000000E+00   0.0000000E+00   0.0000000E+00
   1.1254620E-03   1.6692153E+07   1.6692153E+07   1.4558233E+06   4.3242254E+03   4.9130105E+06   1.6675735E+07   1.6692153E+07   0.0000000E+00   0.0000000E+00   0.0000000E+00   0.0000000E+00   0.0000000E+00
   1.2094303E-03   1.6654642E+07   1.6654642E+07   1.3350667E+06   3.9116719E+03   4.7885913E+06   1.6636506E+07   1.6654642E+07   0.0000000E+00   0.0000000E+00   0.0000000E+00   0.0000000E+00   0.0000000E+00
   1.2996632E-03   1.6613064E+07   1.6613064E+07   1.1968037E+06   3.5581910E+03   4.6498154E+06   1.6593135E+07   1.6613064E+07   0.0000000E+00   0.0000000E+00   0.0000000E+00   0.0000000E+00   0.0000000E+00
   1.3966283E-03   1.6567061E+07   1.6567061E+07   1.0208086E+06   3.2375291E+03   4.5108331E+06   1.6545283E+07   1.6567061E+07   0.0000000E+00   0.0000000E+00   0.0000000E+00   0.0000000E+00   0.0000000E+00
   1.5008277E-03   1.6516267E+07   1.6516267E+07   8.2067600E+05   2.9311380E+03   4.3852421E+06   1.6492605E+07   1.6516267E+07   0.0000000E+00   0.0000000E+00   0.0000000E+00   0.0000000E+00   0.0000000E+00
   1.6128012E-03   1.6460317E+07   1.6460317E+07   6.3691811E+05   2.6343593E+03   4.2781605E+06   1.6434759E+07   1.6460317E+07   0.0000000E+00   0.0000000E+00   0.0000000E+00   0.0000000E+00   0.0000000E+00
   1.7331288E-03   1.6398851E+07   1.6398851E+07   5.1151067E+05   2.3561993E+03   4.1806834E+06   1.6371400E+07   1.6398851E+07   0.0000000E+00   0.0000000E+00   0.0000000E+00   0.0000000E+00   0.0000000E+00
   1.8624338E-03   1.6331508E+07   1.6331508E+07   4.5550223E+05   2.1109164E+03   4.0734056E+06   1.6302184E+07   1.6331508E+07   0.0000000E+00   0.0000000E+00   0.0000000E+00   0.0000000E+00   0.0000000E+00
   2.0013859E-03   1.6257919E+07   1.6257919E+07   4.3516291E+05   1.9053864E+03   3.9413930E+06   1.6226750E+07   1.6257919E+07   0.0000000E+00   0.0000000E+00   0.0000000E+00   0.0000000E+00   0.0000000E+00
   2.1507050E-03   1.6177700E+07   1.6177700E+07   3.9782541E+05   1.7318332E+03   3.7908281E+06   1.6144715E+07   1.6177700E+07   0.0000000E+00   0.0000000E+00   0.0000000E+00   0.0000000E+00   0.0000000E+00
   2.3111644E-03   1.6090458E+07   1.6090458E+07   3.2365261E+05   1.5740509E+03   3.6471228E+06   1.6055679E+07   1.6090458E+07   0.0000000E+00   0.0000000E+00   0.0000000E+00   0.0000000E+00   0.0000000E+00
   2.4835954E-03   1.5995796E+07   1.5995796E+07   2.4756889E+05   1.4228603E+03   3.5263129E+06   1.5959239E+07   1.5995796E+07   0.0000000E+00   0.0000000E+00   0.0000000E+00   0.0000000E+00   0.0000000E+00
   2.6688910E-03   1.5893326E+07   1.5893326E+07   2.1081701E+05   1.2831547E+03   3.4102470E+06   1.5854998E+07   1.5893326E+07   0.0000000E+00   0.0000000E+00   0.0000000E+00   0.0000000E+00   0.0000000E+00
   2.8680112E-03   1.5782655E+07   1.5782655E+07   1.9790015E+05   1.1617128E+03   3.2711257E+06   1.5742558E+07   1.5782655E+07   0.0000000E+00   0.0000000E+00   0.0000000E+00   0.0000000E+00   0.0000000E+00
   3.0819873E-03   1.5663378E+07   1.5663378E+07   1.6579416E+05   1.0533559E+03   3.1206777E+06   1.5621519E+07   1.5663378E+07   0.0000000E+00   0.0000000E+00   0.0000000E+00   0.0000000E+00   0.0000000E+00
   3.3119276E-03   1.5535085E+07   1.5535085E+07   1.2771143E+05   9.4997463E+02   2.9883083E+06   1.5491476E+07   1.5535085E+07   0.0000000E+00   0.0000000E+00   0.0000000E+00   0.0000000E+00   0.0000000E+00
   3.5590234E-03   1.5397372E+07   1.5397372E+07   1.1854190E+05   8.5520722E+02   2.8536285E+06   1.5352038E+07   1.5397372E+07   0.0000000E+00   0.0000000E+00   0.0000000E+00   0.0000000E+00   0.0000000E+00
   3.8245544E-03   1.5249841E+07   1.5249841E+07   1.0690311E+05   7.7218660E+02   2.6955485E+06   1.5202820E+07   1.5249841E+07   0.0000000E+00   0.0000000E+00   0.0000000E+00   0.0000000E+00   0.0000000E+00
   4.1098961E-03   1.5092095E+07   1.5092095E+07   7.9153343E+04   6.9398949E+02   2.5538638E+06   1.5043445E+07   1.5092095E+07   0.0000000E+00   0.0000000E+00   0.0000000E+00   0.0000000E+00   0.0000000E+00
   4.4165265E-03   1.4923765E+07   1.4923765E+07   7.3266184E+04   6.2140464E+02   2.4179497E+06   1.4873575E+07   1.4923765E+07   0.0000000E+00   0.0000000E+00   0.0000000E+00   0.0000000E+00   0.0000000E+00
   4.7460339E-03   1.4744512E+07   1.4744512E+07   6.1739963E+04   5.5671639E+02   2.2680006E+06   1.4692899E+07   1.4744512E+07   0.0000000E+00   0.0000000E+00   0.0000000E+00   0.0000000E+00   0.0000000E+00
   5.1001252E-03   1.4554020E+07   1.4554020E+07   5.1009561E+04   4.9644902E+02   2.1382954E+06   1.4501109E+07   1.4554020E+07   0.0000000E+00   0.0000000E+00   0.0000000E+00   0.0000000E+00   0.0000000E+00
   5.4806345E-03   1.4351988E+07   1.4351988E+07   4.5716522E+04   4.4330919E+02   1.9938168E+06   1.4297881E+07   1.4351988E+07   0.0000000E+00   0.0000000E+00   0.0000000E+00   0.0000000E+00   0.0000000E+00
   5.8895327E-03   1.4138117E+07   1.4138117E+07   3.5852578E+04   3.9400757E+02   1.8659988E+06   1.4082906E+07   1.4138117E+07   0.0000000E+00   0.0000000E+00   0.0000000E+00   0.0000000E+00   0.0000000E+00
   6.3289380E-03   1.3912114E+07   1.3912114E+07   3.2565764E+04   3.4958410E+02   1.7270565E+06   1.3855932E+07   1.3912114E+07   0.0000000E+00   0.0000000E+00   0.0000000E+00   0.0000000E+00   0.0000000E+00
   6.8011263E-03   1.3673722E+07   1.3673722E+07   2.7245120E+04   3.0871828E+02   1.6056313E+06   1.3616747E+07   1.3673722E+07   0.0000000E+00   0.0000000E+00   0.0000000E+00   0.0000000E+00   0.0000000E+00
   7.3085435E-03   1.3422727E+07   1.3422727E+07   2.1455108E+04   2.7252495E+02   1.4802313E+06   1.3365125E+07   1.3422727E+07   0.0000000E+00   0.0000000E+00   0.0000000E+00   0.0000000E+00   0.0000000E+00
   7.8538181E-03   1.3158927E+07   1.3158927E+07   2.0283180E+04   2.3975417E+02   1.3610776E+06   1.3100845E+07   1.3158927E+07   0.0000000E+00   0.0000000E+00   0.0000000E+00   0.0000000E+00   0.0000000E+00
   8.4397744E-03   1.2882123E+07   1.2882123E+07   1.6531499E+04   2.1008078E+02   1.2509186E+06   1.2823732E+07   1.2882123E+07   0.0000000E+00   0.0000000E+00   0.0000000E+00   0.0000000E+00   0.0000000E+00
   9.0694476E-03   1.2592140E+07   1.2592140E+07   1.3115610E+04   1.8365917E+02   1.1425713E+06   1.2533626E+07   1.2592140E+07   0.0000000E+00   0.0000000E+00   0.0000000E+00   0.0000000E+00   0.0000000E+00
   9.7460994E-03   1.2288836E+07   1.2288836E+07   1.0876749E+04   1.6009523E+02   1.0382026E+06   1.2230380E+07   1.2288836E+07   0.0000000E+00   0.0000000E+00   0.0000000E+00   0.0000000E+00   0.0000000E+00
   1.0473235E-02   1.1972082E+07   1.1972082E+07   9.4429574E+03   1.3906997E+02   9.4036839E+05   1.1913862E+07   1.1972082E+07   0.0000000E+00   0.0000000E+00   0.0000000E+00   0.0000000E+00   0.0000000E+00
   1.1254620E-02   1.1641777E+07   1.1641777E+07   7.9484232E+03   1.2034564E+02   8.4941214E+05   1.1583993E+07   1.1641777E+07   0.0000000E+00   0.0000000E+00   0.0000000E+00   0.0000000E+00   0.0000000E+00
   1.2094303E-02   1.1297874E+07   1.1297874E+07   6.6304105E+03   1.0384302E+02   7.6410128E+05   1.1240710E+07   1.1297874E+07   0.0000000E+00   0.0000000E+00   0.0000000E+00   0.0000000E+00   0.0000000E+00
   1.2996632E-02   1.0940364E+07   1.0940364E+07   5.4518525E+03   8.9209887E+01   6.8511483E+05   1.0884007E+07   1.0940364E+07   0.0000000E+00   0.0000000E+00   0.0000000E+00   0.0000000E+00   0.0000000E+00
   1.3966283E-02   1.0569323E+07   1.0569323E+07   4.6577729E+03   7.6390707E+01   6.1180062E+05   1.0513963E+07   1.0569323E+07   0.0000000E+00   0.0000000E+00   0.0000000E+00   0.0000000E+00   0.0000000E+00
   1.5008277E-02   1.0184932E+07   1.0184932E+07   4.0699510E+03   6.5148028E+01   5.4262459E+05   1.0130753E+07   1.0184932E+07   0.0000000E+00   0.0000000E+00   0.0000000E+00   0.0000000E+00   0.0000000E+00
   1.6128012E-02   9.7875232E+06   9.7875232E+06   3.2381752E+03   5.5341905E+01   4.7949582E+05   9.7347064E+06   9.7875232E+06   0.0000000E+00   0.0000000E+00   0.0000000E+00   0.0000000E+00   0.0000000E+00
   1.7331288E-02   9.3776308E+06   9.3776308E+06   2.7425999E+03   4.6797575E+01   4.2193765E+05   9.3263495E+06   9.3776308E+06   0.0000000E+00   0.0000000E+00   0.0000000E+00   0.0000000E+00   0.0000000E+00
   1.8624338E-02   8.9560641E+06   8.9560641E+06   2.2534373E+03   3.9407725E+01   3.6951619E+05   8.9064830E+06   8.9560641E+06   0.0000000E+00   0.0000000E+00   0.0000000E+00   0.0000000E+00   0.0000000E+00
   2.0013858E-02   8.5239846E+06   8.5239846E+06   1.8062763E+03   3.3028415E+01   3.2180161E+05   8.4762597E+06   8.5239846E+06   0.0000000E+00   0.0000000E+00   0.0000000E+00   0.0000000E+00   0.0000000E+00
   2.1507045E-02   8.0830041E+06   8.0830041E+06   1.4639068E+03   2.7547875E+01   2.7864786E+05   8.0372752E+06   8.0830041E+06   0.0000000E+00   0.0000000E+00   0.0000000E+00   0.0000000E+00   0.0000000E+00
   2.3111617E-02   7.6352878E+06   7.6352878E+06   1.1897536E+03   2.2863930E+01   2.4012041E+05   7.5916767E+06   7.6352878E+06   0.0000000E+00   0.0000000E+00   0.0000000E+00   0.0000000E+00   0.0000000E+00
   2.4835815E-02   7.1836632E+06   7.1836632E+06   9.7107894E+02   1.8881283E+01   2.0609201E+05   7.1422710E+06   7.1836632E+06   0.0000000E+00   0.0000000E+00   0.0000000E+00   0.0000000E+00   0.0000000E+00
   2.6688297E-02   6.7317337E+06   6.7317337E+06   8.4259643E+02   1.5515477E+01   1.7576798E+05   6.6926338E+06   6.7317337E+06   0.0000000E+00   0.0000000E+00   0.0000000E+00   0.0000000E+00   0.0000000E+00
   2.8677739E-02   6.2839990E+06   6.2839990E+06   6.3690448E+02   1.2690756E+01   1.4889709E+05   6.2472320E+06   6.2839990E+06   0.0000000E+00   0.0000000E+00   0.0000000E+00   0.0000000E+00   0.0000000E+00
   3.0811770E-02   5.8459815E+06   5.8459815E+06   5.5310945E+02   1.0336122E+01   1.2590742E+05   5.8115490E+06   5.8459815E+06   0.0000000E+00   0.0000000E+00   0.0000000E+00   0.0000000E+00   0.0000000E+00
   3.3094692E-02   5.4243156E+06   5.4243156E+06   4.3976065E+02   8.3933916E+00   1.0624922E+05   5.3921737E+06   5.4243156E+06   0.0000000E+00   0.0000000E+00   0.0000000E+00   0.0000000E+00   0.0000000E+00
   3.5523601E-02   5.0266380E+06   5.0266380E+06   3.5527925E+02   6.8097071E+00   8.9424092E+04   4.9966904E+06   5.0266380E+06   0.0000000E+00   0.0000000E+00   0.0000000E+00   0.0000000E+00   0.0000000E+00
   3.8083657E-02   4.6609580E+06   4.6609580E+06   2.8966787E+02   5.5369454E+00   7.5251090E+04   4.6330543E+06   4.6609580E+06   0.0000000E+00   0.0000000E+00   0.0000000E+00   0.0000000E+00   0.0000000E+00
   4.0745482E-02   4.3342276E+06   4.3342276E+06   2.1535558E+02   4.5282481E+00   6.3728939E+04   4.3081687E+06   4.3342276E+06   0.0000000E+00   0.0000000E+00   0.0000000E+00   0.0000000E+00   0.0000000E+00
   4.3468848E-02   4.0504004E+06   4.0504004E+06   1.8198342E+02   3.7386596E+00   5.4713869E+04   4.0259570E+06   4.0504004E+06   0.0000000E+00   0.0000000E+00   0.0000000E+00   0.0000000E+00   0.0000000E+00
   4.6213098E-02   3.8091068E+06   3.8091068E+06   1.5797635E+02   3.1256217E+00   4.7132337E+04   3.7860453E+06   3.8091068E+06   0.0000000E+00   0.0000000E+00   0.0000000E+00   0.0000000E+00   0.0000000E+00
   4.8948006E-02   3.6059601E+06   3.6059601E+06   1.2352208E+02   2.6477290E+00   4.1323839E+04   3.5840677E+06   3.6059601E+06   0.0000000E+00   0.0000000E+00   0.0000000E+00   0.0000000E+00   0.0000000E+00
   5.1658236E-02   3.4341837E+06   3.4341837E+06   1.1159542E+02   2.2711702E+00   3.6556055E+04   3.4132842E+06   3.4341837E+06   0.0000000E+00   0.0000000E+00   0.0000000E+00   0.0000000E+00   0.0000000E+00
   5.4341142E-02   3.2863769E+06   3.2863769E+06   9.3990889E+01   1.9694655E+00   3.2670478E+04   3.2663353E+06   3.2863769E+06   0.0000000E+00   0.0000000E+00   0.0000000E+00   0.0000000E+00   0.0000000E+00
   5.7002040E-02   3.1556630E+06   3.1556630E+06   8.5421423E+01   1.7227891E+00   2.9408110E+04   3.1363834E+06   3.1556630E+06   0.0000000E+00   0.0000000E+00   0.0000000E+00   0.0000000E+00   0.0000000E+00
   5.9650108E-02   3.0361941E+06   3.0361941E+06   7.2194251E+01   1.5169033E+00   2.6571592E+04   3.0176143E+06   3.0361941E+06   0.0000000E+00   0.0000000E+00   0.0000000E+00   0.0000000E+00   0.0000000E+00
   6.2295822E-02   2.9232754E+06   2.9232754E+06   6.1722345E+01   1.3417058E+00   2.4212729E+04   2.9053609E+06   2.9232754E+06   0.0000000E+00   0.0000000E+00   0.0000000E+00   0.0000000E+00   0.0000000E+00
   6.4949621E-02   2.8133318E+06   2.8133318E+06   5.8725226E+01   1.1901544E+00   2.2066411E+04   2.7960687E+06   2.8133318E+06   0.0000000E+00   0.0000000E+00   0.0000000E+00   0.0000000E+00   0.0000000E+00
   6.7621339E-02   2.7038296E+06   2.7038296E+06   5.1243042E+01   1.0572252E+00   2.0046238E+04   2.6872188E+06   2.7038296E+06   0.0000000E+00   0.0000000E+00   0.0000000E+00   0.0000000E+00   0.0000000E+00
   7.0320030E-02   2.5931971E+06   2.5931971E+06   4.2358080E+01   9.3937492E-01   1.8327364E+04   2.5772490E+06   2.5931971E+06   0.0000000E+00   0.0000000E+00   0.0000000E+00   0.0000000E+00   0.0000000E+00
   7.3053973E-02   2.4807484E+06   2.4807484E+06   4.1492334E+01   8.3423135E-01   1.6705317E+04   2.4654768E+06   2.4807484E+06   0.0000000E+00   0.0000000E+00   0.0000000E+00   0.0000000E+00   0.0000000E+00
   7.5830762E-02   2.3666020E+06   2.3666020E+06   3.3762362E+01   7.4003959E-01   1.5155146E+04   2.3520199E+06   2.3666020E+06   0.0000000E+00   0.0000000E+00   0.0000000E+00   0.0000000E+00   0.0000000E+00
   7.8657415E-02   2.2515835E+06   2.2515835E+06   3.2056333E+01   6.5561361E-01   1.3826768E+04   2.2376985E+06   2.2515835E+06   0.0000000E+00   0.0000000E+00   0.0000000E+00   0.0000000E+00   0.0000000E+00
   8.1540475E-02   2.1371007E+06   2.1371007E+06   2.6105242E+01   5.8016737E-01   1.2519725E+04   2.1239115E+06   2.1371007E+06   0.0000000E+00   0.0000000E+00   0.0000000E+00   0.0000000E+00   0.0000000E+00
   8.4486114E-02   2.0249846E+06   2.0249846E+06   2.4776636E+01   5.1300492E-01   1.1355957E+04   2.0124784E+06   2.0249846E+06   0.0000000E+00   0.0000000E+00   0.0000000E+00   0.0000000E+00   0.0000000E+00
   8.7500208E-02   1.9172947E+06   1.9172947E+06   2.1524541E+01   4.5363329E-01   1.0322629E+04   1.9054455E+06   1.9172947E+06   0.0000000E+00   0.0000000E+00   0.0000000E+00   0.0000000E+00   0.0000000E+00
   9.0588413E-02   1.8160928E+06   1.8160928E+06   1.9098373E+01   4.0152593E-01   9.3787382E+03   1.8048621E+06   1.8160928E+06   0.0000000E+00   0.0000000E+00   0.0000000E+00   0.0000000E+00   0.0000000E+00
   9.3756217E-02   1.7231991E+06   1.7231991E+06   1.7230445E+01   3.5617411E-01   8.5480666E+03   1.7125366E+06   1.7231991E+06   0.0000000E+00   0.0000000E+00   0.0000000E+00   0.0000000E+00   0.0000000E+00
   9.7008990E-02   1.6399497E+06   1.6399497E+06   1.5300601E+01   3.1697044E-01   7.8189931E+03   1.6297966E+06   1.6399497E+06   0.0000000E+00   0.0000000E+00   0.0000000E+00   0.0000000E+00   0.0000000E+00
   1.0035202E-01   1.5669834E+06   1.5669834E+06   1.3145296E+01   2.8325850E-01   7.1855263E+03   1.5572771E+06   1.5669834E+06   0.0000000E+00   0.0000000E+00   0.0000000E+00   0.0000000E+00   0.0000000E+00
   1.0379055E-01   1.5040904E+06   1.5040904E+06   1.1300828E+01   2.5430867E-01   6.6644787E+03   1.4947691E+06   1.5040904E+06   0.0000000E+00   0.0000000E+00   0.0000000E+00   0.0000000E+00   0.0000000E+00
   1.0732981E-01   1.4501541E+06   1.4501541E+06   1.1150468E+01   2.2934792E-01   6.2001238E+03   1.4411630E+06   1.4501541E+06   0.0000000E+00   0.0000000E+00   0.0000000E+00   0.0000000E+00   0.0000000E+00
   1.1097499E-01   1.4032162E+06   1.4032162E+06   9.2473567E+00   2.0760838E-01   5.7807271E+03   1.3945124E+06   1.4032162E+06   0.0000000E+00   0.0000000E+00   0.0000000E+00   0.0000000E+00   0.0000000E+00
   1.1473133E-01   1.3606768E+06   1.3606768E+06   9.0587523E+00   1.8835339E-01   5.4113674E+03   1.3522334E+06   1.3606768E+06   0.0000000E+00   0.0000000E+00   0.0000000E+00   0.0000000E+00   0.0000000E+00
   1.1860409E-01   1.3196262E+06   1.3196262E+06   8.2126016E+00   1.7094660E-01   5.0845645E+03   1.3114344E+06   1.3196262E+06   0.0000000E+00   0.0000000E+00   0.0000000E+00   0.0000000E+00   0.0000000E+00
   1.2259856E-01   1.2772760E+06   1.2772760E+06   7.2958206E+00   1.5488408E-01   4.7596607E+03   1.2693443E+06   1.2772760E+06   0.0000000E+00   0.0000000E+00   0.0000000E+00   0.0000000E+00   0.0000000E+00
   1.2672007E-01   1.2314274E+06   1.2314274E+06   6.3685232E+00   1.3982477E-01   4.4430035E+03   1.2237778E+06   1.2314274E+06   0.0000000E+00   0.0000000E+00   0.0000000E+00   0.0000000E+00   0.0000000E+00
   1.3097402E-01   1.1808925E+06   1.1808925E+06   5.8432436E+00   1.2559636E-01   4.1390576E+03   1.1735545E+06   1.1808925E+06   0.0000000E+00   0.0000000E+00   0.0000000E+00   0.0000000E+00   0.0000000E+00
   1.3536585E-01   1.1257698E+06   1.1257698E+06   5.2699035E+00   1.1218946E-01   3.8147782E+03   1.1187722E+06   1.1257698E+06   0.0000000E+00   0.0000000E+00   0.0000000E+00   0.0000000E+00   0.0000000E+00
   1.3990107E-01   1.0674831E+06   1.0674831E+06   4.7122628E+00   9.9699153E-02   3.5242307E+03   1.0608459E+06   1.0674831E+06   0.0000000E+00   0.0000000E+00   0.0000000E+00   0.0000000E+00   0.0000000E+00
   1.4458527E-01   1.0085313E+06   1.0085313E+06   4.0006331E+00   8.8287547E-02   3.2351885E+03   1.0022589E+06   1.0085313E+06   0.0000000E+00   0.0000000E+00   0.0000000E+00   0.0000000E+00   0.0000000E+00
   1.4942410E-01   9.5195488E+05   9.5195488E+05   3.5473914E+00   7.8106288E-02   2.9702336E+03   9.4603291E+05   9.5195488E+05   0.0000000E+00   0.0000000E+00   0.0000000E+00   0.0000000E+00   0.0000000E+00
   1.5442329E-01   9.0060828E+05   9.0060828E+05   3.2684110E+00   6.9245517E-02   2.7336011E+03   8.9500439E+05   9.0060828E+05   0.0000000E+00   0.0000000E+00   0.0000000E+00   0.0000000E+00   0.0000000E+00
   1.5958866E-01   8.5640424E+05   8.5640424E+05   2.8385745E+00   6.1683466E-02   2.5312518E+03   8.5107421E+05   8.5640424E+05   0.0000000E+00   0.0000000E+00   0.0000000E+00   0.0000000E+00   0.0000000E+00
   1.6492614E-01   8.1974526E+05   8.1974526E+05   2.5008626E+00   5.5291813E-02   2.3597551E+03   8.1464230E+05   8.1974526E+05   0.0000000E+00   0.0000000E+00   0.0000000E+00   0.0000000E+00   0.0000000E+00
   1.7044173E-01   7.8934685E+05   7.8934685E+05   2.3142392E+00   4.9844337E-02   2.2165175E+03   7.8443214E+05   7.8934685E+05   0.0000000E+00   0.0000000E+00   0.0000000E+00   0.0000000E+00   0.0000000E+00
   1.7614158E-01   7.6257100E+05   7.6257100E+05   2.0628164E+00   4.5075853E-02   2.0917992E+03   7.5782211E+05   7.6257100E+05   0.0000000E+00   0.0000000E+00   0.0000000E+00   0.0000000E+00   0.0000000E+00
   1.8203196E-01   7.3623218E+05   7.3623218E+05   1.8455769E+00   4.0740876E-02   1.9784715E+03   7.3164650E+05   7.3623218E+05   0.0000000E+00   0.0000000E+00   0.0000000E+00   0.0000000E+00   0.0000000E+00
   1.8811931E-01   7.0765312E+05   7.0765312E+05   1.7065264E+00   3.6669116E-02   1.8569123E+03   7.0324470E+05   7.0765312E+05   0.0000000E+00   0.0000000E+00   0.0000000E+00   0.0000000E+00   0.0000000E+00
   1.9441022E-01   6.7560447E+05   6.7560447E+05   1.5152140E+00   3.2791988E-02   1.7370826E+03   6.7139504E+05   6.7560447E+05   0.0000000E+00   0.0000000E+00   0.0000000E+00   0.0000000E+00   0.0000000E+00
   2.0091150E-01   6.4074013E+05   6.4074013E+05   1.3169623E+00   2.9138224E-02   1.6152565E+03   6.3674733E+05   6.4074013E+05   0.0000000E+00   0.0000000E+00   0.0000000E+00   0.0000000E+00   0.0000000E+00
   2.0763021E-01   6.0528798E+05   6.0528798E+05   1.2088718E+00   2.5792426E-02   1.4969875E+03   6.0151558E+05   6.0528798E+05   0.0000000E+00   0.0000000E+00   0.0000000E+00   0.0000000E+00   0.0000000E+00
   2.1457367E-01   5.7205427E+05   5.7205427E+05   1.0300516E+00   2.2838201E-02   1.3877432E+03   5.6848853E+05   5.7205427E+05   0.0000000E+00   0.0000000E+00   0.0000000E+00   0.0000000E+00   0.0000000E+00
   2.2174951E-01   5.4313786E+05   5.4313786E+05   9.1916179E-01   2.0310106E-02   1.2935634E+03   5.3975193E+05   5.4313786E+05   0.0000000E+00   0.0000000E+00   0.0000000E+00   0.0000000E+00   0.0000000E+00
   2.2916577E-01   5.1895673E+05   5.1895673E+05   8.3770282E-01   1.8170328E-02   1.2155533E+03   5.1572117E+05   5.1895673E+05   0.0000000E+00   0.0000000E+00   0.0000000E+00   0.0000000E+00   0.0000000E+00
   2.3683088E-01   4.9810949E+05   4.9810949E+05   7.4383257E-01   1.6326851E-02   1.1479667E+03   4.9500357E+05   4.9810949E+05   0.0000000E+00   0.0000000E+00   0.0000000E+00   0.0000000E+00   0.0000000E+00
   2.4475381E-01   4.7819963E+05   4.7819963E+05   6.6547421E-01   1.4674004E-02   1.0840239E+03   4.7521754E+05   4.7819963E+05   0.0000000E+00   0.0000000E+00   0.0000000E+00   0.0000000E+00   0.0000000E+00
   2.5294407E-01   4.5720568E+05   4.5720568E+05   5.9969188E-01   1.3136958E-02   1.0215775E+03   4.5435423E+05   4.5720568E+05   0.0000000E+00   0.0000000E+00   0.0000000E+00   0.0000000E+00   0.0000000E+00
   2.6141187E-01   4.3460154E+05   4.3460154E+05   5.3949265E-01   1.1695644E-02   9.5641238E+02   4.3189082E+05   4.3460154E+05   0.0000000E+00   0.0000000E+00   0.0000000E+00   0.0000000E+00   0.0000000E+00
   2.7016817E-01   4.1151493E+05   4.1151493E+05   4.7273798E-01   1.0372477E-02   8.9355208E+02   4.0894798E+05   4.1151493E+05   0.0000000E+00   0.0000000E+00   0.0000000E+00   0.0000000E+00   0.0000000E+00
   2.7922485E-01   3.8980031E+05   3.8980031E+05   4.2352918E-01   9.2013938E-03   8.3568469E+02   3.8736861E+05   3.8980031E+05   0.0000000E+00   0.0000000E+00   0.0000000E+00   0.0000000E+00   0.0000000E+00
   2.8859478E-01   3.7066314E+05   3.7066314E+05   3.7346813E-01   8.1916854E-03   7.8429269E+02   3.6835066E+05   3.7066314E+05   0.0000000E+00   0.0000000E+00   0.0000000E+00   0.0000000E+00   0.0000000E+00
   2.9829204E-01   3.5384581E+05   3.5384581E+05   3.3521462E-01   7.3195317E-03   7.3999540E+02   3.5163808E+05   3.5384581E+05   0.0000000E+00   0.0000000E+00   0.0000000E+00   0.0000000E+00   0.0000000E+00
   3.0833208E-01   3.3799544E+05   3.3799544E+05   2.9885391E-01   6.5434683E-03   6.9866715E+02   3.3588646E+05   3.3799544E+05   0.0000000E+00   0.0000000E+00   0.0000000E+00   0.0000000E+00   0.0000000E+00
   3.1873193E-01   3.2188272E+05   3.2188272E+05   2.6729218E-01   5.8319000E-03   6.5819860E+02   3.1987415E+05   3.2188272E+05   0.0000000E+00   0.0000000E+00   0.0000000E+00   0.0000000E+00   0.0000000E+00
   3.2951044E-01   3.0539379E+05   3.0539379E+05   2.3797915E-01   5.1783195E-03   6.1804629E+02   3.0348800E+05   3.0539379E+05   0.0000000E+00   0.0000000E+00   0.0000000E+00   0.0000000E+00   0.0000000E+00
   3.4068862E-01   2.8941020E+05   2.8941020E+05   2.1170465E-01   4.5915578E-03   5.8017601E+02   2.8760405E+05   2.8941020E+05   0.0000000E+00   0.0000000E+00   0.0000000E+00   0.0000000E+00   0.0000000E+00
   3.5228995E-01   2.7476160E+05   2.7476160E+05   1.8639960E-01   4.0771024E-03   5.4572767E+02   2.7304678E+05   2.7476160E+05   0.0000000E+00   0.0000000E+00   0.0000000E+00   0.0000000E+00   0.0000000E+00
   3.6434086E-01   2.6137525E+05   2.6137525E+05   1.6593704E-01   3.6264001E-03   5.1437776E+02   2.5974389E+05   2.6137525E+05   0.0000000E+00   0.0000000E+00   0.0000000E+00   0.0000000E+00   0.0000000E+00
   3.7687118E-01   2.4850858E+05   2.4850858E+05   1.4759526E-01   3.2225618E-03   4.8494885E+02   2.4695746E+05   2.4850858E+05   0.0000000E+00   0.0000000E+00   0.0000000E+00   0.0000000E+00   0.0000000E+00
   3.8991483E-01   2.3569329E+05   2.3569329E+05   1.3108648E-01   2.8554062E-03   4.5632389E+02   2.3422209E+05   2.3569329E+05   0.0000000E+00   0.0000000E+00   0.0000000E+00   0.0000000E+00   0.0000000E+00
   4.0351055E-01   2.2318779E+05   2.2318779E+05   1.1591158E-01   2.5251922E-03   4.2877221E+02   2.2179458E+05   2.2318779E+05   0.0000000E+00   0.0000000E+00   0.0000000E+00   0.0000000E+00   0.0000000E+00
   4.1770289E-01   2.1143344E+05   2.1143344E+05   1.0248130E-01   2.2326212E-03   4.0324871E+02   2.1011356E+05   2.1143344E+05   0.0000000E+00   0.0000000E+00   0.0000000E+00   0.0000000E+00   0.0000000E+00
   4.3254335E-01   2.0038281E+05   2.0038281E+05   9.0653087E-02   1.9732807E-03   3.7947628E+02   1.9913187E+05   2.0038281E+05   0.0000000E+00   0.0000000E+00   0.0000000E+00   0.0000000E+00   0.0000000E+00
   4.4809192E-01   1.8966754E+05   1.8966754E+05   8.0001046E-02   1.7405014E-03   3.5684814E+02   1.8848344E+05   1.8966754E+05   0.0000000E+00   0.0000000E+00   0.0000000E+00   0.0000000E+00   0.0000000E+00
   4.6441893E-01   1.7920459E+05   1.7920459E+05   7.0261290E-02   1.5309962E-03   3.3503070E+02   1.7808578E+05   1.7920459E+05   0.0000000E+00   0.0000000E+00   0.0000000E+00   0.0000000E+00   0.0000000E+00
   4.8160749E-01   1.6919210E+05   1.6919210E+05   6.1717001E-02   1.3442361E-03   3.1441009E+02   1.6813577E+05   1.6919210E+05   0.0000000E+00   0.0000000E+00   0.0000000E+00   0.0000000E+00   0.0000000E+00
   4.9975647E-01   1.5963501E+05   1.5963501E+05   5.4037751E-02   1.1778792E-03   2.9494558E+02   1.5863831E+05   1.5963501E+05   0.0000000E+00   0.0000000E+00   0.0000000E+00   0.0000000E+00   0.0000000E+00
   5.1898457E-01   1.5036176E+05   1.5036176E+05   4.7230397E-02   1.0288678E-03   2.7631183E+02   1.4942294E+05   1.5036176E+05   0.0000000E+00   0.0000000E+00   0.0000000E+00   0.0000000E+00   0.0000000E+00
   5.3943529E-01   1.4136838E+05   1.4136838E+05   4.1066689E-02   8.9542403E-04   2.5840021E+02   1.4048568E+05   1.4136838E+05   0.0000000E+00   0.0000000E+00   0.0000000E+00   0.0000000E+00   0.0000000E+00
   5.6128358E-01   1.3270204E+05   1.3270204E+05   3.5628759E-02   7.7638656E-04   2.4131936E+02   1.3187343E+05   1.3270204E+05   0.0000000E+00   0.0000000E+00   0.0000000E+00   0.0000000E+00   0.0000000E+00
   5.8474419E-01   1.2428539E+05   1.2428539E+05   3.0735850E-02   6.7003293E-04   2.2493554E+02   1.2350932E+05   1.2428539E+05   0.0000000E+00   0.0000000E+00   0.0000000E+00   0.0000000E+00   0.0000000E+00
   6.1008228E-01   1.1609329E+05   1.1609329E+05   2.6372879E-02   5.7496813E-04   2.0913855E+02   1.1536836E+05   1.1609329E+05   0.0000000E+00   0.0000000E+00   0.0000000E+00   0.0000000E+00   0.0000000E+00
   6.3762625E-01   1.0812406E+05   1.0812406E+05   2.2488191E-02   4.9027236E-04   1.9390726E+02   1.0744887E+05   1.0812406E+05   0.0000000E+00   0.0000000E+00   0.0000000E+00   0.0000000E+00   0.0000000E+00
   6.6778237E-01   1.0033839E+05   1.0033839E+05   1.9025256E-02   4.1482687E-04   1.7916673E+02   9.9711804E+04   1.0033839E+05   0.0000000E+00   0.0000000E+00   0.0000000E+00   0.0000000E+00   0.0000000E+00
   7.0104890E-01   9.2730442E+04   9.2730442E+04   1.5952181E-02   3.4785264E-04   1.6491035E+02   9.2151354E+04   9.2730442E+04   0.0000000E+00   0.0000000E+00   0.0000000E+00   0.0000000E+00   0.0000000E+00
   7.3802430E-01   8.5287855E+04   8.5287855E+04   1.3237811E-02   2.8869257E-04   1.5107313E+02   8.4755234E+04   8.5287855E+04   0.0000000E+00   0.0000000E+00   0.0000000E+00   0.0000000E+00   0.0000000E+00
   7.7939898E-01   7.8018716E+04   7.8018716E+04   1.0857598E-02   2.3681176E-04   1.3765620E+02   7.7531481E+04   7.8018716E+04   0.0000000E+00   0.0000000E+00   0.0000000E+00   0.0000000E+00   0.0000000E+00
   8.2591432E-01   7.0946413E+04   7.0946413E+04   8.7922322E-03   1.9177998E-04   1.2472017E+02   7.0503338E+04   7.0946413E+04   0.0000000E+00   0.0000000E+00   0.0000000E+00   0.0000000E+00   0.0000000E+00
   8.7827521E-01   6.4120842E+04   6.4120842E+04   7.0261030E-03   1.5328360E-04   1.1233040E+02   6.3720386E+04   6.4120842E+04   0.0000000E+00   0.0000000E+00   0.0000000E+00   0.0000000E+00   0.0000000E+00
   9.3702721E-01   5.7615364E+04   5.7615364E+04   5.5514134E-03   1.2100822E-04   1.0060141E+02   5.7255531E+04   5.7615364E+04   0.0000000E+00   0.0000000E+00   0.0000000E+00   0.0000000E+00   0.0000000E+00
   1.0024579E+00   5.1513701E+04   5.1513701E+04   4.3335773E-03   9.4532434E-05   8.9684953E+01   5.1191971E+04   5.1513701E+04   0.0000000E+00   0.0000000E+00   0.0000000E+00   0.0000000E+00   0.0000000E+00
   1.0746065E+00   4.5885340E+04   4.5885340E+04   3.3587631E-03   7.3280477E-05   7.9667444E+01   4.5598759E+04   4.5885340E+04   0.0000000E+00   0.0000000E+00   0.0000000E+00   0.0000000E+00   0.0000000E+00
   1.1533978E+00   4.0767132E+04   4.0767132E+04   2.5901532E-03   5.6517221E-05   7.0616003E+01   4.0512514E+04   4.0767132E+04   0.0000000E+00   0.0000000E+00   0.0000000E+00   0.0000000E+00   0.0000000E+00
   1.2388100E+00   3.6162263E+04   3.6162263E+04   1.9915870E-03   4.3461654E-05   6.2503177E+01   3.5936402E+04   3.6162263E+04   0.0000000E+00   0.0000000E+00   0.0000000E+00   0.0000000E+00   0.0000000E+00
   1.3309726E+00   3.2046546E+04   3.2046546E+04   1.5289201E-03   3.3367710E-05   5.5285751E+01   3.1846390E+04   3.2046546E+04   0.0000000E+00   0.0000000E+00   0.0000000E+00   0.0000000E+00   0.0000000E+00
   1.4301789E+00   2.8380329E+04   2.8380329E+04   1.1728412E-03   2.5593984E-05   4.8883723E+01   2.8203070E+04   2.8380329E+04   0.0000000E+00   0.0000000E+00   0.0000000E+00   0.0000000E+00   0.0000000E+00
   1.5368515E+00   2.5121271E+04   2.5121271E+04   8.9824190E-04   1.9620441E-05   4.3208731E+01   2.4964366E+04   2.5121271E+04   0.0000000E+00   0.0000000E+00   0.0000000E+00   0.0000000E+00   0.0000000E+00
   1.6515044E+00   2.2226807E+04   2.2226807E+04   6.8879946E-04   1.5033943E-05   3.8183099E+01   2.2087980E+04   2.2226807E+04   0.0000000E+00   0.0000000E+00   0.0000000E+00   0.0000000E+00   0.0000000E+00
   1.7747176E+00   1.9657999E+04   1.9657999E+04   5.2745059E-04   1.1515078E-05   3.3734783E+01   1.9535216E+04   1.9657999E+04   0.0000000E+00   0.0000000E+00   0.0000000E+00   0.0000000E+00   0.0000000E+00
   1.9071250E+00   1.7379404E+04   1.7379404E+04   4.0389382E-04   8.8165691E-06   2.9796113E+01   1.7270853E+04   1.7379404E+04   0.0000000E+00   0.0000000E+00   0.0000000E+00   0.0000000E+00   0.0000000E+00
   2.0494114E+00   1.5359264E+04   1.5359264E+04   3.0906159E-04   6.7479390E-06   2.6311057E+01   1.5263330E+04   1.5359264E+04   0.0000000E+00   0.0000000E+00   0.0000000E+00   0.0000000E+00   0.0000000E+00
   2.2023135E+00   1.3569036E+04   1.3569036E+04   2.3642716E-04   5.1629170E-06   2.3228393E+01   1.3484283E+04   1.3569036E+04   0.0000000E+00   0.0000000E+00   0.0000000E+00   0.0000000E+00   0.0000000E+00
   2.3666233E+00   1.1983328E+04   1.1983328E+04   1.8080465E-04   3.9488513E-06   2.0501937E+01   1.1908479E+04   1.1983328E+04   0.0000000E+00   0.0000000E+00   0.0000000E+00   0.0000000E+00   0.0000000E+00
   2.5431920E+00   1.0579345E+04   1.0579345E+04   1.3822163E-04   3.0193066E-06   1.8090540E+01   1.0513265E+04   1.0579345E+04   0.0000000E+00   0.0000000E+00   0.0000000E+00   0.0000000E+00   0.0000000E+00
   2.7329340E+00   9.3367883E+03   9.3367883E+03   1.0565954E-04   2.3078686E-06   1.5958257E+01   9.2784699E+03   9.3367883E+03   0.0000000E+00   0.0000000E+00   0.0000000E+00   0.0000000E+00   0.0000000E+00
   2.9368323E+00   8.2375511E+03   8.2375511E+03   8.0694654E-05   1.7635361E-06   1.4074048E+01   8.1860985E+03   8.2375511E+03   0.0000000E+00   0.0000000E+00   0.0000000E+00   0.0000000E+00   0.0000000E+00
   3.1559429E+00   7.2654821E+03   7.2654821E+03   6.1639097E-05   1.3472038E-06   1.2408956E+01   7.2201011E+03   7.2654821E+03   0.0000000E+00   0.0000000E+00   0.0000000E+00   0.0000000E+00   0.0000000E+00
   3.3914010E+00   6.4061961E+03   6.4061961E+03   4.7068417E-05   1.0288947E-06   1.0937815E+01   6.3661822E+03   6.4061961E+03   0.0000000E+00   0.0000000E+00   0.0000000E+00   0.0000000E+00   0.0000000E+00
   3.6444260E+00   5.6468878E+03   5.6468878E+03   3.5934596E-05   7.8557526E-07   9.6390928E+00   5.6116166E+03   5.6468878E+03   0.0000000E+00   0.0000000E+00   0.0000000E+00   0.0000000E+00   0.0000000E+00
   3.9163288E+00   4.9761652E+03   4.9761652E+03   2.7418266E-05   5.9965343E-07   8.4923691E+00   4.9450833E+03   4.9761652E+03   0.0000000E+00   0.0000000E+00   0.0000000E+00   0.0000000E+00   0.0000000E+00
   4.2085175E+00   4.3838985E+03   4.3838985E+03   2.0916153E-05   4.5763142E-07   7.4800289E+00   4.3565161E+03   4.3838985E+03   0.0000000E+00   0.0000000E+00   0.0000000E+00   0.0000000E+00   0.0000000E+00
   4.5225059E+00   3.8610866E+03   3.8610866E+03   1.5953859E-05   3.4916650E-07   6.5869958E+00   3.8369697E+03   3.8610866E+03   0.0000000E+00   0.0000000E+00   0.0000000E+00   0.0000000E+00   0.0000000E+00
   4.8599202E+00   3.3997351E+03   3.3997351E+03   1.2165374E-05   2.6635950E-07   5.7989737E+00   3.3784998E+03   3.3997351E+03   0.0000000E+00   0.0000000E+00   0.0000000E+00   0.0000000E+00   0.0000000E+00
   5.2225083E+00   2.9927477E+03   2.9927477E+03   9.2727182E-06   2.0315187E-07   5.1040410E+00   2.9740545E+03   2.9927477E+03   0.0000000E+00   0.0000000E+00   0.0000000E+00   0.0000000E+00   0.0000000E+00
   5.6121483E+00   2.6338288E+03   2.6338288E+03   7.0676122E-06   1.5491692E-07   4.4915081E+00   2.6173775E+03   2.6338288E+03   0.0000000E+00   0.0000000E+00   0.0000000E+00   0.0000000E+00   0.0000000E+00
   6.0308585E+00   2.3173957E+03   2.3173957E+03   5.3834613E-06   1.1811819E-07   3.9514136E+00   2.3029208E+03   2.3173957E+03   0.0000000E+00   0.0000000E+00   0.0000000E+00   0.0000000E+00   0.0000000E+00
   6.4808078E+00   2.0384999E+03   2.0384999E+03   4.1028146E-06   9.0048266E-08   3.4755800E+00   2.0257671E+03   2.0384999E+03   0.0000000E+00   0.0000000E+00   0.0000000E+00   0.0000000E+00   0.0000000E+00
   6.9643268E+00   1.7927580E+03   1.7927580E+03   3.1237052E-06   6.8641943E-08   3.0563171E+00   1.7815601E+03   1.7927580E+03   0.0000000E+00   0.0000000E+00   0.0000000E+00   0.0000000E+00   0.0000000E+00
   7.4839201E+00   1.5762879E+03   1.5762879E+03   2.3781137E-06   5.2320103E-08   2.6870701E+00   1.5664421E+03   1.5762879E+03   0.0000000E+00   0.0000000E+00   0.0000000E+00   0.0000000E+00   0.0000000E+00
   8.0422791E+00   1.3856536E+03   1.3856536E+03   1.8106067E-06   3.9876902E-08   2.3620252E+00   1.3769985E+03   1.3856536E+03   0.0000000E+00   0.0000000E+00   0.0000000E+00   0.0000000E+00   0.0000000E+00
