#           k/h    CDM            baryon         photon         nu             mass_nu        total          no_nu          total_de       Weyl           v_CDM          v_b            v_b-v_c     
   1.1228931E-05   4.7687360E+06   4.7687360E+06   6.3574063E+06   6.5319107E+03   3.7386395E+05   4.7688128E+06   4.7687360E+06   0.0000000E+00   0.0000000E+00   0.0000000E+00   0.0000000E+00   0.0000000E+00
   1.2066697E-05   4.7687353E+06   4.7687353E+06   6.3572649E+06   6.5318205E+03   3.7386086E+05   4.7688121E+06   4.7687353E+06   0.0000000E+00   0.0000000E+00   0.0000000E+00   0.0000000E+00   0.0000000E+00
   1.2966967E-05   4.7687346E+06   4.7687346E+06   6.3571016E+06   6.5317165E+03   3.7385729E+05   4.7688113E+06   4.7687346E+06   0.0000000E+00   0.0000000E+00   0.0000000E+00   0.0000000E+00   0.0000000E+00
   1.3934404E-05   4.7687338E+06   4.7687338E+06   6.3569130E+06   6.5315963E+03   3.7385318E+05   4.7688104E+06   4.7687338E+06   0.0000000E+00   0.0000000E+00   0.0000000E+00   0.0000000E+00   0.0000000E+00
   1.4974020E-05   4.7687328E+06   4.7687328E+06   6.3566952E+06   6.5314575E+03   3.7384842E+05   4.7688094E+06   4.7687328E+06   0.0000000E+00   0.0000000E+00   0.0000000E+00   0.0000000E+00   0.0000000E+00
   1.6091199E-05   4.7687317E+06   4.7687317E+06   6.3564438E+06   6.5312972E+03   3.7384293E+05   4.7688082E+06   4.7687317E+06   0.0000000E+00   0.0000000E+00   0.0000000E+00   0.0000000E+00   0.0000000E+00
   1.7291728E-05   4.7687304E+06   4.7687304E+06   6.3561534E+06   6.5311121E+03   3.7383659E+05   4.7688068E+06   4.7687304E+06   0.0000000E+00   0.0000000E+00   0.0000000E+00   0.0000000E+00   0.0000000E+00
   1.8581827E-05   4.7687289E+06   4.7687289E+06   6.3558182E+06   6.5308984E+03   3.7382927E+05   4.7688052E+06   4.7687289E+06   0.0000000E+00   0.0000000E+00   0.0000000E+00   0.0000000E+00   0.0000000E+00
   1.9968176E-05   4.7687272E+06   4.7687272E+06   6.3554310E+06   6.5306516E+03   3.7382082E+05   4.7688034E+06   4.7687272E+06   0.0000000E+00   0.0000000E+00   0.0000000E+00   0.0000000E+00   0.0000000E+00
   2.1457959E-05   4.7687252E+06   4.7687252E+06   6.3549839E+06   6.5303666E+03   3.7381106E+05   4.7688012E+06   4.7687252E+06   0.0000000E+00   0.0000000E+00   0.0000000E+00   0.0000000E+00   0.0000000E+00
   2.3058890E-05   4.7687229E+06   4.7687229E+06   6.3544677E+06   6.5300375E+03   3.7379979E+05   4.7687988E+06   4.7687229E+06   0.0000000E+00   0.0000000E+00   0.0000000E+00   0.0000000E+00   0.0000000E+00
   2.4779264E-05   4.7687203E+06   4.7687203E+06   6.3538717E+06   6.5296576E+03   3.7378678E+05   4.7687959E+06   4.7687203E+06   0.0000000E+00   0.0000000E+00   0.0000000E+00   0.0000000E+00   0.0000000E+00
   2.6627991E-05   4.7687173E+06   4.7687173E+06   6.3531834E+06   6.5292188E+03   3.7377176E+05   4.7687927E+06   4.7687173E+06   0.0000000E+00   0.0000000E+00   0.0000000E+00   0.0000000E+00   0.0000000E+00
   2.8614648E-05   4.7687137E+06   4.7687137E+06   6.3523887E+06   6.5287122E+03   3.7375442E+05   4.7687889E+06   4.7687137E+06   0.0000000E+00   0.0000000E+00   0.0000000E+00   0.0000000E+00   0.0000000E+00
   3.0749524E-05   4.7687097E+06   4.7687097E+06   6.3514711E+06   6.5281272E+03   3.7373439E+05   4.7687845E+06   4.7687097E+06   0.0000000E+00   0.0000000E+00   0.0000000E+00   0.0000000E+00   0.0000000E+00
   3.3043680E-05   4.7687050E+06   4.7687050E+06   6.3504116E+06   6.5274517E+03   3.7371127E+05   4.7687795E+06   4.7687050E+06   0.0000000E+00   0.0000000E+00   0.0000000E+00   0.0000000E+00   0.0000000E+00
   3.5508997E-05   4.7686996E+06   4.7686996E+06   6.3491884E+06   6.5266718E+03   3.7368459E+05   4.7687736E+06   4.7686996E+06   0.0000000E+00   0.0000000E+00   0.0000000E+00   0.0000000E+00   0.0000000E+00
   3.8158246E-05   4.7686933E+06   4.7686933E+06   6.3477761E+06   6.5257713E+03   3.7365378E+05   4.7687669E+06   4.7686933E+06   0.0000000E+00   0.0000000E+00   0.0000000E+00   0.0000000E+00   0.0000000E+00
   4.1005150E-05   4.7686861E+06   4.7686861E+06   6.3461456E+06   6.5247316E+03   3.7361821E+05   4.7687591E+06   4.7686861E+06   0.0000000E+00   0.0000000E+00   0.0000000E+00   0.0000000E+00   0.0000000E+00
   4.4064455E-05   4.7686777E+06   4.7686777E+06   6.3442632E+06   6.5235312E+03   3.7357716E+05   4.7687501E+06   4.7686777E+06   0.0000000E+00   0.0000000E+00   0.0000000E+00   0.0000000E+00   0.0000000E+00
   4.7352008E-05   4.7686681E+06   4.7686681E+06   6.3420902E+06   6.5221453E+03   3.7352979E+05   4.7687398E+06   4.7686681E+06   0.0000000E+00   0.0000000E+00   0.0000000E+00   0.0000000E+00   0.0000000E+00
   5.0884839E-05   4.7686569E+06   4.7686569E+06   6.3395816E+06   6.5205454E+03   3.7347511E+05   4.7687278E+06   4.7686569E+06   0.0000000E+00   0.0000000E+00   0.0000000E+00   0.0000000E+00   0.0000000E+00
   5.4681246E-05   4.7686441E+06   4.7686441E+06   6.3366860E+06   6.5186983E+03   3.7341201E+05   4.7687140E+06   4.7686441E+06   0.0000000E+00   0.0000000E+00   0.0000000E+00   0.0000000E+00   0.0000000E+00
   5.8760895E-05   4.7686293E+06   4.7686293E+06   6.3333437E+06   6.5165661E+03   3.7333920E+05   4.7686980E+06   4.7686293E+06   0.0000000E+00   0.0000000E+00   0.0000000E+00   0.0000000E+00   0.0000000E+00
   6.3144918E-05   4.7686121E+06   4.7686121E+06   6.3294862E+06   6.5141049E+03   3.7325520E+05   4.7686796E+06   4.7686121E+06   0.0000000E+00   0.0000000E+00   0.0000000E+00   0.0000000E+00   0.0000000E+00
   6.7856023E-05   4.7685923E+06   4.7685923E+06   6.3250344E+06   6.5112641E+03   3.7315830E+05   4.7686583E+06   4.7685923E+06   0.0000000E+00   0.0000000E+00   0.0000000E+00   0.0000000E+00   0.0000000E+00
   7.2918614E-05   4.7685695E+06   4.7685695E+06   6.3198973E+06   6.5079853E+03   3.7304653E+05   4.7686338E+06   4.7685695E+06   0.0000000E+00   0.0000000E+00   0.0000000E+00   0.0000000E+00   0.0000000E+00
   7.8358913E-05   4.7685431E+06   4.7685431E+06   6.3139700E+06   6.5042014E+03   3.7291766E+05   4.7686054E+06   4.7685431E+06   0.0000000E+00   0.0000000E+00   0.0000000E+00   0.0000000E+00   0.0000000E+00
   8.4205101E-05   4.7685127E+06   4.7685127E+06   6.3071319E+06   6.4998349E+03   3.7276907E+05   4.7685726E+06   4.7685127E+06   0.0000000E+00   0.0000000E+00   0.0000000E+00   0.0000000E+00   0.0000000E+00
   9.0487461E-05   4.7684775E+06   4.7684775E+06   6.2992442E+06   6.4947968E+03   3.7259782E+05   4.7685348E+06   4.7684775E+06   0.0000000E+00   0.0000000E+00   0.0000000E+00   0.0000000E+00   0.0000000E+00
   9.7238534E-05   4.7684369E+06   4.7684369E+06   6.2901474E+06   6.4889845E+03   3.7240048E+05   4.7684912E+06   4.7684369E+06   0.0000000E+00   0.0000000E+00   0.0000000E+00   0.0000000E+00   0.0000000E+00
   1.0449329E-04   4.7683901E+06   4.7683901E+06   6.2796581E+06   6.4822800E+03   3.7217318E+05   4.7684408E+06   4.7683901E+06   0.0000000E+00   0.0000000E+00   0.0000000E+00   0.0000000E+00   0.0000000E+00
   1.1228931E-04   4.7683360E+06   4.7683360E+06   6.2675662E+06   6.4745477E+03   3.7191146E+05   4.7683826E+06   4.7683360E+06   0.0000000E+00   0.0000000E+00   0.0000000E+00   0.0000000E+00   0.0000000E+00
   1.2066697E-04   4.7682735E+06   4.7682735E+06   6.2536303E+06   6.4656317E+03   3.7161024E+05   4.7683155E+06   4.7682735E+06   0.0000000E+00   0.0000000E+00   0.0000000E+00   0.0000000E+00   0.0000000E+00
   1.2966967E-04   4.7682014E+06   4.7682014E+06   6.2375742E+06   6.4553533E+03   3.7126374E+05   4.7682380E+06   4.7682014E+06   0.0000000E+00   0.0000000E+00   0.0000000E+00   0.0000000E+00   0.0000000E+00
   1.3934404E-04   4.7681183E+06   4.7681183E+06   6.2190821E+06   6.4435074E+03   3.7086541E+05   4.7681486E+06   4.7681183E+06   0.0000000E+00   0.0000000E+00   0.0000000E+00   0.0000000E+00   0.0000000E+00
   1.4974020E-04   4.7680223E+06   4.7680223E+06   6.1977929E+06   6.4298591E+03   3.7040781E+05   4.7680454E+06   4.7680223E+06   0.0000000E+00   0.0000000E+00   0.0000000E+00   0.0000000E+00   0.0000000E+00
   1.6091199E-04   4.7679115E+06   4.7679115E+06   6.1732954E+06   6.4141397E+03   3.6988254E+05   4.7679262E+06   4.7679115E+06   0.0000000E+00   0.0000000E+00   0.0000000E+00   0.0000000E+00   0.0000000E+00
   1.7291728E-04   4.7677837E+06   4.7677837E+06   6.1451215E+06   6.3960424E+03   3.6928016E+05   4.7677888E+06   4.7677837E+06   0.0000000E+00   0.0000000E+00   0.0000000E+00   0.0000000E+00   0.0000000E+00
   1.8581827E-04   4.7676362E+06   4.7676362E+06   6.1127401E+06   6.3752172E+03   3.6859010E+05   4.7676303E+06   4.7676362E+06   0.0000000E+00   0.0000000E+00   0.0000000E+00   0.0000000E+00   0.0000000E+00
   1.9968176E-04   4.7674661E+06   4.7674661E+06   6.0755500E+06   6.3512661E+03   3.6780059E+05   4.7674474E+06   4.7674661E+06   0.0000000E+00   0.0000000E+00   0.0000000E+00   0.0000000E+00   0.0000000E+00
   2.1457959E-04   4.7672699E+06   4.7672699E+06   6.0328735E+06   6.3237370E+03   3.6689861E+05   4.7672365E+06   4.7672699E+06   0.0000000E+00   0.0000000E+00   0.0000000E+00   0.0000000E+00   0.0000000E+00
   2.3058890E-04   4.7670437E+06   4.7670437E+06   5.9839492E+06   6.2921185E+03   3.6586989E+05   4.7669934E+06   4.7670437E+06   0.0000000E+00   0.0000000E+00   0.0000000E+00   0.0000000E+00   0.0000000E+00
   2.4779264E-04   4.7667829E+06   4.7667829E+06   5.9279263E+06   6.2558337E+03   3.6469890E+05   4.7667130E+06   4.7667829E+06   0.0000000E+00   0.0000000E+00   0.0000000E+00   0.0000000E+00   0.0000000E+00
   2.6627991E-04   4.7664823E+06   4.7664823E+06   5.8638590E+06   6.2142343E+03   3.6336899E+05   4.7663900E+06   4.7664823E+06   0.0000000E+00   0.0000000E+00   0.0000000E+00   0.0000000E+00   0.0000000E+00
   2.8614648E-04   4.7661359E+06   4.7661359E+06   5.7907037E+06   6.1665952E+03   3.6186259E+05   4.7660177E+06   4.7661359E+06   0.0000000E+00   0.0000000E+00   0.0000000E+00   0.0000000E+00   0.0000000E+00
   3.0749524E-04   4.7657369E+06   4.7657369E+06   5.7073184E+06   6.1121104E+03   3.6016151E+05   4.7655891E+06   4.7657369E+06   0.0000000E+00   0.0000000E+00   0.0000000E+00   0.0000000E+00   0.0000000E+00
   3.3043680E-04   4.7652776E+06   4.7652776E+06   5.6124665E+06   6.0498894E+03   3.5824745E+05   4.7650955E+06   4.7652776E+06   0.0000000E+00   0.0000000E+00   0.0000000E+00   0.0000000E+00   0.0000000E+00
   3.5508997E-04   4.7647489E+06   4.7647489E+06   5.5048265E+06   5.9789569E+03   3.5610269E+05   4.7645276E+06   4.7647489E+06   0.0000000E+00   0.0000000E+00   0.0000000E+00   0.0000000E+00   0.0000000E+00
   3.8158246E-04   4.7641407E+06   4.7641407E+06   5.3830093E+06   5.8982551E+03   3.5371112E+05   4.7638744E+06   4.7641407E+06   0.0000000E+00   0.0000000E+00   0.0000000E+00   0.0000000E+00   0.0000000E+00
   4.1005150E-04   4.7634416E+06   4.7634416E+06   5.2455867E+06   5.8066510E+03   3.5105948E+05   4.7631236E+06   4.7634416E+06   0.0000000E+00   0.0000000E+00   0.0000000E+00   0.0000000E+00   0.0000000E+00
   4.4064455E-04   4.7626382E+06   4.7626382E+06   5.0911328E+06   5.7029506E+03   3.4813904E+05   4.7622612E+06   4.7626382E+06   0.0000000E+00   0.0000000E+00   0.0000000E+00   0.0000000E+00   0.0000000E+00
   4.7352008E-04   4.7617160E+06   4.7617160E+06   4.9182834E+06   5.5859201E+03   3.4494769E+05   4.7612714E+06   4.7617160E+06   0.0000000E+00   0.0000000E+00   0.0000000E+00   0.0000000E+00   0.0000000E+00
   5.0884839E-04   4.7606581E+06   4.7606581E+06   4.7258156E+06   5.4543198E+03   3.4149237E+05   4.7601363E+06   4.7606581E+06   0.0000000E+00   0.0000000E+00   0.0000000E+00   0.0000000E+00   0.0000000E+00
   5.4681246E-04   4.7594457E+06   4.7594457E+06   4.5127527E+06   5.3069504E+03   3.3779184E+05   4.7588360E+06   4.7594457E+06   0.0000000E+00   0.0000000E+00   0.0000000E+00   0.0000000E+00   0.0000000E+00
   5.8760895E-04   4.7580578E+06   4.7580578E+06   4.2784965E+06   5.1427155E+03   3.3387965E+05   4.7573481E+06   4.7580578E+06   0.0000000E+00   0.0000000E+00   0.0000000E+00   0.0000000E+00   0.0000000E+00
   6.3144918E-04   4.7564709E+06   4.7564709E+06   4.0229890E+06   4.9607042E+03   3.2980688E+05   4.7556476E+06   4.7564709E+06   0.0000000E+00   0.0000000E+00   0.0000000E+00   0.0000000E+00   0.0000000E+00
   6.7856023E-04   4.7546588E+06   4.7546588E+06   3.7469014E+06   4.7602938E+03   3.2564416E+05   4.7537071E+06   4.7546588E+06   0.0000000E+00   0.0000000E+00   0.0000000E+00   0.0000000E+00   0.0000000E+00
   7.2918614E-04   4.7525929E+06   4.7525929E+06   3.4518444E+06   4.5412742E+03   3.2148217E+05   4.7514961E+06   4.7525929E+06   0.0000000E+00   0.0000000E+00   0.0000000E+00   0.0000000E+00   0.0000000E+00
   7.8358913E-04   4.7502413E+06   4.7502413E+06   3.1405841E+06   4.3039913E+03   3.1742937E+05   4.7489815E+06   4.7502413E+06   0.0000000E+00   0.0000000E+00   0.0000000E+00   0.0000000E+00   0.0000000E+00
   8.4205101E-04   4.7475695E+06   4.7475695E+06   2.8172402E+06   4.0495045E+03   3.1360557E+05   4.7461272E+06   4.7475695E+06   0.0000000E+00   0.0000000E+00   0.0000000E+00   0.0000000E+00   0.0000000E+00
   9.0487461E-04   4.7445399E+06   4.7445399E+06   2.4874271E+06   3.7797430E+03   3.1012953E+05   4.7428941E+06   4.7445399E+06   0.0000000E+00   0.0000000E+00   0.0000000E+00   0.0000000E+00   0.0000000E+00
   9.7238534E-04   4.7411119E+06   4.7411119E+06   2.1582826E+06   3.4976445E+03   3.0709895E+05   4.7392404E+06   4.7411119E+06   0.0000000E+00   0.0000000E+00   0.0000000E+00   0.0000000E+00   0.0000000E+00
   1.0449329E-03   4.7372419E+06   4.7372419E+06   1.8383176E+06   3.2072426E+03   3.0456213E+05   4.7351217E+06   4.7372419E+06   0.0000000E+00   0.0000000E+00   0.0000000E+00   0.0000000E+00   0.0000000E+00
   1.1228931E-03   4.7328831E+06   4.7328831E+06   1.5370088E+06   2.9136668E+03   3.0248193E+05   4.7304910E+06   4.7328831E+06   0.0000000E+00   0.0000000E+00   0.0000000E+00   0.0000000E+00   0.0000000E+00
   1.2066697E-03   4.7279859E+06   4.7279859E+06   1.2640649E+06   2.6230059E+03   3.0069647E+05   4.7252985E+06   4.7279859E+06   0.0000000E+00   0.0000000E+00   0.0000000E+00   0.0000000E+00   0.0000000E+00
   1.2966967E-03   4.7224973E+06   4.7224973E+06   1.0283347E+06   2.3419881E+03   2.9888563E+05   4.7194922E+06   4.7224973E+06   0.0000000E+00   0.0000000E+00   0.0000000E+00   0.0000000E+00   0.0000000E+00
   1.3934404E-03   4.7163608E+06   4.7163608E+06   8.3640157E+05   2.0774461E+03   2.9655914E+05   4.7130175E+06   4.7163608E+06   0.0000000E+00   0.0000000E+00   0.0000000E+00   0.0000000E+00   0.0000000E+00
   1.4974020E-03   4.7095159E+06   4.7095159E+06   6.9104093E+05   1.8355679E+03   2.9308766E+05   4.7058166E+06   4.7095159E+06   0.0000000E+00   0.0000000E+00   0.0000000E+00   0.0000000E+00   0.0000000E+00
   1.6091199E-03   4.7018978E+06   4.7018978E+06   5.8989196E+05   1.6210005E+03   2.8779997E+05   4.6978285E+06   4.7018978E+06   0.0000000E+00   0.0000000E+00   0.0000000E+00   0.0000000E+00   0.0000000E+00
   1.7291728E-03   4.6934364E+06   4.6934364E+06   5.2487110E+05   1.4359619E+03   2.8015902E+05   4.6889877E+06   4.6934364E+06   0.0000000E+00   0.0000000E+00   0.0000000E+00   0.0000000E+00   0.0000000E+00
   1.8581827E-03   4.6840559E+06   4.6840559E+06   4.8293750E+05   1.2796164E+03   2.7000097E+05   4.6792242E+06   4.6840559E+06   0.0000000E+00   0.0000000E+00   0.0000000E+00   0.0000000E+00   0.0000000E+00
   1.9968176E-03   4.6736747E+06   4.6736747E+06   4.4865794E+05   1.1480264E+03   2.5776943E+05   4.6684620E+06   4.6736747E+06   0.0000000E+00   0.0000000E+00   0.0000000E+00   0.0000000E+00   0.0000000E+00
   2.1457959E-03   4.6622058E+06   4.6622058E+06   4.0845334E+05   1.0349553E+03   2.4461387E+05   4.6566199E+06   4.6622058E+06   0.0000000E+00   0.0000000E+00   0.0000000E+00   0.0000000E+00   0.0000000E+00
   2.3058890E-03   4.6495581E+06   4.6495581E+06   3.5541032E+05   9.3356081E+02   2.3218713E+05   4.6436112E+06   4.6495581E+06   0.0000000E+00   0.0000000E+00   0.0000000E+00   0.0000000E+00   0.0000000E+00
   2.4779264E-03   4.6356373E+06   4.6356373E+06   2.9242089E+05   8.3858965E+02   2.2204159E+05   4.6293452E+06   4.6356373E+06   0.0000000E+00   0.0000000E+00   0.0000000E+00   0.0000000E+00   0.0000000E+00
   2.6627991E-03   4.6203485E+06   4.6203485E+06   2.3100257E+05   7.4817094E+02   2.1475748E+05   4.6137276E+06   4.6203485E+06   0.0000000E+00   0.0000000E+00   0.0000000E+00   0.0000000E+00   0.0000000E+00
   2.8614648E-03   4.6035955E+06   4.6035955E+06   1.8460507E+05   6.6406622E+02   2.0930345E+05   4.5966611E+06   4.6035955E+06   0.0000000E+00   0.0000000E+00   0.0000000E+00   0.0000000E+00   0.0000000E+00
   3.0749524E-03   4.5852799E+06   4.5852799E+06   1.5902896E+05   5.8973995E+02   2.0336063E+05   4.5780441E+06   4.5852799E+06   0.0000000E+00   0.0000000E+00   0.0000000E+00   0.0000000E+00   0.0000000E+00
   3.3043680E-03   4.5652984E+06   4.5652984E+06   1.4693261E+05   5.2705417E+02   1.9494387E+05   4.5577690E+06   4.5652984E+06   0.0000000E+00   0.0000000E+00   0.0000000E+00   0.0000000E+00   0.0000000E+00
   3.5508997E-03   4.5435396E+06   4.5435396E+06   1.3338916E+05   4.7402327E+02   1.8436902E+05   4.5357212E+06   4.5435396E+06   0.0000000E+00   0.0000000E+00   0.0000000E+00   0.0000000E+00   0.0000000E+00
   3.8158246E-03   4.5198851E+06   4.5198851E+06   1.1060408E+05   4.2607383E+02   1.7433943E+05   4.5117803E+06   4.5198851E+06   0.0000000E+00   0.0000000E+00   0.0000000E+00   0.0000000E+00   0.0000000E+00
   4.1005150E-03   4.4942116E+06   4.4942116E+06   8.6812296E+04   3.8024597E+02   1.6690898E+05   4.4858236E+06   4.4942116E+06   0.0000000E+00   0.0000000E+00   0.0000000E+00   0.0000000E+00   0.0000000E+00
   4.4064455E-03   4.4663936E+06   4.4663936E+06   7.4856129E+04   3.3774862E+02   1.6029263E+05   4.4577278E+06   4.4663936E+06   0.0000000E+00   0.0000000E+00   0.0000000E+00   0.0000000E+00   0.0000000E+00
   4.7352008E-03   4.4363020E+06   4.4363020E+06   7.1858749E+04   3.0102289E+02   1.5104225E+05   4.4273675E+06   4.4363020E+06   0.0000000E+00   0.0000000E+00   0.0000000E+00   0.0000000E+00   0.0000000E+00
   5.0884839E-03   4.4038023E+06   4.4038023E+06   6.3118801E+04   2.6909199E+02   1.4016952E+05   4.3946120E+06   4.4038023E+06   0.0000000E+00   0.0000000E+00   0.0000000E+00   0.0000000E+00   0.0000000E+00
   5.4681246E-03   4.3687564E+06   4.3687564E+06   4.9179674E+04   2.3906716E+02   1.3197648E+05   4.3593273E+06   4.3687564E+06   0.0000000E+00   0.0000000E+00   0.0000000E+00   0.0000000E+00   0.0000000E+00
   5.8760895E-03   4.3310267E+06   4.3310267E+06   4.3261939E+04   2.1129838E+02   1.2514014E+05   4.3213799E+06   4.3310267E+06   0.0000000E+00   0.0000000E+00   0.0000000E+00   0.0000000E+00   0.0000000E+00
   6.3144918E-03   4.2904758E+06   4.2904758E+06   3.9721383E+04   1.8734807E+02   1.1590145E+05   4.2806341E+06   4.2904758E+06   0.0000000E+00   0.0000000E+00   0.0000000E+00   0.0000000E+00   0.0000000E+00
   6.7856023E-03   4.2469601E+06   4.2469601E+06   3.0340227E+04   1.6567454E+02   1.0814665E+05   4.2369430E+06   4.2469601E+06   0.0000000E+00   0.0000000E+00   0.0000000E+00   0.0000000E+00   0.0000000E+00
   7.2918614E-03   4.2003313E+06   4.2003313E+06   2.7052997E+04   1.4586565E+02   1.0189590E+05   4.1901542E+06   4.2003313E+06   0.0000000E+00   0.0000000E+00   0.0000000E+00   0.0000000E+00   0.0000000E+00
   7.8358913E-03   4.1504382E+06   4.1504382E+06   2.4192807E+04   1.2866076E+02   9.3131251E+04   4.1401198E+06   4.1504382E+06   0.0000000E+00   0.0000000E+00   0.0000000E+00   0.0000000E+00   0.0000000E+00
   8.4205101E-03   4.0971277E+06   4.0971277E+06   1.9190356E+04   1.1265717E+02   8.7016501E+04   4.0866973E+06   4.0971277E+06   0.0000000E+00   0.0000000E+00   0.0000000E+00   0.0000000E+00   0.0000000E+00
   9.0487461E-03   4.0402490E+06   4.0402490E+06   1.8151227E+04   9.8755988E+01   7.9685997E+04   4.0297378E+06   4.0402490E+06   0.0000000E+00   0.0000000E+00   0.0000000E+00   0.0000000E+00   0.0000000E+00
   9.7238534E-03   3.9796478E+06   3.9796478E+06   1.3744038E+04   8.6348254E+01   7.3731885E+04   3.9690780E+06   3.9796478E+06   0.0000000E+00   0.0000000E+00   0.0000000E+00   0.0000000E+00   0.0000000E+00
   1.0449329E-02   3.9151671E+06   3.9151671E+06   1.2897732E+04   7.5282582E+01   6.7245817E+04   3.9045625E+06   3.9151671E+06   0.0000000E+00   0.0000000E+00   0.0000000E+00   0.0000000E+00   0.0000000E+00
   1.1228931E-02   3.8466515E+06   3.8466515E+06   1.0240155E+04   6.5362021E+01   6.2182655E+04   3.8360436E+06   3.8466515E+06   0.0000000E+00   0.0000000E+00   0.0000000E+00   0.0000000E+00   0.0000000E+00
   1.2066697E-02   3.7739490E+06   3.7739490E+06   8.9424664E+03   5.6780648E+01   5.6012104E+04   3.7633657E+06   3.7739490E+06   0.0000000E+00   0.0000000E+00   0.0000000E+00   0.0000000E+00   0.0000000E+00
   1.2966967E-02   3.6969115E+06   3.6969115E+06   7.9335348E+03   4.9063429E+01   5.1356452E+04   3.6863804E+06   3.6969115E+06   0.0000000E+00   0.0000000E+00   0.0000000E+00   0.0000000E+00   0.0000000E+00
   1.3934404E-02   3.6154026E+06   3.6154026E+06   6.2140736E+03   4.2296604E+01   4.6835994E+04   3.6049542E+06   3.6154026E+06   0.0000000E+00   0.0000000E+00   0.0000000E+00   0.0000000E+00   0.0000000E+00
   1.4974020E-02   3.5293007E+06   3.5293007E+06   5.2281038E+03   3.6402650E+01   4.2065513E+04   3.5189642E+06   3.5293007E+06   0.0000000E+00   0.0000000E+00   0.0000000E+00   0.0000000E+00   0.0000000E+00
   1.6091199E-02   3.4385084E+06   3.4385084E+06   4.5879453E+03   3.1212026E+01   3.7812114E+04   3.4283117E+06   3.4385084E+06   0.0000000E+00   0.0000000E+00   0.0000000E+00   0.0000000E+00   0.0000000E+00
   1.7291728E-02   3.3429635E+06   3.3429635E+06   3.9635256E+03   2.6673025E+01   3.4147047E+04   3.3329378E+06   3.3429635E+06   0.0000000E+00   0.0000000E+00   0.0000000E+00   0.0000000E+00   0.0000000E+00
   1.8581827E-02   3.2426535E+06   3.2426535E+06   3.3540739E+03   2.2718274E+01   3.0677631E+04   3.2328256E+06   3.2426535E+06   0.0000000E+00   0.0000000E+00   0.0000000E+00   0.0000000E+00   0.0000000E+00
   1.9968176E-02   3.1376324E+06   3.1376324E+06   2.7773293E+03   1.9293369E+01   2.7477964E+04   3.1280314E+06   3.1376324E+06   0.0000000E+00   0.0000000E+00   0.0000000E+00   0.0000000E+00   0.0000000E+00
   2.1457957E-02   3.0280433E+06   3.0280433E+06   2.2824942E+03   1.6320753E+01   2.4533797E+04   3.0186958E+06   3.0280433E+06   0.0000000E+00   0.0000000E+00   0.0000000E+00   0.0000000E+00   0.0000000E+00
   2.3058882E-02   2.9141435E+06   2.9141435E+06   1.8532902E+03   1.3759769E+01   2.1921174E+04   2.9050749E+06   2.9141435E+06   0.0000000E+00   0.0000000E+00   0.0000000E+00   0.0000000E+00   0.0000000E+00
   2.4779215E-02   2.7963332E+06   2.7963332E+06   1.5653372E+03   1.1554105E+01   1.9543551E+04   2.7875673E+06   2.7963332E+06   0.0000000E+00   0.0000000E+00   0.0000000E+00   0.0000000E+00   0.0000000E+00
   2.6627750E-02   2.6751883E+06   2.6751883E+06   1.2973498E+03   9.6680341E+00   1.7282302E+04   2.6667458E+06   2.6751883E+06   0.0000000E+00   0.0000000E+00   0.0000000E+00   0.0000000E+00   0.0000000E+00
   2.8613628E-02   2.5514990E+06   2.5514990E+06   1.0810310E+03   8.0596870E+00   1.5336279E+04   2.5433977E+06   2.5514990E+06   0.0000000E+00   0.0000000E+00   0.0000000E+00   0.0000000E+00   0.0000000E+00
   3.0745740E-02   2.4263183E+06   2.4263183E+06   8.6591359E+02   6.6952475E+00   1.3531637E+04   2.4185720E+06   2.4263183E+06   0.0000000E+00   0.0000000E+00   0.0000000E+00   0.0000000E+00   0.0000000E+00
   3.3031263E-02   2.3010260E+06   2.3010260E+06   7.3077966E+02   5.5443915E+00   1.1916076E+04   2.2936432E+06   2.3010260E+06   0.0000000E+00   0.0000000E+00   0.0000000E+00   0.0000000E+00   0.0000000E+00
   3.5472724E-02   2.1773964E+06   2.1773964E+06   6.1105341E+02   4.5806012E+00   1.0545459E+04   2.1703789E+06   2.1773964E+06   0.0000000E+00   0.0000000E+00   0.0000000E+00   0.0000000E+00   0.0000000E+00
   3.8063467E-02   2.0576164E+06   2.0576164E+06   5.0119465E+02   3.7820804E+00   9.3381419E+03   2.0509583E+06   2.0576164E+06   0.0000000E+00   0.0000000E+00   0.0000000E+00   0.0000000E+00   0.0000000E+00
   4.0782964E-02   1.9441412E+06   1.9441412E+06   4.1326117E+02   3.1287238E+00   8.2804577E+03   1.9378281E+06   1.9441412E+06   0.0000000E+00   0.0000000E+00   0.0000000E+00   0.0000000E+00   0.0000000E+00
   4.3595855E-02   1.8392855E+06   1.8392855E+06   3.4245521E+02   2.6013715E+00   7.3690571E+03   1.8332943E+06   1.8392855E+06   0.0000000E+00   0.0000000E+00   0.0000000E+00   0.0000000E+00   0.0000000E+00
   4.6458458E-02   1.7446347E+06   1.7446347E+06   2.8252732E+02   2.1797720E+00   6.6080224E+03   1.7389366E+06   1.7446347E+06   0.0000000E+00   0.0000000E+00   0.0000000E+00   0.0000000E+00   0.0000000E+00
   4.9330810E-02   1.6606257E+06   1.6606257E+06   2.3323983E+02   1.8446559E+00   5.9865397E+03   1.6551895E+06   1.6606257E+06   0.0000000E+00   0.0000000E+00   0.0000000E+00   0.0000000E+00   0.0000000E+00
   5.2186333E-02   1.5865857E+06   1.5865857E+06   1.9585578E+02   1.5774094E+00   5.4812016E+03   1.5813816E+06   1.5865857E+06   0.0000000E+00   0.0000000E+00   0.0000000E+00   0.0000000E+00   0.0000000E+00
   5.5013862E-02   1.5211320E+06   1.5211320E+06   1.6830472E+02   1.3624994E+00   5.0599816E+03   1.5161342E+06   1.5211320E+06   0.0000000E+00   0.0000000E+00   0.0000000E+00   0.0000000E+00   0.0000000E+00
   5.7813952E-02   1.4626180E+06   1.4626180E+06   1.4720756E+02   1.1873317E+00   4.7002822E+03   1.4578053E+06   1.4626180E+06   0.0000000E+00   0.0000000E+00   0.0000000E+00   0.0000000E+00   0.0000000E+00
   6.0593906E-02   1.4094333E+06   1.4094333E+06   1.3018020E+02   1.0423081E+00   4.3883269E+03   1.4047897E+06   1.4094333E+06   0.0000000E+00   0.0000000E+00   0.0000000E+00   0.0000000E+00   0.0000000E+00
   6.3364009E-02   1.3601489E+06   1.3601489E+06   1.1595204E+02   9.2049242E-01   4.1116381E+03   1.3556625E+06   1.3601489E+06   0.0000000E+00   0.0000000E+00   0.0000000E+00   0.0000000E+00   0.0000000E+00
   6.6135318E-02   1.3135673E+06   1.3135673E+06   1.0383503E+02   8.1661710E-01   3.8637023E+03   1.3092302E+06   1.3135673E+06   0.0000000E+00   0.0000000E+00   0.0000000E+00   0.0000000E+00   0.0000000E+00
   6.8918593E-02   1.2687297E+06   1.2687297E+06   9.3316346E+01   7.2695910E-01   3.6363267E+03   1.2645367E+06   1.2687297E+06   0.0000000E+00   0.0000000E+00   0.0000000E+00   0.0000000E+00   0.0000000E+00
   7.1723864E-02   1.2249076E+06   1.2249076E+06   8.3714174E+01   6.4870457E-01   3.4237394E+03   1.2208561E+06   1.2249076E+06   0.0000000E+00   0.0000000E+00   0.0000000E+00   0.0000000E+00   0.0000000E+00
   7.4560334E-02   1.1815922E+06   1.1815922E+06   7.4264335E+01   5.7977047E-01   3.2253367E+03   1.1776811E+06   1.1815922E+06   0.0000000E+00   0.0000000E+00   0.0000000E+00   0.0000000E+00   0.0000000E+00
   7.7436421E-02   1.1384833E+06   1.1384833E+06   6.5196232E+01   5.1865105E-01   3.0439449E+03   1.1347122E+06   1.1384833E+06   0.0000000E+00   0.0000000E+00   0.0000000E+00   0.0000000E+00   0.0000000E+00
   8.0359860E-02   1.0954760E+06   1.0954760E+06   5.8003903E+01   4.6414800E-01   2.8790963E+03   1.0918451E+06   1.0954760E+06   0.0000000E+00   0.0000000E+00   0.0000000E+00   0.0000000E+00   0.0000000E+00
   8.3337822E-02   1.0526450E+06   1.0526450E+06   5.2842418E+01   4.1545437E-01   2.7168695E+03   1.0491540E+06   1.0526450E+06   0.0000000E+00   0.0000000E+00   0.0000000E+00   0.0000000E+00   0.0000000E+00
   8.6377017E-02   1.0102211E+06   1.0102211E+06   4.6909096E+01   3.7186566E-01   2.5554254E+03   1.0068690E+06   1.0102211E+06   0.0000000E+00   0.0000000E+00   0.0000000E+00   0.0000000E+00   0.0000000E+00
   8.9483795E-02   9.6856022E+05   9.6856022E+05   4.0418982E+01   3.3283793E-01   2.4146698E+03   9.6534468E+05   9.6856022E+05   0.0000000E+00   0.0000000E+00   0.0000000E+00   0.0000000E+00   0.0000000E+00
   9.2664223E-02   9.2810189E+05   9.2810189E+05   3.7564508E+01   2.9794066E-01   2.2845376E+03   9.2501922E+05   9.2810189E+05   0.0000000E+00   0.0000000E+00   0.0000000E+00   0.0000000E+00   0.0000000E+00
   9.5924157E-02   8.8931905E+05   8.8931905E+05   3.3164393E+01   2.6685889E-01   2.1479111E+03   8.8636391E+05   8.8931905E+05   0.0000000E+00   0.0000000E+00   0.0000000E+00   0.0000000E+00   0.0000000E+00
   9.9269298E-02   8.5266030E+05   8.5266030E+05   2.9635020E+01   2.3921413E-01   2.0405170E+03   8.4982581E+05   8.5266030E+05   0.0000000E+00   0.0000000E+00   0.0000000E+00   0.0000000E+00   0.0000000E+00
   1.0270523E-01   8.1848909E+05   8.1848909E+05   2.6457965E+01   2.1472455E-01   1.9247059E+03   8.1576715E+05   8.1848909E+05   0.0000000E+00   0.0000000E+00   0.0000000E+00   0.0000000E+00   0.0000000E+00
   1.0623748E-01   7.8702585E+05   7.8702585E+05   2.4450641E+01   1.9304482E-01   1.8342182E+03   7.8440760E+05   7.8702585E+05   0.0000000E+00   0.0000000E+00   0.0000000E+00   0.0000000E+00   0.0000000E+00
   1.0987152E-01   7.5830095E+05   7.5830095E+05   2.1100318E+01   1.7390134E-01   1.7467995E+03   7.5577741E+05   7.5830095E+05   0.0000000E+00   0.0000000E+00   0.0000000E+00   0.0000000E+00   0.0000000E+00
   1.1361281E-01   7.3212697E+05   7.3212697E+05   1.9114849E+01   1.5695623E-01   1.6629686E+03   7.2968976E+05   7.3212697E+05   0.0000000E+00   0.0000000E+00   0.0000000E+00   0.0000000E+00   0.0000000E+00
   1.1746681E-01   7.0809871E+05   7.0809871E+05   1.7670997E+01   1.4190953E-01   1.5905632E+03   7.0574079E+05   7.0809871E+05   0.0000000E+00   0.0000000E+00   0.0000000E+00   0.0000000E+00   0.0000000E+00
   1.2143900E-01   6.8562675E+05   6.8562675E+05   1.6092477E+01   1.2845002E-01   1.5252034E+03   6.8334302E+05   6.8562675E+05   0.0000000E+00   0.0000000E+00   0.0000000E+00   0.0000000E+00   0.0000000E+00
   1.2553489E-01   6.6400645E+05   6.6400645E+05   1.4452596E+01   1.1632475E-01   1.4635338E+03   6.6179415E+05   6.6400645E+05   0.0000000E+00   0.0000000E+00   0.0000000E+00   0.0000000E+00   0.0000000E+00
   1.2976005E-01   6.4251756E+05   6.4251756E+05   1.3004825E+01   1.0529255E-01   1.4050643E+03   6.4037633E+05   6.4251756E+05   0.0000000E+00   0.0000000E+00   0.0000000E+00   0.0000000E+00   0.0000000E+00
   1.3412006E-01   6.2054232E+05   6.2054232E+05   1.1907965E+01   9.5175303E-02   1.3454881E+03   6.1847384E+05   6.2054232E+05   0.0000000E+00   0.0000000E+00   0.0000000E+00   0.0000000E+00   0.0000000E+00
   1.3862060E-01   5.9768232E+05   5.9768232E+05   1.0548282E+01   8.5848504E-02   1.2841660E+03   5.9568960E+05   5.9768232E+05   0.0000000E+00   0.0000000E+00   0.0000000E+00   0.0000000E+00   0.0000000E+00
   1.4326739E-01   5.7384872E+05   5.7384872E+05   9.6648897E+00   7.7233941E-02   1.2260142E+03   5.7193507E+05   5.7384872E+05   0.0000000E+00   0.0000000E+00   0.0000000E+00   0.0000000E+00   0.0000000E+00
   1.4806623E-01   5.4930000E+05   5.4930000E+05   8.4881844E+00   6.9309743E-02   1.1618599E+03   5.4746786E+05   5.4930000E+05   0.0000000E+00   0.0000000E+00   0.0000000E+00   0.0000000E+00   0.0000000E+00
   1.5302298E-01   5.2460701E+05   5.2460701E+05   7.8398609E+00   6.2068629E-02   1.1030449E+03   5.2285691E+05   5.2460701E+05   0.0000000E+00   0.0000000E+00   0.0000000E+00   0.0000000E+00   0.0000000E+00
   1.5814358E-01   5.0053899E+05   5.0053899E+05   6.9169997E+00   5.5529194E-02   1.0467190E+03   4.9886889E+05   5.0053899E+05   0.0000000E+00   0.0000000E+00   0.0000000E+00   0.0000000E+00   0.0000000E+00
   1.6343408E-01   4.7788462E+05   4.7788462E+05   6.1310912E+00   4.9693464E-02   9.9307366E+02   4.7628984E+05   4.7788462E+05   0.0000000E+00   0.0000000E+00   0.0000000E+00   0.0000000E+00   0.0000000E+00
   1.6890059E-01   4.5724512E+05   4.5724512E+05   5.5308143E+00   4.4541350E-02   9.4445229E+02   4.5571900E+05   4.5724512E+05   0.0000000E+00   0.0000000E+00   0.0000000E+00   0.0000000E+00   0.0000000E+00
   1.7454934E-01   4.3885484E+05   4.3885484E+05   5.0189981E+00   4.0020584E-02   9.0019122E+02   4.3738988E+05   4.3885484E+05   0.0000000E+00   0.0000000E+00   0.0000000E+00   0.0000000E+00   0.0000000E+00
   1.8038667E-01   4.2248996E+05   4.2248996E+05   4.4228655E+00   3.6048276E-02   8.6192094E+02   4.2107943E+05   4.2248996E+05   0.0000000E+00   0.0000000E+00   0.0000000E+00   0.0000000E+00   0.0000000E+00
   1.8641906E-01   4.0751131E+05   4.0751131E+05   4.0266530E+00   3.2523729E-02   8.2714996E+02   4.0615062E+05   4.0751131E+05   0.0000000E+00   0.0000000E+00   0.0000000E+00   0.0000000E+00   0.0000000E+00
   1.9265312E-01   3.9304957E+05   3.9304957E+05   3.6637803E+00   2.9346227E-02   7.9452066E+02   3.9173701E+05   3.9304957E+05   0.0000000E+00   0.0000000E+00   0.0000000E+00   0.0000000E+00   0.0000000E+00
   1.9909565E-01   3.7828951E+05   3.7828951E+05   3.2431250E+00   2.6436066E-02   7.6128320E+02   3.7702610E+05   3.7828951E+05   0.0000000E+00   0.0000000E+00   0.0000000E+00   0.0000000E+00   0.0000000E+00
   2.0575362E-01   3.6276039E+05   3.6276039E+05   2.9035845E+00   2.3743745E-02   7.2665684E+02   3.6154871E+05   3.6276039E+05   0.0000000E+00   0.0000000E+00   0.0000000E+00   0.0000000E+00   0.0000000E+00
   2.1263424E-01   3.4651639E+05   3.4651639E+05   2.6131013E+00   2.1255088E-02   6.9152395E+02   3.4535885E+05   3.4651639E+05   0.0000000E+00   0.0000000E+00   0.0000000E+00   0.0000000E+00   0.0000000E+00
   2.1974498E-01   3.3011507E+05   3.3011507E+05   2.3727981E+00   1.8982323E-02   6.5597324E+02   3.2901222E+05   3.3011507E+05   0.0000000E+00   0.0000000E+00   0.0000000E+00   0.0000000E+00   0.0000000E+00
   2.2709362E-01   3.1437613E+05   3.1437613E+05   2.0703643E+00   1.6943356E-02   6.2219601E+02   3.1332576E+05   3.1437613E+05   0.0000000E+00   0.0000000E+00   0.0000000E+00   0.0000000E+00   0.0000000E+00
   2.3468828E-01   3.0000599E+05   3.0000599E+05   1.8719887E+00   1.5145859E-02   5.9173792E+02   2.9900355E+05   3.0000599E+05   0.0000000E+00   0.0000000E+00   0.0000000E+00   0.0000000E+00   0.0000000E+00
   2.4253749E-01   2.8725808E+05   2.8725808E+05   1.6703426E+00   1.3575330E-02   5.6473885E+02   2.8629816E+05   2.8725808E+05   0.0000000E+00   0.0000000E+00   0.0000000E+00   0.0000000E+00   0.0000000E+00
   2.5065027E-01   2.7580895E+05   2.7580895E+05   1.4983445E+00   1.2195597E-02   5.4049984E+02   2.7488723E+05   2.7580895E+05   0.0000000E+00   0.0000000E+00   0.0000000E+00   0.0000000E+00   0.0000000E+00
   2.5903618E-01   2.6493929E+05   2.6493929E+05   1.3426913E+00   1.0961469E-02   5.1790325E+02   2.6405382E+05   2.6493929E+05   0.0000000E+00   0.0000000E+00   0.0000000E+00   0.0000000E+00   0.0000000E+00
   2.6770541E-01   2.5394231E+05   2.5394231E+05   1.2246021E+00   9.8349927E-03   4.9506884E+02   2.5309355E+05   2.5394231E+05   0.0000000E+00   0.0000000E+00   0.0000000E+00   0.0000000E+00   0.0000000E+00
   2.7666891E-01   2.4253017E+05   2.4253017E+05   1.0819455E+00   8.7977747E-03   4.7169560E+02   2.4171950E+05   2.4253017E+05   0.0000000E+00   0.0000000E+00   0.0000000E+00   0.0000000E+00   0.0000000E+00
   2.8593844E-01   2.3097880E+05   2.3097880E+05   9.6652106E-01   7.8501346E-03   4.4807450E+02   2.3020669E+05   2.3097880E+05   0.0000000E+00   0.0000000E+00   0.0000000E+00   0.0000000E+00   0.0000000E+00
   2.9552676E-01   2.1989891E+05   2.1989891E+05   8.6556651E-01   7.0008815E-03   4.2553067E+02   2.1916380E+05   2.1989891E+05   0.0000000E+00   0.0000000E+00   0.0000000E+00   0.0000000E+00   0.0000000E+00
   3.0544776E-01   2.0977717E+05   2.0977717E+05   7.6696560E-01   6.2525253E-03   4.0505854E+02   2.0907586E+05   2.0977717E+05   0.0000000E+00   0.0000000E+00   0.0000000E+00   0.0000000E+00   0.0000000E+00
   3.1571663E-01   2.0062083E+05   2.0062083E+05   6.9346342E-01   5.5949884E-03   3.8661401E+02   1.9995010E+05   2.0062083E+05   0.0000000E+00   0.0000000E+00   0.0000000E+00   0.0000000E+00   0.0000000E+00
   3.2635005E-01   1.9198791E+05   1.9198791E+05   6.2100639E-01   5.0089435E-03   3.6930738E+02   1.9134601E+05   1.9198791E+05   0.0000000E+00   0.0000000E+00   0.0000000E+00   0.0000000E+00   0.0000000E+00
   3.3736646E-01   1.8338415E+05   1.8338415E+05   5.5284342E-01   4.4768015E-03   3.5208463E+02   1.8277099E+05   1.8338415E+05   0.0000000E+00   0.0000000E+00   0.0000000E+00   0.0000000E+00   0.0000000E+00
   3.4878632E-01   1.7468244E+05   1.7468244E+05   4.9319355E-01   3.9912346E-03   3.3481347E+02   1.7409835E+05   1.7468244E+05   0.0000000E+00   0.0000000E+00   0.0000000E+00   0.0000000E+00   0.0000000E+00
   3.6063242E-01   1.6617780E+05   1.6617780E+05   4.3887503E-01   3.5528600E-03   3.1805894E+02   1.6562213E+05   1.6617780E+05   0.0000000E+00   0.0000000E+00   0.0000000E+00   0.0000000E+00   0.0000000E+00
   3.7293032E-01   1.5823022E+05   1.5823022E+05   3.9118248E-01   3.1638843E-03   3.0236328E+02   1.5770111E+05   1.5823022E+05   0.0000000E+00   0.0000000E+00   0.0000000E+00   0.0000000E+00   0.0000000E+00
   3.8570879E-01   1.5087375E+05   1.5087375E+05   3.4709390E-01   2.8196729E-03   2.8787231E+02   1.5036922E+05   1.5087375E+05   0.0000000E+00   0.0000000E+00   0.0000000E+00   0.0000000E+00   0.0000000E+00
   3.9900041E-01   1.4381838E+05   1.4381838E+05   3.0979990E-01   2.5113522E-03   2.7404248E+02   1.4333743E+05   1.4381838E+05   0.0000000E+00   0.0000000E+00   0.0000000E+00   0.0000000E+00   0.0000000E+00
   4.1284227E-01   1.3682288E+05   1.3682288E+05   2.7577121E-01   2.2319078E-03   2.6035926E+02   1.3636531E+05   1.3682288E+05   0.0000000E+00   0.0000000E+00   0.0000000E+00   0.0000000E+00   0.0000000E+00
   4.2727682E-01   1.2996106E+05   1.2996106E+05   2.4408573E-01   1.9795517E-03   2.4703799E+02   1.2952643E+05   1.2996106E+05   0.0000000E+00   0.0000000E+00   0.0000000E+00   0.0000000E+00   0.0000000E+00
   4.4235295E-01   1.2344540E+05   1.2344540E+05   2.1645452E-01   1.7544342E-03   2.3438556E+02   1.2303254E+05   1.2344540E+05   0.0000000E+00   0.0000000E+00   0.0000000E+00   0.0000000E+00   0.0000000E+00
   4.5812734E-01   1.1728908E+05   1.1728908E+05   1.9171030E-01   1.5540454E-03   2.2244490E+02   1.1689680E+05   1.1728908E+05   0.0000000E+00   0.0000000E+00   0.0000000E+00   0.0000000E+00   0.0000000E+00
   4.7466615E-01   1.1131486E+05   1.1131486E+05   1.6931430E-01   1.3738748E-03   2.1089743E+02   1.1094256E+05   1.1131486E+05   0.0000000E+00   0.0000000E+00   0.0000000E+00   0.0000000E+00   0.0000000E+00
   4.9204712E-01   1.0545553E+05   1.0545553E+05   1.4930499E-01   1.2113893E-03   1.9960245E+02   1.0510282E+05   1.0545553E+05   0.0000000E+00   0.0000000E+00   0.0000000E+00   0.0000000E+00   0.0000000E+00
   5.1036233E-01   9.9811731E+04   9.9811731E+04   1.3135667E-01   1.0657675E-03   1.8875488E+02   9.9477885E+04   9.9811731E+04   0.0000000E+00   0.0000000E+00   0.0000000E+00   0.0000000E+00   0.0000000E+00
   5.2972168E-01   9.4404374E+04   9.4404374E+04   1.1533791E-01   9.3573255E-04   1.7836396E+02   9.4088608E+04   9.4404374E+04   0.0000000E+00   0.0000000E+00   0.0000000E+00   0.0000000E+00   0.0000000E+00
   5.5025737E-01   8.9137308E+04   8.9137308E+04   1.0094935E-01   8.1878805E-04   1.6828416E+02   8.8839153E+04   8.9137308E+04   0.0000000E+00   0.0000000E+00   0.0000000E+00   0.0000000E+00   0.0000000E+00
   5.7212971E-01   8.4000267E+04   8.4000267E+04   8.7979185E-02   7.1379131E-04   1.5845857E+02   8.3719291E+04   8.4000267E+04   0.0000000E+00   0.0000000E+00   0.0000000E+00   0.0000000E+00   0.0000000E+00
   5.9553459E-01   7.9028898E+04   7.9028898E+04   7.6410096E-02   6.1982364E-04   1.4896779E+02   7.8764546E+04   7.9028898E+04   0.0000000E+00   0.0000000E+00   0.0000000E+00   0.0000000E+00   0.0000000E+00
   6.2071298E-01   7.4178282E+04   7.4178282E+04   6.6013326E-02   5.3555258E-04   1.3971460E+02   7.3930151E+04   7.4178282E+04   0.0000000E+00   0.0000000E+00   0.0000000E+00   0.0000000E+00   0.0000000E+00
   6.4796284E-01   6.9432587E+04   6.9432587E+04   5.6697828E-02   4.6002008E-04   1.3069582E+02   6.9200327E+04   6.9432587E+04   0.0000000E+00   0.0000000E+00   0.0000000E+00   0.0000000E+00   0.0000000E+00
   6.7765327E-01   6.4795942E+04   6.4795942E+04   4.8382157E-02   3.9251374E-04   1.2188518E+02   6.4579189E+04   6.4795942E+04   0.0000000E+00   0.0000000E+00   0.0000000E+00   0.0000000E+00   0.0000000E+00
   7.1024002E-01   6.0242739E+04   6.0242739E+04   4.0946556E-02   3.3223056E-04   1.1324949E+02   6.0041214E+04   6.0242739E+04   0.0000000E+00   0.0000000E+00   0.0000000E+00   0.0000000E+00   0.0000000E+00
   7.4627912E-01   5.5773464E+04   5.5773464E+04   3.4335149E-02   2.7859972E-04   1.0477917E+02   5.5586887E+04   5.5773464E+04   0.0000000E+00   0.0000000E+00   0.0000000E+00   0.0000000E+00   0.0000000E+00
   7.8643128E-01   5.1381241E+04   5.1381241E+04   2.8483893E-02   2.3112433E-04   9.6475055E+01   5.1209354E+04   5.1381241E+04   0.0000000E+00   0.0000000E+00   0.0000000E+00   0.0000000E+00   0.0000000E+00
   8.3144392E-01   4.7075075E+04   4.7075075E+04   2.3347436E-02   1.8944791E-04   8.8344806E+01   4.6917592E+04   4.7075075E+04   0.0000000E+00   0.0000000E+00   0.0000000E+00   0.0000000E+00   0.0000000E+00
   8.8209312E-01   4.2874580E+04   4.2874580E+04   1.8892240E-02   1.5330878E-04   8.0411710E+01   4.2731148E+04   4.2874580E+04   0.0000000E+00   0.0000000E+00   0.0000000E+00   0.0000000E+00   0.0000000E+00
   9.3907628E-01   3.8816228E+04   3.8816228E+04   1.5091090E-02   1.2246580E-04   7.2765676E+01   3.8686371E+04   3.8816228E+04   0.0000000E+00   0.0000000E+00   0.0000000E+00   0.0000000E+00   0.0000000E+00
   1.0028824E+00   3.4948636E+04   3.4948636E+04   1.1913417E-02   9.6679075E-05   6.5489377E+01   3.4831716E+04   3.4948636E+04   0.0000000E+00   0.0000000E+00   0.0000000E+00   0.0000000E+00   0.0000000E+00
   1.0737178E+00   3.1322428E+04   3.1322428E+04   9.3149087E-03   7.5597535E-05   5.8663708E+01   3.1217639E+04   3.1322428E+04   0.0000000E+00   0.0000000E+00   0.0000000E+00   0.0000000E+00   0.0000000E+00
   1.1515639E+00   2.7977601E+04   2.7977601E+04   7.2332762E-03   5.8704957E-05   5.2382643E+01   2.7884001E+04   2.7977601E+04   0.0000000E+00   0.0000000E+00   0.0000000E+00   0.0000000E+00   0.0000000E+00
   1.2363430E+00   2.4933626E+04   2.4933626E+04   5.5924936E-03   4.5390488E-05   4.6666909E+01   2.4850209E+04   2.4933626E+04   0.0000000E+00   0.0000000E+00   0.0000000E+00   0.0000000E+00   0.0000000E+00
   1.3280785E+00   2.2188566E+04   2.2188566E+04   4.3129783E-03   3.5006993E-05   4.1516449E+01   2.2114332E+04   2.2188566E+04   0.0000000E+00   0.0000000E+00   0.0000000E+00   0.0000000E+00   0.0000000E+00
   1.4269650E+00   1.9726963E+04   1.9726963E+04   3.3214288E-03   2.6959978E-05   3.6902395E+01   1.9660965E+04   1.9726963E+04   0.0000000E+00   0.0000000E+00   0.0000000E+00   0.0000000E+00   0.0000000E+00
   1.5333591E+00   1.7526255E+04   1.7526255E+04   2.5569263E-03   2.0744306E-05   3.2778820E+01   1.7467619E+04   1.7526255E+04   0.0000000E+00   0.0000000E+00   0.0000000E+00   0.0000000E+00   0.0000000E+00
   1.6477389E+00   1.5562012E+04   1.5562012E+04   1.9655232E-03   1.5951705E-05   2.9099271E+01   1.5509947E+04   1.5562012E+04   0.0000000E+00   0.0000000E+00   0.0000000E+00   0.0000000E+00   0.0000000E+00
   1.7706676E+00   1.3810707E+04   1.3810707E+04   1.5102794E-03   1.2259638E-05   2.5820299E+01   1.3764502E+04   1.3810707E+04   0.0000000E+00   0.0000000E+00   0.0000000E+00   0.0000000E+00   0.0000000E+00
   1.9027721E+00   1.2250401E+04   1.2250401E+04   1.1600548E-03   9.4175907E-06   2.2899642E+01   1.2209415E+04   1.2250401E+04   0.0000000E+00   0.0000000E+00   0.0000000E+00   0.0000000E+00   0.0000000E+00
   2.0447335E+00   1.0861199E+04   1.0861199E+04   8.9063384E-04   7.2308488E-06   2.0300904E+01   1.0824861E+04   1.0861199E+04   0.0000000E+00   0.0000000E+00   0.0000000E+00   0.0000000E+00   0.0000000E+00
   2.1972866E+00   9.6251131E+03   9.6251131E+03   6.8347563E-04   5.5494414E-06   1.7987858E+01   9.5929106E+03   9.6251131E+03   0.0000000E+00   0.0000000E+00   0.0000000E+00   0.0000000E+00   0.0000000E+00
   2.3612214E+00   8.5258951E+03   8.5258951E+03   5.2426907E-04   4.2571617E-06   1.5932046E+01   8.4973702E+03   8.5258951E+03   0.0000000E+00   0.0000000E+00   0.0000000E+00   0.0000000E+00   0.0000000E+00
   2.5373870E+00   7.5489576E+03   7.5489576E+03   4.0197492E-04   3.2644515E-06   1.4105369E+01   7.5237012E+03   7.5489576E+03   0.0000000E+00   0.0000000E+00   0.0000000E+00   0.0000000E+00   0.0000000E+00
   2.7266959E+00   6.6811737E+03   6.6811737E+03   3.0807919E-04   2.5021790E-06   1.2483113E+01   6.6588205E+03   6.6811737E+03   0.0000000E+00   0.0000000E+00   0.0000000E+00   0.0000000E+00   0.0000000E+00
   2.9301288E+00   5.9107532E+03   5.9107532E+03   2.3602491E-04   1.9171550E-06   1.1043255E+01   5.8909777E+03   5.9107532E+03   0.0000000E+00   0.0000000E+00   0.0000000E+00   0.0000000E+00   0.0000000E+00
   3.1487393E+00   5.2271221E+03   5.2271221E+03   1.8081109E-04   1.4683830E-06   9.7652891E+00   5.2096337E+03   5.2271221E+03   0.0000000E+00   0.0000000E+00   0.0000000E+00   0.0000000E+00   0.0000000E+00
   3.3836599E+00   4.6208030E+03   4.6208030E+03   1.3832943E-04   1.1242564E-06   8.6321016E+00   4.6053432E+03   4.6208030E+03   0.0000000E+00   0.0000000E+00   0.0000000E+00   0.0000000E+00   0.0000000E+00
   3.6361074E+00   4.0833096E+03   4.0833096E+03   1.0584248E-04   8.6046986E-07   7.6277744E+00   4.0696481E+03   4.0833096E+03   0.0000000E+00   0.0000000E+00   0.0000000E+00   0.0000000E+00   0.0000000E+00
   3.9073895E+00   3.6070490E+03   3.6070490E+03   8.1005037E-05   6.5836913E-07   6.7377637E+00   3.5949809E+03   3.6070490E+03   0.0000000E+00   0.0000000E+00   0.0000000E+00   0.0000000E+00   0.0000000E+00
   4.1989114E+00   3.1852336E+03   3.1852336E+03   6.1940468E-05   5.0357454E-07   5.9497310E+00   3.1745767E+03   3.1852336E+03   0.0000000E+00   0.0000000E+00   0.0000000E+00   0.0000000E+00   0.0000000E+00
   4.5121830E+00   2.8118005E+03   2.8118005E+03   4.7348910E-05   3.8505673E-07   5.2520826E+00   2.8023931E+03   2.8118005E+03   0.0000000E+00   0.0000000E+00   0.0000000E+00   0.0000000E+00   0.0000000E+00
   4.8488272E+00   2.4813384E+03   2.4813384E+03   3.6185410E-05   2.9435202E-07   4.6347032E+00   2.4730365E+03   2.4813384E+03   0.0000000E+00   0.0000000E+00   0.0000000E+00   0.0000000E+00   0.0000000E+00
   5.2105877E+00   2.1890206E+03   2.1890206E+03   2.7643148E-05   2.2495341E-07   4.0885897E+00   2.1816968E+03   2.1890206E+03   0.0000000E+00   0.0000000E+00   0.0000000E+00   0.0000000E+00   0.0000000E+00
   5.5993383E+00   1.9305455E+03   1.9305455E+03   2.1110989E-05   1.7187318E-07   3.6057992E+00   1.9240865E+03   1.9305455E+03   0.0000000E+00   0.0000000E+00   0.0000000E+00   0.0000000E+00   0.0000000E+00
   6.0170928E+00   1.7020817E+03   1.7020817E+03   1.6117430E-05   1.3128840E-07   3.1789987E+00   1.6963870E+03   1.7020817E+03   0.0000000E+00   0.0000000E+00   0.0000000E+00   0.0000000E+00   0.0000000E+00
   6.4660150E+00   1.5002187E+03   1.5002187E+03   1.2302897E-05   1.0026448E-07   2.8019539E+00   1.4951994E+03   1.5002187E+03   0.0000000E+00   0.0000000E+00   0.0000000E+00   0.0000000E+00   0.0000000E+00
   6.9484303E+00   1.3219227E+03   1.3219227E+03   9.3845988E-06   7.6557095E-08   2.4689080E+00   1.3175000E+03   1.3219227E+03   0.0000000E+00   0.0000000E+00   0.0000000E+00   0.0000000E+00   0.0000000E+00
   7.4668376E+00   1.1644968E+03   1.1644968E+03   7.1596767E-06   5.8445069E-08   2.1748880E+00   1.1606007E+03   1.1644968E+03   0.0000000E+00   0.0000000E+00   0.0000000E+00   0.0000000E+00   0.0000000E+00
   8.0239221E+00   1.0255444E+03   1.0255444E+03   5.4612955E-06   4.4611437E-08   1.9153362E+00   1.0221132E+03   1.0255444E+03   0.0000000E+00   0.0000000E+00   0.0000000E+00   0.0000000E+00   0.0000000E+00
