#           k/h    CDM            baryon         photon         nu             mass_nu        total          no_nu          total_de       Weyl           v_CDM          v_b            v_b-v_c     
   1.1498341E-05   1.0628346E+07   1.0628346E+07   1.4165922E+07   5.1714978E+03   7.0173740E+06   1.0628360E+07   1.0628346E+07   0.0000000E+00   0.0000000E+00   0.0000000E+00   0.0000000E+00   0.0000000E+00
   1.2356207E-05   1.0628344E+07   1.0628344E+07   1.4165115E+07   5.1713075E+03   7.0172888E+06   1.0628358E+07   1.0628344E+07   0.0000000E+00   0.0000000E+00   0.0000000E+00   0.0000000E+00   0.0000000E+00
   1.3278077E-05   1.0628342E+07   1.0628342E+07   1.4164182E+07   5.1710878E+03   7.0171905E+06   1.0628357E+07   1.0628342E+07   0.0000000E+00   0.0000000E+00   0.0000000E+00   0.0000000E+00   0.0000000E+00
   1.4268725E-05   1.0628340E+07   1.0628340E+07   1.4163106E+07   5.1708342E+03   7.0170770E+06   1.0628354E+07   1.0628340E+07   0.0000000E+00   0.0000000E+00   0.0000000E+00   0.0000000E+00   0.0000000E+00
   1.5333284E-05   1.0628338E+07   1.0628338E+07   1.4161863E+07   5.1705413E+03   7.0169459E+06   1.0628352E+07   1.0628338E+07   0.0000000E+00   0.0000000E+00   0.0000000E+00   0.0000000E+00   0.0000000E+00
   1.6477267E-05   1.0628335E+07   1.0628335E+07   1.4160427E+07   5.1702030E+03   7.0167945E+06   1.0628349E+07   1.0628335E+07   0.0000000E+00   0.0000000E+00   0.0000000E+00   0.0000000E+00   0.0000000E+00
   1.7706600E-05   1.0628332E+07   1.0628332E+07   1.4158769E+07   5.1698125E+03   7.0166198E+06   1.0628346E+07   1.0628332E+07   0.0000000E+00   0.0000000E+00   0.0000000E+00   0.0000000E+00   0.0000000E+00
   1.9027651E-05   1.0628329E+07   1.0628329E+07   1.4156856E+07   5.1693615E+03   7.0164180E+06   1.0628343E+07   1.0628329E+07   0.0000000E+00   0.0000000E+00   0.0000000E+00   0.0000000E+00   0.0000000E+00
   2.0447262E-05   1.0628325E+07   1.0628325E+07   1.4154646E+07   5.1688408E+03   7.0161851E+06   1.0628338E+07   1.0628325E+07   0.0000000E+00   0.0000000E+00   0.0000000E+00   0.0000000E+00   0.0000000E+00
   2.1972788E-05   1.0628320E+07   1.0628320E+07   1.4152094E+07   5.1682396E+03   7.0159161E+06   1.0628333E+07   1.0628320E+07   0.0000000E+00   0.0000000E+00   0.0000000E+00   0.0000000E+00   0.0000000E+00
   2.3612130E-05   1.0628315E+07   1.0628315E+07   1.4149149E+07   5.1675454E+03   7.0156057E+06   1.0628328E+07   1.0628315E+07   0.0000000E+00   0.0000000E+00   0.0000000E+00   0.0000000E+00   0.0000000E+00
   2.5373780E-05   1.0628308E+07   1.0628308E+07   1.4145748E+07   5.1667439E+03   7.0152473E+06   1.0628321E+07   1.0628308E+07   0.0000000E+00   0.0000000E+00   0.0000000E+00   0.0000000E+00   0.0000000E+00
   2.7266863E-05   1.0628301E+07   1.0628301E+07   1.4141821E+07   5.1658186E+03   7.0148336E+06   1.0628314E+07   1.0628301E+07   0.0000000E+00   0.0000000E+00   0.0000000E+00   0.0000000E+00   0.0000000E+00
   2.9301184E-05   1.0628293E+07   1.0628293E+07   1.4137288E+07   5.1647502E+03   7.0143560E+06   1.0628305E+07   1.0628293E+07   0.0000000E+00   0.0000000E+00   0.0000000E+00   0.0000000E+00   0.0000000E+00
   3.1487282E-05   1.0628283E+07   1.0628283E+07   1.4132056E+07   5.1635167E+03   7.0138049E+06   1.0628295E+07   1.0628283E+07   0.0000000E+00   0.0000000E+00   0.0000000E+00   0.0000000E+00   0.0000000E+00
   3.3836479E-05   1.0628272E+07   1.0628272E+07   1.4126015E+07   5.1620928E+03   7.0131688E+06   1.0628283E+07   1.0628272E+07   0.0000000E+00   0.0000000E+00   0.0000000E+00   0.0000000E+00   0.0000000E+00
   3.6360946E-05   1.0628259E+07   1.0628259E+07   1.4119043E+07   5.1604490E+03   7.0124347E+06   1.0628270E+07   1.0628259E+07   0.0000000E+00   0.0000000E+00   0.0000000E+00   0.0000000E+00   0.0000000E+00
   3.9073757E-05   1.0628245E+07   1.0628245E+07   1.4110995E+07   5.1585515E+03   7.0115878E+06   1.0628254E+07   1.0628245E+07   0.0000000E+00   0.0000000E+00   0.0000000E+00   0.0000000E+00   0.0000000E+00
   4.1988965E-05   1.0628227E+07   1.0628227E+07   1.4101708E+07   5.1563614E+03   7.0106106E+06   1.0628237E+07   1.0628227E+07   0.0000000E+00   0.0000000E+00   0.0000000E+00   0.0000000E+00   0.0000000E+00
   4.5121670E-05   1.0628208E+07   1.0628208E+07   1.4090990E+07   5.1538335E+03   7.0094834E+06   1.0628216E+07   1.0628208E+07   0.0000000E+00   0.0000000E+00   0.0000000E+00   0.0000000E+00   0.0000000E+00
   4.8488100E-05   1.0628185E+07   1.0628185E+07   1.4078622E+07   5.1509161E+03   7.0081833E+06   1.0628192E+07   1.0628185E+07   0.0000000E+00   0.0000000E+00   0.0000000E+00   0.0000000E+00   0.0000000E+00
   5.2105692E-05   1.0628158E+07   1.0628158E+07   1.4064353E+07   5.1475494E+03   7.0066841E+06   1.0628165E+07   1.0628158E+07   0.0000000E+00   0.0000000E+00   0.0000000E+00   0.0000000E+00   0.0000000E+00
   5.5993185E-05   1.0628128E+07   1.0628128E+07   1.4047893E+07   5.1436647E+03   7.0049557E+06   1.0628133E+07   1.0628128E+07   0.0000000E+00   0.0000000E+00   0.0000000E+00   0.0000000E+00   0.0000000E+00
   6.0170715E-05   1.0628093E+07   1.0628093E+07   1.4028907E+07   5.1391829E+03   7.0029636E+06   1.0628096E+07   1.0628093E+07   0.0000000E+00   0.0000000E+00   0.0000000E+00   0.0000000E+00   0.0000000E+00
   6.4659921E-05   1.0628052E+07   1.0628052E+07   1.4007013E+07   5.1340129E+03   7.0006681E+06   1.0628054E+07   1.0628052E+07   0.0000000E+00   0.0000000E+00   0.0000000E+00   0.0000000E+00   0.0000000E+00
   6.9484057E-05   1.0628006E+07   1.0628006E+07   1.3981771E+07   5.1280500E+03   6.9980241E+06   1.0628005E+07   1.0628006E+07   0.0000000E+00   0.0000000E+00   0.0000000E+00   0.0000000E+00   0.0000000E+00
   7.4668112E-05   1.0627952E+07   1.0627952E+07   1.3952675E+07   5.1211738E+03   6.9949797E+06   1.0627949E+07   1.0627952E+07   0.0000000E+00   0.0000000E+00   0.0000000E+00   0.0000000E+00   0.0000000E+00
   8.0238937E-05   1.0627889E+07   1.0627889E+07   1.3919147E+07   5.1132463E+03   6.9914760E+06   1.0627884E+07   1.0627889E+07   0.0000000E+00   0.0000000E+00   0.0000000E+00   0.0000000E+00   0.0000000E+00
   8.6225390E-05   1.0627817E+07   1.0627817E+07   1.3880524E+07   5.1041091E+03   6.9874457E+06   1.0627808E+07   1.0627817E+07   0.0000000E+00   0.0000000E+00   0.0000000E+00   0.0000000E+00   0.0000000E+00
   9.2658479E-05   1.0627734E+07   1.0627734E+07   1.3836050E+07   5.0935806E+03   6.9828126E+06   1.0627722E+07   1.0627734E+07   0.0000000E+00   0.0000000E+00   0.0000000E+00   0.0000000E+00   0.0000000E+00
   9.9571527E-05   1.0627638E+07   1.0627638E+07   1.3784860E+07   5.0814530E+03   6.9774902E+06   1.0627622E+07   1.0627638E+07   0.0000000E+00   0.0000000E+00   0.0000000E+00   0.0000000E+00   0.0000000E+00
   1.0700034E-04   1.0627528E+07   1.0627528E+07   1.3725970E+07   5.0674890E+03   6.9713809E+06   1.0627506E+07   1.0627528E+07   0.0000000E+00   0.0000000E+00   0.0000000E+00   0.0000000E+00   0.0000000E+00
   1.1498341E-04   1.0627400E+07   1.0627400E+07   1.3658261E+07   5.0514178E+03   6.9643750E+06   1.0627373E+07   1.0627400E+07   0.0000000E+00   0.0000000E+00   0.0000000E+00   0.0000000E+00   0.0000000E+00
   1.2356207E-04   1.0627253E+07   1.0627253E+07   1.3580467E+07   5.0329308E+03   6.9563497E+06   1.0627219E+07   1.0627253E+07   0.0000000E+00   0.0000000E+00   0.0000000E+00   0.0000000E+00   0.0000000E+00
   1.3278077E-04   1.0627083E+07   1.0627083E+07   1.3491155E+07   5.0116780E+03   6.9471681E+06   1.0627041E+07   1.0627083E+07   0.0000000E+00   0.0000000E+00   0.0000000E+00   0.0000000E+00   0.0000000E+00
   1.4268725E-04   1.0626886E+07   1.0626886E+07   1.3388713E+07   4.9872624E+03   6.9366792E+06   1.0626837E+07   1.0626886E+07   0.0000000E+00   0.0000000E+00   0.0000000E+00   0.0000000E+00   0.0000000E+00
   1.5333284E-04   1.0626660E+07   1.0626660E+07   1.3271334E+07   4.9592359E+03   6.9247170E+06   1.0626601E+07   1.0626660E+07   0.0000000E+00   0.0000000E+00   0.0000000E+00   0.0000000E+00   0.0000000E+00
   1.6477267E-04   1.0626399E+07   1.0626399E+07   1.3137005E+07   4.9270944E+03   6.9111014E+06   1.0626328E+07   1.0626399E+07   0.0000000E+00   0.0000000E+00   0.0000000E+00   0.0000000E+00   0.0000000E+00
   1.7706600E-04   1.0626099E+07   1.0626099E+07   1.2983492E+07   4.8902733E+03   6.8956392E+06   1.0626015E+07   1.0626099E+07   0.0000000E+00   0.0000000E+00   0.0000000E+00   0.0000000E+00   0.0000000E+00
   1.9027651E-04   1.0625752E+07   1.0625752E+07   1.2808343E+07   4.8481435E+03   6.8781264E+06   1.0625653E+07   1.0625752E+07   0.0000000E+00   0.0000000E+00   0.0000000E+00   0.0000000E+00   0.0000000E+00
   2.0447262E-04   1.0625353E+07   1.0625353E+07   1.2608886E+07   4.8000088E+03   6.8583522E+06   1.0625236E+07   1.0625353E+07   0.0000000E+00   0.0000000E+00   0.0000000E+00   0.0000000E+00   0.0000000E+00
   2.1972788E-04   1.0624893E+07   1.0624893E+07   1.2382243E+07   4.7451047E+03   6.8361045E+06   1.0624756E+07   1.0624893E+07   0.0000000E+00   0.0000000E+00   0.0000000E+00   0.0000000E+00   0.0000000E+00
   2.3612130E-04   1.0624364E+07   1.0624364E+07   1.2125362E+07   4.6825991E+03   6.8111786E+06   1.0624203E+07   1.0624364E+07   0.0000000E+00   0.0000000E+00   0.0000000E+00   0.0000000E+00   0.0000000E+00
   2.5373780E-04   1.0623755E+07   1.0623755E+07   1.1835064E+07   4.6115977E+03   6.7833881E+06   1.0623567E+07   1.0623755E+07   0.0000000E+00   0.0000000E+00   0.0000000E+00   0.0000000E+00   0.0000000E+00
   2.7266863E-04   1.0623054E+07   1.0623054E+07   1.1508121E+07   4.5311527E+03   6.7525802E+06   1.0622836E+07   1.0623054E+07   0.0000000E+00   0.0000000E+00   0.0000000E+00   0.0000000E+00   0.0000000E+00
   2.9301184E-04   1.0622248E+07   1.0622248E+07   1.1141369E+07   4.4402791E+03   6.7186554E+06   1.0621995E+07   1.0622248E+07   0.0000000E+00   0.0000000E+00   0.0000000E+00   0.0000000E+00   0.0000000E+00
   3.1487282E-04   1.0621323E+07   1.0621323E+07   1.0731855E+07   4.3379781E+03   6.6815910E+06   1.0621028E+07   1.0621323E+07   0.0000000E+00   0.0000000E+00   0.0000000E+00   0.0000000E+00   0.0000000E+00
   3.3836479E-04   1.0620260E+07   1.0620260E+07   1.0277049E+07   4.2232717E+03   6.6414698E+06   1.0619919E+07   1.0620260E+07   0.0000000E+00   0.0000000E+00   0.0000000E+00   0.0000000E+00   0.0000000E+00
   3.6360946E-04   1.0619041E+07   1.0619041E+07   9.7751005E+06   4.0952497E+03   6.5985127E+06   1.0618647E+07   1.0619041E+07   0.0000000E+00   0.0000000E+00   0.0000000E+00   0.0000000E+00   0.0000000E+00
   3.9073757E-04   1.0617645E+07   1.0617645E+07   9.2251706E+06   3.9531312E+03   6.5531126E+06   1.0617188E+07   1.0617645E+07   0.0000000E+00   0.0000000E+00   0.0000000E+00   0.0000000E+00   0.0000000E+00
   4.1988965E-04   1.0616045E+07   1.0616045E+07   8.6278206E+06   3.7963436E+03   6.5058667E+06   1.0615518E+07   1.0616045E+07   0.0000000E+00   0.0000000E+00   0.0000000E+00   0.0000000E+00   0.0000000E+00
   4.5121670E-04   1.0614217E+07   1.0614217E+07   7.9854606E+06   3.6246187E+03   6.4576012E+06   1.0613609E+07   1.0614217E+07   0.0000000E+00   0.0000000E+00   0.0000000E+00   0.0000000E+00   0.0000000E+00
   4.8488100E-04   1.0612128E+07   1.0612128E+07   7.3028304E+06   3.4381065E+03   6.4093779E+06   1.0611428E+07   1.0612128E+07   0.0000000E+00   0.0000000E+00   0.0000000E+00   0.0000000E+00   0.0000000E+00
   5.2105692E-04   1.0609745E+07   1.0609745E+07   6.5874712E+06   3.2375013E+03   6.3624714E+06   1.0608941E+07   1.0609745E+07   0.0000000E+00   0.0000000E+00   0.0000000E+00   0.0000000E+00   0.0000000E+00
   5.5993185E-04   1.0607032E+07   1.0607032E+07   5.8501190E+06   3.0241731E+03   6.3182998E+06   1.0606108E+07   1.0607032E+07   0.0000000E+00   0.0000000E+00   0.0000000E+00   0.0000000E+00   0.0000000E+00
   6.0170715E-04   1.0603946E+07   1.0603946E+07   5.1049172E+06   2.8002901E+03   6.2782906E+06   1.0602887E+07   1.0603946E+07   0.0000000E+00   0.0000000E+00   0.0000000E+00   0.0000000E+00   0.0000000E+00
   6.4659921E-04   1.0600444E+07   1.0600444E+07   4.3693124E+06   2.5689095E+03   6.2436656E+06   1.0599231E+07   1.0600444E+07   0.0000000E+00   0.0000000E+00   0.0000000E+00   0.0000000E+00   0.0000000E+00
   6.9484057E-04   1.0596474E+07   1.0596474E+07   3.6634712E+06   2.3340083E+03   6.2151370E+06   1.0595088E+07   1.0596474E+07   0.0000000E+00   0.0000000E+00   0.0000000E+00   0.0000000E+00   0.0000000E+00
   7.4668112E-04   1.0591984E+07   1.0591984E+07   3.0090519E+06   2.1004147E+03   6.1925269E+06   1.0590403E+07   1.0591984E+07   0.0000000E+00   0.0000000E+00   0.0000000E+00   0.0000000E+00   0.0000000E+00
   8.0238937E-04   1.0586912E+07   1.0586912E+07   2.4272110E+06   1.8736019E+03   6.1743600E+06   1.0585113E+07   1.0586912E+07   0.0000000E+00   0.0000000E+00   0.0000000E+00   0.0000000E+00   0.0000000E+00
   8.6225390E-04   1.0581195E+07   1.0581195E+07   1.9358479E+06   1.6593074E+03   6.1575287E+06   1.0579153E+07   1.0581195E+07   0.0000000E+00   0.0000000E+00   0.0000000E+00   0.0000000E+00   0.0000000E+00
   9.2658479E-04   1.0574761E+07   1.0574761E+07   1.5463175E+06   1.4629669E+03   6.1371942E+06   1.0572448E+07   1.0574761E+07   0.0000000E+00   0.0000000E+00   0.0000000E+00   0.0000000E+00   0.0000000E+00
   9.9571527E-04   1.0567529E+07   1.0567529E+07   1.2601817E+06   1.2889922E+03   6.1071359E+06   1.0564918E+07   1.0567529E+07   0.0000000E+00   0.0000000E+00   0.0000000E+00   0.0000000E+00   0.0000000E+00
   1.0700034E-03   1.0559413E+07   1.0559413E+07   1.0669635E+06   1.1399921E+03   6.0607481E+06   1.0556475E+07   1.0559413E+07   0.0000000E+00   0.0000000E+00   0.0000000E+00   0.0000000E+00   0.0000000E+00
   1.1498341E-03   1.0550316E+07   1.0550316E+07   9.4417414E+05   1.0161167E+03   5.9927523E+06   1.0547021E+07   1.0550316E+07   0.0000000E+00   0.0000000E+00   0.0000000E+00   0.0000000E+00   0.0000000E+00
   1.2356207E-03   1.0540131E+07   1.0540131E+07   8.6082103E+05   9.1477862E+02   5.9013646E+06   1.0536451E+07   1.0540131E+07   0.0000000E+00   0.0000000E+00   0.0000000E+00   0.0000000E+00   0.0000000E+00
   1.3278077E-03   1.0528742E+07   1.0528742E+07   7.8482296E+05   8.3101349E+02   5.7901575E+06   1.0524648E+07   1.0528742E+07   0.0000000E+00   0.0000000E+00   0.0000000E+00   0.0000000E+00   0.0000000E+00
   1.4268725E-03   1.0516021E+07   1.0516021E+07   6.9303490E+05   7.5862269E+02   5.6683477E+06   1.0511489E+07   1.0516021E+07   0.0000000E+00   0.0000000E+00   0.0000000E+00   0.0000000E+00   0.0000000E+00
   1.5333284E-03   1.0501834E+07   1.0501834E+07   5.8018321E+05   6.9194812E+02   5.5482012E+06   1.0496842E+07   1.0501834E+07   0.0000000E+00   0.0000000E+00   0.0000000E+00   0.0000000E+00   0.0000000E+00
   1.6477267E-03   1.0486040E+07   1.0486040E+07   4.6120073E+05   6.2769962E+02   5.4393088E+06   1.0480568E+07   1.0486040E+07   0.0000000E+00   0.0000000E+00   0.0000000E+00   0.0000000E+00   0.0000000E+00
   1.7706600E-03   1.0468491E+07   1.0468491E+07   3.6249259E+05   5.6590524E+02   5.3419671E+06   1.0462524E+07   1.0468491E+07   0.0000000E+00   0.0000000E+00   0.0000000E+00   0.0000000E+00   0.0000000E+00
   1.9027651E-03   1.0449032E+07   1.0449032E+07   3.0357488E+05   5.0915419E+02   5.2447517E+06   1.0442561E+07   1.0449032E+07   0.0000000E+00   0.0000000E+00   0.0000000E+00   0.0000000E+00   0.0000000E+00
   2.0447262E-03   1.0427504E+07   1.0427504E+07   2.8001389E+05   4.6017528E+02   5.1314129E+06   1.0420521E+07   1.0427504E+07   0.0000000E+00   0.0000000E+00   0.0000000E+00   0.0000000E+00   0.0000000E+00
   2.1972788E-03   1.0403734E+07   1.0403734E+07   2.6399610E+05   4.1922075E+02   4.9957113E+06   1.0396236E+07   1.0403734E+07   0.0000000E+00   0.0000000E+00   0.0000000E+00   0.0000000E+00   0.0000000E+00
   2.3612130E-03   1.0377542E+07   1.0377542E+07   2.2884604E+05   3.8354405E+02   4.8513084E+06   1.0369526E+07   1.0377542E+07   0.0000000E+00   0.0000000E+00   0.0000000E+00   0.0000000E+00   0.0000000E+00
   2.5373780E-03   1.0348736E+07   1.0348736E+07   1.7750466E+05   3.4991995E+02   4.7203465E+06   1.0340199E+07   1.0348736E+07   0.0000000E+00   0.0000000E+00   0.0000000E+00   0.0000000E+00   0.0000000E+00
   2.7266863E-03   1.0317117E+07   1.0317117E+07   1.3865501E+05   3.1781332E+02   4.6053279E+06   1.0308055E+07   1.0317117E+07   0.0000000E+00   0.0000000E+00   0.0000000E+00   0.0000000E+00   0.0000000E+00
   2.9301184E-03   1.0282476E+07   1.0282476E+07   1.2587396E+05   2.8912282E+02   4.4816905E+06   1.0272883E+07   1.0282476E+07   0.0000000E+00   0.0000000E+00   0.0000000E+00   0.0000000E+00   0.0000000E+00
   3.1487282E-03   1.0244595E+07   1.0244595E+07   1.1650818E+05   2.6445483E+02   4.3349183E+06   1.0234461E+07   1.0244595E+07   0.0000000E+00   0.0000000E+00   0.0000000E+00   0.0000000E+00   0.0000000E+00
   3.3836479E-03   1.0203240E+07   1.0203240E+07   9.3291485E+04   2.4178844E+02   4.1872360E+06   1.0192557E+07   1.0203240E+07   0.0000000E+00   0.0000000E+00   0.0000000E+00   0.0000000E+00   0.0000000E+00
   3.6360946E-03   1.0158166E+07   1.0158166E+07   7.6246319E+04   2.2011161E+02   4.0509812E+06   1.0146924E+07   1.0158166E+07   0.0000000E+00   0.0000000E+00   0.0000000E+00   0.0000000E+00   0.0000000E+00
   3.9073757E-03   1.0109117E+07   1.0109117E+07   7.2188667E+04   2.0065538E+02   3.8990507E+06   1.0097309E+07   1.0109117E+07   0.0000000E+00   0.0000000E+00   0.0000000E+00   0.0000000E+00   0.0000000E+00
   4.1988965E-03   1.0055824E+07   1.0055824E+07   5.8123939E+04   1.8303697E+02   3.7371769E+06   1.0043446E+07   1.0055824E+07   0.0000000E+00   0.0000000E+00   0.0000000E+00   0.0000000E+00   0.0000000E+00
   4.5121670E-03   9.9980050E+06   9.9980050E+06   4.6462658E+04   1.6616716E+02   3.5905115E+06   9.9850558E+06   9.9980050E+06   0.0000000E+00   0.0000000E+00   0.0000000E+00   0.0000000E+00   0.0000000E+00
   4.8488100E-03   9.9353699E+06   9.9353699E+06   4.5150350E+04   1.5098277E+02   3.4275179E+06   9.9218532E+06   9.9353699E+06   0.0000000E+00   0.0000000E+00   0.0000000E+00   0.0000000E+00   0.0000000E+00
   5.2105692E-03   9.8676191E+06   9.8676191E+06   3.4512552E+04   1.3691865E+02   3.2649199E+06   9.8535463E+06   9.8676191E+06   0.0000000E+00   0.0000000E+00   0.0000000E+00   0.0000000E+00   0.0000000E+00
   5.5993185E-03   9.7944477E+06   9.7944477E+06   3.1727719E+04   1.2373998E+02   3.1094848E+06   9.7798382E+06   9.7944477E+06   0.0000000E+00   0.0000000E+00   0.0000000E+00   0.0000000E+00   0.0000000E+00
   6.0170715E-03   9.7155428E+06   9.7155428E+06   2.5142308E+04   1.1180935E+02   2.9472088E+06   9.7004187E+06   9.7155428E+06   0.0000000E+00   0.0000000E+00   0.0000000E+00   0.0000000E+00   0.0000000E+00
   6.4659921E-03   9.6305823E+06   9.6305823E+06   2.3450605E+04   1.0078184E+02   2.7919542E+06   9.6149620E+06   9.6305823E+06   0.0000000E+00   0.0000000E+00   0.0000000E+00   0.0000000E+00   0.0000000E+00
   6.9484057E-03   9.5392274E+06   9.5392274E+06   1.7884971E+04   9.0744725E+01   2.6303338E+06   9.5231277E+06   9.5392274E+06   0.0000000E+00   0.0000000E+00   0.0000000E+00   0.0000000E+00   0.0000000E+00
   7.4668112E-03   9.4411250E+06   9.4411250E+06   1.7033326E+04   8.1406360E+01   2.4729969E+06   9.4245732E+06   9.4411250E+06   0.0000000E+00   0.0000000E+00   0.0000000E+00   0.0000000E+00   0.0000000E+00
   8.0238937E-03   9.3359171E+06   9.3359171E+06   1.3581128E+04   7.2824409E+01   2.3215346E+06   9.3189526E+06   9.3359171E+06   0.0000000E+00   0.0000000E+00   0.0000000E+00   0.0000000E+00   0.0000000E+00
   8.6225390E-03   9.2232425E+06   9.2232425E+06   1.1143544E+04   6.5071580E+01   2.1684303E+06   9.2059043E+06   9.2232425E+06   0.0000000E+00   0.0000000E+00   0.0000000E+00   0.0000000E+00   0.0000000E+00
   9.2658479E-03   9.1027287E+06   9.1027287E+06   1.0329928E+04   5.7970341E+01   2.0200742E+06   9.0850529E+06   9.1027287E+06   0.0000000E+00   0.0000000E+00   0.0000000E+00   0.0000000E+00   0.0000000E+00
   9.9571527E-03   8.9739894E+06   8.9739894E+06   8.8253273E+03   5.1470287E+01   1.8782580E+06   8.9560193E+06   8.9739894E+06   0.0000000E+00   0.0000000E+00   0.0000000E+00   0.0000000E+00   0.0000000E+00
   1.0700034E-02   8.8366335E+06   8.8366335E+06   7.3319107E+03   4.5582192E+01   1.7399615E+06   8.8184180E+06   8.8366335E+06   0.0000000E+00   0.0000000E+00   0.0000000E+00   0.0000000E+00   0.0000000E+00
   1.1498341E-02   8.6902690E+06   8.6902690E+06   6.0462913E+03   4.0253845E+01   1.6060164E+06   8.6718579E+06   8.6902690E+06   0.0000000E+00   0.0000000E+00   0.0000000E+00   0.0000000E+00   0.0000000E+00
   1.2356207E-02   8.5345008E+06   8.5345008E+06   5.1099704E+03   3.5442379E+01   1.4764801E+06   8.5159456E+06   8.5345008E+06   0.0000000E+00   0.0000000E+00   0.0000000E+00   0.0000000E+00   0.0000000E+00
   1.3278077E-02   8.3689419E+06   8.3689419E+06   4.4276928E+03   3.1098310E+01   1.3531405E+06   8.3503003E+06   8.3689419E+06   0.0000000E+00   0.0000000E+00   0.0000000E+00   0.0000000E+00   0.0000000E+00
   1.4268725E-02   8.1932248E+06   8.1932248E+06   3.8194073E+03   2.7210347E+01   1.2349340E+06   8.1745536E+06   8.1932248E+06   0.0000000E+00   0.0000000E+00   0.0000000E+00   0.0000000E+00   0.0000000E+00
   1.5333284E-02   8.0070087E+06   8.0070087E+06   3.1472808E+03   2.3718541E+01   1.1224675E+06   7.9883674E+06   8.0070087E+06   0.0000000E+00   0.0000000E+00   0.0000000E+00   0.0000000E+00   0.0000000E+00
   1.6477267E-02   7.8100050E+06   7.8100050E+06   2.5240400E+03   2.0605222E+01   1.0176487E+06   7.7914557E+06   7.8100050E+06   0.0000000E+00   0.0000000E+00   0.0000000E+00   0.0000000E+00   0.0000000E+00
   1.7706600E-02   7.6019989E+06   7.6019989E+06   2.2336156E+03   1.7832770E+01   9.1859120E+05   7.5836034E+06   7.6019989E+06   0.0000000E+00   0.0000000E+00   0.0000000E+00   0.0000000E+00   0.0000000E+00
   1.9027651E-02   7.3828836E+06   7.3828836E+06   1.8182165E+03   1.5378118E+01   8.2538797E+05   7.3647051E+06   7.3828836E+06   0.0000000E+00   0.0000000E+00   0.0000000E+00   0.0000000E+00   0.0000000E+00
   2.0447262E-02   7.1527001E+06   7.1527001E+06   1.5665007E+03   1.3206642E+01   7.3902452E+05   7.1348013E+06   7.1527001E+06   0.0000000E+00   0.0000000E+00   0.0000000E+00   0.0000000E+00   0.0000000E+00
   2.1972787E-02   6.9116892E+06   6.9116892E+06   1.2596791E+03   1.1298312E+01   6.5863968E+05   6.8941319E+06   6.9116892E+06   0.0000000E+00   0.0000000E+00   0.0000000E+00   0.0000000E+00   0.0000000E+00
   2.3612120E-02   6.6603494E+06   6.6603494E+06   1.0351199E+03   9.6253230E+00   5.8429601E+05   6.6431937E+06   6.6603494E+06   0.0000000E+00   0.0000000E+00   0.0000000E+00   0.0000000E+00   0.0000000E+00
   2.5373724E-02   6.3995057E+06   6.3995057E+06   8.5666393E+02   8.1647964E+00   5.1622635E+05   6.3828086E+06   6.3995057E+06   0.0000000E+00   0.0000000E+00   0.0000000E+00   0.0000000E+00   0.0000000E+00
   2.7266591E-02   6.1303878E+06   6.1303878E+06   7.3058151E+02   6.8963677E+00   4.5416396E+05   6.1142017E+06   6.1303878E+06   0.0000000E+00   0.0000000E+00   0.0000000E+00   0.0000000E+00   0.0000000E+00
   2.9300045E-02   5.8547224E+06   5.8547224E+06   6.2332169E+02   5.8007600E+00   3.9735219E+05   5.8390943E+06   5.8547224E+06   0.0000000E+00   0.0000000E+00   0.0000000E+00   0.0000000E+00   0.0000000E+00
   3.1483090E-02   5.5748540E+06   5.5748540E+06   4.8851057E+02   4.8590689E+00   3.4672499E+05   5.5598228E+06   5.5748540E+06   0.0000000E+00   0.0000000E+00   0.0000000E+00   0.0000000E+00   0.0000000E+00
   3.3822834E-02   5.2939013E+06   5.2939013E+06   4.0183273E+02   4.0560904E+00   3.0102862E+05   5.2794957E+06   5.2939013E+06   0.0000000E+00   0.0000000E+00   0.0000000E+00   0.0000000E+00   0.0000000E+00
   3.6321387E-02   5.0159240E+06   5.0159240E+06   3.3439913E+02   3.3768508E+00   2.6082117E+05   5.0021600E+06   5.0159240E+06   0.0000000E+00   0.0000000E+00   0.0000000E+00   0.0000000E+00   0.0000000E+00
   3.8971149E-02   4.7459701E+06   4.7459701E+06   2.7044823E+02   2.8088625E+00   2.2578560E+05   4.7328478E+06   4.7459701E+06   0.0000000E+00   0.0000000E+00   0.0000000E+00   0.0000000E+00   0.0000000E+00
   4.1750149E-02   4.4897354E+06   4.4897354E+06   2.2241782E+02   2.3401982E+00   1.9577866E+05   4.4772369E+06   4.4897354E+06   0.0000000E+00   0.0000000E+00   0.0000000E+00   0.0000000E+00   0.0000000E+00
   4.4621483E-02   4.2526001E+06   4.2526001E+06   1.9316289E+02   1.9590083E+00   1.7026742E+05   4.2406906E+06   4.2526001E+06   0.0000000E+00   0.0000000E+00   0.0000000E+00   0.0000000E+00   0.0000000E+00
   4.7540487E-02   4.0382667E+06   4.0382667E+06   1.5448718E+02   1.6524019E+00   1.4898242E+05   4.0268978E+06   4.0382667E+06   0.0000000E+00   0.0000000E+00   0.0000000E+00   0.0000000E+00   0.0000000E+00
   5.0467115E-02   3.8478104E+06   3.8478104E+06   1.3336382E+02   1.4070680E+00   1.3154656E+05   3.8369282E+06   3.8478104E+06   0.0000000E+00   0.0000000E+00   0.0000000E+00   0.0000000E+00   0.0000000E+00
   5.3375360E-02   3.6797887E+06   3.6797887E+06   1.1461680E+02   1.2103082E+00   1.1696836E+05   3.6693405E+06   3.6797887E+06   0.0000000E+00   0.0000000E+00   0.0000000E+00   0.0000000E+00   0.0000000E+00
   5.6254800E-02   3.5311525E+06   3.5311525E+06   9.6709406E+01   1.0510280E+00   1.0495120E+05   3.5210918E+06   3.5311525E+06   0.0000000E+00   0.0000000E+00   0.0000000E+00   0.0000000E+00   0.0000000E+00
   5.9106614E-02   3.3982441E+06   3.3982441E+06   8.4971740E+01   9.2040686E-01   9.4814599E+04   3.3885329E+06   3.3982441E+06   0.0000000E+00   0.0000000E+00   0.0000000E+00   0.0000000E+00   0.0000000E+00
   6.1938549E-02   3.2774642E+06   3.2774642E+06   7.5764829E+01   8.1163990E-01   8.6149648E+04   3.2680732E+06   3.2774642E+06   0.0000000E+00   0.0000000E+00   0.0000000E+00   0.0000000E+00   0.0000000E+00
   6.4761192E-02   3.1655955E+06   3.1655955E+06   6.6724902E+01   7.1971083E-01   7.8589622E+04   3.1565035E+06   3.1655955E+06   0.0000000E+00   0.0000000E+00   0.0000000E+00   0.0000000E+00   0.0000000E+00
   6.7585817E-02   3.0599175E+06   3.0599175E+06   5.7309239E+01   6.4086613E-01   7.1996738E+04   3.0511102E+06   3.0599175E+06   0.0000000E+00   0.0000000E+00   0.0000000E+00   0.0000000E+00   0.0000000E+00
   7.0423347E-02   2.9582255E+06   2.9582255E+06   5.2433753E+01   5.7239856E-01   6.6143159E+04   2.9496945E+06   2.9582255E+06   0.0000000E+00   0.0000000E+00   0.0000000E+00   0.0000000E+00   0.0000000E+00
   7.3283947E-02   2.8588193E+06   2.8588193E+06   4.7626726E+01   5.1231143E-01   6.0777701E+04   2.8505604E+06   2.8588193E+06   0.0000000E+00   0.0000000E+00   0.0000000E+00   0.0000000E+00   0.0000000E+00
   7.6176940E-02   2.7604838E+06   2.7604838E+06   4.0360173E+01   4.5909472E-01   5.5960607E+04   2.7524961E+06   2.7604838E+06   0.0000000E+00   0.0000000E+00   0.0000000E+00   0.0000000E+00   0.0000000E+00
   7.9110854E-02   2.6624704E+06   2.6624704E+06   3.8028012E+01   4.1165631E-01   5.1560914E+04   2.6547547E+06   2.6624704E+06   0.0000000E+00   0.0000000E+00   0.0000000E+00   0.0000000E+00   0.0000000E+00
   8.2093530E-02   2.5644751E+06   2.5644751E+06   3.2677461E+01   3.6916624E-01   4.7438599E+04   2.5570332E+06   2.5644751E+06   0.0000000E+00   0.0000000E+00   0.0000000E+00   0.0000000E+00   0.0000000E+00
   8.5132240E-02   2.4666092E+06   2.4666092E+06   3.0366496E+01   3.3099536E-01   4.3722794E+04   2.4594421E+06   2.4666092E+06   0.0000000E+00   0.0000000E+00   0.0000000E+00   0.0000000E+00   0.0000000E+00
   8.8233795E-02   2.3693539E+06   2.3693539E+06   2.5839730E+01   2.9669781E-01   4.0233871E+04   2.3624612E+06   2.3693539E+06   0.0000000E+00   0.0000000E+00   0.0000000E+00   0.0000000E+00   0.0000000E+00
   9.1404644E-02   2.2734967E+06   2.2734967E+06   2.4032803E+01   2.6589687E-01   3.7026526E+04   2.2668755E+06   2.2734967E+06   0.0000000E+00   0.0000000E+00   0.0000000E+00   0.0000000E+00   0.0000000E+00
   9.4650953E-02   2.1800429E+06   2.1800429E+06   2.1535769E+01   2.3828992E-01   3.4116911E+04   2.1736872E+06   2.1800429E+06   0.0000000E+00   0.0000000E+00   0.0000000E+00   0.0000000E+00   0.0000000E+00
   9.7978678E-02   2.0901050E+06   2.0901050E+06   1.8882153E+01   2.1363534E-01   3.1445145E+04   2.0840056E+06   2.0901050E+06   0.0000000E+00   0.0000000E+00   0.0000000E+00   0.0000000E+00   0.0000000E+00
   1.0139362E-01   2.0047722E+06   2.0047722E+06   1.6716818E+01   1.9169689E-01   2.9016692E+04   1.9989164E+06   2.0047722E+06   0.0000000E+00   0.0000000E+00   0.0000000E+00   0.0000000E+00   0.0000000E+00
   1.0490146E-01   1.9249683E+06   1.9249683E+06   1.4978504E+01   1.7224315E-01   2.6837174E+04   1.9193408E+06   1.9249683E+06   0.0000000E+00   0.0000000E+00   0.0000000E+00   0.0000000E+00   0.0000000E+00
   1.0850784E-01   1.8513124E+06   1.8513124E+06   1.3806642E+01   1.5504623E-01   2.4880914E+04   1.8458958E+06   1.8513124E+06   0.0000000E+00   0.0000000E+00   0.0000000E+00   0.0000000E+00   0.0000000E+00
   1.1221831E-01   1.7839990E+06   1.7839990E+06   1.2560663E+01   1.3986094E-01   2.3108348E+04   1.7787754E+06   1.7839990E+06   0.0000000E+00   0.0000000E+00   0.0000000E+00   0.0000000E+00   0.0000000E+00
   1.1603845E-01   1.7227188E+06   1.7227188E+06   1.0910985E+01   1.2643822E-01   2.1553388E+04   1.7176709E+06   1.7227188E+06   0.0000000E+00   0.0000000E+00   0.0000000E+00   0.0000000E+00   0.0000000E+00
   1.1997382E-01   1.6666394E+06   1.6666394E+06   1.0212087E+01   1.1452716E-01   2.0132611E+04   1.6617526E+06   1.6666394E+06   0.0000000E+00   0.0000000E+00   0.0000000E+00   0.0000000E+00   0.0000000E+00
   1.2403002E-01   1.6144644E+06   1.6144644E+06   9.2897718E+00   1.0387972E-01   1.8868807E+04   1.6097274E+06   1.6144644E+06   0.0000000E+00   0.0000000E+00   0.0000000E+00   0.0000000E+00   0.0000000E+00
   1.2821265E-01   1.5645754E+06   1.5645754E+06   8.3070590E+00   9.4274130E-02   1.7695134E+04   1.5599821E+06   1.5645754E+06   0.0000000E+00   0.0000000E+00   0.0000000E+00   0.0000000E+00   0.0000000E+00
   1.3252739E-01   1.5152540E+06   1.5152540E+06   7.5374105E+00   8.5516057E-02   1.6592907E+04   1.5108029E+06   1.5152540E+06   0.0000000E+00   0.0000000E+00   0.0000000E+00   0.0000000E+00   0.0000000E+00
   1.3697995E-01   1.4649558E+06   1.4649558E+06   6.8214831E+00   7.7451566E-02   1.5544192E+04   1.4606501E+06   1.4649558E+06   0.0000000E+00   0.0000000E+00   0.0000000E+00   0.0000000E+00   0.0000000E+00
   1.4157610E-01   1.4125965E+06   1.4125965E+06   6.2322282E+00   6.9977177E-02   1.4533511E+04   1.4084426E+06   1.4125965E+06   0.0000000E+00   0.0000000E+00   0.0000000E+00   0.0000000E+00   0.0000000E+00
   1.4632168E-01   1.3577902E+06   1.3577902E+06   5.4167526E+00   6.3035094E-02   1.3561936E+04   1.3537955E+06   1.3577902E+06   0.0000000E+00   0.0000000E+00   0.0000000E+00   0.0000000E+00   0.0000000E+00
   1.5122261E-01   1.3009764E+06   1.3009764E+06   4.9384480E+00   5.6610943E-02   1.2614975E+04   1.2971471E+06   1.3009764E+06   0.0000000E+00   0.0000000E+00   0.0000000E+00   0.0000000E+00   0.0000000E+00
   1.5628486E-01   1.2433819E+06   1.2433819E+06   4.4694856E+00   5.0716679E-02   1.1720870E+04   1.2397205E+06   1.2433819E+06   0.0000000E+00   0.0000000E+00   0.0000000E+00   0.0000000E+00   0.0000000E+00
   1.6151450E-01   1.1867905E+06   1.1867905E+06   3.9494990E+00   4.5376196E-02   1.0883383E+04   1.1832944E+06   1.1867905E+06   0.0000000E+00   0.0000000E+00   0.0000000E+00   0.0000000E+00   0.0000000E+00
   1.6691768E-01   1.1331423E+06   1.1331423E+06   3.4858807E+00   4.0606173E-02   1.0122438E+04   1.1298029E+06   1.1331423E+06   0.0000000E+00   0.0000000E+00   0.0000000E+00   0.0000000E+00   0.0000000E+00
   1.7250066E-01   1.0840363E+06   1.0840363E+06   3.1981214E+00   3.6401576E-02   9.4336267E+03   1.0808404E+06   1.0840363E+06   0.0000000E+00   0.0000000E+00   0.0000000E+00   0.0000000E+00   0.0000000E+00
   1.7826978E-01   1.0402647E+06   1.0402647E+06   2.8172532E+00   3.2725120E-02   8.8287133E+03   1.0371969E+06   1.0402647E+06   0.0000000E+00   0.0000000E+00   0.0000000E+00   0.0000000E+00   0.0000000E+00
   1.8423152E-01   1.0015276E+06   1.0015276E+06   2.5292925E+00   2.9509505E-02   8.2942027E+03   9.9857300E+05   1.0015276E+06   0.0000000E+00   0.0000000E+00   0.0000000E+00   0.0000000E+00   0.0000000E+00
   1.9039248E-01   9.6645447E+05   9.6645447E+05   2.2916265E+00   2.6667890E-02   7.8195888E+03   9.6360248E+05   9.6645447E+05   0.0000000E+00   0.0000000E+00   0.0000000E+00   0.0000000E+00   0.0000000E+00
   1.9675942E-01   9.3298336E+05   9.3298336E+05   2.1213947E+00   2.4109269E-02   7.3767797E+03   9.3022934E+05   9.3298336E+05   0.0000000E+00   0.0000000E+00   0.0000000E+00   0.0000000E+00   0.0000000E+00
   2.0333926E-01   8.9902128E+05   8.9902128E+05   1.8849575E+00   2.1758790E-02   6.9555521E+03   8.9636679E+05   8.9902128E+05   0.0000000E+00   0.0000000E+00   0.0000000E+00   0.0000000E+00   0.0000000E+00
   2.1013914E-01   8.6318382E+05   8.6318382E+05   1.6882549E+00   1.9570825E-02   6.5372152E+03   8.6063448E+05   8.6318382E+05   0.0000000E+00   0.0000000E+00   0.0000000E+00   0.0000000E+00   0.0000000E+00
   2.1716642E-01   8.2532928E+05   8.2532928E+05   1.5100148E+00   1.7532947E-02   6.1232201E+03   8.2289115E+05   8.2532928E+05   0.0000000E+00   0.0000000E+00   0.0000000E+00   0.0000000E+00   0.0000000E+00
   2.2442873E-01   7.8663031E+05   7.8663031E+05   1.3713323E+00   1.5658911E-02   5.7219910E+03   7.8430596E+05   7.8663031E+05   0.0000000E+00   0.0000000E+00   0.0000000E+00   0.0000000E+00   0.0000000E+00
   2.3193401E-01   7.4908331E+05   7.4908331E+05   1.2083917E+00   1.3972080E-02   5.3473841E+03   7.4686943E+05   7.4908331E+05   0.0000000E+00   0.0000000E+00   0.0000000E+00   0.0000000E+00   0.0000000E+00
   2.3969057E-01   7.1460749E+05   7.1460749E+05   1.0827455E+00   1.2486889E-02   5.0090168E+03   7.1249506E+05   7.1460749E+05   0.0000000E+00   0.0000000E+00   0.0000000E+00   0.0000000E+00   0.0000000E+00
   2.4770714E-01   6.8412381E+05   6.8412381E+05   9.7261263E-01   1.1196102E-02   4.7107770E+03   6.8210110E+05   6.8412381E+05   0.0000000E+00   0.0000000E+00   0.0000000E+00   0.0000000E+00   0.0000000E+00
   2.5599294E-01   6.5708918E+05   6.5708918E+05   8.6605638E-01   1.0069546E-02   4.4497812E+03   6.5514605E+05   6.5708918E+05   0.0000000E+00   0.0000000E+00   0.0000000E+00   0.0000000E+00   0.0000000E+00
   2.6455775E-01   6.3179090E+05   6.3179090E+05   7.7742022E-01   9.0655535E-03   4.2099622E+03   6.2992226E+05   6.3179090E+05   0.0000000E+00   0.0000000E+00   0.0000000E+00   0.0000000E+00   0.0000000E+00
   2.7341200E-01   6.0631091E+05   6.0631091E+05   7.0550184E-01   8.1469280E-03   3.9788957E+03   6.0451734E+05   6.0631091E+05   0.0000000E+00   0.0000000E+00   0.0000000E+00   0.0000000E+00   0.0000000E+00
   2.8256690E-01   5.7963913E+05   5.7963913E+05   6.2590432E-01   7.2947099E-03   3.7475985E+03   5.7792419E+05   5.7963913E+05   0.0000000E+00   0.0000000E+00   0.0000000E+00   0.0000000E+00   0.0000000E+00
   2.9203451E-01   5.5223923E+05   5.5223923E+05   5.6056053E-01   6.5097663E-03   3.5202831E+03   5.5060512E+05   5.5223923E+05   0.0000000E+00   0.0000000E+00   0.0000000E+00   0.0000000E+00   0.0000000E+00
   3.0182791E-01   5.2564597E+05   5.2564597E+05   4.9858964E-01   5.8034647E-03   3.3061995E+03   5.2409035E+05   5.2564597E+05   0.0000000E+00   0.0000000E+00   0.0000000E+00   0.0000000E+00   0.0000000E+00
   3.1196131E-01   5.0131537E+05   5.0131537E+05   4.4472293E-01   5.1825887E-03   3.1124613E+03   4.9983156E+05   5.0131537E+05   0.0000000E+00   0.0000000E+00   0.0000000E+00   0.0000000E+00   0.0000000E+00
   3.2245031E-01   4.7954292E+05   4.7954292E+05   3.9945045E-01   4.6406724E-03   2.9409649E+03   4.7812338E+05   4.7954292E+05   0.0000000E+00   0.0000000E+00   0.0000000E+00   0.0000000E+00   0.0000000E+00
   3.3331201E-01   4.5930321E+05   4.5930321E+05   3.5916096E-01   4.1599908E-03   2.7836925E+03   4.5794343E+05   4.5930321E+05   0.0000000E+00   0.0000000E+00   0.0000000E+00   0.0000000E+00   0.0000000E+00
   3.4456534E-01   4.3917756E+05   4.3917756E+05   3.2147640E-01   3.7226177E-03   2.6319693E+03   4.3787723E+05   4.3917756E+05   0.0000000E+00   0.0000000E+00   0.0000000E+00   0.0000000E+00   0.0000000E+00
   3.5623127E-01   4.1858744E+05   4.1858744E+05   2.8623470E-01   3.3204804E-03   2.4820654E+03   4.1734794E+05   4.1858744E+05   0.0000000E+00   0.0000000E+00   0.0000000E+00   0.0000000E+00   0.0000000E+00
   3.6833323E-01   3.9819922E+05   3.9819922E+05   2.5479058E-01   2.9555498E-03   2.3371155E+03   3.9701998E+05   3.9819922E+05   0.0000000E+00   0.0000000E+00   0.0000000E+00   0.0000000E+00   0.0000000E+00
   3.8089746E-01   3.7909991E+05   3.7909991E+05   2.2666167E-01   2.6317787E-03   2.2033477E+03   3.7797713E+05   3.7909991E+05   0.0000000E+00   0.0000000E+00   0.0000000E+00   0.0000000E+00   0.0000000E+00
   3.9395352E-01   3.6159868E+05   3.6159868E+05   2.0157751E-01   2.3468066E-03   2.0824453E+03   3.6052764E+05   3.6159868E+05   0.0000000E+00   0.0000000E+00   0.0000000E+00   0.0000000E+00   0.0000000E+00
   4.0753490E-01   3.4496840E+05   3.4496840E+05   1.8005377E-01   2.0923269E-03   1.9689122E+03   3.4394654E+05   3.4496840E+05   0.0000000E+00   0.0000000E+00   0.0000000E+00   0.0000000E+00   0.0000000E+00
   4.2167973E-01   3.2840274E+05   3.2840274E+05   1.5985217E-01   1.8607168E-03   1.8586700E+03   3.2742988E+05   3.2840274E+05   0.0000000E+00   0.0000000E+00   0.0000000E+00   0.0000000E+00   0.0000000E+00
   4.3643166E-01   3.1197170E+05   3.1197170E+05   1.4194953E-01   1.6505519E-03   1.7516407E+03   3.1104745E+05   3.1197170E+05   0.0000000E+00   0.0000000E+00   0.0000000E+00   0.0000000E+00   0.0000000E+00
   4.5184101E-01   2.9633320E+05   2.9633320E+05   1.2572931E-01   1.4629139E-03   1.6510194E+03   2.9545521E+05   2.9633320E+05   0.0000000E+00   0.0000000E+00   0.0000000E+00   0.0000000E+00   0.0000000E+00
   4.6796613E-01   2.8167400E+05   2.8167400E+05   1.1152634E-01   1.2964745E-03   1.5580082E+03   2.8083939E+05   2.8167400E+05   0.0000000E+00   0.0000000E+00   0.0000000E+00   0.0000000E+00   0.0000000E+00
   4.8487516E-01   2.6749117E+05   2.6749117E+05   9.8651460E-02   1.1469277E-03   1.4692552E+03   2.6669854E+05   2.6749117E+05   0.0000000E+00   0.0000000E+00   0.0000000E+00   0.0000000E+00   0.0000000E+00
   5.0264820E-01   2.5348030E+05   2.5348030E+05   8.6918915E-02   1.0114838E-03   1.3830754E+03   2.5272914E+05   2.5348030E+05   0.0000000E+00   0.0000000E+00   0.0000000E+00   0.0000000E+00   0.0000000E+00
   5.2138019E-01   2.3993717E+05   2.3993717E+05   7.6498937E-02   8.8999632E-04   1.3008656E+03   2.3922610E+05   2.3993717E+05   0.0000000E+00   0.0000000E+00   0.0000000E+00   0.0000000E+00   0.0000000E+00
   5.4118449E-01   2.2702265E+05   2.2702265E+05   6.7198689E-02   7.8164665E-04   1.2233580E+03   2.2634982E+05   2.2702265E+05   0.0000000E+00   0.0000000E+00   0.0000000E+00   0.0000000E+00   0.0000000E+00
   5.6219754E-01   2.1444351E+05   2.1444351E+05   5.8780357E-02   6.8424340E-04   1.1488552E+03   2.1380793E+05   2.1444351E+05   0.0000000E+00   0.0000000E+00   0.0000000E+00   0.0000000E+00   0.0000000E+00
   5.8458487E-01   2.0211744E+05   2.0211744E+05   5.1239826E-02   5.9652689E-04   1.0767893E+03   2.0151836E+05   2.0211744E+05   0.0000000E+00   0.0000000E+00   0.0000000E+00   0.0000000E+00   0.0000000E+00
   6.0854887E-01   1.9020322E+05   1.9020322E+05   4.4505464E-02   5.1807055E-04   1.0078718E+03   1.8963943E+05   1.9020322E+05   0.0000000E+00   0.0000000E+00   0.0000000E+00   0.0000000E+00   0.0000000E+00
   6.3433858E-01   1.7858280E+05   1.7858280E+05   3.8454230E-02   4.4770810E-04   9.4141423E+02   1.7805343E+05   1.7858280E+05   0.0000000E+00   0.0000000E+00   0.0000000E+00   0.0000000E+00   0.0000000E+00
   6.6226202E-01   1.6718420E+05   1.6718420E+05   3.3021205E-02   3.8457103E-04   8.7698568E+02   1.6668860E+05   1.6718420E+05   0.0000000E+00   0.0000000E+00   0.0000000E+00   0.0000000E+00   0.0000000E+00
   6.9270077E-01   1.5605479E+05   1.5605479E+05   2.8172550E-02   3.2814000E-04   8.1470062E+02   1.5559217E+05   1.5605479E+05   0.0000000E+00   0.0000000E+00   0.0000000E+00   0.0000000E+00   0.0000000E+00
   7.2612572E-01   1.4511053E+05   1.4511053E+05   2.3839924E-02   2.7770632E-04   7.5408254E+02   1.4468033E+05   1.4511053E+05   0.0000000E+00   0.0000000E+00   0.0000000E+00   0.0000000E+00   0.0000000E+00
   7.6311068E-01   1.3436390E+05   1.3436390E+05   1.9985733E-02   2.3283673E-04   6.9512389E+02   1.3396555E+05   1.3436390E+05   0.0000000E+00   0.0000000E+00   0.0000000E+00   0.0000000E+00   0.0000000E+00
   8.0433582E-01   1.2379439E+05   1.2379439E+05   1.6573656E-02   1.9310939E-04   6.3770299E+02   1.2342736E+05   1.2379439E+05   0.0000000E+00   0.0000000E+00   0.0000000E+00   0.0000000E+00   0.0000000E+00
   8.5056716E-01   1.1342950E+05   1.1342950E+05   1.3579099E-02   1.5824100E-04   5.8189063E+02   1.1309319E+05   1.1342950E+05   0.0000000E+00   0.0000000E+00   0.0000000E+00   0.0000000E+00   0.0000000E+00
   9.0259413E-01   1.0331707E+05   1.0331707E+05   1.0983186E-02   1.2800407E-04   5.2792973E+02   1.0301073E+05   1.0331707E+05   0.0000000E+00   0.0000000E+00   0.0000000E+00   0.0000000E+00   0.0000000E+00
   9.6111725E-01   9.3548246E+04   9.3548246E+04   8.7735403E-03   1.0222386E-04   4.7623650E+02   9.3270866E+04   9.3548246E+04   0.0000000E+00   0.0000000E+00   0.0000000E+00   0.0000000E+00   0.0000000E+00
   1.0266167E+00   8.4241432E+04   8.4241432E+04   6.9239657E-03   8.0688140E-05   4.2737299E+02   8.3991641E+04   8.4241432E+04   0.0000000E+00   0.0000000E+00   0.0000000E+00   0.0000000E+00   0.0000000E+00
   1.0992838E+00   7.5519345E+04   7.5519345E+04   5.4117076E-03   6.3091318E-05   3.8191303E+02   7.5295411E+04   7.5519345E+04   0.0000000E+00   0.0000000E+00   0.0000000E+00   0.0000000E+00   0.0000000E+00
   1.1790897E+00   6.7477189E+04   6.7477189E+04   4.2026400E-03   4.9003073E-05   3.4027097E+02   6.7277097E+04   6.7477189E+04   0.0000000E+00   0.0000000E+00   0.0000000E+00   0.0000000E+00   0.0000000E+00
   1.2659579E+00   6.0158538E+04   6.0158538E+04   3.2500760E-03   3.7900491E-05   3.0260087E+02   5.9980145E+04   6.0158538E+04   0.0000000E+00   0.0000000E+00   0.0000000E+00   0.0000000E+00   0.0000000E+00
   1.3599226E+00   5.3557406E+04   5.3557406E+04   2.5072787E-03   2.9241807E-05   2.6879899E+02   5.3398585E+04   5.3557406E+04   0.0000000E+00   0.0000000E+00   0.0000000E+00   0.0000000E+00   0.0000000E+00
   1.4611942E+00   4.7635934E+04   4.7635934E+04   1.9310575E-03   2.2529880E-05   2.3861791E+02   4.7494670E+04   4.7635934E+04   0.0000000E+00   0.0000000E+00   0.0000000E+00   0.0000000E+00   0.0000000E+00
   1.5701458E+00   4.2339284E+04   4.2339284E+04   1.4868339E-03   1.7343183E-05   2.1172902E+02   4.2213726E+04   4.2339284E+04   0.0000000E+00   0.0000000E+00   0.0000000E+00   0.0000000E+00   0.0000000E+00
   1.6872716E+00   3.7609582E+04   3.7609582E+04   1.1438134E-03   1.3342125E-05   1.8779878E+02   3.7498049E+04   3.7609582E+04   0.0000000E+00   0.0000000E+00   0.0000000E+00   0.0000000E+00   0.0000000E+00
   1.8131502E+00   3.3390248E+04   3.3390248E+04   8.7932333E-04   1.0258394E-05   1.6651611E+02   3.3291226E+04   3.3390248E+04   0.0000000E+00   0.0000000E+00   0.0000000E+00   0.0000000E+00   0.0000000E+00
   1.9484242E+00   2.9629296E+04   2.9629296E+04   6.7595818E-04   7.8833787E-06   1.4759673E+02   2.9541427E+04   2.9629296E+04   0.0000000E+00   0.0000000E+00   0.0000000E+00   0.0000000E+00   0.0000000E+00
   2.0937917E+00   2.6279069E+04   2.6279069E+04   5.1893380E-04   6.0552868E-06   1.3078142E+02   2.6201135E+04   2.6279069E+04   0.0000000E+00   0.0000000E+00   0.0000000E+00   0.0000000E+00   0.0000000E+00
   2.2500049E+00   2.3296681E+04   2.3296681E+04   3.9835718E-04   4.6489724E-06   1.1584200E+02   2.3227591E+04   2.3296681E+04   0.0000000E+00   0.0000000E+00   0.0000000E+00   0.0000000E+00   0.0000000E+00
   2.4178729E+00   2.0643336E+04   2.0643336E+04   3.0566410E-04   3.5676639E-06   1.0257350E+02   2.0582115E+04   2.0643336E+04   0.0000000E+00   0.0000000E+00   0.0000000E+00   0.0000000E+00   0.0000000E+00
   2.5982652E+00   1.8284097E+04   1.8284097E+04   2.3443738E-04   2.7366931E-06   9.0792812E+01   1.8229872E+04   1.8284097E+04   0.0000000E+00   0.0000000E+00   0.0000000E+00   0.0000000E+00   0.0000000E+00
   2.7921161E+00   1.6187555E+04   1.6187555E+04   1.7973009E-04   2.0983911E-06   8.0338050E+01   1.6139547E+04   1.6187555E+04   0.0000000E+00   0.0000000E+00   0.0000000E+00   0.0000000E+00   0.0000000E+00
   3.0004298E+00   1.4325473E+04   1.4325473E+04   1.3767638E-04   1.6083305E-06   7.1062823E+01   1.4282988E+04   1.4325473E+04   0.0000000E+00   0.0000000E+00   0.0000000E+00   0.0000000E+00   0.0000000E+00
   3.2242854E+00   1.2672500E+04   1.2672500E+04   1.0552847E-04   1.2322476E-06   6.2836766E+01   1.2634917E+04   1.2672500E+04   0.0000000E+00   0.0000000E+00   0.0000000E+00   0.0000000E+00   0.0000000E+00
   3.4648423E+00   1.1205895E+04   1.1205895E+04   8.0799699E-05   9.4375789E-07   5.5544502E+01   1.1172662E+04   1.1205895E+04   0.0000000E+00   0.0000000E+00   0.0000000E+00   0.0000000E+00   0.0000000E+00
   3.7233467E+00   9.9052845E+03   9.9052845E+03   6.1846429E-05   7.2255679E-07   4.9082479E+01   9.8759081E+03   9.9052845E+03   0.0000000E+00   0.0000000E+00   0.0000000E+00   0.0000000E+00   0.0000000E+00
   4.0011375E+00   8.7524262E+03   8.7524262E+03   4.7317737E-05   5.5301506E-07   4.3358162E+01   8.7264687E+03   8.7524262E+03   0.0000000E+00   0.0000000E+00   0.0000000E+00   0.0000000E+00   0.0000000E+00
   4.2996536E+00   7.7310030E+03   7.7310030E+03   3.6198929E-05   4.2312020E-07   3.8289126E+01   7.7080748E+03   7.7310030E+03   0.0000000E+00   0.0000000E+00   0.0000000E+00   0.0000000E+00   0.0000000E+00
   4.6204415E+00   6.8264309E+03   6.8264309E+03   2.7665930E-05   3.2363803E-07   3.3802075E+01   6.8061854E+03   6.8264309E+03   0.0000000E+00   0.0000000E+00   0.0000000E+00   0.0000000E+00   0.0000000E+00
   4.9651626E+00   6.0256854E+03   6.0256854E+03   2.1158857E-05   2.4747402E-07   2.9831779E+01   6.0078147E+03   6.0256854E+03   0.0000000E+00   0.0000000E+00   0.0000000E+00   0.0000000E+00   0.0000000E+00
   5.3356026E+00   5.3171429E+03   5.3171429E+03   1.6166772E-05   1.8918404E-07   2.6319860E+01   5.3013735E+03   5.3171429E+03   0.0000000E+00   0.0000000E+00   0.0000000E+00   0.0000000E+00   0.0000000E+00
   5.7336803E+00   4.6904382E+03   4.6904382E+03   1.2354756E-05   1.4458695E-07   2.3214549E+01   4.6765274E+03   4.6904382E+03   0.0000000E+00   0.0000000E+00   0.0000000E+00   0.0000000E+00   0.0000000E+00
   6.1614577E+00   4.1363341E+03   4.1363341E+03   9.4281833E-06   1.1047749E-07   2.0469690E+01   4.1240667E+03   4.1363341E+03   0.0000000E+00   0.0000000E+00   0.0000000E+00   0.0000000E+00   0.0000000E+00
   6.6211507E+00   3.6466046E+03   3.6466046E+03   7.1998602E-06   8.4396687E-08   1.8044297E+01   3.6357896E+03   3.6466046E+03   0.0000000E+00   0.0000000E+00   0.0000000E+00   0.0000000E+00   0.0000000E+00
   7.1151404E+00   3.2139286E+03   3.2139286E+03   5.4953418E-06   6.4460802E-08   1.5901859E+01   3.2043969E+03   3.2139286E+03   0.0000000E+00   0.0000000E+00   0.0000000E+00   0.0000000E+00   0.0000000E+00
   7.6459855E+00   2.8317946E+03   2.8317946E+03   4.1929073E-06   4.9225789E-08   1.4010029E+01   2.8233961E+03   2.8317946E+03   0.0000000E+00   0.0000000E+00   0.0000000E+00   0.0000000E+00   0.0000000E+00
   8.2164359E+00   2.4944141E+03   2.4944141E+03   3.1983283E-06   3.7586070E-08   1.2340036E+01   2.4870162E+03   2.4944141E+03   0.0000000E+00   0.0000000E+00   0.0000000E+00   0.0000000E+00   0.0000000E+00
