#           k/h    CDM            baryon         photon         nu             mass_nu        total          no_nu          total_de       Weyl           v_CDM          v_b            v_b-v_c     
   1.1498341E-05   1.4205648E+07   1.4205648E+07   1.8931097E+07   5.7559685E+03   2.2882791E+07   1.4205651E+07   1.4205648E+07   0.0000000E+00   0.0000000E+00   0.0000000E+00   0.0000000E+00   0.0000000E+00
   1.2356207E-05   1.4205646E+07   1.4205646E+07   1.8929582E+07   5.7556703E+03   2.2882303E+07   1.4205648E+07   1.4205646E+07   0.0000000E+00   0.0000000E+00   0.0000000E+00   0.0000000E+00   0.0000000E+00
   1.3278077E-05   1.4205644E+07   1.4205644E+07   1.8927834E+07   5.7553259E+03   2.2881741E+07   1.4205646E+07   1.4205644E+07   0.0000000E+00   0.0000000E+00   0.0000000E+00   0.0000000E+00   0.0000000E+00
   1.4268725E-05   1.4205641E+07   1.4205641E+07   1.8925815E+07   5.7549283E+03   2.2881091E+07   1.4205643E+07   1.4205641E+07   0.0000000E+00   0.0000000E+00   0.0000000E+00   0.0000000E+00   0.0000000E+00
   1.5333284E-05   1.4205638E+07   1.4205638E+07   1.8923484E+07   5.7544691E+03   2.2880341E+07   1.4205640E+07   1.4205638E+07   0.0000000E+00   0.0000000E+00   0.0000000E+00   0.0000000E+00   0.0000000E+00
   1.6477267E-05   1.4205634E+07   1.4205634E+07   1.8920792E+07   5.7539389E+03   2.2879475E+07   1.4205636E+07   1.4205634E+07   0.0000000E+00   0.0000000E+00   0.0000000E+00   0.0000000E+00   0.0000000E+00
   1.7706600E-05   1.4205630E+07   1.4205630E+07   1.8917684E+07   5.7533267E+03   2.2878475E+07   1.4205631E+07   1.4205630E+07   0.0000000E+00   0.0000000E+00   0.0000000E+00   0.0000000E+00   0.0000000E+00
   1.9027651E-05   1.4205625E+07   1.4205625E+07   1.8914096E+07   5.7526199E+03   2.2877321E+07   1.4205626E+07   1.4205625E+07   0.0000000E+00   0.0000000E+00   0.0000000E+00   0.0000000E+00   0.0000000E+00
   2.0447262E-05   1.4205619E+07   1.4205619E+07   1.8909953E+07   5.7518037E+03   2.2875989E+07   1.4205620E+07   1.4205619E+07   0.0000000E+00   0.0000000E+00   0.0000000E+00   0.0000000E+00   0.0000000E+00
   2.1972788E-05   1.4205613E+07   1.4205613E+07   1.8905170E+07   5.7508614E+03   2.2874450E+07   1.4205613E+07   1.4205613E+07   0.0000000E+00   0.0000000E+00   0.0000000E+00   0.0000000E+00   0.0000000E+00
   2.3612130E-05   1.4205605E+07   1.4205605E+07   1.8899647E+07   5.7497735E+03   2.2872675E+07   1.4205605E+07   1.4205605E+07   0.0000000E+00   0.0000000E+00   0.0000000E+00   0.0000000E+00   0.0000000E+00
   2.5373780E-05   1.4205596E+07   1.4205596E+07   1.8893272E+07   5.7485174E+03   2.2870625E+07   1.4205596E+07   1.4205596E+07   0.0000000E+00   0.0000000E+00   0.0000000E+00   0.0000000E+00   0.0000000E+00
   2.7266863E-05   1.4205586E+07   1.4205586E+07   1.8885913E+07   5.7470673E+03   2.2868259E+07   1.4205586E+07   1.4205586E+07   0.0000000E+00   0.0000000E+00   0.0000000E+00   0.0000000E+00   0.0000000E+00
   2.9301184E-05   1.4205574E+07   1.4205574E+07   1.8877418E+07   5.7453933E+03   2.2865529E+07   1.4205573E+07   1.4205574E+07   0.0000000E+00   0.0000000E+00   0.0000000E+00   0.0000000E+00   0.0000000E+00
   3.1487282E-05   1.4205560E+07   1.4205560E+07   1.8867613E+07   5.7434608E+03   2.2862378E+07   1.4205559E+07   1.4205560E+07   0.0000000E+00   0.0000000E+00   0.0000000E+00   0.0000000E+00   0.0000000E+00
   3.3836479E-05   1.4205545E+07   1.4205545E+07   1.8856295E+07   5.7412301E+03   2.2858742E+07   1.4205543E+07   1.4205545E+07   0.0000000E+00   0.0000000E+00   0.0000000E+00   0.0000000E+00   0.0000000E+00
   3.6360946E-05   1.4205526E+07   1.4205526E+07   1.8843234E+07   5.7386553E+03   2.2854547E+07   1.4205524E+07   1.4205526E+07   0.0000000E+00   0.0000000E+00   0.0000000E+00   0.0000000E+00   0.0000000E+00
   3.9073757E-05   1.4205505E+07   1.4205505E+07   1.8828161E+07   5.7356836E+03   2.2849708E+07   1.4205502E+07   1.4205505E+07   0.0000000E+00   0.0000000E+00   0.0000000E+00   0.0000000E+00   0.0000000E+00
   4.1988965E-05   1.4205481E+07   1.4205481E+07   1.8810770E+07   5.7322541E+03   2.2844126E+07   1.4205477E+07   1.4205481E+07   0.0000000E+00   0.0000000E+00   0.0000000E+00   0.0000000E+00   0.0000000E+00
   4.5121670E-05   1.4205453E+07   1.4205453E+07   1.8790705E+07   5.7282965E+03   2.2837690E+07   1.4205448E+07   1.4205453E+07   0.0000000E+00   0.0000000E+00   0.0000000E+00   0.0000000E+00   0.0000000E+00
   4.8488100E-05   1.4205421E+07   1.4205421E+07   1.8767559E+07   5.7237301E+03   2.2830268E+07   1.4205415E+07   1.4205421E+07   0.0000000E+00   0.0000000E+00   0.0000000E+00   0.0000000E+00   0.0000000E+00
   5.2105692E-05   1.4205384E+07   1.4205384E+07   1.8740864E+07   5.7184620E+03   2.2821714E+07   1.4205376E+07   1.4205384E+07   0.0000000E+00   0.0000000E+00   0.0000000E+00   0.0000000E+00   0.0000000E+00
   5.5993185E-05   1.4205341E+07   1.4205341E+07   1.8710080E+07   5.7123851E+03   2.2811856E+07   1.4205332E+07   1.4205341E+07   0.0000000E+00   0.0000000E+00   0.0000000E+00   0.0000000E+00   0.0000000E+00
   6.0170715E-05   1.4205291E+07   1.4205291E+07   1.8674590E+07   5.7053765E+03   2.2800500E+07   1.4205280E+07   1.4205291E+07   0.0000000E+00   0.0000000E+00   0.0000000E+00   0.0000000E+00   0.0000000E+00
   6.4659921E-05   1.4205234E+07   1.4205234E+07   1.8633685E+07   5.6972950E+03   2.2787423E+07   1.4205221E+07   1.4205234E+07   0.0000000E+00   0.0000000E+00   0.0000000E+00   0.0000000E+00   0.0000000E+00
   6.9484057E-05   1.4205167E+07   1.4205167E+07   1.8586551E+07   5.6879783E+03   2.2772371E+07   1.4205152E+07   1.4205167E+07   0.0000000E+00   0.0000000E+00   0.0000000E+00   0.0000000E+00   0.0000000E+00
   7.4668112E-05   1.4205091E+07   1.4205091E+07   1.8532260E+07   5.6772407E+03   2.2755055E+07   1.4205073E+07   1.4205091E+07   0.0000000E+00   0.0000000E+00   0.0000000E+00   0.0000000E+00   0.0000000E+00
   8.0238937E-05   1.4205003E+07   1.4205003E+07   1.8469749E+07   5.6648690E+03   2.2735144E+07   1.4204982E+07   1.4205003E+07   0.0000000E+00   0.0000000E+00   0.0000000E+00   0.0000000E+00   0.0000000E+00
   8.6225390E-05   1.4204901E+07   1.4204901E+07   1.8397806E+07   5.6506196E+03   2.2712266E+07   1.4204876E+07   1.4204901E+07   0.0000000E+00   0.0000000E+00   0.0000000E+00   0.0000000E+00   0.0000000E+00
   9.2658479E-05   1.4204783E+07   1.4204783E+07   1.8315052E+07   5.6342141E+03   2.2686000E+07   1.4204754E+07   1.4204783E+07   0.0000000E+00   0.0000000E+00   0.0000000E+00   0.0000000E+00   0.0000000E+00
   9.9571527E-05   1.4204648E+07   1.4204648E+07   1.8219919E+07   5.6153351E+03   2.2655870E+07   1.4204614E+07   1.4204648E+07   0.0000000E+00   0.0000000E+00   0.0000000E+00   0.0000000E+00   0.0000000E+00
   1.0700034E-04   1.4204491E+07   1.4204491E+07   1.8110632E+07   5.5936214E+03   2.2621345E+07   1.4204452E+07   1.4204491E+07   0.0000000E+00   0.0000000E+00   0.0000000E+00   0.0000000E+00   0.0000000E+00
   1.1498341E-04   1.4204311E+07   1.4204311E+07   1.7985188E+07   5.5686630E+03   2.2581831E+07   1.4204265E+07   1.4204311E+07   0.0000000E+00   0.0000000E+00   0.0000000E+00   0.0000000E+00   0.0000000E+00
   1.2356207E-04   1.4204102E+07   1.4204102E+07   1.7841332E+07   5.5399955E+03   2.2536671E+07   1.4204049E+07   1.4204102E+07   0.0000000E+00   0.0000000E+00   0.0000000E+00   0.0000000E+00   0.0000000E+00
   1.3278077E-04   1.4203862E+07   1.4203862E+07   1.7676543E+07   5.5070953E+03   2.2485142E+07   1.4203801E+07   1.4203862E+07   0.0000000E+00   0.0000000E+00   0.0000000E+00   0.0000000E+00   0.0000000E+00
   1.4268725E-04   1.4203585E+07   1.4203585E+07   1.7488009E+07   5.4693736E+03   2.2426456E+07   1.4203514E+07   1.4203585E+07   0.0000000E+00   0.0000000E+00   0.0000000E+00   0.0000000E+00   0.0000000E+00
   1.5333284E-04   1.4203266E+07   1.4203266E+07   1.7272624E+07   5.4261719E+03   2.2359765E+07   1.4203183E+07   1.4203266E+07   0.0000000E+00   0.0000000E+00   0.0000000E+00   0.0000000E+00   0.0000000E+00
   1.6477267E-04   1.4202898E+07   1.4202898E+07   1.7026977E+07   5.3767578E+03   2.2284170E+07   1.4202802E+07   1.4202898E+07   0.0000000E+00   0.0000000E+00   0.0000000E+00   0.0000000E+00   0.0000000E+00
   1.7706600E-04   1.4202474E+07   1.4202474E+07   1.6747362E+07   5.3203218E+03   2.2198736E+07   1.4202363E+07   1.4202474E+07   0.0000000E+00   0.0000000E+00   0.0000000E+00   0.0000000E+00   0.0000000E+00
   1.9027651E-04   1.4201986E+07   1.4201986E+07   1.6429800E+07   5.2559770E+03   2.2102514E+07   1.4201857E+07   1.4201986E+07   0.0000000E+00   0.0000000E+00   0.0000000E+00   0.0000000E+00   0.0000000E+00
   2.0447262E-04   1.4201424E+07   1.4201424E+07   1.6070085E+07   5.1827606E+03   2.1994574E+07   1.4201275E+07   1.4201424E+07   0.0000000E+00   0.0000000E+00   0.0000000E+00   0.0000000E+00   0.0000000E+00
   2.1972788E-04   1.4200778E+07   1.4200778E+07   1.5663861E+07   5.0996413E+03   2.1874057E+07   1.4200605E+07   1.4200778E+07   0.0000000E+00   0.0000000E+00   0.0000000E+00   0.0000000E+00   0.0000000E+00
   2.3612130E-04   1.4200034E+07   1.4200034E+07   1.5206730E+07   5.0055307E+03   2.1740232E+07   1.4199835E+07   1.4200034E+07   0.0000000E+00   0.0000000E+00   0.0000000E+00   0.0000000E+00   0.0000000E+00
   2.5373780E-04   1.4199179E+07   1.4199179E+07   1.4694421E+07   4.8993037E+03   2.1592581E+07   1.4198949E+07   1.4199179E+07   0.0000000E+00   0.0000000E+00   0.0000000E+00   0.0000000E+00   0.0000000E+00
   2.7266863E-04   1.4198196E+07   1.4198196E+07   1.4123012E+07   4.7798282E+03   2.1430900E+07   1.4197931E+07   1.4198196E+07   0.0000000E+00   0.0000000E+00   0.0000000E+00   0.0000000E+00   0.0000000E+00
   2.9301184E-04   1.4197069E+07   1.4197069E+07   1.3489221E+07   4.6460073E+03   2.1255424E+07   1.4196763E+07   1.4197069E+07   0.0000000E+00   0.0000000E+00   0.0000000E+00   0.0000000E+00   0.0000000E+00
   3.1487282E-04   1.4195776E+07   1.4195776E+07   1.2790792E+07   4.4968370E+03   2.1066971E+07   1.4195423E+07   1.4195776E+07   0.0000000E+00   0.0000000E+00   0.0000000E+00   0.0000000E+00   0.0000000E+00
   3.3836479E-04   1.4194294E+07   1.4194294E+07   1.2026954E+07   4.3314809E+03   2.0867096E+07   1.4193887E+07   1.4194294E+07   0.0000000E+00   0.0000000E+00   0.0000000E+00   0.0000000E+00   0.0000000E+00
   3.6360946E-04   1.4192597E+07   1.4192597E+07   1.1198981E+07   4.1493647E+03   2.0658251E+07   1.4192129E+07   1.4192597E+07   0.0000000E+00   0.0000000E+00   0.0000000E+00   0.0000000E+00   0.0000000E+00
   3.9073757E-04   1.4190657E+07   1.4190657E+07   1.0310812E+07   3.9502916E+03   2.0443920E+07   1.4190118E+07   1.4190657E+07   0.0000000E+00   0.0000000E+00   0.0000000E+00   0.0000000E+00   0.0000000E+00
   4.1988965E-04   1.4188441E+07   1.4188441E+07   9.3697203E+06   3.7345759E+03   2.0228694E+07   1.4187822E+07   1.4188441E+07   0.0000000E+00   0.0000000E+00   0.0000000E+00   0.0000000E+00   0.0000000E+00
   4.5121670E-04   1.4185914E+07   1.4185914E+07   8.3869434E+06   3.5031901E+03   2.0018248E+07   1.4185202E+07   1.4185914E+07   0.0000000E+00   0.0000000E+00   0.0000000E+00   0.0000000E+00   0.0000000E+00
   4.8488100E-04   1.4183036E+07   1.4183036E+07   7.3781884E+06   3.2579158E+03   1.9819143E+07   1.4182218E+07   1.4183036E+07   0.0000000E+00   0.0000000E+00   0.0000000E+00   0.0000000E+00   0.0000000E+00
   5.2105692E-04   1.4179764E+07   1.4179764E+07   6.3638546E+06   3.0014782E+03   1.9638390E+07   1.4178825E+07   1.4179764E+07   0.0000000E+00   0.0000000E+00   0.0000000E+00   0.0000000E+00   0.0000000E+00
   5.5993185E-04   1.4176048E+07   1.4176048E+07   5.3687803E+06   2.7376400E+03   1.9482692E+07   1.4174972E+07   1.4176048E+07   0.0000000E+00   0.0000000E+00   0.0000000E+00   0.0000000E+00   0.0000000E+00
   6.0170715E-04   1.4171836E+07   1.4171836E+07   4.4212882E+06   2.4712158E+03   1.9357347E+07   1.4170605E+07   1.4171836E+07   0.0000000E+00   0.0000000E+00   0.0000000E+00   0.0000000E+00   0.0000000E+00
   6.4659921E-04   1.4167069E+07   1.4167069E+07   3.5513069E+06   2.2079653E+03   1.9264802E+07   1.4165662E+07   1.4167069E+07   0.0000000E+00   0.0000000E+00   0.0000000E+00   0.0000000E+00   0.0000000E+00
   6.9484057E-04   1.4161683E+07   1.4161683E+07   2.7874282E+06   1.9543164E+03   1.9203052E+07   1.4160077E+07   1.4161683E+07   0.0000000E+00   0.0000000E+00   0.0000000E+00   0.0000000E+00   0.0000000E+00
   7.4668112E-04   1.4155606E+07   1.4155606E+07   2.1529526E+06   1.7168841E+03   1.9164197E+07   1.4153777E+07   1.4155606E+07   0.0000000E+00   0.0000000E+00   0.0000000E+00   0.0000000E+00   0.0000000E+00
   8.0238937E-04   1.4148759E+07   1.4148759E+07   1.6613167E+06   1.5017771E+03   1.9133741E+07   1.4146680E+07   1.4148759E+07   0.0000000E+00   0.0000000E+00   0.0000000E+00   0.0000000E+00   0.0000000E+00
   8.6225390E-04   1.4141054E+07   1.4141054E+07   1.3117840E+06   1.3137409E+03   1.9091393E+07   1.4138697E+07   1.4141054E+07   0.0000000E+00   0.0000000E+00   0.0000000E+00   0.0000000E+00   0.0000000E+00
   9.2658479E-04   1.4132392E+07   1.4132392E+07   1.0868144E+06   1.1552682E+03   1.9014099E+07   1.4129726E+07   1.4132392E+07   0.0000000E+00   0.0000000E+00   0.0000000E+00   0.0000000E+00   0.0000000E+00
   9.9571527E-04   1.4122665E+07   1.4122665E+07   9.5287536E+05   1.0259027E+03   1.8881613E+07   1.4119657E+07   1.4122665E+07   0.0000000E+00   0.0000000E+00   0.0000000E+00   0.0000000E+00   0.0000000E+00
   1.0700034E-03   1.4111749E+07   1.4111749E+07   8.6622020E+05   9.2203661E+02   1.8683784E+07   1.4108366E+07   1.4111749E+07   0.0000000E+00   0.0000000E+00   0.0000000E+00   0.0000000E+00   0.0000000E+00
   1.1498341E-03   1.4099510E+07   1.4099510E+07   7.8385191E+05   8.3748699E+02   1.8427053E+07   1.4095719E+07   1.4099510E+07   0.0000000E+00   0.0000000E+00   0.0000000E+00   0.0000000E+00   0.0000000E+00
   1.2356207E-03   1.4085802E+07   1.4085802E+07   6.7731091E+05   7.6496610E+02   1.8135941E+07   1.4081570E+07   1.4085802E+07   0.0000000E+00   0.0000000E+00   0.0000000E+00   0.0000000E+00   0.0000000E+00
   1.3278077E-03   1.4070468E+07   1.4070468E+07   5.4366093E+05   6.9818235E+02   1.7845257E+07   1.4065764E+07   1.4070468E+07   0.0000000E+00   0.0000000E+00   0.0000000E+00   0.0000000E+00   0.0000000E+00
   1.4268725E-03   1.4053342E+07   1.4053342E+07   4.0612512E+05   6.3381737E+02   1.7582389E+07   1.4048135E+07   1.4053342E+07   0.0000000E+00   0.0000000E+00   0.0000000E+00   0.0000000E+00   0.0000000E+00
   1.5333284E-03   1.4034251E+07   1.4034251E+07   2.9943544E+05   5.7229376E+02   1.7347211E+07   1.4028514E+07   1.4034251E+07   0.0000000E+00   0.0000000E+00   0.0000000E+00   0.0000000E+00   0.0000000E+00
   1.6477267E-03   1.4013009E+07   1.4013009E+07   2.4427016E+05   5.1652510E+02   1.7105905E+07   1.4006720E+07   1.4013009E+07   0.0000000E+00   0.0000000E+00   0.0000000E+00   0.0000000E+00   0.0000000E+00
   1.7706600E-03   1.3989425E+07   1.3989425E+07   2.2782054E+05   4.6900743E+02   1.6813651E+07   1.3982562E+07   1.3989425E+07   0.0000000E+00   0.0000000E+00   0.0000000E+00   0.0000000E+00   0.0000000E+00
   1.9027651E-03   1.3963290E+07   1.3963290E+07   2.1147765E+05   4.2921210E+02   1.6458751E+07   1.3955840E+07   1.3963290E+07   0.0000000E+00   0.0000000E+00   0.0000000E+00   0.0000000E+00   0.0000000E+00
   2.0447262E-03   1.3934386E+07   1.3934386E+07   1.6765462E+05   3.9375834E+02   1.6085964E+07   1.3926335E+07   1.3934386E+07   0.0000000E+00   0.0000000E+00   0.0000000E+00   0.0000000E+00   0.0000000E+00
   2.1972788E-03   1.3902482E+07   1.3902482E+07   1.1134931E+05   3.5971068E+02   1.5753834E+07   1.3893819E+07   1.3902482E+07   0.0000000E+00   0.0000000E+00   0.0000000E+00   0.0000000E+00   0.0000000E+00
   2.3612130E-03   1.3867339E+07   1.3867339E+07   8.1101969E+04   3.2753943E+02   1.5454290E+07   1.3858054E+07   1.3867339E+07   0.0000000E+00   0.0000000E+00   0.0000000E+00   0.0000000E+00   0.0000000E+00
   2.5373780E-03   1.3828705E+07   1.3828705E+07   8.1894897E+04   2.9960044E+02   1.5112009E+07   1.3818788E+07   1.3828705E+07   0.0000000E+00   0.0000000E+00   0.0000000E+00   0.0000000E+00   0.0000000E+00
   2.7266863E-03   1.3786316E+07   1.3786316E+07   7.5880491E+04   2.7581823E+02   1.4704548E+07   1.3775753E+07   1.3786316E+07   0.0000000E+00   0.0000000E+00   0.0000000E+00   0.0000000E+00   0.0000000E+00
   2.9301184E-03   1.3739889E+07   1.3739889E+07   5.0254188E+04   2.5360851E+02   1.4308427E+07   1.3728666E+07   1.3739889E+07   0.0000000E+00   0.0000000E+00   0.0000000E+00   0.0000000E+00   0.0000000E+00
   3.1487282E-03   1.3689129E+07   1.3689129E+07   3.7911236E+04   2.3241558E+02   1.3939482E+07   1.3677228E+07   1.3689129E+07   0.0000000E+00   0.0000000E+00   0.0000000E+00   0.0000000E+00   0.0000000E+00
   3.3836479E-03   1.3633726E+07   1.3633726E+07   3.8464987E+04   2.1359293E+02   1.3516928E+07   1.3621131E+07   1.3633726E+07   0.0000000E+00   0.0000000E+00   0.0000000E+00   0.0000000E+00   0.0000000E+00
   3.6360946E-03   1.3573352E+07   1.3573352E+07   2.5687288E+04   1.9626441E+02   1.3075489E+07   1.3560048E+07   1.3573352E+07   0.0000000E+00   0.0000000E+00   0.0000000E+00   0.0000000E+00   0.0000000E+00
   3.9073757E-03   1.3507665E+07   1.3507665E+07   2.1399379E+04   1.7974761E+02   1.2654418E+07   1.3493637E+07   1.3507665E+07   0.0000000E+00   0.0000000E+00   0.0000000E+00   0.0000000E+00   0.0000000E+00
   4.1988965E-03   1.3436306E+07   1.3436306E+07   2.0771401E+04   1.6495378E+02   1.2175592E+07   1.3421544E+07   1.3436306E+07   0.0000000E+00   0.0000000E+00   0.0000000E+00   0.0000000E+00   0.0000000E+00
   4.5121670E-03   1.3358898E+07   1.3358898E+07   1.1217385E+04   1.5090361E+02   1.1717030E+07   1.3343396E+07   1.3358898E+07   0.0000000E+00   0.0000000E+00   0.0000000E+00   0.0000000E+00   0.0000000E+00
   4.8488100E-03   1.3275056E+07   1.3275056E+07   1.3911859E+04   1.3790103E+02   1.1237892E+07   1.3258813E+07   1.3275056E+07   0.0000000E+00   0.0000000E+00   0.0000000E+00   0.0000000E+00   0.0000000E+00
   5.2105692E-03   1.3184379E+07   1.3184379E+07   7.5910975E+03   1.2580224E+02   1.0749464E+07   1.3167407E+07   1.3184379E+07   0.0000000E+00   0.0000000E+00   0.0000000E+00   0.0000000E+00   0.0000000E+00
   5.5993185E-03   1.3086464E+07   1.3086464E+07   8.7036527E+03   1.1449821E+02   1.0264658E+07   1.3068779E+07   1.3086464E+07   0.0000000E+00   0.0000000E+00   0.0000000E+00   0.0000000E+00   0.0000000E+00
   6.0170715E-03   1.2980892E+07   1.2980892E+07   4.9720243E+03   1.0404813E+02   9.7814132E+06   1.2962514E+07   1.2980892E+07   0.0000000E+00   0.0000000E+00   0.0000000E+00   0.0000000E+00   0.0000000E+00
   6.4659921E-03   1.2867232E+07   1.2867232E+07   4.9938549E+03   9.4477133E+01   9.2783820E+06   1.2848178E+07   1.2867232E+07   0.0000000E+00   0.0000000E+00   0.0000000E+00   0.0000000E+00   0.0000000E+00
   6.9484057E-03   1.2745032E+07   1.2745032E+07   4.3881963E+03   8.5486774E+01   8.7938218E+06   1.2725319E+07   1.2745032E+07   0.0000000E+00   0.0000000E+00   0.0000000E+00   0.0000000E+00   0.0000000E+00
   7.4668112E-03   1.2613820E+07   1.2613820E+07   2.3016093E+03   7.7170218E+01   8.2980125E+06   1.2593482E+07   1.2613820E+07   0.0000000E+00   0.0000000E+00   0.0000000E+00   0.0000000E+00   0.0000000E+00
   8.0238937E-03   1.2473122E+07   1.2473122E+07   2.0930809E+03   6.9506125E+01   7.8077074E+06   1.2452201E+07   1.2473122E+07   0.0000000E+00   0.0000000E+00   0.0000000E+00   0.0000000E+00   0.0000000E+00
   8.6225390E-03   1.2322454E+07   1.2322454E+07   2.1768809E+03   6.2455026E+01   7.3277400E+06   1.2300994E+07   1.2322454E+07   0.0000000E+00   0.0000000E+00   0.0000000E+00   0.0000000E+00   0.0000000E+00
   9.2658479E-03   1.2161319E+07   1.2161319E+07   2.0005606E+03   5.5948487E+01   6.8574576E+06   1.2139363E+07   1.2161319E+07   0.0000000E+00   0.0000000E+00   0.0000000E+00   0.0000000E+00   0.0000000E+00
   9.9571527E-03   1.1989201E+07   1.1989201E+07   1.5450541E+03   4.9976183E+01   6.3954885E+06   1.1966802E+07   1.1989201E+07   0.0000000E+00   0.0000000E+00   0.0000000E+00   0.0000000E+00   0.0000000E+00
   1.0700034E-02   1.1805579E+07   1.1805579E+07   1.2577322E+03   4.4515447E+01   5.9434059E+06   1.1782796E+07   1.1805579E+07   0.0000000E+00   0.0000000E+00   0.0000000E+00   0.0000000E+00   0.0000000E+00
   1.1498341E-02   1.1609928E+07   1.1609928E+07   1.0004162E+03   3.9535346E+01   5.5032466E+06   1.1586824E+07   1.1609928E+07   0.0000000E+00   0.0000000E+00   0.0000000E+00   0.0000000E+00   0.0000000E+00
   1.2356207E-02   1.1401723E+07   1.1401723E+07   5.9071785E+02   3.4996587E+01   5.0771840E+06   1.1378361E+07   1.1401723E+07   0.0000000E+00   0.0000000E+00   0.0000000E+00   0.0000000E+00   0.0000000E+00
   1.3278077E-02   1.1180446E+07   1.1180446E+07   2.7112376E+02   3.0873170E+01   4.6714844E+06   1.1156901E+07   1.1180446E+07   0.0000000E+00   0.0000000E+00   0.0000000E+00   0.0000000E+00   0.0000000E+00
   1.4268725E-02   1.0945606E+07   1.0945606E+07   4.6072668E+02   2.7148621E+01   4.2795547E+06   1.0921949E+07   1.0945606E+07   0.0000000E+00   0.0000000E+00   0.0000000E+00   0.0000000E+00   0.0000000E+00
   1.5333284E-02   1.0696748E+07   1.0696748E+07   2.2465216E+02   2.3788583E+01   3.9017010E+06   1.0673058E+07   1.0696748E+07   0.0000000E+00   0.0000000E+00   0.0000000E+00   0.0000000E+00   0.0000000E+00
   1.6477267E-02   1.0433487E+07   1.0433487E+07   2.9839797E+02   2.0767055E+01   3.5475204E+06   1.0409845E+07   1.0433487E+07   0.0000000E+00   0.0000000E+00   0.0000000E+00   0.0000000E+00   0.0000000E+00
   1.7706600E-02   1.0155535E+07   1.0155535E+07   9.2159468E+01   1.8061478E+01   3.2092641E+06   1.0132024E+07   1.0155535E+07   0.0000000E+00   0.0000000E+00   0.0000000E+00   0.0000000E+00   0.0000000E+00
   1.9027651E-02   9.8627514E+06   9.8627514E+06   8.9634784E+01   1.5648865E+01   2.8893463E+06   9.8394535E+06   9.8627514E+06   0.0000000E+00   0.0000000E+00   0.0000000E+00   0.0000000E+00   0.0000000E+00
   2.0447262E-02   9.5551893E+06   9.5551893E+06   8.4008837E+01   1.3501630E+01   2.5908586E+06   9.5321900E+06   9.5551893E+06   0.0000000E+00   0.0000000E+00   0.0000000E+00   0.0000000E+00   0.0000000E+00
   2.1972787E-02   9.2331707E+06   9.2331707E+06   4.6204507E+01   1.1600708E+01   2.3124347E+06   9.2105533E+06   9.2331707E+06   0.0000000E+00   0.0000000E+00   0.0000000E+00   0.0000000E+00   0.0000000E+00
   2.3612120E-02   8.8973613E+06   8.8973613E+06   3.3242465E+01   9.9247083E+00   2.0548122E+06   8.8752079E+06   8.8973613E+06   0.0000000E+00   0.0000000E+00   0.0000000E+00   0.0000000E+00   0.0000000E+00
   2.5373724E-02   8.5488630E+06   8.5488630E+06   7.6229786E+01   8.4537920E+00   1.8153764E+06   8.5272521E+06   8.5488630E+06   0.0000000E+00   0.0000000E+00   0.0000000E+00   0.0000000E+00   0.0000000E+00
   2.7266591E-02   8.1893181E+06   8.1893181E+06   1.8802009E+01   7.1686501E+00   1.5966615E+06   8.1683228E+06   8.1893181E+06   0.0000000E+00   0.0000000E+00   0.0000000E+00   0.0000000E+00   0.0000000E+00
   2.9300045E-02   7.8210331E+06   7.8210331E+06   1.2710499E+01   6.0525628E+00   1.3962365E+06   7.8007191E+06   7.8210331E+06   0.0000000E+00   0.0000000E+00   0.0000000E+00   0.0000000E+00   0.0000000E+00
   3.1483090E-02   7.4471394E+06   7.4471394E+06   9.9401525E+00   5.0886468E+00   1.2155106E+06   7.4275625E+06   7.4471394E+06   0.0000000E+00   0.0000000E+00   0.0000000E+00   0.0000000E+00   0.0000000E+00
   3.3822834E-02   7.0718027E+06   7.0718027E+06   6.6960064E+00   4.2622461E+00   1.0538578E+06   7.0530055E+06   7.0718027E+06   0.0000000E+00   0.0000000E+00   0.0000000E+00   0.0000000E+00   0.0000000E+00
   3.6321387E-02   6.7004457E+06   6.7004457E+06   1.9739318E+01   3.5604140E+00   9.0991835E+05   6.6824542E+06   6.7004457E+06   0.0000000E+00   0.0000000E+00   0.0000000E+00   0.0000000E+00   0.0000000E+00
   3.8971149E-02   6.3398114E+06   6.3398114E+06   4.9202119E+00   2.9709347E+00   7.8435964E+05   6.3226306E+06   6.3398114E+06   0.0000000E+00   0.0000000E+00   0.0000000E+00   0.0000000E+00   0.0000000E+00
   4.1750149E-02   5.9975078E+06   5.9975078E+06   1.2151653E+00   2.4827715E+00   6.7581458E+05   5.9811192E+06   5.9975078E+06   0.0000000E+00   0.0000000E+00   0.0000000E+00   0.0000000E+00   0.0000000E+00
   4.4621483E-02   5.6807215E+06   5.6807215E+06   1.4281451E+00   2.0841486E+00   5.8405205E+05   5.6650836E+06   5.6807215E+06   0.0000000E+00   0.0000000E+00   0.0000000E+00   0.0000000E+00   0.0000000E+00
   4.7540487E-02   5.3943977E+06   5.3943977E+06   9.7726449E-01   1.7624762E+00   5.0755113E+05   5.3794513E+06   5.3943977E+06   0.0000000E+00   0.0000000E+00   0.0000000E+00   0.0000000E+00   0.0000000E+00
   5.0467115E-02   5.1399723E+06   5.1399723E+06   5.8822075E-01   1.5043397E+00   4.4428524E+05   5.1256500E+06   5.1399723E+06   0.0000000E+00   0.0000000E+00   0.0000000E+00   0.0000000E+00   0.0000000E+00
   5.3375360E-02   4.9155175E+06   4.9155175E+06   5.5524538E-01   1.2967505E+00   3.9195882E+05   4.9017531E+06   4.9155175E+06   0.0000000E+00   0.0000000E+00   0.0000000E+00   0.0000000E+00   0.0000000E+00
   5.6254800E-02   4.7169599E+06   4.7169599E+06   8.2915390E-01   1.1283375E+00   3.4837798E+05   4.7036946E+06   4.7169599E+06   0.0000000E+00   0.0000000E+00   0.0000000E+00   0.0000000E+00   0.0000000E+00
   5.9106614E-02   4.5394132E+06   4.5394132E+06   1.3304494E+00   9.8987533E-01   3.1168105E+05   4.5265988E+06   4.5394132E+06   0.0000000E+00   0.0000000E+00   0.0000000E+00   0.0000000E+00   0.0000000E+00
   6.1938549E-02   4.3780690E+06   4.3780690E+06   1.8913845E+00   8.7431227E-01   2.8036772E+05   4.3656685E+06   4.3780690E+06   0.0000000E+00   0.0000000E+00   0.0000000E+00   0.0000000E+00   0.0000000E+00
   6.4761192E-02   4.2286293E+06   4.2286293E+06   2.1816755E+00   7.7641639E-01   2.5327964E+05   4.2166161E+06   4.2286293E+06   0.0000000E+00   0.0000000E+00   0.0000000E+00   0.0000000E+00   0.0000000E+00
   6.7585817E-02   4.0874598E+06   4.0874598E+06   1.8784590E+00   6.9229994E-01   2.2952149E+05   4.0758161E+06   4.0874598E+06   0.0000000E+00   0.0000000E+00   0.0000000E+00   0.0000000E+00   0.0000000E+00
   7.0423347E-02   3.9516157E+06   3.9516157E+06   1.1020089E+00   6.1911181E-01   2.0839724E+05   3.9403311E+06   3.9516157E+06   0.0000000E+00   0.0000000E+00   0.0000000E+00   0.0000000E+00   0.0000000E+00
   7.3283947E-02   3.8188253E+06   3.8188253E+06   3.5878257E-01   5.5474205E-01   1.8940922E+05   3.8078954E+06   3.8188253E+06   0.0000000E+00   0.0000000E+00   0.0000000E+00   0.0000000E+00   0.0000000E+00
   7.6176940E-02   3.6874656E+06   3.6874656E+06   -2.5207309E-02   4.9762464E-01   1.7221440E+05   3.6768898E+06   3.6874656E+06   0.0000000E+00   0.0000000E+00   0.0000000E+00   0.0000000E+00   0.0000000E+00
   7.9110854E-02   3.5565365E+06   3.5565365E+06   -2.7736128E-02   4.4661471E-01   1.5656698E+05   3.5463166E+06   3.5565365E+06   0.0000000E+00   0.0000000E+00   0.0000000E+00   0.0000000E+00   0.0000000E+00
   8.2093530E-02   3.4256321E+06   3.4256321E+06   3.4275422E-01   4.0085417E-01   1.4227143E+05   3.4157708E+06   3.4256321E+06   0.0000000E+00   0.0000000E+00   0.0000000E+00   0.0000000E+00   0.0000000E+00
   8.5132240E-02   3.2949007E+06   3.2949007E+06   9.0127442E-01   3.5969357E-01   1.2915252E+05   3.2854000E+06   3.2949007E+06   0.0000000E+00   0.0000000E+00   0.0000000E+00   0.0000000E+00   0.0000000E+00
   8.8233795E-02   3.1649853E+06   3.1649853E+06   6.2692390E-01   3.2264632E-01   1.1710725E+05   3.1558451E+06   3.1649853E+06   0.0000000E+00   0.0000000E+00   0.0000000E+00   0.0000000E+00   0.0000000E+00
   9.1404644E-02   3.0369376E+06   3.0369376E+06   -3.5713619E-01   2.8933830E-01   1.0621024E+05   3.0281545E+06   3.0369376E+06   0.0000000E+00   0.0000000E+00   0.0000000E+00   0.0000000E+00   0.0000000E+00
   9.4650953E-02   2.9121006E+06   2.9121006E+06   5.5896409E-01   2.5946446E-01   9.6282667E+04   2.9036671E+06   2.9121006E+06   0.0000000E+00   0.0000000E+00   0.0000000E+00   0.0000000E+00   0.0000000E+00
   9.7978678E-02   2.7919605E+06   2.7919605E+06   -2.5851550E-01   2.3275891E-01   8.7258730E+04   2.7838646E+06   2.7919605E+06   0.0000000E+00   0.0000000E+00   0.0000000E+00   0.0000000E+00   0.0000000E+00
   1.0139362E-01   2.6779719E+06   2.6779719E+06   2.4524240E-01   2.0898260E-01   7.9118140E+04   2.6701972E+06   2.6779719E+06   0.0000000E+00   0.0000000E+00   0.0000000E+00   0.0000000E+00   0.0000000E+00
   1.0490146E-01   2.5713690E+06   2.5713690E+06   3.8460053E-01   1.8788891E-01   7.1869033E+04   2.5638953E+06   2.5713690E+06   0.0000000E+00   0.0000000E+00   0.0000000E+00   0.0000000E+00   0.0000000E+00
   1.0850784E-01   2.4729787E+06   2.4729787E+06   3.2036732E-01   1.6923546E-01   6.5379734E+04   2.4657833E+06   2.4729787E+06   0.0000000E+00   0.0000000E+00   0.0000000E+00   0.0000000E+00   0.0000000E+00
   1.1221831E-01   2.3830609E+06   2.3830609E+06   3.0612139E-01   1.5275838E-01   5.9574403E+04   2.3761201E+06   2.3830609E+06   0.0000000E+00   0.0000000E+00   0.0000000E+00   0.0000000E+00   0.0000000E+00
   1.1603845E-01   2.3012022E+06   2.3012022E+06   5.4915405E-02   1.3819069E-01   5.4386187E+04   2.2944934E+06   2.3012022E+06   0.0000000E+00   0.0000000E+00   0.0000000E+00   0.0000000E+00   0.0000000E+00
   1.1997382E-01   2.2262909E+06   2.2262909E+06   -9.9726019E-02   1.2525555E-01   4.9794500E+04   2.2197946E+06   2.2262909E+06   0.0000000E+00   0.0000000E+00   0.0000000E+00   0.0000000E+00   0.0000000E+00
   1.2403002E-01   2.1565950E+06   2.1565950E+06   9.3337679E-02   1.1368821E-01   4.5581741E+04   2.1502967E+06   2.1565950E+06   0.0000000E+00   0.0000000E+00   0.0000000E+00   0.0000000E+00   0.0000000E+00
   1.2821265E-01   2.0899530E+06   2.0899530E+06   1.4527483E-01   1.0324171E-01   4.1787994E+04   2.0838444E+06   2.0899530E+06   0.0000000E+00   0.0000000E+00   0.0000000E+00   0.0000000E+00   0.0000000E+00
   1.3252739E-01   2.0240691E+06   2.0240691E+06   8.1183533E-02   9.3705910E-02   3.8264975E+04   2.0181485E+06   2.0240691E+06   0.0000000E+00   0.0000000E+00   0.0000000E+00   0.0000000E+00   0.0000000E+00
   1.3697995E-01   1.9568805E+06   1.9568805E+06   1.1741073E-01   8.4913996E-02   3.4962013E+04   1.9511523E+06   1.9568805E+06   0.0000000E+00   0.0000000E+00   0.0000000E+00   0.0000000E+00   0.0000000E+00
   1.4157610E-01   1.8869388E+06   1.8869388E+06   1.3740934E-02   7.6754181E-02   3.1843596E+04   1.8814116E+06   1.8869388E+06   0.0000000E+00   0.0000000E+00   0.0000000E+00   0.0000000E+00   0.0000000E+00
   1.4632168E-01   1.8137285E+06   1.8137285E+06   -1.0473210E-03   6.9165765E-02   2.8944970E+04   1.8084122E+06   1.8137285E+06   0.0000000E+00   0.0000000E+00   0.0000000E+00   0.0000000E+00   0.0000000E+00
   1.5122261E-01   1.7378366E+06   1.7378366E+06   -7.5343086E-02   6.2135564E-02   2.6186272E+04   1.7327397E+06   1.7378366E+06   0.0000000E+00   0.0000000E+00   0.0000000E+00   0.0000000E+00   0.0000000E+00
   1.5628486E-01   1.6609019E+06   1.6609019E+06   -4.9694264E-02   5.5680226E-02   2.3634982E+04   1.6560277E+06   1.6609019E+06   0.0000000E+00   0.0000000E+00   0.0000000E+00   0.0000000E+00   0.0000000E+00
   1.6151450E-01   1.5853072E+06   1.5853072E+06   -5.7581386E-02   4.9828944E-02   2.1311826E+04   1.5806523E+06   1.5853072E+06   0.0000000E+00   0.0000000E+00   0.0000000E+00   0.0000000E+00   0.0000000E+00
   1.6691768E-01   1.5136440E+06   1.5136440E+06   4.5988637E-02   4.4602767E-02   1.9212287E+04   1.5091971E+06   1.5136440E+06   0.0000000E+00   0.0000000E+00   0.0000000E+00   0.0000000E+00   0.0000000E+00
   1.7250066E-01   1.4480482E+06   1.4480482E+06   -3.6967626E-02   3.9996607E-02   1.7351156E+04   1.4437920E+06   1.4480482E+06   0.0000000E+00   0.0000000E+00   0.0000000E+00   0.0000000E+00   0.0000000E+00
   1.7826978E-01   1.3895783E+06   1.3895783E+06   -4.1252359E-02   3.5970117E-02   1.5710624E+04   1.3854920E+06   1.3895783E+06   0.0000000E+00   0.0000000E+00   0.0000000E+00   0.0000000E+00   0.0000000E+00
   1.8423152E-01   1.3378333E+06   1.3378333E+06   -1.8176570E-02   3.2449455E-02   1.4276314E+04   1.3338974E+06   1.3378333E+06   0.0000000E+00   0.0000000E+00   0.0000000E+00   0.0000000E+00   0.0000000E+00
   1.9039248E-01   1.2909827E+06   1.2909827E+06   1.7343394E-02   2.9337537E-02   1.2988424E+04   1.2871831E+06   1.2909827E+06   0.0000000E+00   0.0000000E+00   0.0000000E+00   0.0000000E+00   0.0000000E+00
   1.9675942E-01   1.2462721E+06   1.2462721E+06   9.2595578E-03   2.6533958E-02   1.1832062E+04   1.2426026E+06   1.2462721E+06   0.0000000E+00   0.0000000E+00   0.0000000E+00   0.0000000E+00   0.0000000E+00
   2.0333926E-01   1.2009057E+06   1.2009057E+06   9.1287555E-03   2.3955718E-02   1.0750755E+04   1.1973684E+06   1.2009057E+06   0.0000000E+00   0.0000000E+00   0.0000000E+00   0.0000000E+00   0.0000000E+00
   2.1013914E-01   1.1530341E+06   1.1530341E+06   3.0451477E-03   2.1552551E-02   9.7261647E+03   1.1496367E+06   1.1530341E+06   0.0000000E+00   0.0000000E+00   0.0000000E+00   0.0000000E+00   0.0000000E+00
   2.1716642E-01   1.1024682E+06   1.1024682E+06   1.6975676E-03   1.9311739E-02   8.7709971E+03   1.0992187E+06   1.1024682E+06   0.0000000E+00   0.0000000E+00   0.0000000E+00   0.0000000E+00   0.0000000E+00
   2.2442873E-01   1.0507743E+06   1.0507743E+06   -2.9841170E-03   1.7249737E-02   7.8783114E+03   1.0476762E+06   1.0507743E+06   0.0000000E+00   0.0000000E+00   0.0000000E+00   0.0000000E+00   0.0000000E+00
   2.3193401E-01   1.0006193E+06   1.0006193E+06   6.3869868E-03   1.5393495E-02   7.0658123E+03   9.9766808E+05   1.0006193E+06   0.0000000E+00   0.0000000E+00   0.0000000E+00   0.0000000E+00   0.0000000E+00
   2.3969057E-01   9.5456667E+05   9.5456667E+05   -7.5227384E-03   1.3759564E-02   6.3521571E+03   9.5175049E+05   9.5456667E+05   0.0000000E+00   0.0000000E+00   0.0000000E+00   0.0000000E+00   0.0000000E+00
   2.4770714E-01   9.1384676E+05   9.1384676E+05   -7.2198723E-03   1.2340211E-02   5.7274532E+03   9.1114999E+05   9.1384676E+05   0.0000000E+00   0.0000000E+00   0.0000000E+00   0.0000000E+00   0.0000000E+00
   2.5599294E-01   8.7773405E+05   8.7773405E+05   2.8800727E-03   1.1101827E-02   5.1786073E+03   8.7514319E+05   8.7773405E+05   0.0000000E+00   0.0000000E+00   0.0000000E+00   0.0000000E+00   0.0000000E+00
   2.6455775E-01   8.4394077E+05   8.4394077E+05   -2.7385425E-03   9.9977972E-03   4.6892333E+03   8.4144906E+05   8.4394077E+05   0.0000000E+00   0.0000000E+00   0.0000000E+00   0.0000000E+00   0.0000000E+00
   2.7341200E-01   8.0990476E+05   8.0990476E+05   5.0022991E-04   8.9868227E-03   4.2353843E+03   8.0751300E+05   8.0990476E+05   0.0000000E+00   0.0000000E+00   0.0000000E+00   0.0000000E+00   0.0000000E+00
   2.8256690E-01   7.7427677E+05   7.7427677E+05   -6.2675724E-03   8.0479306E-03   3.8092706E+03   7.7198974E+05   7.7427677E+05   0.0000000E+00   0.0000000E+00   0.0000000E+00   0.0000000E+00   0.0000000E+00
   2.9203451E-01   7.3767619E+05   7.3767619E+05   -5.3141110E-03   7.1825859E-03   3.4148155E+03   7.3549682E+05   7.3767619E+05   0.0000000E+00   0.0000000E+00   0.0000000E+00   0.0000000E+00   0.0000000E+00
   3.0182791E-01   7.0215311E+05   7.0215311E+05   -9.9683460E-04   6.4037912E-03   3.0580823E+03   7.0007830E+05   7.0215311E+05   0.0000000E+00   0.0000000E+00   0.0000000E+00   0.0000000E+00   0.0000000E+00
   3.1196131E-01   6.6965248E+05   6.6965248E+05   -2.3343534E-03   5.7195252E-03   2.7429257E+03   6.6767334E+05   6.6965248E+05   0.0000000E+00   0.0000000E+00   0.0000000E+00   0.0000000E+00   0.0000000E+00
   3.2245031E-01   6.4056901E+05   6.4056901E+05   -9.8297655E-04   5.1224018E-03   2.4659298E+03   6.3867551E+05   6.4056901E+05   0.0000000E+00   0.0000000E+00   0.0000000E+00   0.0000000E+00   0.0000000E+00
   3.3331201E-01   6.1353295E+05   6.1353295E+05   -6.8143258E-04   4.5927940E-03   2.2199085E+03   6.1171908E+05   6.1353295E+05   0.0000000E+00   0.0000000E+00   0.0000000E+00   0.0000000E+00   0.0000000E+00
   3.4456534E-01   5.8664928E+05   5.8664928E+05   -2.7405965E-03   4.1105331E-03   1.9942683E+03   5.8491462E+05   5.8664928E+05   0.0000000E+00   0.0000000E+00   0.0000000E+00   0.0000000E+00   0.0000000E+00
   3.5623127E-01   5.5914515E+05   5.5914515E+05   -2.3848188E-03   3.6668077E-03   1.7851910E+03   5.5749158E+05   5.5914515E+05   0.0000000E+00   0.0000000E+00   0.0000000E+00   0.0000000E+00   0.0000000E+00
   3.6833323E-01   5.3191075E+05   5.3191075E+05   -8.8142095E-04   3.2640687E-03   1.5942774E+03   5.3033751E+05   5.3191075E+05   0.0000000E+00   0.0000000E+00   0.0000000E+00   0.0000000E+00   0.0000000E+00
   3.8089746E-01   5.0639805E+05   5.0639805E+05   -1.3882627E-03   2.9067946E-03   1.4235101E+03   5.0490007E+05   5.0639805E+05   0.0000000E+00   0.0000000E+00   0.0000000E+00   0.0000000E+00   0.0000000E+00
   3.9395352E-01   4.8302005E+05   4.8302005E+05   -1.0414994E-03   2.5924134E-03   1.2738102E+03   4.8159105E+05   4.8302005E+05   0.0000000E+00   0.0000000E+00   0.0000000E+00   0.0000000E+00   0.0000000E+00
   4.0753490E-01   4.6080547E+05   4.6080547E+05   -1.0909945E-03   2.3115473E-03   1.1392973E+03   4.5944204E+05   4.6080547E+05   0.0000000E+00   0.0000000E+00   0.0000000E+00   0.0000000E+00   0.0000000E+00
   4.2167973E-01   4.3867721E+05   4.3867721E+05   -9.3547107E-04   2.0559187E-03   1.0164421E+03   4.3737911E+05   4.3867721E+05   0.0000000E+00   0.0000000E+00   0.0000000E+00   0.0000000E+00   0.0000000E+00
   4.3643166E-01   4.1672877E+05   4.1672877E+05   -1.0782207E-03   1.8237785E-03   9.0381576E+02   4.1549549E+05   4.1672877E+05   0.0000000E+00   0.0000000E+00   0.0000000E+00   0.0000000E+00   0.0000000E+00
   4.5184101E-01   3.9583900E+05   3.9583900E+05   -9.7324184E-04   1.6166132E-03   8.0266517E+02   3.9466743E+05   3.9583900E+05   0.0000000E+00   0.0000000E+00   0.0000000E+00   0.0000000E+00   0.0000000E+00
   4.6796613E-01   3.7625737E+05   3.7625737E+05   -8.2453963E-04   1.4328196E-03   7.1303698E+02   3.7514365E+05   3.7625737E+05   0.0000000E+00   0.0000000E+00   0.0000000E+00   0.0000000E+00   0.0000000E+00
   4.8487516E-01   3.5731207E+05   3.5731207E+05   -6.5823055E-04   1.2676378E-03   6.3201568E+02   3.5625435E+05   3.5731207E+05   0.0000000E+00   0.0000000E+00   0.0000000E+00   0.0000000E+00   0.0000000E+00
   5.0264820E-01   3.3859648E+05   3.3859648E+05   -6.0774426E-04   1.1180372E-03   5.5829727E+02   3.3759407E+05   3.3859648E+05   0.0000000E+00   0.0000000E+00   0.0000000E+00   0.0000000E+00   0.0000000E+00
   5.2138019E-01   3.2050569E+05   3.2050569E+05   -5.2846625E-04   9.8381079E-04   4.9212185E+02   3.1955676E+05   3.2050569E+05   0.0000000E+00   0.0000000E+00   0.0000000E+00   0.0000000E+00   0.0000000E+00
   5.4118449E-01   3.0325460E+05   3.0325460E+05   -4.7395909E-04   8.6411308E-04   4.3267420E+02   3.0235668E+05   3.0325460E+05   0.0000000E+00   0.0000000E+00   0.0000000E+00   0.0000000E+00   0.0000000E+00
   5.6219754E-01   2.8645150E+05   2.8645150E+05   -4.2944221E-04   7.5649173E-04   3.7908812E+02   2.8560328E+05   2.8645150E+05   0.0000000E+00   0.0000000E+00   0.0000000E+00   0.0000000E+00   0.0000000E+00
   5.8458487E-01   2.6998645E+05   2.6998645E+05   -3.9889200E-04   6.5955456E-04   3.3064643E+02   2.6918693E+05   2.6998645E+05   0.0000000E+00   0.0000000E+00   0.0000000E+00   0.0000000E+00   0.0000000E+00
   6.0854887E-01   2.5407155E+05   2.5407155E+05   -3.5005314E-04   5.7284268E-04   2.8729332E+02   2.5331911E+05   2.5407155E+05   0.0000000E+00   0.0000000E+00   0.0000000E+00   0.0000000E+00   0.0000000E+00
   6.3433858E-01   2.3854911E+05   2.3854911E+05   -2.9953678E-04   4.9507001E-04   2.4824100E+02   2.3784259E+05   2.3854911E+05   0.0000000E+00   0.0000000E+00   0.0000000E+00   0.0000000E+00   0.0000000E+00
   6.6226202E-01   2.2332297E+05   2.2332297E+05   -2.6105103E-04   4.2527163E-04   2.1302784E+02   2.2266151E+05   2.2332297E+05   0.0000000E+00   0.0000000E+00   0.0000000E+00   0.0000000E+00   0.0000000E+00
   6.9270077E-01   2.0845641E+05   2.0845641E+05   -2.2623914E-04   3.6289320E-04   1.8152562E+02   2.0783895E+05   2.0845641E+05   0.0000000E+00   0.0000000E+00   0.0000000E+00   0.0000000E+00   0.0000000E+00
   7.2612572E-01   1.9383717E+05   1.9383717E+05   -1.9504221E-04   3.0713430E-04   1.5329808E+02   1.9326298E+05   1.9383717E+05   0.0000000E+00   0.0000000E+00   0.0000000E+00   0.0000000E+00   0.0000000E+00
   7.6311068E-01   1.7948193E+05   1.7948193E+05   -1.6611377E-04   2.5752152E-04   1.2815898E+02   1.7895024E+05   1.7948193E+05   0.0000000E+00   0.0000000E+00   0.0000000E+00   0.0000000E+00   0.0000000E+00
   8.0433582E-01   1.6536328E+05   1.6536328E+05   -1.3920635E-04   2.1359414E-04   1.0584787E+02   1.6487339E+05   1.6536328E+05   0.0000000E+00   0.0000000E+00   0.0000000E+00   0.0000000E+00   0.0000000E+00
   8.5056716E-01   1.5151796E+05   1.5151796E+05   -1.1319786E-04   1.7503456E-04   8.6234286E+01   1.5106906E+05   1.5151796E+05   0.0000000E+00   0.0000000E+00   0.0000000E+00   0.0000000E+00   0.0000000E+00
   9.0259413E-01   1.3800988E+05   1.3800988E+05   -9.5040019E-05   1.4159726E-04   6.9234359E+01   1.3760098E+05   1.3800988E+05   0.0000000E+00   0.0000000E+00   0.0000000E+00   0.0000000E+00   0.0000000E+00
   9.6111725E-01   1.2496079E+05   1.2496079E+05   -7.6188289E-05   1.1308423E-04   5.4754918E+01   1.2459053E+05   1.2496079E+05   0.0000000E+00   0.0000000E+00   0.0000000E+00   0.0000000E+00   0.0000000E+00
   1.0266167E+00   1.1252884E+05   1.1252884E+05   -6.1169595E-05   8.9263321E-05   4.2663424E+01   1.1219541E+05   1.1252884E+05   0.0000000E+00   0.0000000E+00   0.0000000E+00   0.0000000E+00   0.0000000E+00
   1.0992838E+00   1.0087796E+05   1.0087796E+05   -4.8510732E-05   6.9798610E-05   3.2814031E+01   1.0057904E+05   1.0087796E+05   0.0000000E+00   0.0000000E+00   0.0000000E+00   0.0000000E+00   0.0000000E+00
   1.1790897E+00   9.0135332E+04   9.0135332E+04   -4.3852369E-05   5.4214498E-05   2.4967185E+01   8.9868234E+04   9.0135332E+04   0.0000000E+00   0.0000000E+00   0.0000000E+00   0.0000000E+00   0.0000000E+00
   1.2659579E+00   8.0359152E+04   8.0359152E+04   -2.9146657E-05   4.1932559E-05   1.8818089E+01   8.0121017E+04   8.0359152E+04   0.0000000E+00   0.0000000E+00   0.0000000E+00   0.0000000E+00   0.0000000E+00
   1.3599226E+00   7.1541426E+04   7.1541426E+04   -2.2862812E-05   3.2353372E-05   1.4070404E+01   7.1329415E+04   7.1541426E+04   0.0000000E+00   0.0000000E+00   0.0000000E+00   0.0000000E+00   0.0000000E+00
   1.4611942E+00   6.3631584E+04   6.3631584E+04   -1.7844888E-05   2.4927721E-05   1.0430453E+01   6.3443009E+04   6.3631584E+04   0.0000000E+00   0.0000000E+00   0.0000000E+00   0.0000000E+00   0.0000000E+00
   1.5701458E+00   5.6556373E+04   5.6556373E+04   -1.3894377E-05   1.9189446E-05   7.6524467E+00   5.6388763E+04   5.6556373E+04   0.0000000E+00   0.0000000E+00   0.0000000E+00   0.0000000E+00   0.0000000E+00
   1.6872716E+00   5.0238486E+04   5.0238486E+04   -1.0565589E-05   1.4762534E-05   5.5502855E+00   5.0089597E+04   5.0238486E+04   0.0000000E+00   0.0000000E+00   0.0000000E+00   0.0000000E+00   0.0000000E+00
   1.8131502E+00   4.4602342E+04   4.4602342E+04   -8.3016134E-06   1.1350597E-05   3.9639132E+00   4.4470154E+04   4.4602342E+04   0.0000000E+00   0.0000000E+00   0.0000000E+00   0.0000000E+00   0.0000000E+00
   1.9484242E+00   3.9578501E+04   3.9578501E+04   -6.4298666E-06   8.7228095E-06   2.7736654E+00   3.9461201E+04   3.9578501E+04   0.0000000E+00   0.0000000E+00   0.0000000E+00   0.0000000E+00   0.0000000E+00
   2.0937917E+00   3.5103302E+04   3.5103302E+04   -4.9668654E-06   6.7001083E-06   1.8857373E+00   3.4999264E+04   3.5103302E+04   0.0000000E+00   0.0000000E+00   0.0000000E+00   0.0000000E+00   0.0000000E+00
   2.2500049E+00   3.1119458E+04   3.1119458E+04   -3.8308252E-06   5.1440345E-06   1.2310143E+00   3.1027227E+04   3.1119458E+04   0.0000000E+00   0.0000000E+00   0.0000000E+00   0.0000000E+00   0.0000000E+00
   2.4178729E+00   2.7575147E+04   2.7575147E+04   -2.9742705E-06   3.9475779E-06   7.5158786E-01   2.7493419E+04   2.7575147E+04   0.0000000E+00   0.0000000E+00   0.0000000E+00   0.0000000E+00   0.0000000E+00
   2.5982652E+00   2.4423699E+04   2.4423699E+04   -2.2381882E-06   3.0281121E-06   4.0339784E-01   2.4351311E+04   2.4423699E+04   0.0000000E+00   0.0000000E+00   0.0000000E+00   0.0000000E+00   0.0000000E+00
   2.7921161E+00   2.1623160E+04   2.1623160E+04   -1.7321789E-06   2.3218209E-06   1.5659965E-01   2.1559072E+04   2.1623160E+04   0.0000000E+00   0.0000000E+00   0.0000000E+00   0.0000000E+00   0.0000000E+00
   3.0004298E+00   1.9135810E+04   1.9135810E+04   -1.3342783E-06   1.7795570E-06   -1.5474637E-02   1.9079094E+04   1.9135810E+04   0.0000000E+00   0.0000000E+00   0.0000000E+00   0.0000000E+00   0.0000000E+00
   3.2242854E+00   1.6927785E+04   1.6927785E+04   -1.0260661E-06   1.3634189E-06   -1.3244045E-01   1.6877613E+04   1.6927785E+04   0.0000000E+00   0.0000000E+00   0.0000000E+00   0.0000000E+00   0.0000000E+00
   3.4648423E+00   1.4968709E+04   1.4968709E+04   -7.8529657E-07   1.0442033E-06   -2.0803504E-01   1.4924344E+04   1.4968709E+04   0.0000000E+00   0.0000000E+00   0.0000000E+00   0.0000000E+00   0.0000000E+00
   3.7233467E+00   1.3231367E+04   1.3231367E+04   -5.9871370E-07   7.9944024E-07   -2.5362758E-01   1.3192150E+04   1.3231367E+04   0.0000000E+00   0.0000000E+00   0.0000000E+00   0.0000000E+00   0.0000000E+00
   4.0011375E+00   1.1691390E+04   1.1691390E+04   -4.6015300E-07   6.1184323E-07   -2.7754837E-01   1.1656738E+04   1.1691390E+04   0.0000000E+00   0.0000000E+00   0.0000000E+00   0.0000000E+00   0.0000000E+00
   4.2996536E+00   1.0326984E+04   1.0326984E+04   -3.5168607E-07   4.6811528E-07   -2.8618573E-01   1.0296375E+04   1.0326984E+04   0.0000000E+00   0.0000000E+00   0.0000000E+00   0.0000000E+00   0.0000000E+00
   4.6204415E+00   9.1186654E+03   9.1186654E+03   -2.7067736E-07   3.5804070E-07   -2.8409618E-01   9.0916383E+03   9.1186654E+03   0.0000000E+00   0.0000000E+00   0.0000000E+00   0.0000000E+00   0.0000000E+00
   4.9651626E+00   8.0490376E+03   8.0490376E+03   -2.0108175E-07   2.7376859E-07   -2.7478030E-01   8.0251807E+03   8.0490376E+03   0.0000000E+00   0.0000000E+00   0.0000000E+00   0.0000000E+00   0.0000000E+00
   5.3356026E+00   7.1025736E+03   7.1025736E+03   -1.5754926E-07   2.0927464E-07   -2.6094052E-01   7.0815220E+03   7.1025736E+03   0.0000000E+00   0.0000000E+00   0.0000000E+00   0.0000000E+00   0.0000000E+00
   5.7336803E+00   6.2654277E+03   6.2654277E+03   -1.2074391E-07   1.5993213E-07   -2.4430190E-01   6.2468573E+03   6.2654277E+03   0.0000000E+00   0.0000000E+00   0.0000000E+00   0.0000000E+00   0.0000000E+00
   6.1614577E+00   5.5252609E+03   5.5252609E+03   -9.1827251E-08   1.2219409E-07   -2.2621465E-01   5.5088843E+03   5.5252609E+03   0.0000000E+00   0.0000000E+00   0.0000000E+00   0.0000000E+00   0.0000000E+00
   6.6211507E+00   4.8710851E+03   4.8710851E+03   -6.9105124E-08   9.3340021E-08   -2.0767617E-01   4.8566475E+03   4.8710851E+03   0.0000000E+00   0.0000000E+00   0.0000000E+00   0.0000000E+00   0.0000000E+00
   7.1151404E+00   4.2931209E+03   4.2931209E+03   -5.5427397E-08   7.1284833E-08   -1.8929336E-01   4.2803963E+03   4.2931209E+03   0.0000000E+00   0.0000000E+00   0.0000000E+00   0.0000000E+00   0.0000000E+00
   7.6459855E+00   3.7826700E+03   3.7826700E+03   -4.0782813E-08   5.4431103E-08   -1.7158304E-01   3.7714583E+03   3.7826700E+03   0.0000000E+00   0.0000000E+00   0.0000000E+00   0.0000000E+00   0.0000000E+00
   8.2164359E+00   3.3320004E+03   3.3320004E+03   -3.1399313E-08   4.1555523E-08   -1.5484586E-01   3.3221245E+03   3.3320004E+03   0.0000000E+00   0.0000000E+00   0.0000000E+00   0.0000000E+00   0.0000000E+00
