#           k/h    CDM            baryon         photon         nu             mass_nu        total          no_nu          total_de       Weyl           v_CDM          v_b            v_b-v_c     
   1.0644782E-05   1.5633316E+07   1.5633316E+07   2.0836162E+07   1.1128698E+04   1.1884389E+07   1.5633342E+07   1.5633316E+07   0.0000000E+00   0.0000000E+00   0.0000000E+00   0.0000000E+00   0.0000000E+00
   1.1438966E-05   1.5633313E+07   1.5633313E+07   2.0834880E+07   1.1128257E+04   1.1884205E+07   1.5633338E+07   1.5633313E+07   0.0000000E+00   0.0000000E+00   0.0000000E+00   0.0000000E+00   0.0000000E+00
   1.2292403E-05   1.5633310E+07   1.5633310E+07   2.0833400E+07   1.1127748E+04   1.1883994E+07   1.5633335E+07   1.5633310E+07   0.0000000E+00   0.0000000E+00   0.0000000E+00   0.0000000E+00   0.0000000E+00
   1.3209512E-05   1.5633306E+07   1.5633306E+07   2.0831690E+07   1.1127160E+04   1.1883750E+07   1.5633330E+07   1.5633306E+07   0.0000000E+00   0.0000000E+00   0.0000000E+00   0.0000000E+00   0.0000000E+00
   1.4195045E-05   1.5633301E+07   1.5633301E+07   2.0829716E+07   1.1126482E+04   1.1883468E+07   1.5633325E+07   1.5633301E+07   0.0000000E+00   0.0000000E+00   0.0000000E+00   0.0000000E+00   0.0000000E+00
   1.5254107E-05   1.5633295E+07   1.5633295E+07   2.0827436E+07   1.1125698E+04   1.1883142E+07   1.5633320E+07   1.5633295E+07   0.0000000E+00   0.0000000E+00   0.0000000E+00   0.0000000E+00   0.0000000E+00
   1.6392182E-05   1.5633289E+07   1.5633289E+07   2.0824804E+07   1.1124794E+04   1.1882766E+07   1.5633313E+07   1.5633289E+07   0.0000000E+00   0.0000000E+00   0.0000000E+00   0.0000000E+00   0.0000000E+00
   1.7615167E-05   1.5633282E+07   1.5633282E+07   2.0821765E+07   1.1123749E+04   1.1882332E+07   1.5633305E+07   1.5633282E+07   0.0000000E+00   0.0000000E+00   0.0000000E+00   0.0000000E+00   0.0000000E+00
   1.8929397E-05   1.5633273E+07   1.5633273E+07   2.0818256E+07   1.1122543E+04   1.1881831E+07   1.5633296E+07   1.5633273E+07   0.0000000E+00   0.0000000E+00   0.0000000E+00   0.0000000E+00   0.0000000E+00
   2.0341678E-05   1.5633263E+07   1.5633263E+07   2.0814205E+07   1.1121150E+04   1.1881253E+07   1.5633286E+07   1.5633263E+07   0.0000000E+00   0.0000000E+00   0.0000000E+00   0.0000000E+00   0.0000000E+00
   2.1859326E-05   1.5633252E+07   1.5633252E+07   2.0809527E+07   1.1119542E+04   1.1880585E+07   1.5633274E+07   1.5633252E+07   0.0000000E+00   0.0000000E+00   0.0000000E+00   0.0000000E+00   0.0000000E+00
   2.3490203E-05   1.5633239E+07   1.5633239E+07   2.0804127E+07   1.1117685E+04   1.1879814E+07   1.5633261E+07   1.5633239E+07   0.0000000E+00   0.0000000E+00   0.0000000E+00   0.0000000E+00   0.0000000E+00
   2.5242756E-05   1.5633224E+07   1.5633224E+07   2.0797893E+07   1.1115542E+04   1.1878924E+07   1.5633245E+07   1.5633224E+07   0.0000000E+00   0.0000000E+00   0.0000000E+00   0.0000000E+00   0.0000000E+00
   2.7126064E-05   1.5633206E+07   1.5633206E+07   2.0790695E+07   1.1113067E+04   1.1877897E+07   1.5633227E+07   1.5633206E+07   0.0000000E+00   0.0000000E+00   0.0000000E+00   0.0000000E+00   0.0000000E+00
   2.9149880E-05   1.5633186E+07   1.5633186E+07   2.0782387E+07   1.1110210E+04   1.1876711E+07   1.5633206E+07   1.5633186E+07   0.0000000E+00   0.0000000E+00   0.0000000E+00   0.0000000E+00   0.0000000E+00
   3.1324689E-05   1.5633163E+07   1.5633163E+07   2.0772796E+07   1.1106911E+04   1.1875343E+07   1.5633181E+07   1.5633163E+07   0.0000000E+00   0.0000000E+00   0.0000000E+00   0.0000000E+00   0.0000000E+00
   3.3661757E-05   1.5633136E+07   1.5633136E+07   2.0761727E+07   1.1103104E+04   1.1873764E+07   1.5633153E+07   1.5633136E+07   0.0000000E+00   0.0000000E+00   0.0000000E+00   0.0000000E+00   0.0000000E+00
   3.6173187E-05   1.5633105E+07   1.5633105E+07   2.0748950E+07   1.1098709E+04   1.1871942E+07   1.5633121E+07   1.5633105E+07   0.0000000E+00   0.0000000E+00   0.0000000E+00   0.0000000E+00   0.0000000E+00
   3.8871990E-05   1.5633070E+07   1.5633070E+07   2.0734206E+07   1.1093636E+04   1.1869841E+07   1.5633084E+07   1.5633070E+07   0.0000000E+00   0.0000000E+00   0.0000000E+00   0.0000000E+00   0.0000000E+00
   4.1772145E-05   1.5633028E+07   1.5633028E+07   2.0717191E+07   1.1087782E+04   1.1867416E+07   1.5633040E+07   1.5633028E+07   0.0000000E+00   0.0000000E+00   0.0000000E+00   0.0000000E+00   0.0000000E+00
   4.4888674E-05   1.5632981E+07   1.5632981E+07   2.0697559E+07   1.1081025E+04   1.1864620E+07   1.5632991E+07   1.5632981E+07   0.0000000E+00   0.0000000E+00   0.0000000E+00   0.0000000E+00   0.0000000E+00
   4.8237720E-05   1.5632926E+07   1.5632926E+07   2.0674911E+07   1.1073228E+04   1.1861396E+07   1.5632933E+07   1.5632926E+07   0.0000000E+00   0.0000000E+00   0.0000000E+00   0.0000000E+00   0.0000000E+00
   5.1836632E-05   1.5632862E+07   1.5632862E+07   2.0648785E+07   1.1064233E+04   1.1857680E+07   1.5632867E+07   1.5632862E+07   0.0000000E+00   0.0000000E+00   0.0000000E+00   0.0000000E+00   0.0000000E+00
   5.5704050E-05   1.5632789E+07   1.5632789E+07   2.0618655E+07   1.1053855E+04   1.1853396E+07   1.5632790E+07   1.5632789E+07   0.0000000E+00   0.0000000E+00   0.0000000E+00   0.0000000E+00   0.0000000E+00
   5.9860009E-05   1.5632704E+07   1.5632704E+07   2.0583912E+07   1.1041884E+04   1.1848461E+07   1.5632701E+07   1.5632704E+07   0.0000000E+00   0.0000000E+00   0.0000000E+00   0.0000000E+00   0.0000000E+00
   6.4326034E-05   1.5632606E+07   1.5632606E+07   2.0543860E+07   1.1028079E+04   1.1842777E+07   1.5632599E+07   1.5632606E+07   0.0000000E+00   0.0000000E+00   0.0000000E+00   0.0000000E+00   0.0000000E+00
   6.9125259E-05   1.5632493E+07   1.5632493E+07   2.0497700E+07   1.1012161E+04   1.1836232E+07   1.5632481E+07   1.5632493E+07   0.0000000E+00   0.0000000E+00   0.0000000E+00   0.0000000E+00   0.0000000E+00
   7.4282545E-05   1.5632363E+07   1.5632363E+07   2.0444517E+07   1.0993812E+04   1.1828702E+07   1.5632345E+07   1.5632363E+07   0.0000000E+00   0.0000000E+00   0.0000000E+00   0.0000000E+00   0.0000000E+00
   7.9824604E-05   1.5632213E+07   1.5632213E+07   2.0383263E+07   1.0972665E+04   1.1820041E+07   1.5632188E+07   1.5632213E+07   0.0000000E+00   0.0000000E+00   0.0000000E+00   0.0000000E+00   0.0000000E+00
   8.5780145E-05   1.5632039E+07   1.5632039E+07   2.0312743E+07   1.0948302E+04   1.1810086E+07   1.5632007E+07   1.5632039E+07   0.0000000E+00   0.0000000E+00   0.0000000E+00   0.0000000E+00   0.0000000E+00
   9.2180015E-05   1.5631839E+07   1.5631839E+07   2.0231593E+07   1.0920244E+04   1.1798652E+07   1.5631797E+07   1.5631839E+07   0.0000000E+00   0.0000000E+00   0.0000000E+00   0.0000000E+00   0.0000000E+00
   9.9057366E-05   1.5631608E+07   1.5631608E+07   2.0138262E+07   1.0887943E+04   1.1785531E+07   1.5631556E+07   1.5631608E+07   0.0000000E+00   0.0000000E+00   0.0000000E+00   0.0000000E+00   0.0000000E+00
   1.0644782E-04   1.5631341E+07   1.5631341E+07   2.0030989E+07   1.0850778E+04   1.1770488E+07   1.5631277E+07   1.5631341E+07   0.0000000E+00   0.0000000E+00   0.0000000E+00   0.0000000E+00   0.0000000E+00
   1.1438966E-04   1.5631034E+07   1.5631034E+07   1.9907781E+07   1.0808038E+04   1.1753262E+07   1.5630955E+07   1.5631034E+07   0.0000000E+00   0.0000000E+00   0.0000000E+00   0.0000000E+00   0.0000000E+00
   1.2292403E-04   1.5630679E+07   1.5630679E+07   1.9766391E+07   1.0758919E+04   1.1733560E+07   1.5630584E+07   1.5630679E+07   0.0000000E+00   0.0000000E+00   0.0000000E+00   0.0000000E+00   0.0000000E+00
   1.3209512E-04   1.5630270E+07   1.5630270E+07   1.9604294E+07   1.0702511E+04   1.1711062E+07   1.5630156E+07   1.5630270E+07   0.0000000E+00   0.0000000E+00   0.0000000E+00   0.0000000E+00   0.0000000E+00
   1.4195045E-04   1.5629798E+07   1.5629798E+07   1.9418665E+07   1.0637789E+04   1.1685417E+07   1.5629663E+07   1.5629798E+07   0.0000000E+00   0.0000000E+00   0.0000000E+00   0.0000000E+00   0.0000000E+00
   1.5254107E-04   1.5629254E+07   1.5629254E+07   1.9206367E+07   1.0563601E+04   1.1656242E+07   1.5629094E+07   1.5629254E+07   0.0000000E+00   0.0000000E+00   0.0000000E+00   0.0000000E+00   0.0000000E+00
   1.6392182E-04   1.5628627E+07   1.5628627E+07   1.8963934E+07   1.0478660E+04   1.1623132E+07   1.5628439E+07   1.5628627E+07   0.0000000E+00   0.0000000E+00   0.0000000E+00   0.0000000E+00   0.0000000E+00
   1.7615167E-04   1.5627904E+07   1.5627904E+07   1.8687573E+07   1.0381537E+04   1.1585658E+07   1.5627683E+07   1.5627904E+07   0.0000000E+00   0.0000000E+00   0.0000000E+00   0.0000000E+00   0.0000000E+00
   1.8929397E-04   1.5627072E+07   1.5627072E+07   1.8373174E+07   1.0270655E+04   1.1543381E+07   1.5626813E+07   1.5627072E+07   0.0000000E+00   0.0000000E+00   0.0000000E+00   0.0000000E+00   0.0000000E+00
   2.0341678E-04   1.5626114E+07   1.5626114E+07   1.8016340E+07   1.0144292E+04   1.1495864E+07   1.5625812E+07   1.5626114E+07   0.0000000E+00   0.0000000E+00   0.0000000E+00   0.0000000E+00   0.0000000E+00
   2.1859326E-04   1.5625011E+07   1.5625011E+07   1.7612447E+07   1.0000581E+04   1.1442687E+07   1.5624659E+07   1.5625011E+07   0.0000000E+00   0.0000000E+00   0.0000000E+00   0.0000000E+00   0.0000000E+00
   2.3490203E-04   1.5623743E+07   1.5623743E+07   1.7156731E+07   9.8375295E+03   1.1383480E+07   1.5623332E+07   1.5623743E+07   0.0000000E+00   0.0000000E+00   0.0000000E+00   0.0000000E+00   0.0000000E+00
   2.5242756E-04   1.5622285E+07   1.5622285E+07   1.6644429E+07   9.6530452E+03   1.1317948E+07   1.5621808E+07   1.5622285E+07   0.0000000E+00   0.0000000E+00   0.0000000E+00   0.0000000E+00   0.0000000E+00
   2.7126064E-04   1.5620609E+07   1.5620609E+07   1.6070969E+07   9.4449760E+03   1.1245919E+07   1.5620056E+07   1.5620609E+07   0.0000000E+00   0.0000000E+00   0.0000000E+00   0.0000000E+00   0.0000000E+00
   2.9149880E-04   1.5618686E+07   1.5618686E+07   1.5432235E+07   9.2111733E+03   1.1167397E+07   1.5618044E+07   1.5618686E+07   0.0000000E+00   0.0000000E+00   0.0000000E+00   0.0000000E+00   0.0000000E+00
   3.1324689E-04   1.5616479E+07   1.5616479E+07   1.4724908E+07   8.9495787E+03   1.1082617E+07   1.5615737E+07   1.5616479E+07   0.0000000E+00   0.0000000E+00   0.0000000E+00   0.0000000E+00   0.0000000E+00
   3.3661757E-04   1.5613950E+07   1.5613950E+07   1.3946901E+07   8.6583397E+03   1.0992121E+07   1.5613092E+07   1.5613950E+07   0.0000000E+00   0.0000000E+00   0.0000000E+00   0.0000000E+00   0.0000000E+00
   3.6173187E-04   1.5611055E+07   1.5611055E+07   1.3097895E+07   8.3359616E+03   1.0896827E+07   1.5610064E+07   1.5611055E+07   0.0000000E+00   0.0000000E+00   0.0000000E+00   0.0000000E+00   0.0000000E+00
   3.8871990E-04   1.5607744E+07   1.5607744E+07   1.2179961E+07   7.9814954E+03   1.0798091E+07   1.5606601E+07   1.5607744E+07   0.0000000E+00   0.0000000E+00   0.0000000E+00   0.0000000E+00   0.0000000E+00
   4.1772145E-04   1.5603962E+07   1.5603962E+07   1.1198251E+07   7.5947652E+03   1.0697758E+07   1.5602646E+07   1.5603962E+07   0.0000000E+00   0.0000000E+00   0.0000000E+00   0.0000000E+00   0.0000000E+00
   4.4888674E-04   1.5599649E+07   1.5599649E+07   1.0161724E+07   7.1766287E+03   1.0598160E+07   1.5598134E+07   1.5599649E+07   0.0000000E+00   0.0000000E+00   0.0000000E+00   0.0000000E+00   0.0000000E+00
   4.8237720E-04   1.5594736E+07   1.5594736E+07   9.0838035E+06   6.7292596E+03   1.0502060E+07   1.5592996E+07   1.5594736E+07   0.0000000E+00   0.0000000E+00   0.0000000E+00   0.0000000E+00   0.0000000E+00
   5.1836632E-04   1.5589151E+07   1.5589151E+07   7.9828580E+06   6.2564275E+03   1.0412482E+07   1.5587154E+07   1.5589151E+07   0.0000000E+00   0.0000000E+00   0.0000000E+00   0.0000000E+00   0.0000000E+00
   5.5704050E-04   1.5582811E+07   1.5582811E+07   6.8823269E+06   5.7637384E+03   1.0332411E+07   1.5580523E+07   1.5582811E+07   0.0000000E+00   0.0000000E+00   0.0000000E+00   0.0000000E+00   0.0000000E+00
   5.9860009E-04   1.5575629E+07   1.5575629E+07   5.8102599E+06   5.2587793E+03   1.0264320E+07   1.5573010E+07   1.5575629E+07   0.0000000E+00   0.0000000E+00   0.0000000E+00   0.0000000E+00   0.0000000E+00
   6.4326034E-04   1.5567506E+07   1.5567506E+07   4.7980286E+06   4.7510943E+03   1.0209531E+07   1.5564516E+07   1.5567506E+07   0.0000000E+00   0.0000000E+00   0.0000000E+00   0.0000000E+00   0.0000000E+00
   6.9125259E-04   1.5558337E+07   1.5558337E+07   3.8779786E+06   4.2519053E+03   1.0167442E+07   1.5554929E+07   1.5558337E+07   0.0000000E+00   0.0000000E+00   0.0000000E+00   0.0000000E+00   0.0000000E+00
   7.4282545E-04   1.5548006E+07   1.5548006E+07   3.0799139E+06   3.7734940E+03   1.0134751E+07   1.5544131E+07   1.5548006E+07   0.0000000E+00   0.0000000E+00   0.0000000E+00   0.0000000E+00   0.0000000E+00
   7.9824604E-04   1.5536387E+07   1.5536387E+07   2.4265547E+06   3.3281847E+03   1.0104904E+07   1.5531990E+07   1.5536387E+07   0.0000000E+00   0.0000000E+00   0.0000000E+00   0.0000000E+00   0.0000000E+00
   8.5780145E-04   1.5523340E+07   1.5523340E+07   1.9285283E+06   2.9269400E+03   1.0068126E+07   1.5518366E+07   1.5523340E+07   0.0000000E+00   0.0000000E+00   0.0000000E+00   0.0000000E+00   0.0000000E+00
   9.2180015E-04   1.5508713E+07   1.5508713E+07   1.5800147E+06   2.5776975E+03   1.0012431E+07   1.5503102E+07   1.5508713E+07   0.0000000E+00   0.0000000E+00   0.0000000E+00   0.0000000E+00   0.0000000E+00
   9.9057366E-04   1.5492335E+07   1.5492335E+07   1.3567302E+06   2.2837426E+03   9.9259493E+06   1.5486027E+07   1.5492335E+07   0.0000000E+00   0.0000000E+00   0.0000000E+00   0.0000000E+00   0.0000000E+00
   1.0644782E-03   1.5474020E+07   1.5474020E+07   1.2181931E+06   2.0425929E+03   9.8004964E+06   1.5466954E+07   1.5474020E+07   0.0000000E+00   0.0000000E+00   0.0000000E+00   0.0000000E+00   0.0000000E+00
   1.1438966E-03   1.5453563E+07   1.5453563E+07   1.1156868E+06   1.8459776E+03   9.6355949E+06   1.5445679E+07   1.5453563E+07   0.0000000E+00   0.0000000E+00   0.0000000E+00   0.0000000E+00   0.0000000E+00
   1.2292403E-03   1.5430741E+07   1.5430741E+07   1.0055341E+06   1.6814029E+03   9.4411283E+06   1.5421984E+07   1.5430741E+07   0.0000000E+00   0.0000000E+00   0.0000000E+00   0.0000000E+00   0.0000000E+00
   1.3209512E-03   1.5405317E+07   1.5405317E+07   8.6413838E+05   1.5353658E+03   9.2361090E+06   1.5395635E+07   1.5405317E+07   0.0000000E+00   0.0000000E+00   0.0000000E+00   0.0000000E+00   0.0000000E+00
   1.4195045E-03   1.5377043E+07   1.5377043E+07   6.9775632E+05   1.3974713E+03   9.0416438E+06   1.5366391E+07   1.5377043E+07   0.0000000E+00   0.0000000E+00   0.0000000E+00   0.0000000E+00   0.0000000E+00
   1.5254107E-03   1.5345659E+07   1.5345659E+07   5.3879218E+05   1.2637788E+03   8.8692152E+06   1.5334001E+07   1.5345659E+07   0.0000000E+00   0.0000000E+00   0.0000000E+00   0.0000000E+00   0.0000000E+00
   1.6392182E-03   1.5310904E+07   1.5310904E+07   4.2513707E+05   1.1372889E+03   8.7106375E+06   1.5298212E+07   1.5310904E+07   0.0000000E+00   0.0000000E+00   0.0000000E+00   0.0000000E+00   0.0000000E+00
   1.7615167E-03   1.5272505E+07   1.5272505E+07   3.7108618E+05   1.0244374E+03   8.5399484E+06   1.5258760E+07   1.5272505E+07   0.0000000E+00   0.0000000E+00   0.0000000E+00   0.0000000E+00   0.0000000E+00
   1.8929397E-03   1.5230178E+07   1.5230178E+07   3.5159884E+05   9.2909779E+02   8.3330851E+06   1.5215369E+07   1.5230178E+07   0.0000000E+00   0.0000000E+00   0.0000000E+00   0.0000000E+00   0.0000000E+00
   2.0341678E-03   1.5183626E+07   1.5183626E+07   3.2074284E+05   8.4849102E+02   8.0941761E+06   1.5167748E+07   1.5183626E+07   0.0000000E+00   0.0000000E+00   0.0000000E+00   0.0000000E+00   0.0000000E+00
   2.1859326E-03   1.5132537E+07   1.5132537E+07   2.5697257E+05   7.7530467E+02   7.8589034E+06   1.5115586E+07   1.5132537E+07   0.0000000E+00   0.0000000E+00   0.0000000E+00   0.0000000E+00   0.0000000E+00
   2.3490203E-03   1.5076589E+07   1.5076589E+07   1.8837692E+05   7.0488880E+02   7.6562768E+06   1.5058562E+07   1.5076589E+07   0.0000000E+00   0.0000000E+00   0.0000000E+00   0.0000000E+00   0.0000000E+00
   2.5242756E-03   1.5015456E+07   1.5015456E+07   1.5556493E+05   6.3946257E+02   7.4653029E+06   1.4996344E+07   1.5015456E+07   0.0000000E+00   0.0000000E+00   0.0000000E+00   0.0000000E+00   0.0000000E+00
   2.7126064E-03   1.4948797E+07   1.4948797E+07   1.5057050E+05   5.8298724E+02   7.2393030E+06   1.4928591E+07   1.4948797E+07   0.0000000E+00   0.0000000E+00   0.0000000E+00   0.0000000E+00   0.0000000E+00
   2.9149880E-03   1.4876259E+07   1.4876259E+07   1.3080462E+05   5.3361334E+02   6.9838341E+06   1.4854943E+07   1.4876259E+07   0.0000000E+00   0.0000000E+00   0.0000000E+00   0.0000000E+00   0.0000000E+00
   3.1324689E-03   1.4797470E+07   1.4797470E+07   9.7907833E+04   4.8664443E+02   6.7471156E+06   1.4775030E+07   1.4797470E+07   0.0000000E+00   0.0000000E+00   0.0000000E+00   0.0000000E+00   0.0000000E+00
   3.3661757E-03   1.4712052E+07   1.4712052E+07   8.6494610E+04   4.4270027E+02   6.5145870E+06   1.4688476E+07   1.4712052E+07   0.0000000E+00   0.0000000E+00   0.0000000E+00   0.0000000E+00   0.0000000E+00
   3.6173187E-03   1.4619617E+07   1.4619617E+07   7.8804663E+04   4.0379254E+02   6.2467193E+06   1.4594896E+07   1.4619617E+07   0.0000000E+00   0.0000000E+00   0.0000000E+00   0.0000000E+00   0.0000000E+00
   3.8871990E-03   1.4519763E+07   1.4519763E+07   5.7345440E+04   3.6727198E+02   5.9894527E+06   1.4493893E+07   1.4519763E+07   0.0000000E+00   0.0000000E+00   0.0000000E+00   0.0000000E+00   0.0000000E+00
   4.1772145E-03   1.4412080E+07   1.4412080E+07   5.3714928E+04   3.3315087E+02   5.7374498E+06   1.4385068E+07   1.4412080E+07   0.0000000E+00   0.0000000E+00   0.0000000E+00   0.0000000E+00   0.0000000E+00
   4.4888674E-03   1.4296157E+07   1.4296157E+07   4.6400119E+04   3.0264309E+02   5.4531156E+06   1.4268018E+07   1.4296157E+07   0.0000000E+00   0.0000000E+00   0.0000000E+00   0.0000000E+00   0.0000000E+00
   4.8237720E-03   1.4171578E+07   1.4171578E+07   3.5076151E+04   2.7351170E+02   5.1972679E+06   1.4142347E+07   1.4171578E+07   0.0000000E+00   0.0000000E+00   0.0000000E+00   0.0000000E+00   0.0000000E+00
   5.1836632E-03   1.4037939E+07   1.4037939E+07   3.3610286E+04   2.4707882E+02   4.9238986E+06   1.4007666E+07   1.4037939E+07   0.0000000E+00   0.0000000E+00   0.0000000E+00   0.0000000E+00   0.0000000E+00
   5.5704050E-03   1.3894837E+07   1.3894837E+07   2.5454238E+04   2.2261061E+02   4.6655122E+06   1.3863574E+07   1.3894837E+07   0.0000000E+00   0.0000000E+00   0.0000000E+00   0.0000000E+00   0.0000000E+00
   5.9860009E-03   1.3741868E+07   1.3741868E+07   2.3556375E+04   2.0051898E+02   4.3935007E+06   1.3709659E+07   1.3741868E+07   0.0000000E+00   0.0000000E+00   0.0000000E+00   0.0000000E+00   0.0000000E+00
   6.4326034E-03   1.3578618E+07   1.3578618E+07   1.8871376E+04   1.7991359E+02   4.1382175E+06   1.3545507E+07   1.3578618E+07   0.0000000E+00   0.0000000E+00   0.0000000E+00   0.0000000E+00   0.0000000E+00
   6.9125259E-03   1.3404667E+07   1.3404667E+07   1.5542501E+04   1.6111332E+02   3.8694950E+06   1.3370723E+07   1.3404667E+07   0.0000000E+00   0.0000000E+00   0.0000000E+00   0.0000000E+00   0.0000000E+00
   7.4282545E-03   1.3219605E+07   1.3219605E+07   1.4511606E+04   1.4378288E+02   3.6189785E+06   1.3184921E+07   1.3219605E+07   0.0000000E+00   0.0000000E+00   0.0000000E+00   0.0000000E+00   0.0000000E+00
   7.9824604E-03   1.3023041E+07   1.3023041E+07   1.1542868E+04   1.2806231E+02   3.3747280E+06   1.2987700E+07   1.3023041E+07   0.0000000E+00   0.0000000E+00   0.0000000E+00   0.0000000E+00   0.0000000E+00
   8.5780145E-03   1.2814580E+07   1.2814580E+07   8.9249519E+03   1.1376629E+02   3.1301080E+06   1.2778667E+07   1.2814580E+07   0.0000000E+00   0.0000000E+00   0.0000000E+00   0.0000000E+00   0.0000000E+00
   9.2180015E-03   1.2593827E+07   1.2593827E+07   7.8723731E+03   1.0074892E+02   2.8926905E+06   1.2557439E+07   1.2593827E+07   0.0000000E+00   0.0000000E+00   0.0000000E+00   0.0000000E+00   0.0000000E+00
   9.9057366E-03   1.2360392E+07   1.2360392E+07   6.8796364E+03   8.8944739E+01   2.6666915E+06   1.2323637E+07   1.2360392E+07   0.0000000E+00   0.0000000E+00   0.0000000E+00   0.0000000E+00   0.0000000E+00
   1.0644782E-02   1.2113905E+07   1.2113905E+07   5.8849087E+03   7.8288216E+01   2.4491625E+06   1.2076889E+07   1.2113905E+07   0.0000000E+00   0.0000000E+00   0.0000000E+00   0.0000000E+00   0.0000000E+00
   1.1438966E-02   1.1854006E+07   1.1854006E+07   4.9164093E+03   6.8678947E+01   2.2408903E+06   1.1816842E+07   1.1854006E+07   0.0000000E+00   0.0000000E+00   0.0000000E+00   0.0000000E+00   0.0000000E+00
   1.2292403E-02   1.1580359E+07   1.1580359E+07   3.9343556E+03   6.0038639E+01   2.0437032E+06   1.1543172E+07   1.1580359E+07   0.0000000E+00   0.0000000E+00   0.0000000E+00   0.0000000E+00   0.0000000E+00
   1.3209512E-02   1.1292675E+07   1.1292675E+07   3.2101048E+03   5.2319948E+01   1.8566885E+06   1.1255580E+07   1.1292675E+07   0.0000000E+00   0.0000000E+00   0.0000000E+00   0.0000000E+00   0.0000000E+00
   1.4195045E-02   1.0990709E+07   1.0990709E+07   2.9115616E+03   4.5415962E+01   1.6794700E+06   1.0953833E+07   1.0990709E+07   0.0000000E+00   0.0000000E+00   0.0000000E+00   0.0000000E+00   0.0000000E+00
   1.5254107E-02   1.0674303E+07   1.0674303E+07   2.4355108E+03   3.9293094E+01   1.5108228E+06   1.0637772E+07   1.0674303E+07   0.0000000E+00   0.0000000E+00   0.0000000E+00   0.0000000E+00   0.0000000E+00
   1.6392182E-02   1.0343415E+07   1.0343415E+07   1.9587991E+03   3.3854773E+01   1.3555972E+06   1.0307355E+07   1.0343415E+07   0.0000000E+00   0.0000000E+00   0.0000000E+00   0.0000000E+00   0.0000000E+00
   1.7615167E-02   9.9981571E+06   9.9981571E+06   1.6673703E+03   2.9059919E+01   1.2092530E+06   9.9626947E+06   9.9981571E+06   0.0000000E+00   0.0000000E+00   0.0000000E+00   0.0000000E+00   0.0000000E+00
   1.8929397E-02   9.6388596E+06   9.6388596E+06   1.3734977E+03   2.4835668E+01   1.0744513E+06   9.6041194E+06   9.6388596E+06   0.0000000E+00   0.0000000E+00   0.0000000E+00   0.0000000E+00   0.0000000E+00
   2.0341677E-02   9.2661351E+06   9.2661351E+06   1.1262647E+03   2.1138437E+01   9.4959816E+05   9.2322368E+06   9.2661351E+06   0.0000000E+00   0.0000000E+00   0.0000000E+00   0.0000000E+00   0.0000000E+00
   2.1859323E-02   8.8809587E+06   8.8809587E+06   9.2815151E+02   1.7912661E+01   8.3522250E+05   8.8480184E+06   8.8809587E+06   0.0000000E+00   0.0000000E+00   0.0000000E+00   0.0000000E+00   0.0000000E+00
   2.3490181E-02   8.4847611E+06   8.4847611E+06   7.4534795E+02   1.5109510E+01   7.3116893E+05   8.4528865E+06   8.4847611E+06   0.0000000E+00   0.0000000E+00   0.0000000E+00   0.0000000E+00   0.0000000E+00
   2.5242639E-02   8.0795284E+06   8.0795284E+06   6.3202987E+02   1.2686558E+01   6.3707761E+05   8.0488163E+06   8.0795284E+06   0.0000000E+00   0.0000000E+00   0.0000000E+00   0.0000000E+00   0.0000000E+00
   2.7125534E-02   7.6679133E+06   7.6679133E+06   5.3414871E+02   1.0605028E+01   5.5128268E+05   7.6384479E+06   7.6679133E+06   0.0000000E+00   0.0000000E+00   0.0000000E+00   0.0000000E+00   0.0000000E+00
   2.9147798E-02   7.2533666E+06   7.2533666E+06   4.3445627E+02   8.8251799E+00   4.7567344E+05   7.2252148E+06   7.2533666E+06   0.0000000E+00   0.0000000E+00   0.0000000E+00   0.0000000E+00   0.0000000E+00
   3.1317475E-02   6.8402997E+06   6.8402997E+06   3.3658902E+02   7.3149245E+00   4.0809130E+05   6.8135072E+06   6.8402997E+06   0.0000000E+00   0.0000000E+00   0.0000000E+00   0.0000000E+00   0.0000000E+00
   3.3639561E-02   6.4342632E+06   6.4342632E+06   2.7583826E+02   6.0437572E+00   3.4885224E+05   6.4088499E+06   6.4342632E+06   0.0000000E+00   0.0000000E+00   0.0000000E+00   0.0000000E+00   0.0000000E+00
   3.6112222E-02   6.0420316E+06   6.0420316E+06   2.3900327E+02   4.9853091E+00   2.9739833E+05   6.0179860E+06   6.0420316E+06   0.0000000E+00   0.0000000E+00   0.0000000E+00   0.0000000E+00   0.0000000E+00
   3.8721937E-02   5.6713047E+06   5.6713047E+06   1.8316668E+02   4.1151270E+00   2.5327113E+05   5.6485801E+06   5.6713047E+06   0.0000000E+00   0.0000000E+00   0.0000000E+00   0.0000000E+00   0.0000000E+00
   4.1440335E-02   5.3296604E+06   5.3296604E+06   1.5740958E+02   3.4096879E+00   2.1674955E+05   5.3081748E+06   5.3296604E+06   0.0000000E+00   0.0000000E+00   0.0000000E+00   0.0000000E+00   0.0000000E+00
   4.4227043E-02   5.0227732E+06   5.0227732E+06   1.1916311E+02   2.8455193E+00   1.8614964E+05   5.0024165E+06   5.0227732E+06   0.0000000E+00   0.0000000E+00   0.0000000E+00   0.0000000E+00   0.0000000E+00
   4.7039773E-02   4.7527675E+06   4.7527675E+06   1.0927842E+02   2.3978077E+00   1.6122716E+05   4.7334156E+06   4.7527675E+06   0.0000000E+00   0.0000000E+00   0.0000000E+00   0.0000000E+00   0.0000000E+00
   4.9845850E-02   4.5178683E+06   4.5178683E+06   8.9470627E+01   2.0427743E+00   1.4114298E+05   4.4993987E+06   4.5178683E+06   0.0000000E+00   0.0000000E+00   0.0000000E+00   0.0000000E+00   0.0000000E+00
   5.2627740E-02   4.3134910E+06   4.3134910E+06   7.4332662E+01   1.7592723E+00   1.2441928E+05   4.2957953E+06   4.3134910E+06   0.0000000E+00   0.0000000E+00   0.0000000E+00   0.0000000E+00   0.0000000E+00
   5.5381415E-02   4.1338233E+06   4.1338233E+06   6.6200491E+01   1.5297264E+00   1.1069143E+05   4.1168131E+06   4.1338233E+06   0.0000000E+00   0.0000000E+00   0.0000000E+00   0.0000000E+00   0.0000000E+00
   5.8111597E-02   3.9730334E+06   3.9730334E+06   5.8063557E+01   1.3408930E+00   9.9115261E+04   3.9566410E+06   3.9730334E+06   0.0000000E+00   0.0000000E+00   0.0000000E+00   0.0000000E+00   0.0000000E+00
   6.0827389E-02   3.8259025E+06   3.8259025E+06   4.9369854E+01   1.1829226E+00   8.9269387E+04   3.8100796E+06   3.8259025E+06   0.0000000E+00   0.0000000E+00   0.0000000E+00   0.0000000E+00   0.0000000E+00
   6.3539463E-02   3.6880565E+06   3.6880565E+06   4.4971010E+01   1.0486215E+00   8.0581472E+04   3.6727713E+06   3.6880565E+06   0.0000000E+00   0.0000000E+00   0.0000000E+00   0.0000000E+00   0.0000000E+00
   6.6258569E-02   3.5560035E+06   3.5560035E+06   3.9333022E+01   9.3269606E-01   7.3107042E+04   3.5412372E+06   3.5560035E+06   0.0000000E+00   0.0000000E+00   0.0000000E+00   0.0000000E+00   0.0000000E+00
   6.8994877E-02   3.4270996E+06   3.4270996E+06   3.4223896E+01   8.3145660E-01   6.6231721E+04   3.4128438E+06   3.4270996E+06   0.0000000E+00   0.0000000E+00   0.0000000E+00   0.0000000E+00   0.0000000E+00
   7.1757767E-02   3.2995002E+06   3.2995002E+06   3.2492592E+01   7.4210513E-01   6.0218002E+04   3.2857533E+06   3.2995002E+06   0.0000000E+00   0.0000000E+00   0.0000000E+00   0.0000000E+00   0.0000000E+00
   7.4555818E-02   3.1721099E+06   3.1721099E+06   2.6134347E+01   6.6267810E-01   5.4665648E+04   3.1588744E+06   3.1721099E+06   0.0000000E+00   0.0000000E+00   0.0000000E+00   0.0000000E+00   0.0000000E+00
   7.7396894E-02   3.0445302E+06   3.0445302E+06   2.4731898E+01   5.9171081E-01   4.9548866E+04   3.0318098E+06   3.0445302E+06   0.0000000E+00   0.0000000E+00   0.0000000E+00   0.0000000E+00   0.0000000E+00
   8.0288255E-02   2.9169968E+06   2.9169968E+06   2.3121786E+01   5.2812694E-01   4.4988394E+04   2.9047940E+06   2.9169968E+06   0.0000000E+00   0.0000000E+00   0.0000000E+00   0.0000000E+00   0.0000000E+00
   8.3236661E-02   2.7902971E+06   2.7902971E+06   1.9936174E+01   4.7115530E-01   4.0810166E+04   2.7786107E+06   2.7902971E+06   0.0000000E+00   0.0000000E+00   0.0000000E+00   0.0000000E+00   0.0000000E+00
   8.6248481E-02   2.6656596E+06   2.6656596E+06   1.7265406E+01   4.2017624E-01   3.6971259E+04   2.6544832E+06   2.6656596E+06   0.0000000E+00   0.0000000E+00   0.0000000E+00   0.0000000E+00   0.0000000E+00
   8.9329771E-02   2.5446130E+06   2.5446130E+06   1.5383843E+01   3.7470812E-01   3.3485782E+04   2.5339332E+06   2.5446130E+06   0.0000000E+00   0.0000000E+00   0.0000000E+00   0.0000000E+00   0.0000000E+00
   9.2486353E-02   2.4288130E+06   2.4288130E+06   1.3756208E+01   3.3433396E-01   3.0335205E+04   2.4186095E+06   2.4288130E+06   0.0000000E+00   0.0000000E+00   0.0000000E+00   0.0000000E+00   0.0000000E+00
   9.5723872E-02   2.3198457E+06   2.3198457E+06   1.2067752E+01   2.9864450E-01   2.7534491E+04   2.3100913E+06   2.3198457E+06   0.0000000E+00   0.0000000E+00   0.0000000E+00   0.0000000E+00   0.0000000E+00
   9.9047845E-02   2.2190204E+06   2.2190204E+06   1.1316978E+01   2.6725623E-01   2.5036480E+04   2.2096821E+06   2.2190204E+06   0.0000000E+00   0.0000000E+00   0.0000000E+00   0.0000000E+00   0.0000000E+00
   1.0246370E-01   2.1271701E+06   2.1271701E+06   9.3549479E+00   2.3974057E-01   2.2817466E+04   2.1182113E+06   2.1271701E+06   0.0000000E+00   0.0000000E+00   0.0000000E+00   0.0000000E+00   0.0000000E+00
   1.0597683E-01   2.0444888E+06   2.0444888E+06   9.1783403E+00   2.1566511E-01   2.0874220E+04   2.0358718E+06   2.0444888E+06   0.0000000E+00   0.0000000E+00   0.0000000E+00   0.0000000E+00   0.0000000E+00
   1.0959256E-01   1.9704303E+06   1.9704303E+06   7.8332638E+00   1.9456565E-01   1.9174206E+04   1.9621197E+06   1.9704303E+06   0.0000000E+00   0.0000000E+00   0.0000000E+00   0.0000000E+00   0.0000000E+00
   1.1331626E-01   1.9037000E+06   1.9037000E+06   6.8357276E+00   1.7597926E-01   1.7634388E+04   1.8956655E+06   1.9037000E+06   0.0000000E+00   0.0000000E+00   0.0000000E+00   0.0000000E+00   0.0000000E+00
   1.1715327E-01   1.8423570E+06   1.8423570E+06   6.1982178E+00   1.5946003E-01   1.6260950E+04   1.8345765E+06   1.8423570E+06   0.0000000E+00   0.0000000E+00   0.0000000E+00   0.0000000E+00   0.0000000E+00
   1.2110898E-01   1.7840355E+06   1.7840355E+06   5.8043093E+00   1.4459670E-01   1.5017233E+04   1.7764969E+06   1.7840355E+06   0.0000000E+00   0.0000000E+00   0.0000000E+00   0.0000000E+00   0.0000000E+00
   1.2518881E-01   1.7262712E+06   1.7262712E+06   5.4604503E+00   1.3104192E-01   1.3843659E+04   1.7189726E+06   1.7262712E+06   0.0000000E+00   0.0000000E+00   0.0000000E+00   0.0000000E+00   0.0000000E+00
   1.2939823E-01   1.6668937E+06   1.6668937E+06   4.7238166E+00   1.1853247E-01   1.2756801E+04   1.6598424E+06   1.6668937E+06   0.0000000E+00   0.0000000E+00   0.0000000E+00   0.0000000E+00   0.0000000E+00
   1.3374275E-01   1.6044222E+06   1.6044222E+06   4.2975051E+00   1.0689536E-01   1.1724288E+04   1.5976318E+06   1.6044222E+06   0.0000000E+00   0.0000000E+00   0.0000000E+00   0.0000000E+00   0.0000000E+00
   1.3822796E-01   1.5383821E+06   1.5383821E+06   3.7418212E+00   9.6049334E-02   1.0734225E+04   1.5318682E+06   1.5383821E+06   0.0000000E+00   0.0000000E+00   0.0000000E+00   0.0000000E+00   0.0000000E+00
   1.4285949E-01   1.4694562E+06   1.4694562E+06   3.3578223E+00   8.5988514E-02   9.7972235E+03   1.4632314E+06   1.4694562E+06   0.0000000E+00   0.0000000E+00   0.0000000E+00   0.0000000E+00   0.0000000E+00
   1.4764306E-01   1.3994011E+06   1.3994011E+06   3.1457264E+00   7.6756362E-02   8.9184502E+03   1.3934706E+06   1.3994011E+06   0.0000000E+00   0.0000000E+00   0.0000000E+00   0.0000000E+00   0.0000000E+00
   1.5258445E-01   1.3307030E+06   1.3307030E+06   2.7176732E+00   6.8413068E-02   8.0974859E+03   1.3250614E+06   1.3307030E+06   0.0000000E+00   0.0000000E+00   0.0000000E+00   0.0000000E+00   0.0000000E+00
   1.5768954E-01   1.2660102E+06   1.2660102E+06   2.5154234E+00   6.1001205E-02   7.3789330E+03   1.2606408E+06   1.2660102E+06   0.0000000E+00   0.0000000E+00   0.0000000E+00   0.0000000E+00   0.0000000E+00
   1.6296427E-01   1.2074559E+06   1.2074559E+06   2.1986464E+00   5.4518043E-02   6.7386749E+03   1.2023330E+06   1.2074559E+06   0.0000000E+00   0.0000000E+00   0.0000000E+00   0.0000000E+00   0.0000000E+00
   1.6841471E-01   1.1560449E+06   1.1560449E+06   1.9484815E+00   4.8900740E-02   6.1760892E+03   1.1511385E+06   1.1560449E+06   0.0000000E+00   0.0000000E+00   0.0000000E+00   0.0000000E+00   0.0000000E+00
   1.7404700E-01   1.1113038E+06   1.1113038E+06   1.7711034E+00   4.4031091E-02   5.6936772E+03   1.1065858E+06   1.1113038E+06   0.0000000E+00   0.0000000E+00   0.0000000E+00   0.0000000E+00   0.0000000E+00
   1.7986744E-01   1.0713503E+06   1.0713503E+06   1.5483787E+00   3.9755082E-02   5.2580549E+03   1.0668006E+06   1.0713503E+06   0.0000000E+00   0.0000000E+00   0.0000000E+00   0.0000000E+00   0.0000000E+00
   1.8588242E-01   1.0334291E+06   1.0334291E+06   1.4344343E+00   3.5914292E-02   4.8656685E+03   1.0290392E+06   1.0334291E+06   0.0000000E+00   0.0000000E+00   0.0000000E+00   0.0000000E+00   0.0000000E+00
   1.9209853E-01   9.9479563E+05   9.9479563E+05   1.2717872E+00   3.2380875E-02   4.4980086E+03   9.9056873E+05   9.9479563E+05   0.0000000E+00   0.0000000E+00   0.0000000E+00   0.0000000E+00   0.0000000E+00
   1.9852251E-01   9.5367000E+05   9.5367000E+05   1.1511647E+00   2.9079565E-02   4.1478111E+03   9.4961683E+05   9.5367000E+05   0.0000000E+00   0.0000000E+00   0.0000000E+00   0.0000000E+00   0.0000000E+00
   2.0516132E-01   9.0989362E+05   9.0989362E+05   1.0341440E+00   2.5994583E-02   3.8030039E+03   9.0602559E+05   9.0989362E+05   0.0000000E+00   0.0000000E+00   0.0000000E+00   0.0000000E+00   0.0000000E+00
   2.1202214E-01   8.6497621E+05   8.6497621E+05   9.3058186E-01   2.3154325E-02   3.4806099E+03   8.6129830E+05   8.6497621E+05   0.0000000E+00   0.0000000E+00   0.0000000E+00   0.0000000E+00   0.0000000E+00
   2.1911246E-01   8.2143682E+05   8.2143682E+05   8.3164369E-01   2.0602693E-02   3.1806023E+03   8.1794330E+05   8.2143682E+05   0.0000000E+00   0.0000000E+00   0.0000000E+00   0.0000000E+00   0.0000000E+00
   2.2644006E-01   7.8166076E+05   7.8166076E+05   7.2060708E-01   1.8366322E-02   2.9190019E+03   7.7833575E+05   7.8166076E+05   0.0000000E+00   0.0000000E+00   0.0000000E+00   0.0000000E+00   0.0000000E+00
   2.3401311E-01   7.4677451E+05   7.4677451E+05   6.4018732E-01   1.6434325E-02   2.6888034E+03   7.4359730E+05   7.4677451E+05   0.0000000E+00   0.0000000E+00   0.0000000E+00   0.0000000E+00   0.0000000E+00
   2.4184023E-01   7.1611319E+05   7.1611319E+05   5.8332432E-01   1.4758187E-02   2.4889692E+03   7.1306589E+05   7.1611319E+05   0.0000000E+00   0.0000000E+00   0.0000000E+00   0.0000000E+00   0.0000000E+00
   2.4993053E-01   6.8761684E+05   6.8761684E+05   5.2883220E-01   1.3269696E-02   2.3095462E+03   6.8469031E+05   6.8761684E+05   0.0000000E+00   0.0000000E+00   0.0000000E+00   0.0000000E+00   0.0000000E+00
   2.5829369E-01   6.5900218E+05   6.5900218E+05   4.7095893E-01   1.1909585E-02   2.1401242E+03   6.5619700E+05   6.5900218E+05   0.0000000E+00   0.0000000E+00   0.0000000E+00   0.0000000E+00   0.0000000E+00
   2.6694008E-01   6.2906535E+05   6.2906535E+05   4.2710569E-01   1.0647562E-02   1.9762101E+03   6.2638720E+05   6.2906535E+05   0.0000000E+00   0.0000000E+00   0.0000000E+00   0.0000000E+00   0.0000000E+00
   2.7588086E-01   5.9830924E+05   5.9830924E+05   3.7311137E-01   9.4855566E-03   1.8208350E+03   5.9576168E+05   5.9830924E+05   0.0000000E+00   0.0000000E+00   0.0000000E+00   0.0000000E+00   0.0000000E+00
   2.8512805E-01   5.6845350E+05   5.6845350E+05   3.3381716E-01   8.4407252E-03   1.6762822E+03   5.6603274E+05   5.6845350E+05   0.0000000E+00   0.0000000E+00   0.0000000E+00   0.0000000E+00   0.0000000E+00
   2.9469476E-01   5.4112905E+05   5.4112905E+05   2.9723645E-01   7.5238126E-03   1.5489959E+03   5.3882437E+05   5.4112905E+05   0.0000000E+00   0.0000000E+00   0.0000000E+00   0.0000000E+00   0.0000000E+00
   3.0459523E-01   5.1669053E+05   5.1669053E+05   2.6432374E-01   6.7255622E-03   1.4361324E+03   5.1448968E+05   5.1669053E+05   0.0000000E+00   0.0000000E+00   0.0000000E+00   0.0000000E+00   0.0000000E+00
   3.1484514E-01   4.9405957E+05   4.9405957E+05   2.3877094E-01   6.0197208E-03   1.3343500E+03   4.9195487E+05   4.9405957E+05   0.0000000E+00   0.0000000E+00   0.0000000E+00   0.0000000E+00   0.0000000E+00
   3.2546173E-01   4.7172608E+05   4.7172608E+05   2.1113944E-01   5.3795323E-03   1.2391564E+03   4.6971632E+05   4.7172608E+05   0.0000000E+00   0.0000000E+00   0.0000000E+00   0.0000000E+00   0.0000000E+00
   3.3646409E-01   4.4904093E+05   4.4904093E+05   1.8925369E-01   4.7926213E-03   1.1486711E+03   4.4712763E+05   4.4904093E+05   0.0000000E+00   0.0000000E+00   0.0000000E+00   0.0000000E+00   0.0000000E+00
   3.4787348E-01   4.2663062E+05   4.2663062E+05   1.6747811E-01   4.2608626E-03   1.0632322E+03   4.2481264E+05   4.2663062E+05   0.0000000E+00   0.0000000E+00   0.0000000E+00   0.0000000E+00   0.0000000E+00
   3.5971365E-01   4.0557040E+05   4.0557040E+05   1.4896508E-01   3.7889880E-03   9.8585801E+02   4.0384201E+05   4.0557040E+05   0.0000000E+00   0.0000000E+00   0.0000000E+00   0.0000000E+00   0.0000000E+00
   3.7201129E-01   3.8620107E+05   3.8620107E+05   1.3273325E-01   3.3739774E-03   9.1586477E+02   3.8455509E+05   3.8620107E+05   0.0000000E+00   0.0000000E+00   0.0000000E+00   0.0000000E+00   0.0000000E+00
   3.8479655E-01   3.6786304E+05   3.6786304E+05   1.1817531E-01   3.0039816E-03   8.5191763E+02   3.6629509E+05   3.6786304E+05   0.0000000E+00   0.0000000E+00   0.0000000E+00   0.0000000E+00   0.0000000E+00
   3.9810365E-01   3.4978075E+05   3.4978075E+05   1.0521499E-01   2.6690188E-03   7.9210964E+02   3.4828976E+05   3.4978075E+05   0.0000000E+00   0.0000000E+00   0.0000000E+00   0.0000000E+00   0.0000000E+00
   4.1197167E-01   3.3195460E+05   3.3195460E+05   9.3038629E-02   2.3657879E-03   7.3524607E+02   3.3053950E+05   3.3195460E+05   0.0000000E+00   0.0000000E+00   0.0000000E+00   0.0000000E+00   0.0000000E+00
   4.2644551E-01   3.1494109E+05   3.1494109E+05   8.2548838E-02   2.0950018E-03   6.8297611E+02   3.1359844E+05   3.1494109E+05   0.0000000E+00   0.0000000E+00   0.0000000E+00   0.0000000E+00   0.0000000E+00
   4.4157704E-01   2.9893659E+05   2.9893659E+05   7.2872961E-02   1.8547732E-03   6.3513785E+02   2.9766208E+05   2.9893659E+05   0.0000000E+00   0.0000000E+00   0.0000000E+00   0.0000000E+00   0.0000000E+00
   4.5742662E-01   2.8354327E+05   2.8354327E+05   6.4578790E-02   1.6396663E-03   5.9044879E+02   2.8233432E+05   2.8354327E+05   0.0000000E+00   0.0000000E+00   0.0000000E+00   0.0000000E+00   0.0000000E+00
   4.7406497E-01   2.6846998E+05   2.6846998E+05   5.6829848E-02   1.4456407E-03   5.4842895E+02   2.6732523E+05   2.6846998E+05   0.0000000E+00   0.0000000E+00   0.0000000E+00   0.0000000E+00   0.0000000E+00
   4.9157556E-01   2.5390448E+05   2.5390448E+05   5.0016977E-02   1.2716757E-03   5.0916653E+02   2.5282179E+05   2.5390448E+05   0.0000000E+00   0.0000000E+00   0.0000000E+00   0.0000000E+00   0.0000000E+00
   5.1005764E-01   2.3998818E+05   2.3998818E+05   4.3938410E-02   1.1165408E-03   4.7272442E+02   2.3896477E+05   2.3998818E+05   0.0000000E+00   0.0000000E+00   0.0000000E+00   0.0000000E+00   0.0000000E+00
   5.2963018E-01   2.2651710E+05   2.2651710E+05   3.8416275E-02   9.7752660E-04   4.3844881E+02   2.2555110E+05   2.2651710E+05   0.0000000E+00   0.0000000E+00   0.0000000E+00   0.0000000E+00   0.0000000E+00
   5.5043694E-01   2.1338672E+05   2.1338672E+05   3.3531037E-02   8.5265188E-04   4.0609394E+02   2.1247667E+05   2.1338672E+05   0.0000000E+00   0.0000000E+00   0.0000000E+00   0.0000000E+00   0.0000000E+00
   5.7265300E-01   2.0068980E+05   2.0068980E+05   2.9130793E-02   7.4096864E-04   3.7575368E+02   1.9983386E+05   2.0068980E+05   0.0000000E+00   0.0000000E+00   0.0000000E+00   0.0000000E+00   0.0000000E+00
   5.9649310E-01   1.8836096E+05   1.8836096E+05   2.5194654E-02   6.4101989E-04   3.4717258E+02   1.8755757E+05   1.8836096E+05   0.0000000E+00   0.0000000E+00   0.0000000E+00   0.0000000E+00   0.0000000E+00
   6.2222222E-01   1.7631890E+05   1.7631890E+05   2.1671254E-02   5.5149645E-04   3.1999527E+02   1.7556684E+05   1.7631890E+05   0.0000000E+00   0.0000000E+00   0.0000000E+00   0.0000000E+00   0.0000000E+00
   6.5016850E-01   1.6458100E+05   1.6458100E+05   1.8522291E-02   4.7151459E-04   2.9423679E+02   1.6387899E+05   1.6458100E+05   0.0000000E+00   0.0000000E+00   0.0000000E+00   0.0000000E+00   0.0000000E+00
   6.8073806E-01   1.5309108E+05   1.5309108E+05   1.5716147E-02   4.0012006E-04   2.6971838E+02   1.5243805E+05   1.5309108E+05   0.0000000E+00   0.0000000E+00   0.0000000E+00   0.0000000E+00   0.0000000E+00
   7.1442974E-01   1.4183279E+05   1.4183279E+05   1.3217061E-02   3.3658406E-04   2.4635424E+02   1.4122776E+05   1.4183279E+05   0.0000000E+00   0.0000000E+00   0.0000000E+00   0.0000000E+00   0.0000000E+00
   7.5184475E-01   1.3079158E+05   1.3079158E+05   1.1004403E-02   2.8027896E-04   2.2403872E+02   1.3023363E+05   1.3079158E+05   0.0000000E+00   0.0000000E+00   0.0000000E+00   0.0000000E+00   0.0000000E+00
   7.9368098E-01   1.1997302E+05   1.1997302E+05   9.0572544E-03   2.3072270E-04   2.0276049E+02   1.1946120E+05   1.1997302E+05   0.0000000E+00   0.0000000E+00   0.0000000E+00   0.0000000E+00   0.0000000E+00
   8.4069592E-01   1.0940948E+05   1.0940948E+05   7.3556119E-03   1.8754854E-04   1.8250196E+02   1.0894271E+05   1.0940948E+05   0.0000000E+00   0.0000000E+00   0.0000000E+00   0.0000000E+00   0.0000000E+00
   8.9362303E-01   9.9173110E+04   9.9173110E+04   5.9068177E-03   1.5047114E-04   1.6336717E+02   9.8750003E+04   9.9173110E+04   0.0000000E+00   0.0000000E+00   0.0000000E+00   0.0000000E+00   0.0000000E+00
   9.5304784E-01   8.9372317E+04   8.9372317E+04   4.6784885E-03   1.1922640E-04   1.4548602E+02   8.8991013E+04   8.9372317E+04   0.0000000E+00   0.0000000E+00   0.0000000E+00   0.0000000E+00   0.0000000E+00
   1.0192992E+00   8.0133318E+04   8.0133318E+04   3.6665002E-03   9.3462392E-05   1.2901601E+02   7.9791424E+04   8.0133318E+04   0.0000000E+00   0.0000000E+00   0.0000000E+00   0.0000000E+00   0.0000000E+00
   1.0924426E+00   7.1567151E+04   7.1567151E+04   2.8503701E-03   7.2671949E-05   1.1407282E+02   7.1261797E+04   7.1567151E+04   0.0000000E+00   0.0000000E+00   0.0000000E+00   0.0000000E+00   0.0000000E+00
   1.1724054E+00   6.3742750E+04   6.3742750E+04   2.2040332E-03   5.6202770E-05   1.0068515E+02   6.3470776E+04   6.3742750E+04   0.0000000E+00   0.0000000E+00   0.0000000E+00   0.0000000E+00   0.0000000E+00
   1.2591513E+00   5.6675805E+04   5.6675805E+04   1.6989242E-03   4.3326022E-05   8.8808855E+01   5.6433980E+04   5.6675805E+04   0.0000000E+00   0.0000000E+00   0.0000000E+00   0.0000000E+00   0.0000000E+00
   1.3527927E+00   5.0336680E+04   5.0336680E+04   1.3070289E-03   3.3339256E-05   7.8317924E+01   5.0121899E+04   5.0336680E+04   0.0000000E+00   0.0000000E+00   0.0000000E+00   0.0000000E+00   0.0000000E+00
   1.4536112E+00   4.4673304E+04   4.4673304E+04   1.0047855E-03   2.5627777E-05   6.9079359E+01   4.4482685E+04   4.4673304E+04   0.0000000E+00   0.0000000E+00   0.0000000E+00   0.0000000E+00   0.0000000E+00
   1.5620264E+00   3.9624421E+04   3.9624421E+04   7.7169735E-04   1.9686667E-05   6.0941307E+01   3.9455344E+04   3.9624421E+04   0.0000000E+00   0.0000000E+00   0.0000000E+00   0.0000000E+00   0.0000000E+00
   1.6785558E+00   3.5128417E+04   3.5128417E+04   5.9223813E-04   1.5114702E-05   5.3771432E+01   3.4978523E+04   3.5128417E+04   0.0000000E+00   0.0000000E+00   0.0000000E+00   0.0000000E+00   0.0000000E+00
   1.8037868E+00   3.1128215E+04   3.1128215E+04   4.5461860E-04   1.1599186E-05   4.7451386E+01   3.0995388E+04   3.1128215E+04   0.0000000E+00   0.0000000E+00   0.0000000E+00   0.0000000E+00   0.0000000E+00
   1.9383629E+00   2.7571208E+04   2.7571208E+04   3.4862714E-04   8.8973650E-06   4.1878027E+01   2.7453558E+04   2.7571208E+04   0.0000000E+00   0.0000000E+00   0.0000000E+00   0.0000000E+00   0.0000000E+00
   2.0829799E+00   2.4410211E+04   2.4410211E+04   2.6726380E-04   6.8220407E-06   3.6959953E+01   2.4306049E+04   2.4410211E+04   0.0000000E+00   0.0000000E+00   0.0000000E+00   0.0000000E+00   0.0000000E+00
   2.2383865E+00   2.1602668E+04   2.1602668E+04   2.0481109E-04   5.2286201E-06   3.2620645E+01   2.1510486E+04   2.1602668E+04   0.0000000E+00   0.0000000E+00   0.0000000E+00   0.0000000E+00   0.0000000E+00
   2.4053877E+00   1.9110327E+04   1.9110327E+04   1.5688498E-04   4.0058031E-06   2.8788687E+01   1.9028780E+04   1.9110327E+04   0.0000000E+00   0.0000000E+00   0.0000000E+00   0.0000000E+00   0.0000000E+00
   2.5848484E+00   1.6898957E+04   1.6898957E+04   1.2009169E-04   3.0678345E-06   2.5404597E+01   1.6826846E+04   1.6898957E+04   0.0000000E+00   0.0000000E+00   0.0000000E+00   0.0000000E+00   0.0000000E+00
   2.7776983E+00   1.4937840E+04   1.4937840E+04   9.1986689E-05   2.3486351E-06   2.2415857E+01   1.4874097E+04   1.4937840E+04   0.0000000E+00   0.0000000E+00   0.0000000E+00   0.0000000E+00   0.0000000E+00
   2.9849364E+00   1.3199474E+04   1.3199474E+04   7.0372569E-05   1.7974031E-06   1.9776525E+01   1.3143149E+04   1.3199474E+04   0.0000000E+00   0.0000000E+00   0.0000000E+00   0.0000000E+00   0.0000000E+00
   3.2076360E+00   1.1659266E+04   1.1659266E+04   5.3825571E-05   1.3750926E-06   1.7445226E+01   1.1609513E+04   1.1659266E+04   0.0000000E+00   0.0000000E+00   0.0000000E+00   0.0000000E+00   0.0000000E+00
   3.4469507E+00   1.0295232E+04   1.0295232E+04   4.1168501E-05   1.0516670E-06   1.5385953E+01   1.0251300E+04   1.0295232E+04   0.0000000E+00   0.0000000E+00   0.0000000E+00   0.0000000E+00   0.0000000E+00
   3.7041203E+00   9.0877392E+03   9.0877392E+03   3.1462411E-05   8.0406214E-07   1.3567709E+01   9.0489593E+03   9.0877392E+03   0.0000000E+00   0.0000000E+00   0.0000000E+00   0.0000000E+00   0.0000000E+00
   3.9804766E+00   8.0192655E+03   8.0192655E+03   2.4025151E-05   6.1457768E-07   1.1961766E+01   7.9850451E+03   8.0192655E+03   0.0000000E+00   0.0000000E+00   0.0000000E+00   0.0000000E+00   0.0000000E+00
   4.2774513E+00   7.0741854E+03   7.0741854E+03   1.8367907E-05   4.6961492E-07   1.0543845E+01   7.0439978E+03   7.0741854E+03   0.0000000E+00   0.0000000E+00   0.0000000E+00   0.0000000E+00   0.0000000E+00
   4.5965827E+00   6.2385737E+03   6.2385737E+03   1.4025142E-05   3.5874971E-07   9.2923037E+00   6.2119519E+03   6.2385737E+03   0.0000000E+00   0.0000000E+00   0.0000000E+00   0.0000000E+00   0.0000000E+00
   4.9395237E+00   5.5000289E+03   5.5000289E+03   1.0707484E-05   2.7398929E-07   8.1874620E+00   5.4765587E+03   5.5000289E+03   0.0000000E+00   0.0000000E+00   0.0000000E+00   0.0000000E+00   0.0000000E+00
   5.3080509E+00   4.8475138E+03   4.8475138E+03   8.1694574E-06   2.0920700E-07   7.2124459E+00   4.8268280E+03   4.8475138E+03   0.0000000E+00   0.0000000E+00   0.0000000E+00   0.0000000E+00   0.0000000E+00
   5.7040730E+00   4.2712110E+03   4.2712110E+03   6.2352016E-06   1.5970773E-07   6.3520978E+00   4.2529845E+03   4.2712110E+03   0.0000000E+00   0.0000000E+00   0.0000000E+00   0.0000000E+00   0.0000000E+00
   6.1296415E+00   3.7623937E+03   3.7623937E+03   4.7597986E-06   1.2189588E-07   5.5932758E+00   3.7463384E+03   3.7623937E+03   0.0000000E+00   0.0000000E+00   0.0000000E+00   0.0000000E+00   0.0000000E+00
   6.5869608E+00   3.3133088E+03   3.3133088E+03   3.6262642E-06   9.3019548E-08   4.9240356E+00   3.2991699E+03   3.3133088E+03   0.0000000E+00   0.0000000E+00   0.0000000E+00   0.0000000E+00   0.0000000E+00
   7.0783996E+00   2.9170719E+03   2.9170719E+03   2.7657523E-06   7.0972783E-08   4.3338949E+00   2.9046238E+03   2.9170719E+03   0.0000000E+00   0.0000000E+00   0.0000000E+00   0.0000000E+00   0.0000000E+00
   7.6065036E+00   2.5675734E+03   2.5675734E+03   2.1076112E-06   5.4144146E-08   3.8136747E+00   2.5566167E+03   2.5675734E+03   0.0000000E+00   0.0000000E+00   0.0000000E+00   0.0000000E+00   0.0000000E+00
   8.1740084E+00   2.2593939E+03   2.2593939E+03   1.6063354E-06   4.1301186E-08   3.3551446E+00   2.2497523E+03   2.2593939E+03   0.0000000E+00   0.0000000E+00   0.0000000E+00   0.0000000E+00   0.0000000E+00
