#           k/h    CDM            baryon         photon         nu             mass_nu        total          no_nu          total_de       Weyl           v_CDM          v_b            v_b-v_c     
   1.1225319E-05   1.6665683E+07   1.6665683E+07   2.2211799E+07   1.1186966E+04   1.4078372E+07   1.6665705E+07   1.6665683E+07   0.0000000E+00   0.0000000E+00   0.0000000E+00   0.0000000E+00   0.0000000E+00
   1.2062815E-05   1.6665679E+07   1.6665679E+07   2.2210385E+07   1.1186507E+04   1.4078163E+07   1.6665702E+07   1.6665679E+07   0.0000000E+00   0.0000000E+00   0.0000000E+00   0.0000000E+00   0.0000000E+00
   1.2962796E-05   1.6665676E+07   1.6665676E+07   2.2208752E+07   1.1185976E+04   1.4077922E+07   1.6665698E+07   1.6665676E+07   0.0000000E+00   0.0000000E+00   0.0000000E+00   0.0000000E+00   0.0000000E+00
   1.3929922E-05   1.6665671E+07   1.6665671E+07   2.2206866E+07   1.1185362E+04   1.4077644E+07   1.6665693E+07   1.6665671E+07   0.0000000E+00   0.0000000E+00   0.0000000E+00   0.0000000E+00   0.0000000E+00
   1.4969203E-05   1.6665666E+07   1.6665666E+07   2.2204689E+07   1.1184654E+04   1.4077322E+07   1.6665688E+07   1.6665666E+07   0.0000000E+00   0.0000000E+00   0.0000000E+00   0.0000000E+00   0.0000000E+00
   1.6086023E-05   1.6665660E+07   1.6665660E+07   2.2202175E+07   1.1183837E+04   1.4076951E+07   1.6665682E+07   1.6665660E+07   0.0000000E+00   0.0000000E+00   0.0000000E+00   0.0000000E+00   0.0000000E+00
   1.7286166E-05   1.6665654E+07   1.6665654E+07   2.2199272E+07   1.1182893E+04   1.4076522E+07   1.6665675E+07   1.6665654E+07   0.0000000E+00   0.0000000E+00   0.0000000E+00   0.0000000E+00   0.0000000E+00
   1.8575849E-05   1.6665646E+07   1.6665646E+07   2.2195920E+07   1.1181803E+04   1.4076027E+07   1.6665667E+07   1.6665646E+07   0.0000000E+00   0.0000000E+00   0.0000000E+00   0.0000000E+00   0.0000000E+00
   1.9961753E-05   1.6665637E+07   1.6665637E+07   2.2192050E+07   1.1180544E+04   1.4075455E+07   1.6665657E+07   1.6665637E+07   0.0000000E+00   0.0000000E+00   0.0000000E+00   0.0000000E+00   0.0000000E+00
   2.1451056E-05   1.6665627E+07   1.6665627E+07   2.2187581E+07   1.1179091E+04   1.4074795E+07   1.6665646E+07   1.6665627E+07   0.0000000E+00   0.0000000E+00   0.0000000E+00   0.0000000E+00   0.0000000E+00
   2.3051473E-05   1.6665615E+07   1.6665615E+07   2.2182423E+07   1.1177413E+04   1.4074034E+07   1.6665634E+07   1.6665615E+07   0.0000000E+00   0.0000000E+00   0.0000000E+00   0.0000000E+00   0.0000000E+00
   2.4771293E-05   1.6665601E+07   1.6665601E+07   2.2176467E+07   1.1175476E+04   1.4073154E+07   1.6665620E+07   1.6665601E+07   0.0000000E+00   0.0000000E+00   0.0000000E+00   0.0000000E+00   0.0000000E+00
   2.6619425E-05   1.6665585E+07   1.6665585E+07   2.2169591E+07   1.1173240E+04   1.4072139E+07   1.6665603E+07   1.6665585E+07   0.0000000E+00   0.0000000E+00   0.0000000E+00   0.0000000E+00   0.0000000E+00
   2.8605443E-05   1.6665567E+07   1.6665567E+07   2.2161653E+07   1.1170658E+04   1.4070968E+07   1.6665584E+07   1.6665567E+07   0.0000000E+00   0.0000000E+00   0.0000000E+00   0.0000000E+00   0.0000000E+00
   3.0739633E-05   1.6665545E+07   1.6665545E+07   2.2152490E+07   1.1167677E+04   1.4069616E+07   1.6665562E+07   1.6665545E+07   0.0000000E+00   0.0000000E+00   0.0000000E+00   0.0000000E+00   0.0000000E+00
   3.3033050E-05   1.6665521E+07   1.6665521E+07   2.2141913E+07   1.1164235E+04   1.4068056E+07   1.6665536E+07   1.6665521E+07   0.0000000E+00   0.0000000E+00   0.0000000E+00   0.0000000E+00   0.0000000E+00
   3.5497574E-05   1.6665493E+07   1.6665493E+07   2.2129705E+07   1.1160263E+04   1.4066255E+07   1.6665507E+07   1.6665493E+07   0.0000000E+00   0.0000000E+00   0.0000000E+00   0.0000000E+00   0.0000000E+00
   3.8145971E-05   1.6665460E+07   1.6665460E+07   2.2115615E+07   1.1155678E+04   1.4064178E+07   1.6665472E+07   1.6665460E+07   0.0000000E+00   0.0000000E+00   0.0000000E+00   0.0000000E+00   0.0000000E+00
   4.0991959E-05   1.6665422E+07   1.6665422E+07   2.2099355E+07   1.1150385E+04   1.4061781E+07   1.6665433E+07   1.6665422E+07   0.0000000E+00   0.0000000E+00   0.0000000E+00   0.0000000E+00   0.0000000E+00
   4.4050280E-05   1.6665379E+07   1.6665379E+07   2.2080592E+07   1.1144277E+04   1.4059017E+07   1.6665388E+07   1.6665379E+07   0.0000000E+00   0.0000000E+00   0.0000000E+00   0.0000000E+00   0.0000000E+00
   4.7336776E-05   1.6665328E+07   1.6665328E+07   2.2058943E+07   1.1137229E+04   1.4055829E+07   1.6665335E+07   1.6665328E+07   0.0000000E+00   0.0000000E+00   0.0000000E+00   0.0000000E+00   0.0000000E+00
   5.0868470E-05   1.6665270E+07   1.6665270E+07   2.2033968E+07   1.1129095E+04   1.4052153E+07   1.6665274E+07   1.6665270E+07   0.0000000E+00   0.0000000E+00   0.0000000E+00   0.0000000E+00   0.0000000E+00
   5.4663656E-05   1.6665203E+07   1.6665203E+07   2.2005161E+07   1.1119711E+04   1.4047916E+07   1.6665205E+07   1.6665203E+07   0.0000000E+00   0.0000000E+00   0.0000000E+00   0.0000000E+00   0.0000000E+00
   5.8741993E-05   1.6665126E+07   1.6665126E+07   2.1971939E+07   1.1108885E+04   1.4043033E+07   1.6665124E+07   1.6665126E+07   0.0000000E+00   0.0000000E+00   0.0000000E+00   0.0000000E+00   0.0000000E+00
   6.3124605E-05   1.6665037E+07   1.6665037E+07   2.1933633E+07   1.1096399E+04   1.4037408E+07   1.6665030E+07   1.6665037E+07   0.0000000E+00   0.0000000E+00   0.0000000E+00   0.0000000E+00   0.0000000E+00
   6.7834195E-05   1.6664933E+07   1.6664933E+07   2.1889476E+07   1.1081999E+04   1.4030929E+07   1.6664923E+07   1.6664933E+07   0.0000000E+00   0.0000000E+00   0.0000000E+00   0.0000000E+00   0.0000000E+00
   7.2895157E-05   1.6664814E+07   1.6664814E+07   2.1838589E+07   1.1065397E+04   1.4023471E+07   1.6664798E+07   1.6664814E+07   0.0000000E+00   0.0000000E+00   0.0000000E+00   0.0000000E+00   0.0000000E+00
   7.8333706E-05   1.6664677E+07   1.6664677E+07   2.1779963E+07   1.1046260E+04   1.4014891E+07   1.6664655E+07   1.6664677E+07   0.0000000E+00   0.0000000E+00   0.0000000E+00   0.0000000E+00   0.0000000E+00
   8.4178014E-05   1.6664518E+07   1.6664518E+07   2.1712447E+07   1.1024206E+04   1.4005024E+07   1.6664489E+07   1.6664518E+07   0.0000000E+00   0.0000000E+00   0.0000000E+00   0.0000000E+00   0.0000000E+00
   9.0458353E-05   1.6664335E+07   1.6664335E+07   2.1634726E+07   1.0998801E+04   1.3993685E+07   1.6664298E+07   1.6664335E+07   0.0000000E+00   0.0000000E+00   0.0000000E+00   0.0000000E+00   0.0000000E+00
   9.7207254E-05   1.6664124E+07   1.6664124E+07   2.1545300E+07   1.0969546E+04   1.3980664E+07   1.6664078E+07   1.6664124E+07   0.0000000E+00   0.0000000E+00   0.0000000E+00   0.0000000E+00   0.0000000E+00
   1.0445968E-04   1.6663880E+07   1.6663880E+07   2.1442465E+07   1.0935871E+04   1.3965725E+07   1.6663823E+07   1.6663880E+07   0.0000000E+00   0.0000000E+00   0.0000000E+00   0.0000000E+00   0.0000000E+00
   1.1225319E-04   1.6663598E+07   1.6663598E+07   2.1324287E+07   1.0897128E+04   1.3948604E+07   1.6663529E+07   1.6663598E+07   0.0000000E+00   0.0000000E+00   0.0000000E+00   0.0000000E+00   0.0000000E+00
   1.2062815E-04   1.6663274E+07   1.6663274E+07   2.1188580E+07   1.0852581E+04   1.3929003E+07   1.6663191E+07   1.6663274E+07   0.0000000E+00   0.0000000E+00   0.0000000E+00   0.0000000E+00   0.0000000E+00
   1.2962796E-04   1.6662899E+07   1.6662899E+07   2.1032878E+07   1.0801394E+04   1.3906596E+07   1.6662800E+07   1.6662899E+07   0.0000000E+00   0.0000000E+00   0.0000000E+00   0.0000000E+00   0.0000000E+00
   1.3929922E-04   1.6662468E+07   1.6662468E+07   2.0854418E+07   1.0742623E+04   1.3881019E+07   1.6662349E+07   1.6662468E+07   0.0000000E+00   0.0000000E+00   0.0000000E+00   0.0000000E+00   0.0000000E+00
   1.4969203E-04   1.6661970E+07   1.6661970E+07   2.0650110E+07   1.0675204E+04   1.3851879E+07   1.6661829E+07   1.6661970E+07   0.0000000E+00   0.0000000E+00   0.0000000E+00   0.0000000E+00   0.0000000E+00
   1.6086023E-04   1.6661396E+07   1.6661396E+07   2.0416526E+07   1.0597945E+04   1.3818750E+07   1.6661230E+07   1.6661396E+07   0.0000000E+00   0.0000000E+00   0.0000000E+00   0.0000000E+00   0.0000000E+00
   1.7286166E-04   1.6660734E+07   1.6660734E+07   2.0149888E+07   1.0509514E+04   1.3781178E+07   1.6660539E+07   1.6660734E+07   0.0000000E+00   0.0000000E+00   0.0000000E+00   0.0000000E+00   0.0000000E+00
   1.8575849E-04   1.6659972E+07   1.6659972E+07   1.9846070E+07   1.0408436E+04   1.3738689E+07   1.6659744E+07   1.6659972E+07   0.0000000E+00   0.0000000E+00   0.0000000E+00   0.0000000E+00   0.0000000E+00
   1.9961753E-04   1.6659094E+07   1.6659094E+07   1.9500612E+07   1.0293086E+04   1.3690800E+07   1.6658827E+07   1.6659094E+07   0.0000000E+00   0.0000000E+00   0.0000000E+00   0.0000000E+00   0.0000000E+00
   2.1451056E-04   1.6658084E+07   1.6658084E+07   1.9108762E+07   1.0161691E+04   1.3637035E+07   1.6657772E+07   1.6658084E+07   0.0000000E+00   0.0000000E+00   0.0000000E+00   0.0000000E+00   0.0000000E+00
   2.3051473E-04   1.6656921E+07   1.6656921E+07   1.8665542E+07   1.0012338E+04   1.3576946E+07   1.6656558E+07   1.6656921E+07   0.0000000E+00   0.0000000E+00   0.0000000E+00   0.0000000E+00   0.0000000E+00
   2.4771293E-04   1.6655583E+07   1.6655583E+07   1.8165855E+07   9.8429908E+03   1.3510144E+07   1.6655161E+07   1.6655583E+07   0.0000000E+00   0.0000000E+00   0.0000000E+00   0.0000000E+00   0.0000000E+00
   2.6619425E-04   1.6654045E+07   1.6654045E+07   1.7604648E+07   9.6515218E+03   1.3436339E+07   1.6653556E+07   1.6654045E+07   0.0000000E+00   0.0000000E+00   0.0000000E+00   0.0000000E+00   0.0000000E+00
   2.8605443E-04   1.6652278E+07   1.6652278E+07   1.6977129E+07   9.4357556E+03   1.3355390E+07   1.6651711E+07   1.6652278E+07   0.0000000E+00   0.0000000E+00   0.0000000E+00   0.0000000E+00   0.0000000E+00
   3.0739633E-04   1.6650250E+07   1.6650250E+07   1.6279068E+07   9.1935391E+03   1.3267363E+07   1.6649593E+07   1.6650250E+07   0.0000000E+00   0.0000000E+00   0.0000000E+00   0.0000000E+00   0.0000000E+00
   3.3033050E-04   1.6647924E+07   1.6647924E+07   1.5507186E+07   8.9228354E+03   1.3172603E+07   1.6647164E+07   1.6647924E+07   0.0000000E+00   0.0000000E+00   0.0000000E+00   0.0000000E+00   0.0000000E+00
   3.5497574E-04   1.6645258E+07   1.6645258E+07   1.4659642E+07   8.6218486E+03   1.3071813E+07   1.6644380E+07   1.6645258E+07   0.0000000E+00   0.0000000E+00   0.0000000E+00   0.0000000E+00   0.0000000E+00
   3.8145971E-04   1.6642207E+07   1.6642207E+07   1.3736625E+07   8.2891856E+03   1.2966128E+07   1.6641194E+07   1.6642207E+07   0.0000000E+00   0.0000000E+00   0.0000000E+00   0.0000000E+00   0.0000000E+00
   4.0991959E-04   1.6638718E+07   1.6638718E+07   1.2741041E+07   7.9240554E+03   1.2857186E+07   1.6637549E+07   1.6638718E+07   0.0000000E+00   0.0000000E+00   0.0000000E+00   0.0000000E+00   0.0000000E+00
   4.4050280E-04   1.6634733E+07   1.6634733E+07   1.1679265E+07   7.5265074E+03   1.2747168E+07   1.6633388E+07   1.6634733E+07   0.0000000E+00   0.0000000E+00   0.0000000E+00   0.0000000E+00   0.0000000E+00
   4.7336776E-04   1.6630189E+07   1.6630189E+07   1.0561906E+07   7.0977009E+03   1.2638787E+07   1.6628642E+07   1.6630189E+07   0.0000000E+00   0.0000000E+00   0.0000000E+00   0.0000000E+00   0.0000000E+00
   5.0868470E-04   1.6625016E+07   1.6625016E+07   9.4044772E+06   6.6401924E+03   1.2535193E+07   1.6623238E+07   1.6625016E+07   0.0000000E+00   0.0000000E+00   0.0000000E+00   0.0000000E+00   0.0000000E+00
   5.4663656E-04   1.6619134E+07   1.6619134E+07   8.2278475E+06   6.1582132E+03   1.2439757E+07   1.6617094E+07   1.6619134E+07   0.0000000E+00   0.0000000E+00   0.0000000E+00   0.0000000E+00   0.0000000E+00
   5.8741993E-04   1.6612460E+07   1.6612460E+07   7.0582473E+06   5.6578956E+03   1.2355686E+07   1.6610122E+07   1.6612460E+07   0.0000000E+00   0.0000000E+00   0.0000000E+00   0.0000000E+00   0.0000000E+00
   6.3124605E-04   1.6604899E+07   1.6604899E+07   5.9266021E+06   5.1473861E+03   1.2285454E+07   1.6602225E+07   1.6604899E+07   0.0000000E+00   0.0000000E+00   0.0000000E+00   0.0000000E+00   0.0000000E+00
   6.7834195E-04   1.6596350E+07   1.6596350E+07   4.8669152E+06   4.6367695E+03   1.2230049E+07   1.6593296E+07   1.6596350E+07   0.0000000E+00   0.0000000E+00   0.0000000E+00   0.0000000E+00   0.0000000E+00
   7.2895157E-04   1.6586701E+07   1.6586701E+07   3.9134802E+06   4.1377145E+03   1.2188088E+07   1.6583219E+07   1.6586701E+07   0.0000000E+00   0.0000000E+00   0.0000000E+00   0.0000000E+00   0.0000000E+00
   7.8333706E-04   1.6575829E+07   1.6575829E+07   3.0968522E+06   3.6627581E+03   1.2154988E+07   1.6571870E+07   1.6575829E+07   0.0000000E+00   0.0000000E+00   0.0000000E+00   0.0000000E+00   0.0000000E+00
   8.4178014E-04   1.6563602E+07   1.6563602E+07   2.4388134E+06   3.2241833E+03   1.2122465E+07   1.6559109E+07   1.6563602E+07   0.0000000E+00   0.0000000E+00   0.0000000E+00   0.0000000E+00   0.0000000E+00
   9.0458353E-04   1.6549872E+07   1.6549872E+07   1.9470607E+06   2.8325219E+03   1.2078781E+07   1.6544787E+07   1.6549872E+07   0.0000000E+00   0.0000000E+00   0.0000000E+00   0.0000000E+00   0.0000000E+00
   9.7207254E-04   1.6534476E+07   1.6534476E+07   1.6109519E+06   2.4948480E+03   1.2010199E+07   1.6528737E+07   1.6534476E+07   0.0000000E+00   0.0000000E+00   0.0000000E+00   0.0000000E+00   0.0000000E+00
   1.0445968E-03   1.6517234E+07   1.6517234E+07   1.4002168E+06   2.2132040E+03   1.1903921E+07   1.6510779E+07   1.6517234E+07   0.0000000E+00   0.0000000E+00   0.0000000E+00   0.0000000E+00   0.0000000E+00
   1.1225319E-03   1.6497947E+07   1.6497947E+07   1.2686634E+06   1.9836736E+03   1.1752307E+07   1.6490714E+07   1.6497947E+07   0.0000000E+00   0.0000000E+00   0.0000000E+00   0.0000000E+00   0.0000000E+00
   1.2062815E-03   1.6476398E+07   1.6476398E+07   1.1640839E+06   1.7966924E+03   1.1557215E+07   1.6468323E+07   1.6476398E+07   0.0000000E+00   0.0000000E+00   0.0000000E+00   0.0000000E+00   0.0000000E+00
   1.2962796E-03   1.6452352E+07   1.6452352E+07   1.0432823E+06   1.6390262E+03   1.1332210E+07   1.6443376E+07   1.6452352E+07   0.0000000E+00   0.0000000E+00   0.0000000E+00   0.0000000E+00   0.0000000E+00
   1.3929922E-03   1.6425557E+07   1.6425557E+07   8.8756066E+05   1.4973210E+03   1.1099818E+07   1.6415626E+07   1.6425557E+07   0.0000000E+00   0.0000000E+00   0.0000000E+00   0.0000000E+00   0.0000000E+00
   1.4969203E-03   1.6395751E+07   1.6395751E+07   7.1054714E+05   1.3622524E+03   1.0882216E+07   1.6384816E+07   1.6395751E+07   0.0000000E+00   0.0000000E+00   0.0000000E+00   0.0000000E+00   0.0000000E+00
   1.6086023E-03   1.6362662E+07   1.6362662E+07   5.5013901E+05   1.2314160E+03   1.0687836E+07   1.6350683E+07   1.6362662E+07   0.0000000E+00   0.0000000E+00   0.0000000E+00   0.0000000E+00   0.0000000E+00
   1.7286166E-03   1.6326012E+07   1.6326012E+07   4.4322475E+05   1.1089298E+03   1.0502317E+07   1.6312957E+07   1.6326012E+07   0.0000000E+00   0.0000000E+00   0.0000000E+00   0.0000000E+00   0.0000000E+00
   1.8575849E-03   1.6285512E+07   1.6285512E+07   3.9585094E+05   1.0010981E+03   1.0295158E+07   1.6271359E+07   1.6285512E+07   0.0000000E+00   0.0000000E+00   0.0000000E+00   0.0000000E+00   0.0000000E+00
   1.9961753E-03   1.6240861E+07   1.6240861E+07   3.7369553E+05   9.1039652E+02   1.0045205E+07   1.6225596E+07   1.6240861E+07   0.0000000E+00   0.0000000E+00   0.0000000E+00   0.0000000E+00   0.0000000E+00
   2.1451056E-03   1.6191743E+07   1.6191743E+07   3.3052936E+05   8.3257544E+02   9.7668848E+06   1.6175356E+07   1.6191743E+07   0.0000000E+00   0.0000000E+00   0.0000000E+00   0.0000000E+00   0.0000000E+00
   2.3051473E-03   1.6137826E+07   1.6137826E+07   2.5639370E+05   7.6037591E+02   9.5029741E+06   1.6120312E+07   1.6137826E+07   0.0000000E+00   0.0000000E+00   0.0000000E+00   0.0000000E+00   0.0000000E+00
   2.4771293E-03   1.6078773E+07   1.6078773E+07   1.9030362E+05   6.9087770E+02   9.2743725E+06   1.6060124E+07   1.6078773E+07   0.0000000E+00   0.0000000E+00   0.0000000E+00   0.0000000E+00   0.0000000E+00
   2.6619425E-03   1.6014235E+07   1.6014235E+07   1.6686483E+05   6.2763305E+02   9.0438807E+06   1.5994443E+07   1.6014235E+07   0.0000000E+00   0.0000000E+00   0.0000000E+00   0.0000000E+00   0.0000000E+00
   2.8605443E-03   1.5943854E+07   1.5943854E+07   1.6200925E+05   5.7369115E+02   8.7663220E+06   1.5922904E+07   1.5943854E+07   0.0000000E+00   0.0000000E+00   0.0000000E+00   0.0000000E+00   0.0000000E+00
   3.0739633E-03   1.5867252E+07   1.5867252E+07   1.3405758E+05   5.2565414E+02   8.4678974E+06   1.5845127E+07   1.5867252E+07   0.0000000E+00   0.0000000E+00   0.0000000E+00   0.0000000E+00   0.0000000E+00
   3.3033050E-03   1.5784035E+07   1.5784035E+07   1.0069414E+05   4.7945737E+02   8.1965517E+06   1.5760717E+07   1.5784035E+07   0.0000000E+00   0.0000000E+00   0.0000000E+00   0.0000000E+00   0.0000000E+00
   3.5497574E-03   1.5693803E+07   1.5693803E+07   9.2604693E+04   4.3692015E+02   7.9158491E+06   1.5669278E+07   1.5693803E+07   0.0000000E+00   0.0000000E+00   0.0000000E+00   0.0000000E+00   0.0000000E+00
   3.8145971E-03   1.5596147E+07   1.5596147E+07   8.0312821E+04   3.9908505E+02   7.5988117E+06   1.5570402E+07   1.5596147E+07   0.0000000E+00   0.0000000E+00   0.0000000E+00   0.0000000E+00   0.0000000E+00
   4.0991959E-03   1.5490640E+07   1.5490640E+07   6.0171620E+04   3.6315041E+02   7.3016549E+06   1.5463670E+07   1.5490640E+07   0.0000000E+00   0.0000000E+00   0.0000000E+00   0.0000000E+00   0.0000000E+00
   4.4050280E-03   1.5376854E+07   1.5376854E+07   5.8918515E+04   3.3019120E+02   6.9908876E+06   1.5348661E+07   1.5376854E+07   0.0000000E+00   0.0000000E+00   0.0000000E+00   0.0000000E+00   0.0000000E+00
   4.7336776E-03   1.5254354E+07   1.5254354E+07   4.5742789E+04   3.0025042E+02   6.6587188E+06   1.5224951E+07   1.5254354E+07   0.0000000E+00   0.0000000E+00   0.0000000E+00   0.0000000E+00   0.0000000E+00
   5.0868470E-03   1.5122703E+07   1.5122703E+07   3.8697085E+04   2.7165358E+02   6.3552291E+06   1.5092122E+07   1.5122703E+07   0.0000000E+00   0.0000000E+00   0.0000000E+00   0.0000000E+00   0.0000000E+00
   5.4663656E-03   1.4981472E+07   1.4981472E+07   3.4320132E+04   2.4586479E+02   6.0232994E+06   1.4949762E+07   1.4981472E+07   0.0000000E+00   0.0000000E+00   0.0000000E+00   0.0000000E+00   0.0000000E+00
   5.8741993E-03   1.4830238E+07   1.4830238E+07   2.7905241E+04   2.2173785E+02   5.7171168E+06   1.4797454E+07   1.4830238E+07   0.0000000E+00   0.0000000E+00   0.0000000E+00   0.0000000E+00   0.0000000E+00
   6.3124605E-03   1.4668578E+07   1.4668578E+07   2.3397945E+04   2.0001523E+02   5.3912358E+06   1.4634764E+07   1.4668578E+07   0.0000000E+00   0.0000000E+00   0.0000000E+00   0.0000000E+00   0.0000000E+00
   6.7834195E-03   1.4496063E+07   1.4496063E+07   2.1359677E+04   1.7976369E+02   5.0810519E+06   1.4461263E+07   1.4496063E+07   0.0000000E+00   0.0000000E+00   0.0000000E+00   0.0000000E+00   0.0000000E+00
   7.2895157E-03   1.4312261E+07   1.4312261E+07   1.5702657E+04   1.6115184E+02   4.7646271E+06   1.4276544E+07   1.4312261E+07   0.0000000E+00   0.0000000E+00   0.0000000E+00   0.0000000E+00   0.0000000E+00
   7.8333706E-03   1.4116746E+07   1.4116746E+07   1.4878392E+04   1.4408656E+02   4.4550544E+06   1.4080205E+07   1.4116746E+07   0.0000000E+00   0.0000000E+00   0.0000000E+00   0.0000000E+00   0.0000000E+00
   8.4178014E-03   1.3909109E+07   1.3909109E+07   1.2832660E+04   1.2850448E+02   4.1601980E+06   1.3871834E+07   1.3909109E+07   0.0000000E+00   0.0000000E+00   0.0000000E+00   0.0000000E+00   0.0000000E+00
   9.0458353E-03   1.3688953E+07   1.3688953E+07   1.0167044E+04   1.1429516E+02   3.8688562E+06   1.3651030E+07   1.3688953E+07   0.0000000E+00   0.0000000E+00   0.0000000E+00   0.0000000E+00   0.0000000E+00
   9.7207254E-03   1.3455878E+07   1.3455878E+07   8.0578921E+03   1.0136019E+02   3.5821008E+06   1.3417409E+07   1.3455878E+07   0.0000000E+00   0.0000000E+00   0.0000000E+00   0.0000000E+00   0.0000000E+00
   1.0445968E-02   1.3209491E+07   1.3209491E+07   6.8594721E+03   8.9623493E+01   3.3056624E+06   1.3170588E+07   1.3209491E+07   0.0000000E+00   0.0000000E+00   0.0000000E+00   0.0000000E+00   0.0000000E+00
   1.1225319E-02   1.2949418E+07   1.2949418E+07   5.7730332E+03   7.8999581E+01   3.0409503E+06   1.2910196E+07   1.2949418E+07   0.0000000E+00   0.0000000E+00   0.0000000E+00   0.0000000E+00   0.0000000E+00
   1.2062815E-02   1.2675308E+07   1.2675308E+07   4.8226666E+03   6.9408306E+01   2.7868691E+06   1.2635882E+07   1.2675308E+07   0.0000000E+00   0.0000000E+00   0.0000000E+00   0.0000000E+00   0.0000000E+00
   1.2962796E-02   1.2386832E+07   1.2386832E+07   4.1661197E+03   6.0762501E+01   2.5458871E+06   1.2347333E+07   1.2386832E+07   0.0000000E+00   0.0000000E+00   0.0000000E+00   0.0000000E+00   0.0000000E+00
   1.3929922E-02   1.2083706E+07   1.2083706E+07   3.7605562E+03   5.3036152E+01   2.3151823E+06   1.2044258E+07   1.2083706E+07   0.0000000E+00   0.0000000E+00   0.0000000E+00   0.0000000E+00   0.0000000E+00
   1.4969203E-02   1.1765702E+07   1.1765702E+07   3.1423351E+03   4.6114086E+01   2.0952011E+06   1.1726439E+07   1.1765702E+07   0.0000000E+00   0.0000000E+00   0.0000000E+00   0.0000000E+00   0.0000000E+00
   1.6086023E-02   1.1432675E+07   1.1432675E+07   2.4652389E+03   3.9952486E+01   1.8911773E+06   1.1393730E+07   1.1432675E+07   0.0000000E+00   0.0000000E+00   0.0000000E+00   0.0000000E+00   0.0000000E+00
   1.7286166E-02   1.1084599E+07   1.1084599E+07   2.1808616E+03   3.4480728E+01   1.6977775E+06   1.1046106E+07   1.1084599E+07   0.0000000E+00   0.0000000E+00   0.0000000E+00   0.0000000E+00   0.0000000E+00
   1.8575849E-02   1.0721606E+07   1.0721606E+07   1.7809178E+03   2.9643118E+01   1.5187355E+06   1.0683699E+07   1.0721606E+07   0.0000000E+00   0.0000000E+00   0.0000000E+00   0.0000000E+00   0.0000000E+00
   1.9961753E-02   1.0344044E+07   1.0344044E+07   1.4679412E+03   2.5377115E+01   1.3517863E+06   1.0306856E+07   1.0344044E+07   0.0000000E+00   0.0000000E+00   0.0000000E+00   0.0000000E+00   0.0000000E+00
   2.1451056E-02   9.9525414E+06   9.9525414E+06   1.2057074E+03   2.1637003E+01   1.1974639E+06   9.9162006E+06   9.9525414E+06   0.0000000E+00   0.0000000E+00   0.0000000E+00   0.0000000E+00   0.0000000E+00
   2.3051469E-02   9.5480911E+06   9.5480911E+06   9.9878137E+02   1.8367809E+01   1.0558022E+06   9.5127216E+06   9.5480911E+06   0.0000000E+00   0.0000000E+00   0.0000000E+00   0.0000000E+00   0.0000000E+00
   2.4771273E-02   9.1321353E+06   9.1321353E+06   8.5726660E+02   1.5522963E+01   9.2618638E+05   9.0978527E+06   9.1321353E+06   0.0000000E+00   0.0000000E+00   0.0000000E+00   0.0000000E+00   0.0000000E+00
   2.6619319E-02   8.7066680E+06   8.7066680E+06   6.9800013E+02   1.3060856E+01   8.0764014E+05   8.6735771E+06   8.7066680E+06   0.0000000E+00   0.0000000E+00   0.0000000E+00   0.0000000E+00   0.0000000E+00
   2.8604959E-02   8.2743432E+06   8.2743432E+06   5.5449893E+02   1.0939491E+01   7.0202931E+05   8.2425361E+06   8.2743432E+06   0.0000000E+00   0.0000000E+00   0.0000000E+00   0.0000000E+00   0.0000000E+00
   3.0737703E-02   7.8386038E+06   7.8386038E+06   4.4481675E+02   9.1237612E+00   6.0619928E+05   7.8081550E+06   7.8386038E+06   0.0000000E+00   0.0000000E+00   0.0000000E+00   0.0000000E+00   0.0000000E+00
   3.3026275E-02   7.4038429E+06   7.4038429E+06   3.7363905E+02   7.5790042E+00   5.2140276E+05   7.3748056E+06   7.4038429E+06   0.0000000E+00   0.0000000E+00   0.0000000E+00   0.0000000E+00   0.0000000E+00
   3.5476478E-02   6.9755916E+06   6.9755916E+06   2.9707590E+02   6.2752993E+00   4.4688717E+05   6.9479928E+06   6.9755916E+06   0.0000000E+00   0.0000000E+00   0.0000000E+00   0.0000000E+00   0.0000000E+00
   3.8087350E-02   6.5606348E+06   6.5606348E+06   2.4098375E+02   5.1863979E+00   3.8233516E+05   6.5344699E+06   6.5606348E+06   0.0000000E+00   0.0000000E+00   0.0000000E+00   0.0000000E+00   0.0000000E+00
   4.0846041E-02   6.1667819E+06   6.1667819E+06   2.1108680E+02   4.2881672E+00   3.2640216E+05   6.1420102E+06   6.1667819E+06   0.0000000E+00   0.0000000E+00   0.0000000E+00   0.0000000E+00   0.0000000E+00
   4.3724046E-02   5.8019018E+06   5.8019018E+06   1.6435995E+02   3.5573660E+00   2.7976670E+05   5.7784459E+06   5.8019018E+06   0.0000000E+00   0.0000000E+00   0.0000000E+00   0.0000000E+00   0.0000000E+00
   4.6679406E-02   5.4721568E+06   5.4721568E+06   1.3079474E+02   2.9707647E+00   2.4054692E+05   5.4499088E+06   5.4721568E+06   0.0000000E+00   0.0000000E+00   0.0000000E+00   0.0000000E+00   0.0000000E+00
   4.9666781E-02   5.1802251E+06   5.1802251E+06   1.1713345E+02   2.5037576E+00   2.0851272E+05   5.1590601E+06   5.1802251E+06   0.0000000E+00   0.0000000E+00   0.0000000E+00   0.0000000E+00   0.0000000E+00
   5.2649973E-02   4.9247474E+06   4.9247474E+06   1.0009837E+02   2.1325776E+00   1.8252624E+05   4.9045402E+06   4.9247474E+06   0.0000000E+00   0.0000000E+00   0.0000000E+00   0.0000000E+00   0.0000000E+00
   5.5608661E-02   4.7013093E+06   4.7013093E+06   8.1872540E+01   1.8357383E+00   1.6107623E+05   4.6819474E+06   4.7013093E+06   0.0000000E+00   0.0000000E+00   0.0000000E+00   0.0000000E+00   0.0000000E+00
   5.8537294E-02   4.5040626E+06   4.5040626E+06   7.0851956E+01   1.5952829E+00   1.4323392E+05   4.4854531E+06   4.5040626E+06   0.0000000E+00   0.0000000E+00   0.0000000E+00   0.0000000E+00   0.0000000E+00
   6.1440160E-02   4.3270336E+06   4.3270336E+06   6.0854635E+01   1.3974504E+00   1.2818519E+05   4.3091046E+06   4.3270336E+06   0.0000000E+00   0.0000000E+00   0.0000000E+00   0.0000000E+00   0.0000000E+00
   6.4326619E-02   4.1648356E+06   4.1648356E+06   5.6381073E+01   1.2320196E+00   1.1537845E+05   4.1475352E+06   4.1648356E+06   0.0000000E+00   0.0000000E+00   0.0000000E+00   0.0000000E+00   0.0000000E+00
   6.7207928E-02   4.0129432E+06   4.0129432E+06   4.7452494E+01   1.0914642E+00   1.0431973E+05   3.9962362E+06   4.0129432E+06   0.0000000E+00   0.0000000E+00   0.0000000E+00   0.0000000E+00   0.0000000E+00
   7.0095542E-02   3.8677432E+06   3.8677432E+06   4.1624936E+01   9.7036238E-01   9.4395713E+04   3.8516079E+06   3.8677432E+06   0.0000000E+00   0.0000000E+00   0.0000000E+00   0.0000000E+00   0.0000000E+00
   7.3000350E-02   3.7265014E+06   3.7265014E+06   3.9612067E+01   8.6470521E-01   8.5709314E+04   3.7109267E+06   3.7265014E+06   0.0000000E+00   0.0000000E+00   0.0000000E+00   0.0000000E+00   0.0000000E+00
   7.5932403E-02   3.5873080E+06   3.5873080E+06   3.2731583E+01   7.7162717E-01   7.7890083E+04   3.5722896E+06   3.5873080E+06   0.0000000E+00   0.0000000E+00   0.0000000E+00   0.0000000E+00   0.0000000E+00
   7.8900905E-02   3.4490195E+06   3.4490195E+06   2.8689777E+01   6.8904831E-01   7.0669384E+04   3.4345578E+06   3.4490195E+06   0.0000000E+00   0.0000000E+00   0.0000000E+00   0.0000000E+00   0.0000000E+00
   8.1914284E-02   3.3111998E+06   3.3111998E+06   2.7333106E+01   6.1539215E-01   6.4165014E+04   3.2972960E+06   3.3111998E+06   0.0000000E+00   0.0000000E+00   0.0000000E+00   0.0000000E+00   0.0000000E+00
   8.4980311E-02   3.1740495E+06   3.1740495E+06   2.4921836E+01   5.4950376E-01   5.8286468E+04   3.1607039E+06   3.1740495E+06   0.0000000E+00   0.0000000E+00   0.0000000E+00   0.0000000E+00   0.0000000E+00
   8.8106223E-02   3.0383176E+06   3.0383176E+06   2.1996781E+01   4.9054196E-01   5.2908201E+04   3.0255269E+06   3.0383176E+06   0.0000000E+00   0.0000000E+00   0.0000000E+00   0.0000000E+00   0.0000000E+00
   9.1298821E-02   2.9051861E+06   2.9051861E+06   1.9416310E+01   4.3783842E-01   4.7986291E+04   2.8929418E+06   2.9051861E+06   0.0000000E+00   0.0000000E+00   0.0000000E+00   0.0000000E+00   0.0000000E+00
   9.4564573E-02   2.7761257E+06   2.7761257E+06   1.6944582E+01   3.9084439E-01   4.3515511E+04   2.7644128E+06   2.7761257E+06   0.0000000E+00   0.0000000E+00   0.0000000E+00   0.0000000E+00   0.0000000E+00
   9.7909687E-02   2.6527214E+06   2.6527214E+06   1.4706863E+01   3.4910489E-01   3.9519003E+04   2.6415179E+06   2.6527214E+06   0.0000000E+00   0.0000000E+00   0.0000000E+00   0.0000000E+00   0.0000000E+00
   1.0134017E-01   2.5364772E+06   2.5364772E+06   1.3724344E+01   3.1217614E-01   3.5914245E+04   2.5257545E+06   2.5364772E+06   0.0000000E+00   0.0000000E+00   0.0000000E+00   0.0000000E+00   0.0000000E+00
   1.0486191E-01   2.4286124E+06   2.4286124E+06   1.1412701E+01   2.7963918E-01   3.2696748E+04   2.4183366E+06   2.4286124E+06   0.0000000E+00   0.0000000E+00   0.0000000E+00   0.0000000E+00   0.0000000E+00
   1.0848068E-01   2.3298689E+06   2.3298689E+06   1.1087397E+01   2.5104728E-01   2.9854597E+04   2.3200026E+06   2.3298689E+06   0.0000000E+00   0.0000000E+00   0.0000000E+00   0.0000000E+00   0.0000000E+00
   1.1220219E-01   2.2403565E+06   2.2403565E+06   9.3776590E+00   2.2595454E-01   2.7351140E+04   2.2308618E+06   2.2403565E+06   0.0000000E+00   0.0000000E+00   0.0000000E+00   0.0000000E+00   0.0000000E+00
   1.1603213E-01   2.1594629E+06   2.1594629E+06   8.2271147E+00   2.0389025E-01   2.5091494E+04   2.1503042E+06   2.1594629E+06   0.0000000E+00   0.0000000E+00   0.0000000E+00   0.0000000E+00   0.0000000E+00
   1.1997618E-01   2.0858545E+06   2.0858545E+06   7.4571712E+00   1.8439162E-01   2.3088409E+04   2.0770018E+06   2.0858545E+06   0.0000000E+00   0.0000000E+00   0.0000000E+00   0.0000000E+00   0.0000000E+00
   1.2404004E-01   2.0175875E+06   2.0175875E+06   6.7636094E+00   1.6701400E-01   2.1300976E+04   2.0090189E+06   2.0175875E+06   0.0000000E+00   0.0000000E+00   0.0000000E+00   0.0000000E+00   0.0000000E+00
   1.2822941E-01   1.9523335E+06   1.9523335E+06   6.4554757E+00   1.5135605E-01   1.9664154E+04   1.9440368E+06   1.9523335E+06   0.0000000E+00   0.0000000E+00   0.0000000E+00   0.0000000E+00   0.0000000E+00
   1.3255005E-01   1.8877037E+06   1.8877037E+06   5.7349688E+00   1.3707886E-01   1.8124101E+04   1.8796769E+06   1.8877037E+06   0.0000000E+00   0.0000000E+00   0.0000000E+00   0.0000000E+00   0.0000000E+00
   1.3700777E-01   1.8216320E+06   1.8216320E+06   5.1995181E+00   1.2392611E-01   1.6693661E+04   1.8138819E+06   1.8216320E+06   0.0000000E+00   0.0000000E+00   0.0000000E+00   0.0000000E+00   0.0000000E+00
   1.4160841E-01   1.7527538E+06   1.7527538E+06   4.8124435E+00   1.1172732E-01   1.5339278E+04   1.7452928E+06   1.7527538E+06   0.0000000E+00   0.0000000E+00   0.0000000E+00   0.0000000E+00   0.0000000E+00
   1.4635791E-01   1.6806990E+06   1.6806990E+06   4.3359865E+00   1.0039965E-01   1.4052607E+04   1.6735411E+06   1.6806990E+06   0.0000000E+00   0.0000000E+00   0.0000000E+00   0.0000000E+00   0.0000000E+00
   1.5126224E-01   1.6062177E+06   1.6062177E+06   3.7724993E+00   8.9929528E-02   1.2830643E+04   1.5993738E+06   1.6062177E+06   0.0000000E+00   0.0000000E+00   0.0000000E+00   0.0000000E+00   0.0000000E+00
   1.5632747E-01   1.5310754E+06   1.5310754E+06   3.2554634E+00   8.0347798E-02   1.1708727E+04   1.5245488E+06   1.5310754E+06   0.0000000E+00   0.0000000E+00   0.0000000E+00   0.0000000E+00   0.0000000E+00
   1.6155973E-01   1.4576973E+06   1.4576973E+06   3.0308339E+00   7.1700183E-02   1.0654210E+04   1.4514809E+06   1.4576973E+06   0.0000000E+00   0.0000000E+00   0.0000000E+00   0.0000000E+00   0.0000000E+00
   1.6696526E-01   1.3886066E+06   1.3886066E+06   2.7323639E+00   6.4012264E-02   9.7220184E+03   1.3826825E+06   1.3886066E+06   0.0000000E+00   0.0000000E+00   0.0000000E+00   0.0000000E+00   0.0000000E+00
   1.7255038E-01   1.3257724E+06   1.3257724E+06   2.3936840E+00   5.7269550E-02   8.8880011E+03   1.3201142E+06   1.3257724E+06   0.0000000E+00   0.0000000E+00   0.0000000E+00   0.0000000E+00   0.0000000E+00
   1.7832149E-01   1.2700384E+06   1.2700384E+06   2.1099788E+00   5.1399818E-02   8.1642885E+03   1.2646162E+06   1.2700384E+06   0.0000000E+00   0.0000000E+00   0.0000000E+00   0.0000000E+00   0.0000000E+00
   1.8428513E-01   1.2208221E+06   1.2208221E+06   1.9371130E+00   4.6282770E-02   7.5173025E+03   1.2156083E+06   1.2208221E+06   0.0000000E+00   0.0000000E+00   0.0000000E+00   0.0000000E+00   0.0000000E+00
   1.9044796E-01   1.1762242E+06   1.1762242E+06   1.7760040E+00   4.1766850E-02   6.9544040E+03   1.1711992E+06   1.1762242E+06   0.0000000E+00   0.0000000E+00   0.0000000E+00   0.0000000E+00   0.0000000E+00
   1.9681678E-01   1.1335787E+06   1.1335787E+06   1.6004878E+00   3.7702217E-02   6.4343776E+03   1.1287345E+06   1.1335787E+06   0.0000000E+00   0.0000000E+00   0.0000000E+00   0.0000000E+00   0.0000000E+00
   2.0339855E-01   1.0903145E+06   1.0903145E+06   1.4092264E+00   3.3968144E-02   5.9418529E+03   1.0856538E+06   1.0903145E+06   0.0000000E+00   0.0000000E+00   0.0000000E+00   0.0000000E+00   0.0000000E+00
   2.1020041E-01   1.0448485E+06   1.0448485E+06   1.2666295E+00   3.0494865E-02   5.4777971E+03   1.0403810E+06   1.0448485E+06   0.0000000E+00   0.0000000E+00   0.0000000E+00   0.0000000E+00   0.0000000E+00
   2.1722974E-01   9.9716360E+05   9.9716360E+05   1.1469686E+00   2.7267319E-02   5.0281157E+03   9.9289887E+05   9.9716360E+05   0.0000000E+00   0.0000000E+00   0.0000000E+00   0.0000000E+00   0.0000000E+00
   2.2449414E-01   9.4878889E+05   9.4878889E+05   1.0088160E+00   2.4309161E-02   4.6044747E+03   9.4473009E+05   9.4878889E+05   0.0000000E+00   0.0000000E+00   0.0000000E+00   0.0000000E+00   0.0000000E+00
   2.3200152E-01   9.0212185E+05   9.0212185E+05   8.8386077E-01   2.1655547E-02   4.2216735E+03   8.9826181E+05   9.0212185E+05   0.0000000E+00   0.0000000E+00   0.0000000E+00   0.0000000E+00   0.0000000E+00
   2.3976014E-01   8.5933244E+05   8.5933244E+05   7.8461896E-01   1.9324636E-02   3.8755442E+03   8.5565471E+05   8.5933244E+05   0.0000000E+00   0.0000000E+00   0.0000000E+00   0.0000000E+00   0.0000000E+00
   2.4777861E-01   8.2133954E+05   8.2133954E+05   7.0718746E-01   1.7300074E-02   3.5755407E+03   8.1782371E+05   8.2133954E+05   0.0000000E+00   0.0000000E+00   0.0000000E+00   0.0000000E+00   0.0000000E+00
   2.5606604E-01   7.8738732E+05   7.8738732E+05   6.3493313E-01   1.5532022E-02   3.3094189E+03   7.8401619E+05   7.8738732E+05   0.0000000E+00   0.0000000E+00   0.0000000E+00   0.0000000E+00   0.0000000E+00
   2.6463204E-01   7.5549534E+05   7.5549534E+05   5.7986472E-01   1.3956332E-02   3.0693663E+03   7.5226017E+05   7.5549534E+05   0.0000000E+00   0.0000000E+00   0.0000000E+00   0.0000000E+00   0.0000000E+00
   2.7348685E-01   7.2358672E+05   7.2358672E+05   5.1370936E-01   1.2518481E-02   2.8438747E+03   7.2048768E+05   7.2358672E+05   0.0000000E+00   0.0000000E+00   0.0000000E+00   0.0000000E+00   0.0000000E+00
   2.8264141E-01   6.9066341E+05   6.9066341E+05   4.6186630E-01   1.1191256E-02   2.6296022E+03   6.8770490E+05   6.9066341E+05   0.0000000E+00   0.0000000E+00   0.0000000E+00   0.0000000E+00   0.0000000E+00
   2.9210745E-01   6.5729666E+05   6.5729666E+05   4.1244236E-01   9.9758405E-03   2.4246051E+03   6.5448067E+05   6.5729666E+05   0.0000000E+00   0.0000000E+00   0.0000000E+00   0.0000000E+00   0.0000000E+00
   3.0189767E-01   6.2508752E+05   6.2508752E+05   3.6137450E-01   8.8851582E-03   2.2364205E+03   6.2240914E+05   6.2508752E+05   0.0000000E+00   0.0000000E+00   0.0000000E+00   0.0000000E+00   0.0000000E+00
   3.1202585E-01   5.9544682E+05   5.9544682E+05   3.2618730E-01   7.9254636E-03   2.0675164E+03   5.9289510E+05   5.9544682E+05   0.0000000E+00   0.0000000E+00   0.0000000E+00   0.0000000E+00   0.0000000E+00
   3.2250701E-01   5.6857540E+05   5.6857540E+05   2.8947760E-01   7.0852279E-03   1.9183459E+03   5.6613853E+05   5.6857540E+05   0.0000000E+00   0.0000000E+00   0.0000000E+00   0.0000000E+00   0.0000000E+00
   3.3335762E-01   5.4342648E+05   5.4342648E+05   2.5847006E-01   6.3390295E-03   1.7830824E+03   5.4109712E+05   5.4342648E+05   0.0000000E+00   0.0000000E+00   0.0000000E+00   0.0000000E+00   0.0000000E+00
   3.4459582E-01   5.1866892E+05   5.1866892E+05   2.3136700E-01   5.6631291E-03   1.6564574E+03   5.1644544E+05   5.1866892E+05   0.0000000E+00   0.0000000E+00   0.0000000E+00   0.0000000E+00   0.0000000E+00
   3.5624168E-01   4.9380816E+05   4.9380816E+05   2.0667937E-01   5.0462146E-03   1.5357871E+03   4.9169104E+05   4.9380816E+05   0.0000000E+00   0.0000000E+00   0.0000000E+00   0.0000000E+00   0.0000000E+00
   3.6831752E-01   4.6945324E+05   4.6945324E+05   1.8434927E-01   4.4891181E-03   1.4235417E+03   4.6744033E+05   4.6945324E+05   0.0000000E+00   0.0000000E+00   0.0000000E+00   0.0000000E+00   0.0000000E+00
   3.8084828E-01   4.4651787E+05   4.4651787E+05   1.6348867E-01   3.9942430E-03   1.3209565E+03   4.4460313E+05   4.4651787E+05   0.0000000E+00   0.0000000E+00   0.0000000E+00   0.0000000E+00   0.0000000E+00
   3.9386197E-01   4.2521754E+05   4.2521754E+05   1.4625974E-01   3.5570724E-03   1.2285093E+03   4.2339397E+05   4.2521754E+05   0.0000000E+00   0.0000000E+00   0.0000000E+00   0.0000000E+00   0.0000000E+00
   4.0739022E-01   4.0493532E+05   4.0493532E+05   1.2947573E-01   3.1666287E-03   1.1431064E+03   4.0319859E+05   4.0493532E+05   0.0000000E+00   0.0000000E+00   0.0000000E+00   0.0000000E+00   0.0000000E+00
   4.2146890E-01   3.8503166E+05   3.8503166E+05   1.1519833E-01   2.8135232E-03   1.0629127E+03   3.8338017E+05   3.8503166E+05   0.0000000E+00   0.0000000E+00   0.0000000E+00   0.0000000E+00   0.0000000E+00
   4.3613895E-01   3.6555017E+05   3.6555017E+05   1.0210725E-01   2.4949526E-03   9.8783469E+02   3.6398212E+05   3.6555017E+05   0.0000000E+00   0.0000000E+00   0.0000000E+00   0.0000000E+00   0.0000000E+00
   4.5144736E-01   3.4695088E+05   3.4695088E+05   9.0307946E-02   2.2105360E-03   9.1800515E+02   3.4546251E+05   3.4695088E+05   0.0000000E+00   0.0000000E+00   0.0000000E+00   0.0000000E+00   0.0000000E+00
   4.6744843E-01   3.2934790E+05   3.2934790E+05   7.9977144E-02   1.9574341E-03   8.5411168E+02   3.2793495E+05   3.2934790E+05   0.0000000E+00   0.0000000E+00   0.0000000E+00   0.0000000E+00   0.0000000E+00
   4.8420526E-01   3.1238951E+05   3.1238951E+05   7.0848022E-02   1.7305150E-03   7.9465937E+02   3.1104923E+05   3.1238951E+05   0.0000000E+00   0.0000000E+00   0.0000000E+00   0.0000000E+00   0.0000000E+00
   5.0179173E-01   2.9585501E+05   2.9585501E+05   6.2427460E-02   1.5262665E-03   7.3853986E+02   2.9458559E+05   2.9585501E+05   0.0000000E+00   0.0000000E+00   0.0000000E+00   0.0000000E+00   0.0000000E+00
   5.2029497E-01   2.7989926E+05   2.7989926E+05   5.4930080E-02   1.3432713E-03   6.8617455E+02   2.7869824E+05   2.7989926E+05   0.0000000E+00   0.0000000E+00   0.0000000E+00   0.0000000E+00   0.0000000E+00
   5.3981852E-01   2.6460634E+05   2.6460634E+05   4.8202106E-02   1.1797988E-03   6.3742650E+02   2.6347088E+05   2.6460634E+05   0.0000000E+00   0.0000000E+00   0.0000000E+00   0.0000000E+00   0.0000000E+00
   5.6048639E-01   2.4979852E+05   2.4979852E+05   4.2242020E-02   1.0332556E-03   5.9159210E+02   2.4872654E+05   2.4979852E+05   0.0000000E+00   0.0000000E+00   0.0000000E+00   0.0000000E+00   0.0000000E+00
   5.8244827E-01   2.3539650E+05   2.3539650E+05   3.6843209E-02   9.0173724E-04   5.4839505E+02   2.3438628E+05   2.3539650E+05   0.0000000E+00   0.0000000E+00   0.0000000E+00   0.0000000E+00   0.0000000E+00
   6.0588635E-01   2.2145835E+05   2.2145835E+05   3.2026610E-02   7.8405554E-04   5.0777136E+02   2.2050790E+05   2.2145835E+05   0.0000000E+00   0.0000000E+00   0.0000000E+00   0.0000000E+00   0.0000000E+00
   6.3102392E-01   2.0791650E+05   2.0791650E+05   2.7724595E-02   6.7869673E-04   4.6937098E+02   2.0702413E+05   2.0791650E+05   0.0000000E+00   0.0000000E+00   0.0000000E+00   0.0000000E+00   0.0000000E+00
   6.5813636E-01   1.9470295E+05   1.9470295E+05   2.3867299E-02   5.8432961E-04   4.3302991E+02   1.9386726E+05   1.9470295E+05   0.0000000E+00   0.0000000E+00   0.0000000E+00   0.0000000E+00   0.0000000E+00
   6.8756464E-01   1.8181712E+05   1.8181712E+05   2.0415641E-02   4.9999050E-04   3.9849749E+02   1.8103670E+05   1.8181712E+05   0.0000000E+00   0.0000000E+00   0.0000000E+00   0.0000000E+00   0.0000000E+00
   7.1973086E-01   1.6920623E+05   1.6920623E+05   1.7338637E-02   4.2468868E-04   3.6563471E+02   1.6847992E+05   1.6920623E+05   0.0000000E+00   0.0000000E+00   0.0000000E+00   0.0000000E+00   0.0000000E+00
   7.5515416E-01   1.5684938E+05   1.5684938E+05   1.4598415E-02   3.5763795E-04   3.3426321E+02   1.5617608E+05   1.5684938E+05   0.0000000E+00   0.0000000E+00   0.0000000E+00   0.0000000E+00   0.0000000E+00
   7.9446188E-01   1.4472924E+05   1.4472924E+05   1.2169235E-02   2.9817661E-04   3.0430314E+02   1.4410794E+05   1.4472924E+05   0.0000000E+00   0.0000000E+00   0.0000000E+00   0.0000000E+00   0.0000000E+00
   8.3838592E-01   1.3284931E+05   1.3284931E+05   1.0029217E-02   2.4579157E-04   2.7567744E+02   1.3227900E+05   1.3284931E+05   0.0000000E+00   0.0000000E+00   0.0000000E+00   0.0000000E+00   0.0000000E+00
   8.8772771E-01   1.2124156E+05   1.2124156E+05   8.1703160E-03   2.0008767E-04   2.4841421E+02   1.2072106E+05   1.2124156E+05   0.0000000E+00   0.0000000E+00   0.0000000E+00   0.0000000E+00   0.0000000E+00
   9.4327482E-01   1.0998009E+05   1.0998009E+05   6.5597124E-03   1.6076876E-04   2.2260813E+02   1.0950792E+05   1.0998009E+05   0.0000000E+00   0.0000000E+00   0.0000000E+00   0.0000000E+00   0.0000000E+00
   1.0056721E+00   9.9180314E+04   9.9180314E+04   5.2031083E-03   1.2755858E-04   1.9844675E+02   9.8754497E+04   9.9180314E+04   0.0000000E+00   0.0000000E+00   0.0000000E+00   0.0000000E+00   0.0000000E+00
   1.0753000E+00   8.8980589E+04   8.8980589E+04   4.0822590E-03   1.0010564E-04   1.7613780E+02   8.8598553E+04   8.8980589E+04   0.0000000E+00   0.0000000E+00   0.0000000E+00   0.0000000E+00   0.0000000E+00
   1.1522532E+00   7.9506189E+04   7.9506189E+04   3.1762691E-03   7.7903638E-05   1.5584036E+02   7.9164823E+04   7.9506189E+04   0.0000000E+00   0.0000000E+00   0.0000000E+00   0.0000000E+00   0.0000000E+00
   1.2364608E+00   7.0838416E+04   7.0838416E+04   2.4573596E-03   6.0282645E-05   1.3762362E+02   7.0534258E+04   7.0838416E+04   0.0000000E+00   0.0000000E+00   0.0000000E+00   0.0000000E+00   0.0000000E+00
   1.3278729E+00   6.3001052E+04   6.3001052E+04   1.8931960E-03   4.6488354E-05   1.2143837E+02   6.2730540E+04   6.3001052E+04   0.0000000E+00   0.0000000E+00   0.0000000E+00   0.0000000E+00   0.0000000E+00
   1.4265900E+00   5.5965987E+04   5.5965987E+04   1.4584625E-03   3.5781722E-05   1.0713472E+02   5.5725678E+04   5.5965987E+04   0.0000000E+00   0.0000000E+00   0.0000000E+00   0.0000000E+00   0.0000000E+00
   1.5328938E+00   4.9677772E+04   4.9677772E+04   1.1211843E-03   2.7510503E-05   9.4519701E+01   4.9464461E+04   4.9677772E+04   0.0000000E+00   0.0000000E+00   0.0000000E+00   0.0000000E+00   0.0000000E+00
   1.6472169E+00   4.4070309E+04   4.4070309E+04   8.6127454E-04   2.1136522E-05   8.3405929E+01   4.3881073E+04   4.4070309E+04   0.0000000E+00   0.0000000E+00   0.0000000E+00   0.0000000E+00   0.0000000E+00
   1.7701001E+00   3.9075608E+04   3.9075608E+04   6.6121555E-04   1.6230331E-05   7.3608673E+01   3.8907817E+04   3.9075608E+04   0.0000000E+00   0.0000000E+00   0.0000000E+00   0.0000000E+00   0.0000000E+00
   1.9021604E+00   3.4630877E+04   3.4630877E+04   5.0756261E-04   1.2456928E-05   6.4974123E+01   3.4482171E+04   3.4630877E+04   0.0000000E+00   0.0000000E+00   0.0000000E+00   0.0000000E+00   0.0000000E+00
   2.0440758E+00   3.0677790E+04   3.0677790E+04   3.8926742E-04   9.5566442E-06   5.7353312E+01   3.0546057E+04   3.0677790E+04   0.0000000E+00   0.0000000E+00   0.0000000E+00   0.0000000E+00   0.0000000E+00
   2.1965798E+00   2.7164238E+04   2.7164238E+04   2.9846505E-04   7.3284060E-06   5.0629541E+01   2.7047592E+04   2.7164238E+04   0.0000000E+00   0.0000000E+00   0.0000000E+00   0.0000000E+00   0.0000000E+00
   2.3604618E+00   2.4042992E+04   2.4042992E+04   2.2875251E-04   5.6174236E-06   4.4692535E+01   2.3939749E+04   2.4042992E+04   0.0000000E+00   0.0000000E+00   0.0000000E+00   0.0000000E+00   0.0000000E+00
   2.5365707E+00   2.1271725E+04   2.1271725E+04   1.7527035E-04   4.3041758E-06   3.9448826E+01   2.1180381E+04   2.1271725E+04   0.0000000E+00   0.0000000E+00   0.0000000E+00   0.0000000E+00   0.0000000E+00
   2.7258188E+00   1.8812491E+04   1.8812491E+04   1.3436967E-04   3.2966919E-06   3.4817534E+01   1.8731707E+04   1.8812491E+04   0.0000000E+00   0.0000000E+00   0.0000000E+00   0.0000000E+00   0.0000000E+00
   2.9291862E+00   1.6631222E+04   1.6631222E+04   1.0276160E-04   2.5241066E-06   3.0725948E+01   1.6559804E+04   1.6631222E+04   0.0000000E+00   0.0000000E+00   0.0000000E+00   0.0000000E+00   0.0000000E+00
   3.1477264E+00   1.4697426E+04   1.4697426E+04   7.8633574E-05   1.9318846E-06   2.7111956E+01   1.4634312E+04   1.4697426E+04   0.0000000E+00   0.0000000E+00   0.0000000E+00   0.0000000E+00   0.0000000E+00
   3.3825714E+00   1.2983823E+04   1.2983823E+04   6.0151383E-05   1.4781111E-06   2.3918972E+01   1.2928067E+04   1.2983823E+04   0.0000000E+00   0.0000000E+00   0.0000000E+00   0.0000000E+00   0.0000000E+00
   3.6349378E+00   1.1466022E+04   1.1466022E+04   4.6039264E-05   1.1305554E-06   2.1098325E+01   1.1416784E+04   1.1466022E+04   0.0000000E+00   0.0000000E+00   0.0000000E+00   0.0000000E+00   0.0000000E+00
   3.9061326E+00   1.0122232E+04   1.0122232E+04   3.5141418E-05   8.6444734E-07   1.8607136E+01   1.0078765E+04   1.0122232E+04   0.0000000E+00   0.0000000E+00   0.0000000E+00   0.0000000E+00   0.0000000E+00
   4.1975606E+00   8.9330030E+03   8.9330030E+03   2.6876142E-05   6.6078129E-07   1.6406671E+01   8.8946424E+03   8.9330030E+03   0.0000000E+00   0.0000000E+00   0.0000000E+00   0.0000000E+00   0.0000000E+00
   4.5107315E+00   7.8809841E+03   7.8809841E+03   2.0534257E-05   5.0495294E-07   1.4463626E+01   7.8471411E+03   7.8809841E+03   0.0000000E+00   0.0000000E+00   0.0000000E+00   0.0000000E+00   0.0000000E+00
   4.8472674E+00   6.9507103E+03   6.9507103E+03   1.5680646E-05   3.8577095E-07   1.2747849E+01   6.9208621E+03   6.9507103E+03   0.0000000E+00   0.0000000E+00   0.0000000E+00   0.0000000E+00   0.0000000E+00
   5.2089115E+00   6.1284058E+03   6.1284058E+03   1.1966114E-05   2.9464222E-07   1.1233288E+01   6.1020887E+03   6.1284058E+03   0.0000000E+00   0.0000000E+00   0.0000000E+00   0.0000000E+00   0.0000000E+00
   5.5975371E+00   5.4018075E+03   5.4018075E+03   9.1393178E-06   2.2498670E-07   9.8964822E+00   5.3786106E+03   5.4018075E+03   0.0000000E+00   0.0000000E+00   0.0000000E+00   0.0000000E+00   0.0000000E+00
   6.0151572E+00   4.7600058E+03   4.7600058E+03   6.9734458E-06   1.7176005E-07   8.7168159E+00   4.7395650E+03   4.7600058E+03   0.0000000E+00   0.0000000E+00   0.0000000E+00   0.0000000E+00   0.0000000E+00
   6.4639350E+00   4.1933011E+03   4.1933011E+03   5.3182534E-06   1.3109840E-07   7.6761523E+00   4.1752939E+03   4.1933011E+03   0.0000000E+00   0.0000000E+00   0.0000000E+00   0.0000000E+00   0.0000000E+00
   6.9461951E+00   3.6930744E+03   3.6930744E+03   4.0575445E-06   1.0004352E-07   6.7583002E+00   3.6772153E+03   3.6930744E+03   0.0000000E+00   0.0000000E+00   0.0000000E+00   0.0000000E+00   0.0000000E+00
   7.4644357E+00   3.2516713E+03   3.2516713E+03   3.0935972E-06   7.6332201E-08   5.9488280E+00   3.2377077E+03   3.2516713E+03   0.0000000E+00   0.0000000E+00   0.0000000E+00   0.0000000E+00   0.0000000E+00
   8.0213410E+00   2.8622977E+03   2.8622977E+03   2.3585999E-06   5.8232236E-08   5.2351725E+00   2.8500062E+03   2.8622977E+03   0.0000000E+00   0.0000000E+00   0.0000000E+00   0.0000000E+00   0.0000000E+00
