#           k/h    CDM            baryon         photon         nu             mass_nu        total          no_nu          total_de       Weyl           v_CDM          v_b            v_b-v_c     
   1.0948684E-05   5.5476061E+06   5.5476061E+06   7.3958805E+06   1.1891351E+04   3.1323607E+05   5.5477669E+06   5.5476061E+06   0.0000000E+00   0.0000000E+00   0.0000000E+00   0.0000000E+00   0.0000000E+00
   1.1765541E-05   5.5476052E+06   5.5476052E+06   7.3957357E+06   1.1891207E+04   3.1323342E+05   5.5477660E+06   5.5476052E+06   0.0000000E+00   0.0000000E+00   0.0000000E+00   0.0000000E+00   0.0000000E+00
   1.2643343E-05   5.5476042E+06   5.5476042E+06   7.3955685E+06   1.1891041E+04   3.1323036E+05   5.5477648E+06   5.5476042E+06   0.0000000E+00   0.0000000E+00   0.0000000E+00   0.0000000E+00   0.0000000E+00
   1.3586635E-05   5.5476030E+06   5.5476030E+06   7.3953755E+06   1.1890849E+04   3.1322682E+05   5.5477635E+06   5.5476030E+06   0.0000000E+00   0.0000000E+00   0.0000000E+00   0.0000000E+00   0.0000000E+00
   1.4600305E-05   5.5476016E+06   5.5476016E+06   7.3951525E+06   1.1890628E+04   3.1322274E+05   5.5477620E+06   5.5476016E+06   0.0000000E+00   0.0000000E+00   0.0000000E+00   0.0000000E+00   0.0000000E+00
   1.5689602E-05   5.5476000E+06   5.5476000E+06   7.3948951E+06   1.1890372E+04   3.1321803E+05   5.5477602E+06   5.5476000E+06   0.0000000E+00   0.0000000E+00   0.0000000E+00   0.0000000E+00   0.0000000E+00
   1.6860169E-05   5.5475981E+06   5.5475981E+06   7.3945978E+06   1.1890077E+04   3.1321259E+05   5.5477582E+06   5.5475981E+06   0.0000000E+00   0.0000000E+00   0.0000000E+00   0.0000000E+00   0.0000000E+00
   1.8118069E-05   5.5475959E+06   5.5475959E+06   7.3942545E+06   1.1889736E+04   3.1320631E+05   5.5477559E+06   5.5475959E+06   0.0000000E+00   0.0000000E+00   0.0000000E+00   0.0000000E+00   0.0000000E+00
   1.9469819E-05   5.5475935E+06   5.5475935E+06   7.3938581E+06   1.1889342E+04   3.1319905E+05   5.5477532E+06   5.5475935E+06   0.0000000E+00   0.0000000E+00   0.0000000E+00   0.0000000E+00   0.0000000E+00
   2.0922420E-05   5.5475906E+06   5.5475906E+06   7.3934004E+06   1.1888887E+04   3.1319068E+05   5.5477501E+06   5.5475906E+06   0.0000000E+00   0.0000000E+00   0.0000000E+00   0.0000000E+00   0.0000000E+00
   2.2483396E-05   5.5475873E+06   5.5475873E+06   7.3928718E+06   1.1888362E+04   3.1318101E+05   5.5477465E+06   5.5475873E+06   0.0000000E+00   0.0000000E+00   0.0000000E+00   0.0000000E+00   0.0000000E+00
   2.4160834E-05   5.5475834E+06   5.5475834E+06   7.3922615E+06   1.1887756E+04   3.1316984E+05   5.5477423E+06   5.5475834E+06   0.0000000E+00   0.0000000E+00   0.0000000E+00   0.0000000E+00   0.0000000E+00
   2.5963421E-05   5.5475790E+06   5.5475790E+06   7.3915568E+06   1.1887056E+04   3.1315695E+05   5.5477375E+06   5.5475790E+06   0.0000000E+00   0.0000000E+00   0.0000000E+00   0.0000000E+00   0.0000000E+00
   2.7900495E-05   5.5475739E+06   5.5475739E+06   7.3907431E+06   1.1886247E+04   3.1314206E+05   5.5477320E+06   5.5475739E+06   0.0000000E+00   0.0000000E+00   0.0000000E+00   0.0000000E+00   0.0000000E+00
   2.9982091E-05   5.5475680E+06   5.5475680E+06   7.3898035E+06   1.1885314E+04   3.1312487E+05   5.5477256E+06   5.5475680E+06   0.0000000E+00   0.0000000E+00   0.0000000E+00   0.0000000E+00   0.0000000E+00
   3.2218989E-05   5.5475612E+06   5.5475612E+06   7.3887187E+06   1.1884236E+04   3.1310503E+05   5.5477182E+06   5.5475612E+06   0.0000000E+00   0.0000000E+00   0.0000000E+00   0.0000000E+00   0.0000000E+00
   3.4622778E-05   5.5475534E+06   5.5475534E+06   7.3874661E+06   1.1882992E+04   3.1308212E+05   5.5477097E+06   5.5475534E+06   0.0000000E+00   0.0000000E+00   0.0000000E+00   0.0000000E+00   0.0000000E+00
   3.7205908E-05   5.5475443E+06   5.5475443E+06   7.3860199E+06   1.1881555E+04   3.1305567E+05   5.5476999E+06   5.5475443E+06   0.0000000E+00   0.0000000E+00   0.0000000E+00   0.0000000E+00   0.0000000E+00
   3.9981761E-05   5.5475338E+06   5.5475338E+06   7.3843502E+06   1.1879895E+04   3.1302514E+05   5.5476885E+06   5.5475338E+06   0.0000000E+00   0.0000000E+00   0.0000000E+00   0.0000000E+00   0.0000000E+00
   4.2964713E-05   5.5475217E+06   5.5475217E+06   7.3824225E+06   1.1877980E+04   3.1298990E+05   5.5476754E+06   5.5475217E+06   0.0000000E+00   0.0000000E+00   0.0000000E+00   0.0000000E+00   0.0000000E+00
   4.6170217E-05   5.5475077E+06   5.5475077E+06   7.3801971E+06   1.1875768E+04   3.1294922E+05   5.5476602E+06   5.5475077E+06   0.0000000E+00   0.0000000E+00   0.0000000E+00   0.0000000E+00   0.0000000E+00
   4.9614876E-05   5.5474916E+06   5.5474916E+06   7.3776279E+06   1.1873215E+04   3.1290227E+05   5.5476427E+06   5.5474916E+06   0.0000000E+00   0.0000000E+00   0.0000000E+00   0.0000000E+00   0.0000000E+00
   5.3316535E-05   5.5474730E+06   5.5474730E+06   7.3746622E+06   1.1870267E+04   3.1284808E+05   5.5476225E+06   5.5474730E+06   0.0000000E+00   0.0000000E+00   0.0000000E+00   0.0000000E+00   0.0000000E+00
   5.7294365E-05   5.5474515E+06   5.5474515E+06   7.3712388E+06   1.1866864E+04   3.1278556E+05   5.5475992E+06   5.5474515E+06   0.0000000E+00   0.0000000E+00   0.0000000E+00   0.0000000E+00   0.0000000E+00
   6.1568974E-05   5.5474266E+06   5.5474266E+06   7.3672875E+06   1.1862935E+04   3.1271341E+05   5.5475722E+06   5.5474266E+06   0.0000000E+00   0.0000000E+00   0.0000000E+00   0.0000000E+00   0.0000000E+00
   6.6162501E-05   5.5473979E+06   5.5473979E+06   7.3627270E+06   1.1858401E+04   3.1263017E+05   5.5475411E+06   5.5473979E+06   0.0000000E+00   0.0000000E+00   0.0000000E+00   0.0000000E+00   0.0000000E+00
   7.1098742E-05   5.5473648E+06   5.5473648E+06   7.3574640E+06   1.1853167E+04   3.1253416E+05   5.5475052E+06   5.5473648E+06   0.0000000E+00   0.0000000E+00   0.0000000E+00   0.0000000E+00   0.0000000E+00
   7.6403264E-05   5.5473266E+06   5.5473266E+06   7.3513909E+06   1.1847126E+04   3.1242342E+05   5.5474637E+06   5.5473266E+06   0.0000000E+00   0.0000000E+00   0.0000000E+00   0.0000000E+00   0.0000000E+00
   8.2103546E-05   5.5472824E+06   5.5472824E+06   7.3443836E+06   1.1840154E+04   3.1229572E+05   5.5474158E+06   5.5472824E+06   0.0000000E+00   0.0000000E+00   0.0000000E+00   0.0000000E+00   0.0000000E+00
   8.8229113E-05   5.5472315E+06   5.5472315E+06   7.3362997E+06   1.1832109E+04   3.1214851E+05   5.5473606E+06   5.5472315E+06   0.0000000E+00   0.0000000E+00   0.0000000E+00   0.0000000E+00   0.0000000E+00
   9.4811696E-05   5.5471726E+06   5.5471726E+06   7.3269750E+06   1.1822827E+04   3.1197884E+05   5.5472968E+06   5.5471726E+06   0.0000000E+00   0.0000000E+00   0.0000000E+00   0.0000000E+00   0.0000000E+00
   1.0188539E-04   5.5471047E+06   5.5471047E+06   7.3162211E+06   1.1812118E+04   3.1178334E+05   5.5472231E+06   5.5471047E+06   0.0000000E+00   0.0000000E+00   0.0000000E+00   0.0000000E+00   0.0000000E+00
   1.0948684E-04   5.5470263E+06   5.5470263E+06   7.3038214E+06   1.1799766E+04   3.1155816E+05   5.5471380E+06   5.5470263E+06   0.0000000E+00   0.0000000E+00   0.0000000E+00   0.0000000E+00   0.0000000E+00
   1.1765541E-04   5.5469358E+06   5.5469358E+06   7.2895273E+06   1.1785519E+04   3.1129889E+05   5.5470399E+06   5.5469358E+06   0.0000000E+00   0.0000000E+00   0.0000000E+00   0.0000000E+00   0.0000000E+00
   1.2643343E-04   5.5468313E+06   5.5468313E+06   7.2730538E+06   1.1769093E+04   3.1100053E+05   5.5469265E+06   5.5468313E+06   0.0000000E+00   0.0000000E+00   0.0000000E+00   0.0000000E+00   0.0000000E+00
   1.3586635E-04   5.5467107E+06   5.5467107E+06   7.2540746E+06   1.1750156E+04   3.1065735E+05   5.5467957E+06   5.5467107E+06   0.0000000E+00   0.0000000E+00   0.0000000E+00   0.0000000E+00   0.0000000E+00
   1.4600305E-04   5.5465715E+06   5.5465715E+06   7.2322165E+06   1.1728332E+04   3.1026286E+05   5.5466448E+06   5.5465715E+06   0.0000000E+00   0.0000000E+00   0.0000000E+00   0.0000000E+00   0.0000000E+00
   1.5689602E-04   5.5464109E+06   5.5464109E+06   7.2070531E+06   1.1703187E+04   3.0980971E+05   5.5464706E+06   5.5464109E+06   0.0000000E+00   0.0000000E+00   0.0000000E+00   0.0000000E+00   0.0000000E+00
   1.6860169E-04   5.5462256E+06   5.5462256E+06   7.1780987E+06   1.1674227E+04   3.0928963E+05   5.5462697E+06   5.5462256E+06   0.0000000E+00   0.0000000E+00   0.0000000E+00   0.0000000E+00   0.0000000E+00
   1.8118069E-04   5.5460117E+06   5.5460117E+06   7.1448006E+06   1.1640886E+04   3.0869328E+05   5.5460378E+06   5.5460117E+06   0.0000000E+00   0.0000000E+00   0.0000000E+00   0.0000000E+00   0.0000000E+00
   1.9469819E-04   5.5457651E+06   5.5457651E+06   7.1065316E+06   1.1602521E+04   3.0801025E+05   5.5457703E+06   5.5457651E+06   0.0000000E+00   0.0000000E+00   0.0000000E+00   0.0000000E+00   0.0000000E+00
   2.0922420E-04   5.5454805E+06   5.5454805E+06   7.0625825E+06   1.1558397E+04   3.0722893E+05   5.5454618E+06   5.5454805E+06   0.0000000E+00   0.0000000E+00   0.0000000E+00   0.0000000E+00   0.0000000E+00
   2.2483396E-04   5.5451524E+06   5.5451524E+06   7.0121536E+06   1.1507683E+04   3.0633652E+05   5.5451061E+06   5.5451524E+06   0.0000000E+00   0.0000000E+00   0.0000000E+00   0.0000000E+00   0.0000000E+00
   2.4160834E-04   5.5447742E+06   5.5447742E+06   6.9543467E+06   1.1449438E+04   3.0531898E+05   5.5446960E+06   5.5447742E+06   0.0000000E+00   0.0000000E+00   0.0000000E+00   0.0000000E+00   0.0000000E+00
   2.5963421E-04   5.5443381E+06   5.5443381E+06   6.8881587E+06   1.1382598E+04   3.0416107E+05   5.5442234E+06   5.5443381E+06   0.0000000E+00   0.0000000E+00   0.0000000E+00   0.0000000E+00   0.0000000E+00
   2.7900495E-04   5.5438356E+06   5.5438356E+06   6.8124753E+06   1.1305970E+04   3.0284650E+05   5.5436787E+06   5.5438356E+06   0.0000000E+00   0.0000000E+00   0.0000000E+00   0.0000000E+00   0.0000000E+00
   2.9982091E-04   5.5432568E+06   5.5432568E+06   6.7260673E+06   1.1218220E+04   3.0135811E+05   5.5430514E+06   5.5432568E+06   0.0000000E+00   0.0000000E+00   0.0000000E+00   0.0000000E+00   0.0000000E+00
   3.2218989E-04   5.5425902E+06   5.5425902E+06   6.6275910E+06   1.1117865E+04   2.9967821E+05   5.5423291E+06   5.5425902E+06   0.0000000E+00   0.0000000E+00   0.0000000E+00   0.0000000E+00   0.0000000E+00
   3.4622778E-04   5.5418228E+06   5.5418228E+06   6.5155926E+06   1.1003267E+04   2.9778909E+05   5.5414978E+06   5.5418228E+06   0.0000000E+00   0.0000000E+00   0.0000000E+00   0.0000000E+00   0.0000000E+00
   3.7205908E-04   5.5409400E+06   5.5409400E+06   6.3885202E+06   1.0872631E+04   2.9567378E+05   5.5405415E+06   5.5409400E+06   0.0000000E+00   0.0000000E+00   0.0000000E+00   0.0000000E+00   0.0000000E+00
   3.9981761E-04   5.5399248E+06   5.5399248E+06   6.2447456E+06   1.0724013E+04   2.9331700E+05   5.5394421E+06   5.5399248E+06   0.0000000E+00   0.0000000E+00   0.0000000E+00   0.0000000E+00   0.0000000E+00
   4.2964713E-04   5.5387581E+06   5.5387581E+06   6.0825978E+06   1.0555331E+04   2.9070653E+05   5.5381790E+06   5.5387581E+06   0.0000000E+00   0.0000000E+00   0.0000000E+00   0.0000000E+00   0.0000000E+00
   4.6170217E-04   5.5374184E+06   5.5374184E+06   5.9004136E+06   1.0364391E+04   2.8783488E+05   5.5367290E+06   5.5374184E+06   0.0000000E+00   0.0000000E+00   0.0000000E+00   0.0000000E+00   0.0000000E+00
   4.9614876E-04   5.5358811E+06   5.5358811E+06   5.6966089E+06   1.0148930E+04   2.8470138E+05   5.5350657E+06   5.5358811E+06   0.0000000E+00   0.0000000E+00   0.0000000E+00   0.0000000E+00   0.0000000E+00
   5.3316535E-04   5.5341188E+06   5.5341188E+06   5.4697737E+06   9.9066735E+03   2.8131467E+05   5.5331597E+06   5.5341188E+06   0.0000000E+00   0.0000000E+00   0.0000000E+00   0.0000000E+00   0.0000000E+00
   5.7294365E-04   5.5321006E+06   5.5321006E+06   5.2187980E+06   9.6354262E+03   2.7769549E+05   5.5309781E+06   5.5321006E+06   0.0000000E+00   0.0000000E+00   0.0000000E+00   0.0000000E+00   0.0000000E+00
   6.1568974E-04   5.5297921E+06   5.5297921E+06   4.9430294E+06   9.3331853E+03   2.7387967E+05   5.5284840E+06   5.5297921E+06   0.0000000E+00   0.0000000E+00   0.0000000E+00   0.0000000E+00   0.0000000E+00
   6.6162501E-04   5.5271552E+06   5.5271552E+06   4.6424652E+06   8.9982936E+03   2.6992078E+05   5.5256369E+06   5.5271552E+06   0.0000000E+00   0.0000000E+00   0.0000000E+00   0.0000000E+00   0.0000000E+00
   7.1098742E-04   5.5241474E+06   5.5241474E+06   4.3179770E+06   8.6296289E+03   2.6589222E+05   5.5223917E+06   5.5241474E+06   0.0000000E+00   0.0000000E+00   0.0000000E+00   0.0000000E+00   0.0000000E+00
   7.6403264E-04   5.5207224E+06   5.5207224E+06   3.9715587E+06   8.2268340E+03   2.6188752E+05   5.5186996E+06   5.5207224E+06   0.0000000E+00   0.0000000E+00   0.0000000E+00   0.0000000E+00   0.0000000E+00
   8.2103546E-04   5.5168293E+06   5.5168293E+06   3.6065805E+06   7.7905812E+03   2.5801799E+05   5.5145073E+06   5.5168293E+06   0.0000000E+00   0.0000000E+00   0.0000000E+00   0.0000000E+00   0.0000000E+00
   8.8229113E-04   5.5124132E+06   5.5124132E+06   3.2280191E+06   7.3228605E+03   2.5440600E+05   5.5097572E+06   5.5124132E+06   0.0000000E+00   0.0000000E+00   0.0000000E+00   0.0000000E+00   0.0000000E+00
   9.4811696E-04   5.5074146E+06   5.5074146E+06   2.8426167E+06   6.8272679E+03   2.5117226E+05   5.5043881E+06   5.5074146E+06   0.0000000E+00   0.0000000E+00   0.0000000E+00   0.0000000E+00   0.0000000E+00
   1.0188539E-03   5.5017702E+06   5.5017702E+06   2.4589043E+06   6.3092573E+03   2.4841550E+05   5.4983349E+06   5.5017702E+06   0.0000000E+00   0.0000000E+00   0.0000000E+00   0.0000000E+00   0.0000000E+00
   1.0948684E-03   5.4954124E+06   5.4954124E+06   2.0870074E+06   5.7762993E+03   2.4618372E+05   5.4915293E+06   5.4954124E+06   0.0000000E+00   0.0000000E+00   0.0000000E+00   0.0000000E+00   0.0000000E+00
   1.1765541E-03   5.4882700E+06   5.4882700E+06   1.7381429E+06   5.2378751E+03   2.4443793E+05   5.4839002E+06   5.4882700E+06   0.0000000E+00   0.0000000E+00   0.0000000E+00   0.0000000E+00   0.0000000E+00
   1.2643343E-03   5.4802678E+06   5.4802678E+06   1.4237273E+06   4.7052187E+03   2.4301300E+05   5.4753738E+06   5.4802678E+06   0.0000000E+00   0.0000000E+00   0.0000000E+00   0.0000000E+00   0.0000000E+00
   1.3586635E-03   5.4713269E+06   5.4713269E+06   1.1540607E+06   4.1907223E+03   2.4158491E+05   5.4658741E+06   5.4713269E+06   0.0000000E+00   0.0000000E+00   0.0000000E+00   0.0000000E+00   0.0000000E+00
   1.4600305E-03   5.4613642E+06   5.4613642E+06   9.3664744E+05   3.7069448E+03   2.3966052E+05   5.4553226E+06   5.4613642E+06   0.0000000E+00   0.0000000E+00   0.0000000E+00   0.0000000E+00   0.0000000E+00
   1.5689602E-03   5.4502918E+06   5.4502918E+06   7.7437192E+05   3.2652304E+03   2.3661153E+05   5.4436378E+06   5.4502918E+06   0.0000000E+00   0.0000000E+00   0.0000000E+00   0.0000000E+00   0.0000000E+00
   1.6860169E-03   5.4380165E+06   5.4380165E+06   6.6395680E+05   2.8740632E+03   2.3177525E+05   5.4307346E+06   5.4380165E+06   0.0000000E+00   0.0000000E+00   0.0000000E+00   0.0000000E+00   0.0000000E+00
   1.8118069E-03   5.4244382E+06   5.4244382E+06   5.9533838E+05   2.5374471E+03   2.2463417E+05   5.4165225E+06   5.4244382E+06   0.0000000E+00   0.0000000E+00   0.0000000E+00   0.0000000E+00   0.0000000E+00
   1.9469819E-03   5.4094497E+06   5.4094497E+06   5.5268077E+05   2.2537796E+03   2.1505599E+05   5.4009050E+06   5.4094497E+06   0.0000000E+00   0.0000000E+00   0.0000000E+00   0.0000000E+00   0.0000000E+00
   2.0922420E-03   5.3929365E+06   5.3929365E+06   5.1753833E+05   2.0157957E+03   2.0352309E+05   5.3837779E+06   5.3929365E+06   0.0000000E+00   0.0000000E+00   0.0000000E+00   0.0000000E+00   0.0000000E+00
   2.2483396E-03   5.3747775E+06   5.3747775E+06   4.7397822E+05   1.8120690E+03   1.9121753E+05   5.3650294E+06   5.3747775E+06   0.0000000E+00   0.0000000E+00   0.0000000E+00   0.0000000E+00   0.0000000E+00
   2.4160834E-03   5.3548477E+06   5.3548477E+06   4.1426855E+05   1.6301256E+03   1.7979666E+05   5.3445412E+06   5.3548477E+06   0.0000000E+00   0.0000000E+00   0.0000000E+00   0.0000000E+00   0.0000000E+00
   2.5963421E-03   5.3330208E+06   5.3330208E+06   3.4242037E+05   1.4604284E+03   1.7076739E+05   5.3221902E+06   5.3330208E+06   0.0000000E+00   0.0000000E+00   0.0000000E+00   0.0000000E+00   0.0000000E+00
   2.7900495E-03   5.3091722E+06   5.3091722E+06   2.7245897E+05   1.2995674E+03   1.6461115E+05   5.2978506E+06   5.3091722E+06   0.0000000E+00   0.0000000E+00   0.0000000E+00   0.0000000E+00   0.0000000E+00
   2.9982091E-03   5.2831796E+06   5.2831796E+06   2.2016518E+05   1.1505909E+03   1.6018159E+05   5.2713951E+06   5.2831796E+06   0.0000000E+00   0.0000000E+00   0.0000000E+00   0.0000000E+00   0.0000000E+00
   3.2218989E-03   5.2549198E+06   5.2549198E+06   1.9168447E+05   1.0194046E+03   1.5510973E+05   5.2426932E+06   5.2549198E+06   0.0000000E+00   0.0000000E+00   0.0000000E+00   0.0000000E+00   0.0000000E+00
   3.4622778E-03   5.2242641E+06   5.2242641E+06   1.7749646E+05   9.0882957E+02   1.4750386E+05   5.2116089E+06   5.2242641E+06   0.0000000E+00   0.0000000E+00   0.0000000E+00   0.0000000E+00   0.0000000E+00
   3.7205908E-03   5.1910739E+06   5.1910739E+06   1.5980825E+05   8.1481464E+02   1.3789990E+05   5.1779986E+06   5.1910739E+06   0.0000000E+00   0.0000000E+00   0.0000000E+00   0.0000000E+00   0.0000000E+00
   3.9981761E-03   5.1552014E+06   5.1552014E+06   1.3037826E+05   7.2908881E+02   1.2918035E+05   5.1417140E+06   5.1552014E+06   0.0000000E+00   0.0000000E+00   0.0000000E+00   0.0000000E+00   0.0000000E+00
   4.2964713E-03   5.1164964E+06   5.1164964E+06   1.0030045E+05   6.4684268E+02   1.2334568E+05   5.1026084E+06   5.1164964E+06   0.0000000E+00   0.0000000E+00   0.0000000E+00   0.0000000E+00   0.0000000E+00
   4.6170217E-03   5.0748113E+06   5.0748113E+06   8.5125304E+04   5.7087057E+02   1.1839010E+05   5.0605398E+06   5.0748113E+06   0.0000000E+00   0.0000000E+00   0.0000000E+00   0.0000000E+00   0.0000000E+00
   4.9614876E-03   5.0299999E+06   5.0299999E+06   8.0750237E+04   5.0564320E+02   1.1082708E+05   5.0153686E+06   5.0299999E+06   0.0000000E+00   0.0000000E+00   0.0000000E+00   0.0000000E+00   0.0000000E+00
   5.3316535E-03   4.9819129E+06   4.9819129E+06   6.9786699E+04   4.4904315E+02   1.0188239E+05   4.9669523E+06   4.9819129E+06   0.0000000E+00   0.0000000E+00   0.0000000E+00   0.0000000E+00   0.0000000E+00
   5.7294365E-03   4.9304001E+06   4.9304001E+06   5.4008331E+04   3.9592651E+02   9.5769697E+04   4.9151469E+06   4.9304001E+06   0.0000000E+00   0.0000000E+00   0.0000000E+00   0.0000000E+00   0.0000000E+00
   6.1568974E-03   4.8753166E+06   4.8753166E+06   4.8765975E+04   3.4747460E+02   9.0644187E+04   4.8598108E+06   4.8753166E+06   0.0000000E+00   0.0000000E+00   0.0000000E+00   0.0000000E+00   0.0000000E+00
   6.6162501E-03   4.8165187E+06   4.8165187E+06   4.5596545E+04   3.0650076E+02   8.2730617E+04   4.8007965E+06   4.8165187E+06   0.0000000E+00   0.0000000E+00   0.0000000E+00   0.0000000E+00   0.0000000E+00
   7.1098742E-03   4.7538549E+06   4.7538549E+06   3.4970350E+04   2.6961631E+02   7.6321707E+04   4.7379445E+06   4.7538549E+06   0.0000000E+00   0.0000000E+00   0.0000000E+00   0.0000000E+00   0.0000000E+00
   7.6403264E-03   4.6871751E+06   4.6871751E+06   3.1330280E+04   2.3578141E+02   7.1348170E+04   4.6711052E+06   4.6871751E+06   0.0000000E+00   0.0000000E+00   0.0000000E+00   0.0000000E+00   0.0000000E+00
   8.2103546E-03   4.6163328E+06   4.6163328E+06   2.7126566E+04   2.0636886E+02   6.4248429E+04   4.6001477E+06   4.6163328E+06   0.0000000E+00   0.0000000E+00   0.0000000E+00   0.0000000E+00   0.0000000E+00
   8.8229113E-03   4.5411808E+06   4.5411808E+06   2.1024723E+04   1.7935230E+02   6.0162306E+04   4.5249347E+06   4.5411808E+06   0.0000000E+00   0.0000000E+00   0.0000000E+00   0.0000000E+00   0.0000000E+00
   9.4811696E-03   4.4615761E+06   4.4615761E+06   1.9901133E+04   1.5631965E+02   5.4451500E+04   4.4453094E+06   4.4615761E+06   0.0000000E+00   0.0000000E+00   0.0000000E+00   0.0000000E+00   0.0000000E+00
   1.0188539E-02   4.3773739E+06   4.3773739E+06   1.5224739E+04   1.3552279E+02   5.0162228E+04   4.3611203E+06   4.3773739E+06   0.0000000E+00   0.0000000E+00   0.0000000E+00   0.0000000E+00   0.0000000E+00
   1.0948684E-02   4.2884309E+06   4.2884309E+06   1.4452907E+04   1.1726033E+02   4.5014727E+04   4.2722394E+06   4.2884309E+06   0.0000000E+00   0.0000000E+00   0.0000000E+00   0.0000000E+00   0.0000000E+00
   1.1765541E-02   4.1946070E+06   4.1946070E+06   1.1356709E+04   1.0112750E+02   4.1429666E+04   4.1785250E+06   4.1946070E+06   0.0000000E+00   0.0000000E+00   0.0000000E+00   0.0000000E+00   0.0000000E+00
   1.2643343E-02   4.0957709E+06   4.0957709E+06   9.6032092E+03   8.7141273E+01   3.6745498E+04   4.0798389E+06   4.0957709E+06   0.0000000E+00   0.0000000E+00   0.0000000E+00   0.0000000E+00   0.0000000E+00
   1.3586635E-02   3.9917999E+06   3.9917999E+06   8.6702796E+03   7.4678816E+01   3.3512454E+04   3.9760654E+06   3.9917999E+06   0.0000000E+00   0.0000000E+00   0.0000000E+00   0.0000000E+00   0.0000000E+00
   1.4600305E-02   3.8825890E+06   3.8825890E+06   6.7935970E+03   6.3861759E+01   3.0372077E+04   3.8670976E+06   3.8825890E+06   0.0000000E+00   0.0000000E+00   0.0000000E+00   0.0000000E+00   0.0000000E+00
   1.5689602E-02   3.7680587E+06   3.7680587E+06   5.5704704E+03   5.4506779E+01   2.6834436E+04   3.7528518E+06   3.7680587E+06   0.0000000E+00   0.0000000E+00   0.0000000E+00   0.0000000E+00   0.0000000E+00
   1.6860169E-02   3.6481658E+06   3.6481658E+06   4.8507309E+03   4.6321855E+01   2.3825849E+04   3.6332908E+06   3.6481658E+06   0.0000000E+00   0.0000000E+00   0.0000000E+00   0.0000000E+00   0.0000000E+00
   1.8118069E-02   3.5229222E+06   3.5229222E+06   4.1915618E+03   3.9241489E+01   2.1237717E+04   3.5084196E+06   3.5229222E+06   0.0000000E+00   0.0000000E+00   0.0000000E+00   0.0000000E+00   0.0000000E+00
   1.9469819E-02   3.3924132E+06   3.3924132E+06   3.5341013E+03   3.3110347E+01   1.8879358E+04   3.3783264E+06   3.3924132E+06   0.0000000E+00   0.0000000E+00   0.0000000E+00   0.0000000E+00   0.0000000E+00
   2.0922420E-02   3.2568240E+06   3.2568240E+06   2.8990622E+03   2.7833545E+01   1.6689324E+04   3.2431914E+06   3.2568240E+06   0.0000000E+00   0.0000000E+00   0.0000000E+00   0.0000000E+00   0.0000000E+00
   2.2483394E-02   3.1164706E+06   3.1164706E+06   2.3376469E+03   2.3312445E+01   1.4732753E+04   3.1033308E+06   3.1164706E+06   0.0000000E+00   0.0000000E+00   0.0000000E+00   0.0000000E+00   0.0000000E+00
   2.4160822E-02   2.9718356E+06   2.9718356E+06   1.8831101E+03   1.9435231E+01   1.3036520E+04   2.9592222E+06   2.9718356E+06   0.0000000E+00   0.0000000E+00   0.0000000E+00   0.0000000E+00   0.0000000E+00
   2.5963356E-02   2.8236076E+06   2.8236076E+06   1.6075843E+03   1.6139702E+01   1.1481236E+04   2.8115510E+06   2.8236076E+06   0.0000000E+00   0.0000000E+00   0.0000000E+00   0.0000000E+00   0.0000000E+00
   2.7900186E-02   2.6727254E+06   2.6727254E+06   1.3071430E+03   1.3348643E+01   9.9432531E+03   2.6612507E+06   2.6727254E+06   0.0000000E+00   0.0000000E+00   0.0000000E+00   0.0000000E+00   0.0000000E+00
   2.9980806E-02   2.5204263E+06   2.5204263E+06   1.0747103E+03   1.0987355E+01   8.7557147E+03   2.5095521E+06   2.5204263E+06   0.0000000E+00   0.0000000E+00   0.0000000E+00   0.0000000E+00   0.0000000E+00
   3.2214307E-02   2.3683039E+06   2.3683039E+06   8.4652113E+02   9.0091530E+00   7.5638844E+03   2.3580404E+06   2.3683039E+06   0.0000000E+00   0.0000000E+00   0.0000000E+00   0.0000000E+00   0.0000000E+00
   3.4607673E-02   2.2183729E+06   2.2183729E+06   7.1935276E+02   7.3616709E+00   6.5597389E+03   2.2087205E+06   2.2183729E+06   0.0000000E+00   0.0000000E+00   0.0000000E+00   0.0000000E+00   0.0000000E+00
   3.7162487E-02   2.0731140E+06   2.0731140E+06   5.9161608E+02   6.0017436E+00   5.7384407E+03   2.0640613E+06   2.0731140E+06   0.0000000E+00   0.0000000E+00   0.0000000E+00   0.0000000E+00   0.0000000E+00
   3.9870059E-02   1.9354161E+06   1.9354161E+06   4.7733915E+02   4.8929654E+00   5.0134787E+03   1.9269376E+06   1.9354161E+06   0.0000000E+00   0.0000000E+00   0.0000000E+00   0.0000000E+00   0.0000000E+00
   4.2706818E-02   1.8082761E+06   1.8082761E+06   3.8992068E+02   4.0008844E+00   4.3870614E+03   1.8003322E+06   1.8082761E+06   0.0000000E+00   0.0000000E+00   0.0000000E+00   0.0000000E+00   0.0000000E+00
   4.5634256E-02   1.6941894E+06   1.6941894E+06   3.2249009E+02   3.2935471E+00   3.8529773E+03   1.6867285E+06   1.6941894E+06   0.0000000E+00   0.0000000E+00   0.0000000E+00   0.0000000E+00   0.0000000E+00
   4.8606814E-02   1.5944445E+06   1.5944445E+06   2.6657456E+02   2.7375343E+00   3.4133570E+03   1.5874080E+06   1.5944445E+06   0.0000000E+00   0.0000000E+00   0.0000000E+00   0.0000000E+00   0.0000000E+00
   5.1584572E-02   1.5087839E+06   1.5087839E+06   2.1960156E+02   2.3026227E+00   3.0601329E+03   1.5021134E+06   1.5087839E+06   0.0000000E+00   0.0000000E+00   0.0000000E+00   0.0000000E+00   0.0000000E+00
   5.4542300E-02   1.4356640E+06   1.4356640E+06   1.8256076E+02   1.9604264E+00   2.7834740E+03   1.4293071E+06   1.4356640E+06   0.0000000E+00   0.0000000E+00   0.0000000E+00   0.0000000E+00   0.0000000E+00
   5.7470459E-02   1.3728567E+06   1.3728567E+06   1.5467491E+02   1.6884175E+00   2.5592159E+03   1.3667698E+06   1.3728567E+06   0.0000000E+00   0.0000000E+00   0.0000000E+00   0.0000000E+00   0.0000000E+00
   6.0370921E-02   1.3179924E+06   1.3179924E+06   1.3346562E+02   1.4683469E+00   2.3739847E+03   1.3121420E+06   1.3179924E+06   0.0000000E+00   0.0000000E+00   0.0000000E+00   0.0000000E+00   0.0000000E+00
   6.3251899E-02   1.2688801E+06   1.2688801E+06   1.1666534E+02   1.2872837E+00   2.2142862E+03   1.2632420E+06   1.2688801E+06   0.0000000E+00   0.0000000E+00   0.0000000E+00   0.0000000E+00   0.0000000E+00
   6.6124279E-02   1.2236395E+06   1.2236395E+06   1.0285923E+02   1.1354697E+00   2.0750288E+03   1.2181976E+06   1.2236395E+06   0.0000000E+00   0.0000000E+00   0.0000000E+00   0.0000000E+00   0.0000000E+00
   6.8999533E-02   1.1807342E+06   1.1807342E+06   9.1305336E+01   1.0061395E+00   1.9502696E+03   1.1754789E+06   1.1807342E+06   0.0000000E+00   0.0000000E+00   0.0000000E+00   0.0000000E+00   0.0000000E+00
   7.1888729E-02   1.1389645E+06   1.1389645E+06   8.1698982E+01   8.9428281E-01   1.8367174E+03   1.1338915E+06   1.1389645E+06   0.0000000E+00   0.0000000E+00   0.0000000E+00   0.0000000E+00   0.0000000E+00
   7.4802149E-02   1.0974516E+06   1.0974516E+06   7.3901032E+01   7.9634275E-01   1.7300707E+03   1.0925604E+06   1.0974516E+06   0.0000000E+00   0.0000000E+00   0.0000000E+00   0.0000000E+00   0.0000000E+00
   7.7749216E-02   1.0556217E+06   1.0556217E+06   6.7277099E+01   7.0978834E-01   1.6244854E+03   1.0509141E+06   1.0556217E+06   0.0000000E+00   0.0000000E+00   0.0000000E+00   0.0000000E+00   0.0000000E+00
   8.0738551E-02   1.0131899E+06   1.0131899E+06   6.0413419E+01   6.3270602E-01   1.5192741E+03   1.0086691E+06   1.0131899E+06   0.0000000E+00   0.0000000E+00   0.0000000E+00   0.0000000E+00   0.0000000E+00
   8.3778089E-02   9.7014291E+05   9.7014291E+05   5.2511128E+01   5.6372301E-01   1.4209383E+03   9.6581206E+05   9.7014291E+05   0.0000000E+00   0.0000000E+00   0.0000000E+00   0.0000000E+00   0.0000000E+00
   8.6875190E-02   9.2671462E+05   9.2671462E+05   4.5365703E+01   5.0181950E-01   1.3375192E+03   9.2257575E+05   9.2671462E+05   0.0000000E+00   0.0000000E+00   0.0000000E+00   0.0000000E+00   0.0000000E+00
   9.0036755E-02   8.8335105E+05   8.8335105E+05   4.1494725E+01   4.4634672E-01   1.2595804E+03   8.7940419E+05   8.8335105E+05   0.0000000E+00   0.0000000E+00   0.0000000E+00   0.0000000E+00   0.0000000E+00
   9.3269322E-02   8.4066258E+05   8.4066258E+05   3.7963638E+01   3.9685124E-01   1.1706755E+03   8.3690498E+05   8.4066258E+05   0.0000000E+00   0.0000000E+00   0.0000000E+00   0.0000000E+00   0.0000000E+00
   9.6579149E-02   7.9936163E+05   7.9936163E+05   3.1620072E+01   3.5276923E-01   1.0942469E+03   7.9578733E+05   7.9936163E+05   0.0000000E+00   0.0000000E+00   0.0000000E+00   0.0000000E+00   0.0000000E+00
   9.9972283E-02   7.6018704E+05   7.6018704E+05   2.9251730E+01   3.1370660E-01   1.0334319E+03   7.5678675E+05   7.6018704E+05   0.0000000E+00   0.0000000E+00   0.0000000E+00   0.0000000E+00   0.0000000E+00
   1.0345462E-01   7.2381878E+05   7.2381878E+05   2.5485827E+01   2.7941207E-01   9.6107497E+02   7.2058014E+05   7.2381878E+05   0.0000000E+00   0.0000000E+00   0.0000000E+00   0.0000000E+00   0.0000000E+00
   1.0703193E-01   6.9078962E+05   6.9078962E+05   2.3281482E+01   2.4936281E-01   9.1318833E+02   6.8769784E+05   6.9078962E+05   0.0000000E+00   0.0000000E+00   0.0000000E+00   0.0000000E+00   0.0000000E+00
   1.1070995E-01   6.6140308E+05   6.6140308E+05   1.9803091E+01   2.2321808E-01   8.5808555E+02   6.5844201E+05   6.6140308E+05   0.0000000E+00   0.0000000E+00   0.0000000E+00   0.0000000E+00   0.0000000E+00
   1.1449434E-01   6.3566936E+05   6.3566936E+05   1.8920597E+01   2.0049171E-01   8.1356117E+02   6.3282276E+05   6.3566936E+05   0.0000000E+00   0.0000000E+00   0.0000000E+00   0.0000000E+00   0.0000000E+00
   1.1839076E-01   6.1327180E+05   6.1327180E+05   1.7046286E+01   1.8067847E-01   7.8131122E+02   6.1052483E+05   6.1327180E+05   0.0000000E+00   0.0000000E+00   0.0000000E+00   0.0000000E+00   0.0000000E+00
   1.2240488E-01   5.9357536E+05   5.9357536E+05   1.4948920E+01   1.6332761E-01   7.4885745E+02   5.9091600E+05   5.9357536E+05   0.0000000E+00   0.0000000E+00   0.0000000E+00   0.0000000E+00   0.0000000E+00
   1.2654240E-01   5.7568491E+05   5.7568491E+05   1.3443887E+01   1.4795251E-01   7.1828679E+02   5.7310515E+05   5.7568491E+05   0.0000000E+00   0.0000000E+00   0.0000000E+00   0.0000000E+00   0.0000000E+00
   1.3080902E-01   5.5855433E+05   5.5855433E+05   1.2366872E+01   1.3411268E-01   6.8990698E+02   5.5605082E+05   5.5855433E+05   0.0000000E+00   0.0000000E+00   0.0000000E+00   0.0000000E+00   0.0000000E+00
   1.3521053E-01   5.4113794E+05   5.4113794E+05   1.1402178E+01   1.2146816E-01   6.6066309E+02   5.3871204E+05   5.4113794E+05   0.0000000E+00   0.0000000E+00   0.0000000E+00   0.0000000E+00   0.0000000E+00
   1.3975273E-01   5.2256477E+05   5.2256477E+05   1.0108484E+01   1.0975309E-01   6.3077682E+02   5.2022171E+05   5.2256477E+05   0.0000000E+00   0.0000000E+00   0.0000000E+00   0.0000000E+00   0.0000000E+00
   1.4444152E-01   5.0230555E+05   5.0230555E+05   9.0697340E+00   9.8797891E-02   6.0371089E+02   5.0005295E+05   5.0230555E+05   0.0000000E+00   0.0000000E+00   0.0000000E+00   0.0000000E+00   0.0000000E+00
   1.4928283E-01   4.8029548E+05   4.8029548E+05   8.3511830E+00   8.8551319E-02   5.7023554E+02   4.7814124E+05   4.8029548E+05   0.0000000E+00   0.0000000E+00   0.0000000E+00   0.0000000E+00   0.0000000E+00
   1.5428270E-01   4.5697592E+05   4.5697592E+05   7.1693297E+00   7.9030252E-02   5.4093078E+02   4.5492597E+05   4.5697592E+05   0.0000000E+00   0.0000000E+00   0.0000000E+00   0.0000000E+00   0.0000000E+00
   1.5944721E-01   4.3322831E+05   4.3322831E+05   6.3994126E+00   7.0310528E-02   5.0656707E+02   4.3128461E+05   4.3322831E+05   0.0000000E+00   0.0000000E+00   0.0000000E+00   0.0000000E+00   0.0000000E+00
   1.6478254E-01   4.1019487E+05   4.1019487E+05   5.8604620E+00   6.2466753E-02   4.7688470E+02   4.0835427E+05   4.1019487E+05   0.0000000E+00   0.0000000E+00   0.0000000E+00   0.0000000E+00   0.0000000E+00
   1.7029496E-01   3.8901094E+05   3.8901094E+05   5.2220571E+00   5.5554873E-02   4.4994147E+02   3.8726518E+05   3.8901094E+05   0.0000000E+00   0.0000000E+00   0.0000000E+00   0.0000000E+00   0.0000000E+00
   1.7599084E-01   3.7050606E+05   3.7050606E+05   4.6494627E+00   4.9570421E-02   4.2563448E+02   3.6884315E+05   3.7050606E+05   0.0000000E+00   0.0000000E+00   0.0000000E+00   0.0000000E+00   0.0000000E+00
   1.8187665E-01   3.5495570E+05   3.5495570E+05   4.0610880E+00   4.4441302E-02   4.0490971E+02   3.5336240E+05   3.5495570E+05   0.0000000E+00   0.0000000E+00   0.0000000E+00   0.0000000E+00   0.0000000E+00
   1.8795900E-01   3.4196965E+05   3.4196965E+05   3.6420494E+00   4.0028058E-02   3.8933084E+02   3.4043448E+05   3.4196965E+05   0.0000000E+00   0.0000000E+00   0.0000000E+00   0.0000000E+00   0.0000000E+00
   1.9424460E-01   3.3057757E+05   3.3057757E+05   3.3210429E+00   3.6163227E-02   3.7361089E+02   3.2909340E+05   3.3057757E+05   0.0000000E+00   0.0000000E+00   0.0000000E+00   0.0000000E+00   0.0000000E+00
   2.0074036E-01   3.1951566E+05   3.1951566E+05   3.0591482E+00   3.2674680E-02   3.5994753E+02   3.1808103E+05   3.1951566E+05   0.0000000E+00   0.0000000E+00   0.0000000E+00   0.0000000E+00   0.0000000E+00
   2.0745333E-01   3.0764347E+05   3.0764347E+05   2.6997255E+00   2.9436384E-02   3.4533459E+02   3.0626202E+05   3.0764347E+05   0.0000000E+00   0.0000000E+00   0.0000000E+00   0.0000000E+00   0.0000000E+00
   2.1439079E-01   2.9435171E+05   2.9435171E+05   2.3994769E+00   2.6381720E-02   3.2883528E+02   2.9302984E+05   2.9435171E+05   0.0000000E+00   0.0000000E+00   0.0000000E+00   0.0000000E+00   0.0000000E+00
   2.2156025E-01   2.7979618E+05   2.7979618E+05   2.1550395E+00   2.3513036E-02   3.1135205E+02   2.7853957E+05   2.7979618E+05   0.0000000E+00   0.0000000E+00   0.0000000E+00   0.0000000E+00   0.0000000E+00
   2.2896950E-01   2.6483425E+05   2.6483425E+05   1.9516370E+00   2.0876810E-02   2.9326343E+02   2.6364476E+05   2.6483425E+05   0.0000000E+00   0.0000000E+00   0.0000000E+00   0.0000000E+00   0.0000000E+00
   2.3662665E-01   2.5065353E+05   2.5065353E+05   1.6744715E+00   1.8529106E-02   2.7640626E+02   2.4952765E+05   2.5065353E+05   0.0000000E+00   0.0000000E+00   0.0000000E+00   0.0000000E+00   0.0000000E+00
   2.4454017E-01   2.3822894E+05   2.3822894E+05   1.5179451E+00   1.6498456E-02   2.6172708E+02   2.3715880E+05   2.3822894E+05   0.0000000E+00   0.0000000E+00   0.0000000E+00   0.0000000E+00   0.0000000E+00
   2.5271901E-01   2.2785676E+05   2.2785676E+05   1.3601354E+00   1.4766472E-02   2.4950960E+02   2.2683315E+05   2.2785676E+05   0.0000000E+00   0.0000000E+00   0.0000000E+00   0.0000000E+00   0.0000000E+00
   2.6117256E-01   2.1901549E+05   2.1901549E+05   1.2265818E+00   1.3271935E-02   2.3901835E+02   2.1803155E+05   2.1901549E+05   0.0000000E+00   0.0000000E+00   0.0000000E+00   0.0000000E+00   0.0000000E+00
   2.6991084E-01   2.1066071E+05   2.1066071E+05   1.0894912E+00   1.1937972E-02   2.2928481E+02   2.0971425E+05   2.1066071E+05   0.0000000E+00   0.0000000E+00   0.0000000E+00   0.0000000E+00   0.0000000E+00
   2.7894453E-01   2.0182112E+05   2.0182112E+05   9.8558330E-01   1.0704130E-02   2.1935417E+02   2.0091433E+05   2.0182112E+05   0.0000000E+00   0.0000000E+00   0.0000000E+00   0.0000000E+00   0.0000000E+00
   2.8828507E-01   1.9215759E+05   1.9215759E+05   8.6902257E-01   9.5482200E-03   2.0811669E+02   1.9129418E+05   1.9215759E+05   0.0000000E+00   0.0000000E+00   0.0000000E+00   0.0000000E+00   0.0000000E+00
   2.9794483E-01   1.8212601E+05   1.8212601E+05   7.7550333E-01   8.4824969E-03   1.9678306E+02   1.8130764E+05   1.8212601E+05   0.0000000E+00   0.0000000E+00   0.0000000E+00   0.0000000E+00   0.0000000E+00
   3.0793719E-01   1.7261250E+05   1.7261250E+05   6.8967846E-01   7.5330424E-03   1.8617402E+02   1.7183684E+05   1.7261250E+05   0.0000000E+00   0.0000000E+00   0.0000000E+00   0.0000000E+00   0.0000000E+00
   3.1827672E-01   1.6427480E+05   1.6427480E+05   6.2047057E-01   6.7114346E-03   1.7670856E+02   1.6353659E+05   1.6427480E+05   0.0000000E+00   0.0000000E+00   0.0000000E+00   0.0000000E+00   0.0000000E+00
   3.2897940E-01   1.5707079E+05   1.5707079E+05   5.4795574E-01   6.0020945E-03   1.6867782E+02   1.5636492E+05   1.5707079E+05   0.0000000E+00   0.0000000E+00   0.0000000E+00   0.0000000E+00   0.0000000E+00
   3.4006277E-01   1.5034941E+05   1.5034941E+05   4.9006427E-01   5.3727682E-03   1.6111854E+02   1.4967373E+05   1.5034941E+05   0.0000000E+00   0.0000000E+00   0.0000000E+00   0.0000000E+00   0.0000000E+00
   3.5154622E-01   1.4343745E+05   1.4343745E+05   4.4063269E-01   4.7956920E-03   1.5347300E+02   1.4279280E+05   1.4343745E+05   0.0000000E+00   0.0000000E+00   0.0000000E+00   0.0000000E+00   0.0000000E+00
   3.6345129E-01   1.3621129E+05   1.3621129E+05   3.9015819E-01   4.2631873E-03   1.4545242E+02   1.3559910E+05   1.3621129E+05   0.0000000E+00   0.0000000E+00   0.0000000E+00   0.0000000E+00   0.0000000E+00
   3.7580202E-01   1.2912571E+05   1.2912571E+05   3.4746988E-01   3.7824397E-03   1.3764569E+02   1.2854535E+05   1.2912571E+05   0.0000000E+00   0.0000000E+00   0.0000000E+00   0.0000000E+00   0.0000000E+00
   3.8862534E-01   1.2268032E+05   1.2268032E+05   3.0782400E-01   3.3608031E-03   1.3056939E+02   1.2212892E+05   1.2268032E+05   0.0000000E+00   0.0000000E+00   0.0000000E+00   0.0000000E+00   0.0000000E+00
   4.0195163E-01   1.1688903E+05   1.1688903E+05   2.7503411E-01   2.9921920E-03   1.2424559E+02   1.1636364E+05   1.1688903E+05   0.0000000E+00   0.0000000E+00   0.0000000E+00   0.0000000E+00   0.0000000E+00
   4.1581528E-01   1.1133092E+05   1.1133092E+05   2.4470157E-01   2.6620372E-03   1.1820679E+02   1.1083050E+05   1.1133092E+05   0.0000000E+00   0.0000000E+00   0.0000000E+00   0.0000000E+00   0.0000000E+00
   4.3025549E-01   1.0569512E+05   1.0569512E+05   2.1681384E-01   2.3610151E-03   1.1203989E+02   1.0522003E+05   1.0569512E+05   0.0000000E+00   0.0000000E+00   0.0000000E+00   0.0000000E+00   0.0000000E+00
   4.4531716E-01   1.0012268E+05   1.0012268E+05   1.9200610E-01   2.0885010E-03   1.0603618E+02   9.9672623E+04   1.0012268E+05   0.0000000E+00   0.0000000E+00   0.0000000E+00   0.0000000E+00   0.0000000E+00
   4.6105206E-01   9.4917170E+04   9.4917170E+04   1.6950226E-01   1.8471056E-03   1.0040605E+02   9.4490503E+04   9.4917170E+04   0.0000000E+00   0.0000000E+00   0.0000000E+00   0.0000000E+00   0.0000000E+00
   4.7752027E-01   9.0077581E+04   9.0077581E+04   1.5002907E-01   1.6338528E-03   9.5191864E+01   8.9672661E+04   9.0077581E+04   0.0000000E+00   0.0000000E+00   0.0000000E+00   0.0000000E+00   0.0000000E+00
   4.9479193E-01   8.5354558E+04   8.5354558E+04   1.3219105E-01   1.4418620E-03   9.0092753E+01   8.4970862E+04   8.5354558E+04   0.0000000E+00   0.0000000E+00   0.0000000E+00   0.0000000E+00   0.0000000E+00
   5.1294963E-01   8.0680797E+04   8.0680797E+04   1.1630789E-01   1.2684669E-03   8.5079795E+01   8.0318106E+04   8.0680797E+04   0.0000000E+00   0.0000000E+00   0.0000000E+00   0.0000000E+00   0.0000000E+00
   5.3209124E-01   7.6213064E+04   7.6213064E+04   1.0215425E-01   1.1135702E-03   8.0289473E+01   7.5870451E+04   7.6213064E+04   0.0000000E+00   0.0000000E+00   0.0000000E+00   0.0000000E+00   0.0000000E+00
   5.5233372E-01   7.1972194E+04   7.1972194E+04   8.9481107E-02   9.7593557E-04   7.5753102E+01   7.1648641E+04   7.1972194E+04   0.0000000E+00   0.0000000E+00   0.0000000E+00   0.0000000E+00   0.0000000E+00
   5.7381792E-01   6.7827048E+04   6.7827048E+04   7.8187903E-02   8.5214639E-04   7.1335975E+01   6.7522124E+04   6.7827048E+04   0.0000000E+00   0.0000000E+00   0.0000000E+00   0.0000000E+00   0.0000000E+00
   5.9671483E-01   6.3783778E+04   6.3783778E+04   6.7953028E-02   7.4106168E-04   6.7034243E+01   6.3497028E+04   6.3783778E+04   0.0000000E+00   0.0000000E+00   0.0000000E+00   0.0000000E+00   0.0000000E+00
   6.2123363E-01   5.9896621E+04   5.9896621E+04   5.8907094E-02   6.4200271E-04   6.2913925E+01   5.9627342E+04   5.9896621E+04   0.0000000E+00   0.0000000E+00   0.0000000E+00   0.0000000E+00   0.0000000E+00
   6.4763182E-01   5.6104160E+04   5.6104160E+04   5.0770118E-02   5.5336029E-04   5.8875941E+01   5.5851929E+04   5.6104160E+04   0.0000000E+00   0.0000000E+00   0.0000000E+00   0.0000000E+00   0.0000000E+00
   6.7622796E-01   5.2399202E+04   5.2399202E+04   4.3480562E-02   4.7404959E-04   5.4953473E+01   5.2163624E+04   5.2399202E+04   0.0000000E+00   0.0000000E+00   0.0000000E+00   0.0000000E+00   0.0000000E+00
   7.0741667E-01   4.8791819E+04   4.8791819E+04   3.6999992E-02   4.0335175E-04   5.1137793E+01   4.8572457E+04   4.8791819E+04   0.0000000E+00   0.0000000E+00   0.0000000E+00   0.0000000E+00   0.0000000E+00
   7.4168467E-01   4.5253470E+04   4.5253470E+04   3.1216808E-02   3.4035997E-04   4.7394946E+01   4.5050013E+04   4.5253470E+04   0.0000000E+00   0.0000000E+00   0.0000000E+00   0.0000000E+00   0.0000000E+00
   7.7962415E-01   4.1791051E+04   4.1791051E+04   2.6090602E-02   2.8446403E-04   4.3741229E+01   4.1603159E+04   4.1791051E+04   0.0000000E+00   0.0000000E+00   0.0000000E+00   0.0000000E+00   0.0000000E+00
   8.2193505E-01   3.8396667E+04   3.8396667E+04   2.1567765E-02   2.3515580E-04   4.0168330E+01   3.8224035E+04   3.8396667E+04   0.0000000E+00   0.0000000E+00   0.0000000E+00   0.0000000E+00   0.0000000E+00
   8.6940162E-01   3.5079929E+04   3.5079929E+04   1.7611539E-02   1.9201587E-04   3.6679855E+01   3.4922207E+04   3.5079929E+04   0.0000000E+00   0.0000000E+00   0.0000000E+00   0.0000000E+00   0.0000000E+00
   9.2282500E-01   3.1856801E+04   3.1856801E+04   1.4194986E-02   1.5477799E-04   3.3289136E+01   3.1713569E+04   3.1856801E+04   0.0000000E+00   0.0000000E+00   0.0000000E+00   0.0000000E+00   0.0000000E+00
   9.8290568E-01   2.8756596E+04   2.8756596E+04   1.1294904E-02   1.2315778E-04   3.0038220E+01   2.8627302E+04   2.8756596E+04   0.0000000E+00   0.0000000E+00   0.0000000E+00   0.0000000E+00   0.0000000E+00
   1.0501111E+00   2.5817336E+04   2.5817336E+04   8.8839771E-03   9.6873559E-05   2.6951984E+01   2.5701257E+04   2.5817336E+04   0.0000000E+00   0.0000000E+00   0.0000000E+00   0.0000000E+00   0.0000000E+00
   1.1246150E+00   2.3076258E+04   2.3076258E+04   6.9234320E-03   7.5495091E-05   2.4082625E+01   2.2972502E+04   2.3076258E+04   0.0000000E+00   0.0000000E+00   0.0000000E+00   0.0000000E+00   0.0000000E+00
   1.2063775E+00   2.0560319E+04   2.0560319E+04   5.3607392E-03   5.8458528E-05   2.1448951E+01   2.0467875E+04   2.0560319E+04   0.0000000E+00   0.0000000E+00   0.0000000E+00   0.0000000E+00   0.0000000E+00
   1.2953246E+00   1.8280699E+04   1.8280699E+04   4.1342284E-03   4.5085228E-05   1.9063101E+01   1.8198504E+04   1.8280699E+04   0.0000000E+00   0.0000000E+00   0.0000000E+00   0.0000000E+00   0.0000000E+00
   1.3915035E+00   1.6232736E+04   1.6232736E+04   3.1811160E-03   3.4691646E-05   1.6924618E+01   1.6159749E+04   1.6232736E+04   0.0000000E+00   0.0000000E+00   0.0000000E+00   0.0000000E+00   0.0000000E+00
   1.4951421E+00   1.4401979E+04   1.4401979E+04   2.4446068E-03   2.6660543E-05   1.5012354E+01   1.4337223E+04   1.4401979E+04   0.0000000E+00   0.0000000E+00   0.0000000E+00   0.0000000E+00   0.0000000E+00
   1.6066308E+00   1.2770022E+04   1.2770022E+04   1.8790378E-03   2.0473435E-05   1.3308058E+01   1.2712604E+04   1.2770022E+04   0.0000000E+00   0.0000000E+00   0.0000000E+00   0.0000000E+00   0.0000000E+00
   1.7264801E+00   1.1317196E+04   1.1317196E+04   1.4410242E-03   1.5713298E-05   1.1790436E+01   1.1266310E+04   1.1317196E+04   0.0000000E+00   0.0000000E+00   0.0000000E+00   0.0000000E+00   0.0000000E+00
   1.8552844E+00   1.0025123E+04   1.0025123E+04   1.1052387E-03   1.2054163E-05   1.0442597E+01   9.9800468E+03   1.0025123E+04   0.0000000E+00   0.0000000E+00   0.0000000E+00   0.0000000E+00   0.0000000E+00
   1.9937021E+00   8.8766727E+03   8.8766727E+03   8.4742133E-04   9.2431730E-06   9.2449693E+00   8.8367599E+03   8.8766727E+03   0.0000000E+00   0.0000000E+00   0.0000000E+00   0.0000000E+00   0.0000000E+00
   2.1424477E+00   7.8565323E+03   7.8565323E+03   6.4948831E-04   7.0845809E-06   8.1827394E+00   7.8212064E+03   7.8565323E+03   0.0000000E+00   0.0000000E+00   0.0000000E+00   0.0000000E+00   0.0000000E+00
   2.3022910E+00   6.9508044E+03   6.9508044E+03   4.9758853E-04   5.4281612E-06   7.2379356E+00   6.9195509E+03   6.9508044E+03   0.0000000E+00   0.0000000E+00   0.0000000E+00   0.0000000E+00   0.0000000E+00
   2.4740599E+00   6.1470874E+03   6.1470874E+03   3.8106676E-04   4.1573132E-06   6.4006882E+00   6.1194476E+03   6.1470874E+03   0.0000000E+00   0.0000000E+00   0.0000000E+00   0.0000000E+00   0.0000000E+00
   2.6586442E+00   5.4342442E+03   5.4342442E+03   2.9172135E-04   3.1828873E-06   5.6577990E+00   5.4098097E+03   5.4342442E+03   0.0000000E+00   0.0000000E+00   0.0000000E+00   0.0000000E+00   0.0000000E+00
   2.8569998E+00   4.8022950E+03   4.8022950E+03   2.2324202E-04   2.4359584E-06   4.9996173E+00   4.7807020E+03   4.8022950E+03   0.0000000E+00   0.0000000E+00   0.0000000E+00   0.0000000E+00   0.0000000E+00
   3.0701544E+00   4.2423198E+03   4.2423198E+03   1.7077867E-04   1.8636774E-06   4.4163727E+00   4.2232446E+03   4.2423198E+03   0.0000000E+00   0.0000000E+00   0.0000000E+00   0.0000000E+00   0.0000000E+00
   3.2992119E+00   3.7463432E+03   3.7463432E+03   1.3065043E-04   1.4253512E-06   3.9001022E+00   3.7294981E+03   3.7463432E+03   0.0000000E+00   0.0000000E+00   0.0000000E+00   0.0000000E+00   0.0000000E+00
   3.5453590E+00   3.3072401E+03   3.3072401E+03   9.9843062E-05   1.0898061E-06   3.4425339E+00   3.2923693E+03   3.3072401E+03   0.0000000E+00   0.0000000E+00   0.0000000E+00   0.0000000E+00   0.0000000E+00
   3.8098705E+00   2.9186508E+03   2.9186508E+03   7.6298278E-05   8.3298973E-07   3.0380325E+00   2.9055273E+03   2.9186508E+03   0.0000000E+00   0.0000000E+00   0.0000000E+00   0.0000000E+00   0.0000000E+00
   4.0941167E+00   2.5749032E+03   2.5749032E+03   5.8291316E-05   6.3648938E-07   2.6801595E+00   2.5633253E+03   2.5749032E+03   0.0000000E+00   0.0000000E+00   0.0000000E+00   0.0000000E+00   0.0000000E+00
   4.3995698E+00   2.2709416E+03   2.2709416E+03   4.4500290E-05   4.8622067E-07   2.3637697E+00   2.2607305E+03   2.2709416E+03   0.0000000E+00   0.0000000E+00   0.0000000E+00   0.0000000E+00   0.0000000E+00
   4.7278122E+00   2.0022630E+03   2.0022630E+03   3.3978779E-05   3.7132967E-07   2.0839084E+00   1.9932600E+03   2.0022630E+03   0.0000000E+00   0.0000000E+00   0.0000000E+00   0.0000000E+00   0.0000000E+00
   5.0805440E+00   1.7648591E+03   1.7648591E+03   2.5944992E-05   2.8351359E-07   1.8368281E+00   1.7569235E+03   1.7648591E+03   0.0000000E+00   0.0000000E+00   0.0000000E+00   0.0000000E+00   0.0000000E+00
   5.4595923E+00   1.5551640E+03   1.5551640E+03   1.9799063E-05   2.1641492E-07   1.6185026E+00   1.5481713E+03   1.5551640E+03   0.0000000E+00   0.0000000E+00   0.0000000E+00   0.0000000E+00   0.0000000E+00
   5.8669207E+00   1.3700077E+03   1.3700077E+03   1.5103428E-05   1.6515806E-07   1.4258224E+00   1.3638475E+03   1.3700077E+03   0.0000000E+00   0.0000000E+00   0.0000000E+00   0.0000000E+00   0.0000000E+00
   6.3046389E+00   1.2065732E+03   1.2065732E+03   1.1518465E-05   1.2601678E-07   1.2556728E+00   1.2011480E+03   1.2065732E+03   0.0000000E+00   0.0000000E+00   0.0000000E+00   0.0000000E+00   0.0000000E+00
   6.7750143E+00   1.0623593E+03   1.0623593E+03   8.7828700E-06   9.6130791E-08   1.1056767E+00   1.0575824E+03   1.0623593E+03   0.0000000E+00   0.0000000E+00   0.0000000E+00   0.0000000E+00   0.0000000E+00
   7.2804834E+00   9.3514542E+02   9.3514542E+02   6.6947713E-06   7.3322789E-08   9.7316225E-01   9.3094060E+02   9.3514542E+02   0.0000000E+00   0.0000000E+00   0.0000000E+00   0.0000000E+00   0.0000000E+00
   7.8236645E+00   8.2296206E+02   8.2296206E+02   5.1016748E-06   5.5916025E-08   8.5642367E-01   8.1926167E+02   8.2296206E+02   0.0000000E+00   0.0000000E+00   0.0000000E+00   0.0000000E+00   0.0000000E+00
   8.4073711E+00   7.2406271E+02   7.2406271E+02   3.8870689E-06   4.2635980E-08   7.5349495E-01   7.2080701E+02   7.2406271E+02   0.0000000E+00   0.0000000E+00   0.0000000E+00   0.0000000E+00   0.0000000E+00
