#           k/h    CDM            baryon         photon         nu             mass_nu        total          no_nu          total_de       Weyl           v_CDM          v_b            v_b-v_c     
   9.8378740E-06   5.1481237E+06   5.1481237E+06   6.8634013E+06   1.4577250E+04   1.9807918E+05   5.1483530E+06   5.1481237E+06   0.0000000E+00   0.0000000E+00   0.0000000E+00   0.0000000E+00   0.0000000E+00
   1.0571856E-05   5.1481228E+06   5.1481228E+06   6.8632818E+06   1.4577094E+04   1.9807739E+05   5.1483520E+06   5.1481228E+06   0.0000000E+00   0.0000000E+00   0.0000000E+00   0.0000000E+00   0.0000000E+00
   1.1360600E-05   5.1481217E+06   5.1481217E+06   6.8631439E+06   1.4576913E+04   1.9807532E+05   5.1483509E+06   5.1481217E+06   0.0000000E+00   0.0000000E+00   0.0000000E+00   0.0000000E+00   0.0000000E+00
   1.2208189E-05   5.1481205E+06   5.1481205E+06   6.8629847E+06   1.4576705E+04   1.9807292E+05   5.1483495E+06   5.1481205E+06   0.0000000E+00   0.0000000E+00   0.0000000E+00   0.0000000E+00   0.0000000E+00
   1.3119016E-05   5.1481191E+06   5.1481191E+06   6.8628008E+06   1.4576465E+04   1.9807016E+05   5.1483480E+06   5.1481191E+06   0.0000000E+00   0.0000000E+00   0.0000000E+00   0.0000000E+00   0.0000000E+00
   1.4097797E-05   5.1481174E+06   5.1481174E+06   6.8625884E+06   1.4576187E+04   1.9806697E+05   5.1483462E+06   5.1481174E+06   0.0000000E+00   0.0000000E+00   0.0000000E+00   0.0000000E+00   0.0000000E+00
   1.5149603E-05   5.1481155E+06   5.1481155E+06   6.8623432E+06   1.4575866E+04   1.9806329E+05   5.1483441E+06   5.1481155E+06   0.0000000E+00   0.0000000E+00   0.0000000E+00   0.0000000E+00   0.0000000E+00
   1.6279882E-05   5.1481134E+06   5.1481134E+06   6.8620601E+06   1.4575496E+04   1.9805904E+05   5.1483418E+06   5.1481134E+06   0.0000000E+00   0.0000000E+00   0.0000000E+00   0.0000000E+00   0.0000000E+00
   1.7494489E-05   5.1481108E+06   5.1481108E+06   6.8617331E+06   1.4575069E+04   1.9805413E+05   5.1483390E+06   5.1481108E+06   0.0000000E+00   0.0000000E+00   0.0000000E+00   0.0000000E+00   0.0000000E+00
   1.8799715E-05   5.1481079E+06   5.1481079E+06   6.8613556E+06   1.4574575E+04   1.9804846E+05   5.1483358E+06   5.1481079E+06   0.0000000E+00   0.0000000E+00   0.0000000E+00   0.0000000E+00   0.0000000E+00
   2.0202321E-05   5.1481046E+06   5.1481046E+06   6.8609196E+06   1.4574005E+04   1.9804192E+05   5.1483322E+06   5.1481046E+06   0.0000000E+00   0.0000000E+00   0.0000000E+00   0.0000000E+00   0.0000000E+00
   2.1709572E-05   5.1481007E+06   5.1481007E+06   6.8604162E+06   1.4573346E+04   1.9803436E+05   5.1483279E+06   5.1481007E+06   0.0000000E+00   0.0000000E+00   0.0000000E+00   0.0000000E+00   0.0000000E+00
   2.3329276E-05   5.1480962E+06   5.1480962E+06   6.8598349E+06   1.4572586E+04   1.9802563E+05   5.1483230E+06   5.1480962E+06   0.0000000E+00   0.0000000E+00   0.0000000E+00   0.0000000E+00   0.0000000E+00
   2.5069822E-05   5.1480910E+06   5.1480910E+06   6.8591637E+06   1.4571708E+04   1.9801555E+05   5.1483174E+06   5.1480910E+06   0.0000000E+00   0.0000000E+00   0.0000000E+00   0.0000000E+00   0.0000000E+00
   2.6940227E-05   5.1480851E+06   5.1480851E+06   6.8583887E+06   1.4570695E+04   1.9800392E+05   5.1483108E+06   5.1480851E+06   0.0000000E+00   0.0000000E+00   0.0000000E+00   0.0000000E+00   0.0000000E+00
   2.8950179E-05   5.1480782E+06   5.1480782E+06   6.8574938E+06   1.4569524E+04   1.9799049E+05   5.1483033E+06   5.1480782E+06   0.0000000E+00   0.0000000E+00   0.0000000E+00   0.0000000E+00   0.0000000E+00
   3.1110089E-05   5.1480702E+06   5.1480702E+06   6.8564606E+06   1.4568173E+04   1.9797498E+05   5.1482946E+06   5.1480702E+06   0.0000000E+00   0.0000000E+00   0.0000000E+00   0.0000000E+00   0.0000000E+00
   3.3431145E-05   5.1480610E+06   5.1480610E+06   6.8552676E+06   1.4566612E+04   1.9795708E+05   5.1482846E+06   5.1480610E+06   0.0000000E+00   0.0000000E+00   0.0000000E+00   0.0000000E+00   0.0000000E+00
   3.5925371E-05   5.1480504E+06   5.1480504E+06   6.8538902E+06   1.4564811E+04   1.9793641E+05   5.1482730E+06   5.1480504E+06   0.0000000E+00   0.0000000E+00   0.0000000E+00   0.0000000E+00   0.0000000E+00
   3.8605684E-05   5.1480381E+06   5.1480381E+06   6.8522999E+06   1.4562730E+04   1.9791255E+05   5.1482596E+06   5.1480381E+06   0.0000000E+00   0.0000000E+00   0.0000000E+00   0.0000000E+00   0.0000000E+00
   4.1485971E-05   5.1480240E+06   5.1480240E+06   6.8504639E+06   1.4560329E+04   1.9788501E+05   5.1482441E+06   5.1480240E+06   0.0000000E+00   0.0000000E+00   0.0000000E+00   0.0000000E+00   0.0000000E+00
   4.4581149E-05   5.1480076E+06   5.1480076E+06   6.8483444E+06   1.4557555E+04   1.9785323E+05   5.1482262E+06   5.1480076E+06   0.0000000E+00   0.0000000E+00   0.0000000E+00   0.0000000E+00   0.0000000E+00
   4.7907252E-05   5.1479887E+06   5.1479887E+06   6.8458975E+06   1.4554354E+04   1.9781654E+05   5.1482056E+06   5.1479887E+06   0.0000000E+00   0.0000000E+00   0.0000000E+00   0.0000000E+00   0.0000000E+00
   5.1481508E-05   5.1479669E+06   5.1479669E+06   6.8430729E+06   1.4550658E+04   1.9777420E+05   5.1481818E+06   5.1479669E+06   0.0000000E+00   0.0000000E+00   0.0000000E+00   0.0000000E+00   0.0000000E+00
   5.5322431E-05   5.1479418E+06   5.1479418E+06   6.8398125E+06   1.4546391E+04   1.9772534E+05   5.1481543E+06   5.1479418E+06   0.0000000E+00   0.0000000E+00   0.0000000E+00   0.0000000E+00   0.0000000E+00
   5.9449918E-05   5.1479127E+06   5.1479127E+06   6.8360493E+06   1.4541465E+04   1.9766897E+05   5.1481225E+06   5.1479127E+06   0.0000000E+00   0.0000000E+00   0.0000000E+00   0.0000000E+00   0.0000000E+00
   6.3885347E-05   5.1478791E+06   5.1478791E+06   6.8317061E+06   1.4535780E+04   1.9760394E+05   5.1480859E+06   5.1478791E+06   0.0000000E+00   0.0000000E+00   0.0000000E+00   0.0000000E+00   0.0000000E+00
   6.8651694E-05   5.1478404E+06   5.1478404E+06   6.8266938E+06   1.4529217E+04   1.9752892E+05   5.1480435E+06   5.1478404E+06   0.0000000E+00   0.0000000E+00   0.0000000E+00   0.0000000E+00   0.0000000E+00
   7.3773648E-05   5.1477957E+06   5.1477957E+06   6.8209101E+06   1.4521643E+04   1.9744241E+05   5.1479947E+06   5.1477957E+06   0.0000000E+00   0.0000000E+00   0.0000000E+00   0.0000000E+00   0.0000000E+00
   7.9277739E-05   5.1477440E+06   5.1477440E+06   6.8142369E+06   1.4512902E+04   1.9734265E+05   5.1479382E+06   5.1477440E+06   0.0000000E+00   0.0000000E+00   0.0000000E+00   0.0000000E+00   0.0000000E+00
   8.5192479E-05   5.1476844E+06   5.1476844E+06   6.8065385E+06   1.4502816E+04   1.9722765E+05   5.1478731E+06   5.1476844E+06   0.0000000E+00   0.0000000E+00   0.0000000E+00   0.0000000E+00   0.0000000E+00
   9.1548505E-05   5.1476155E+06   5.1476155E+06   6.7976588E+06   1.4491178E+04   1.9709511E+05   5.1477979E+06   5.1476155E+06   0.0000000E+00   0.0000000E+00   0.0000000E+00   0.0000000E+00   0.0000000E+00
   9.8378740E-05   5.1475361E+06   5.1475361E+06   6.7874184E+06   1.4477753E+04   1.9694241E+05   5.1477110E+06   5.1475361E+06   0.0000000E+00   0.0000000E+00   0.0000000E+00   0.0000000E+00   0.0000000E+00
   1.0571856E-04   5.1474443E+06   5.1474443E+06   6.7756110E+06   1.4462266E+04   1.9676654E+05   5.1476108E+06   5.1474443E+06   0.0000000E+00   0.0000000E+00   0.0000000E+00   0.0000000E+00   0.0000000E+00
   1.1360600E-04   5.1473384E+06   5.1473384E+06   6.7620004E+06   1.4444406E+04   1.9656408E+05   5.1474951E+06   5.1473384E+06   0.0000000E+00   0.0000000E+00   0.0000000E+00   0.0000000E+00   0.0000000E+00
   1.2208189E-04   5.1472162E+06   5.1472162E+06   6.7463153E+06   1.4423813E+04   1.9633110E+05   5.1473616E+06   5.1472162E+06   0.0000000E+00   0.0000000E+00   0.0000000E+00   0.0000000E+00   0.0000000E+00
   1.3119016E-04   5.1470751E+06   5.1470751E+06   6.7282453E+06   1.4400074E+04   1.9606316E+05   5.1472075E+06   5.1470751E+06   0.0000000E+00   0.0000000E+00   0.0000000E+00   0.0000000E+00   0.0000000E+00
   1.4097797E-04   5.1469123E+06   5.1469123E+06   6.7074355E+06   1.4372715E+04   1.9575521E+05   5.1470297E+06   5.1469123E+06   0.0000000E+00   0.0000000E+00   0.0000000E+00   0.0000000E+00   0.0000000E+00
   1.5149603E-04   5.1467244E+06   5.1467244E+06   6.6834806E+06   1.4341195E+04   1.9540154E+05   5.1468245E+06   5.1467244E+06   0.0000000E+00   0.0000000E+00   0.0000000E+00   0.0000000E+00   0.0000000E+00
   1.6279882E-04   5.1465076E+06   5.1465076E+06   6.6559190E+06   1.4304893E+04   1.9499571E+05   5.1465877E+06   5.1465076E+06   0.0000000E+00   0.0000000E+00   0.0000000E+00   0.0000000E+00   0.0000000E+00
   1.7494489E-04   5.1462575E+06   5.1462575E+06   6.6242254E+06   1.4263103E+04   1.9453048E+05   5.1463146E+06   5.1462575E+06   0.0000000E+00   0.0000000E+00   0.0000000E+00   0.0000000E+00   0.0000000E+00
   1.8799715E-04   5.1459690E+06   5.1459690E+06   6.5878044E+06   1.4215017E+04   1.9399777E+05   5.1459995E+06   5.1459690E+06   0.0000000E+00   0.0000000E+00   0.0000000E+00   0.0000000E+00   0.0000000E+00
   2.0202321E-04   5.1456363E+06   5.1456363E+06   6.5459827E+06   1.4159717E+04   1.9338860E+05   5.1456362E+06   5.1456363E+06   0.0000000E+00   0.0000000E+00   0.0000000E+00   0.0000000E+00   0.0000000E+00
   2.1709572E-04   5.1452527E+06   5.1452527E+06   6.4980016E+06   1.4096161E+04   1.9269307E+05   5.1452174E+06   5.1452527E+06   0.0000000E+00   0.0000000E+00   0.0000000E+00   0.0000000E+00   0.0000000E+00
   2.3329276E-04   5.1448104E+06   5.1448104E+06   6.4430097E+06   1.4023173E+04   1.9190037E+05   5.1447345E+06   5.1448104E+06   0.0000000E+00   0.0000000E+00   0.0000000E+00   0.0000000E+00   0.0000000E+00
   2.5069822E-04   5.1443007E+06   5.1443007E+06   6.3800568E+06   1.3939422E+04   1.9099877E+05   5.1441781E+06   5.1443007E+06   0.0000000E+00   0.0000000E+00   0.0000000E+00   0.0000000E+00   0.0000000E+00
   2.6940227E-04   5.1437134E+06   5.1437134E+06   6.3080883E+06   1.3843418E+04   1.8997581E+05   5.1435372E+06   5.1437134E+06   0.0000000E+00   0.0000000E+00   0.0000000E+00   0.0000000E+00   0.0000000E+00
   2.8950179E-04   5.1430369E+06   5.1430369E+06   6.2259426E+06   1.3733493E+04   1.8881840E+05   5.1427990E+06   5.1430369E+06   0.0000000E+00   0.0000000E+00   0.0000000E+00   0.0000000E+00   0.0000000E+00
   3.1110089E-04   5.1422581E+06   5.1422581E+06   6.1323516E+06   1.3607795E+04   1.8751313E+05   5.1419493E+06   5.1422581E+06   0.0000000E+00   0.0000000E+00   0.0000000E+00   0.0000000E+00   0.0000000E+00
   3.3431145E-04   5.1413619E+06   5.1413619E+06   6.0259457E+06   1.3464280E+04   1.8604673E+05   5.1409718E+06   5.1413619E+06   0.0000000E+00   0.0000000E+00   0.0000000E+00   0.0000000E+00   0.0000000E+00
   3.5925371E-04   5.1403310E+06   5.1403310E+06   5.9052667E+06   1.3300712E+04   1.8440664E+05   5.1398476E+06   5.1403310E+06   0.0000000E+00   0.0000000E+00   0.0000000E+00   0.0000000E+00   0.0000000E+00
   3.8605684E-04   5.1391460E+06   5.1391460E+06   5.7687889E+06   1.3114669E+04   1.8258181E+05   5.1385558E+06   5.1391460E+06   0.0000000E+00   0.0000000E+00   0.0000000E+00   0.0000000E+00   0.0000000E+00
   4.1485971E-04   5.1377847E+06   5.1377847E+06   5.6149531E+06   1.2903563E+04   1.8056384E+05   5.1370722E+06   5.1377847E+06   0.0000000E+00   0.0000000E+00   0.0000000E+00   0.0000000E+00   0.0000000E+00
   4.4581149E-04   5.1362221E+06   5.1362221E+06   5.4422165E+06   1.2664672E+04   1.7834830E+05   5.1353701E+06   5.1362221E+06   0.0000000E+00   0.0000000E+00   0.0000000E+00   0.0000000E+00   0.0000000E+00
   4.7907252E-04   5.1344300E+06   5.1344300E+06   5.2491218E+06   1.2395193E+04   1.7593644E+05   5.1334188E+06   5.1344300E+06   0.0000000E+00   0.0000000E+00   0.0000000E+00   0.0000000E+00   0.0000000E+00
   5.1481508E-04   5.1323767E+06   5.1323767E+06   5.0343906E+06   1.2092320E+04   1.7333717E+05   5.1311844E+06   5.1323767E+06   0.0000000E+00   0.0000000E+00   0.0000000E+00   0.0000000E+00   0.0000000E+00
   5.5322431E-04   5.1300269E+06   5.1300269E+06   4.7970448E+06   1.1753356E+04   1.7056933E+05   5.1286290E+06   5.1300269E+06   0.0000000E+00   0.0000000E+00   0.0000000E+00   0.0000000E+00   0.0000000E+00
   5.9449918E-04   5.1273412E+06   5.1273412E+06   4.5365589E+06   1.1375860E+04   1.6766394E+05   5.1257103E+06   5.1273412E+06   0.0000000E+00   0.0000000E+00   0.0000000E+00   0.0000000E+00   0.0000000E+00
   6.3885347E-04   5.1242759E+06   5.1242759E+06   4.2530441E+06   1.0957838E+04   1.6466643E+05   5.1223820E+06   5.1242759E+06   0.0000000E+00   0.0000000E+00   0.0000000E+00   0.0000000E+00   0.0000000E+00
   6.8651694E-04   5.1207829E+06   5.1207829E+06   3.9474622E+06   1.0497985E+04   1.6163805E+05   5.1185932E+06   5.1207829E+06   0.0000000E+00   0.0000000E+00   0.0000000E+00   0.0000000E+00   0.0000000E+00
   7.3773648E-04   5.1168099E+06   5.1168099E+06   3.6218599E+06   9.9959719E+03   1.5865605E+05   5.1142885E+06   5.1168099E+06   0.0000000E+00   0.0000000E+00   0.0000000E+00   0.0000000E+00   0.0000000E+00
   7.9277739E-04   5.1122997E+06   5.1122997E+06   3.2796050E+06   9.4527762E+03   1.5581154E+05   5.1094083E+06   5.1122997E+06   0.0000000E+00   0.0000000E+00   0.0000000E+00   0.0000000E+00   0.0000000E+00
   8.5192479E-04   5.1071907E+06   5.1071907E+06   2.9255951E+06   8.8710409E+03   1.5320385E+05   5.1038889E+06   5.1071907E+06   0.0000000E+00   0.0000000E+00   0.0000000E+00   0.0000000E+00   0.0000000E+00
   9.1548505E-04   5.1014174E+06   5.1014174E+06   2.5663927E+06   8.2554286E+03   1.5093007E+05   5.0976627E+06   5.1014174E+06   0.0000000E+00   0.0000000E+00   0.0000000E+00   0.0000000E+00   0.0000000E+00
   9.8378740E-04   5.0949099E+06   5.0949099E+06   2.2102228E+06   7.6129252E+03   1.4906855E+05   5.0906593E+06   5.0949099E+06   0.0000000E+00   0.0000000E+00   0.0000000E+00   0.0000000E+00   0.0000000E+00
   1.0571856E-03   5.0875947E+06   5.0875947E+06   1.8667541E+06   6.9530208E+03   1.4765579E+05   5.0828053E+06   5.0875947E+06   0.0000000E+00   0.0000000E+00   0.0000000E+00   0.0000000E+00   0.0000000E+00
   1.1360600E-03   5.0793951E+06   5.0793951E+06   1.5465800E+06   6.2876785E+03   1.4665782E+05   5.0740257E+06   5.0793951E+06   0.0000000E+00   0.0000000E+00   0.0000000E+00   0.0000000E+00   0.0000000E+00
   1.2208189E-03   5.0702311E+06   5.0702311E+06   1.2603261E+06   5.6309805E+03   1.4593983E+05   5.0642440E+06   5.0702311E+06   0.0000000E+00   0.0000000E+00   0.0000000E+00   0.0000000E+00   0.0000000E+00
   1.3119016E-03   5.0600196E+06   5.0600196E+06   1.0173611E+06   4.9983513E+03   1.4524205E+05   5.0533824E+06   5.0600196E+06   0.0000000E+00   0.0000000E+00   0.0000000E+00   0.0000000E+00   0.0000000E+00
   1.4097797E-03   5.0486741E+06   5.0486741E+06   8.2418467E+05   4.4052870E+03   1.4417476E+05   5.0413619E+06   5.0486741E+06   0.0000000E+00   0.0000000E+00   0.0000000E+00   0.0000000E+00   0.0000000E+00
   1.5149603E-03   5.0361042E+06   5.0361042E+06   6.8272230E+05   3.8656137E+03   1.4224967E+05   5.0281016E+06   5.0361042E+06   0.0000000E+00   0.0000000E+00   0.0000000E+00   0.0000000E+00   0.0000000E+00
   1.6279882E-03   5.0222143E+06   5.0222143E+06   5.8895701E+05   3.3894450E+03   1.3896478E+05   5.0135173E+06   5.0222143E+06   0.0000000E+00   0.0000000E+00   0.0000000E+00   0.0000000E+00   0.0000000E+00
   1.7494489E-03   5.0069028E+06   5.0069028E+06   5.3251608E+05   2.9812186E+03   1.3394980E+05   4.9975200E+06   5.0069028E+06   0.0000000E+00   0.0000000E+00   0.0000000E+00   0.0000000E+00   0.0000000E+00
   1.8799715E-03   4.9900611E+06   4.9900611E+06   4.9788537E+05   2.6384039E+03   1.2715379E+05   4.9800136E+06   4.9900611E+06   0.0000000E+00   0.0000000E+00   0.0000000E+00   0.0000000E+00   0.0000000E+00
   2.0202321E-03   4.9715736E+06   4.9715736E+06   4.6767283E+05   2.3515908E+03   1.1901375E+05   4.9608938E+06   4.9715736E+06   0.0000000E+00   0.0000000E+00   0.0000000E+00   0.0000000E+00   0.0000000E+00
   2.1709572E-03   4.9513190E+06   4.9513190E+06   4.2761531E+05   2.1065190E+03   1.1049525E+05   4.9400477E+06   4.9513190E+06   0.0000000E+00   0.0000000E+00   0.0000000E+00   0.0000000E+00   0.0000000E+00
   2.3329276E-03   4.9291732E+06   4.9291732E+06   3.7183994E+05   1.8880313E+03   1.0287919E+05   4.9173552E+06   4.9291732E+06   0.0000000E+00   0.0000000E+00   0.0000000E+00   0.0000000E+00   0.0000000E+00
   2.5069822E-03   4.9050124E+06   4.9050124E+06   3.0569157E+05   1.6849256E+03   9.7240639E+04   4.8926917E+06   4.9050124E+06   0.0000000E+00   0.0000000E+00   0.0000000E+00   0.0000000E+00   0.0000000E+00
   2.6940227E-03   4.8787165E+06   4.8787165E+06   2.4325923E+05   1.4935776E+03   9.3772407E+04   4.8659308E+06   4.8787165E+06   0.0000000E+00   0.0000000E+00   0.0000000E+00   0.0000000E+00   0.0000000E+00
   2.8950179E-03   4.8501689E+06   4.8501689E+06   1.9885352E+05   1.3178709E+03   9.1394891E+04   4.8369469E+06   4.8501689E+06   0.0000000E+00   0.0000000E+00   0.0000000E+00   0.0000000E+00   0.0000000E+00
   3.1110089E-03   4.8192529E+06   4.8192529E+06   1.7635334E+05   1.1644144E+03   8.8214120E+04   4.8056133E+06   4.8192529E+06   0.0000000E+00   0.0000000E+00   0.0000000E+00   0.0000000E+00   0.0000000E+00
   3.3431145E-03   4.7858457E+06   4.7858457E+06   1.6485970E+05   1.0354292E+03   8.2949577E+04   4.7718004E+06   4.7858457E+06   0.0000000E+00   0.0000000E+00   0.0000000E+00   0.0000000E+00   0.0000000E+00
   3.5925371E-03   4.7498143E+06   4.7498143E+06   1.4754270E+05   9.2498173E+02   7.6354685E+04   4.7353733E+06   4.7498143E+06   0.0000000E+00   0.0000000E+00   0.0000000E+00   0.0000000E+00   0.0000000E+00
   3.8605684E-03   4.7110188E+06   4.7110188E+06   1.1885824E+05   8.2321822E+02   7.0820021E+04   4.6961958E+06   4.7110188E+06   0.0000000E+00   0.0000000E+00   0.0000000E+00   0.0000000E+00   0.0000000E+00
   4.1485971E-03   4.6693209E+06   4.6693209E+06   9.1350165E+04   7.2567582E+02   6.7618618E+04   4.6541368E+06   4.6693209E+06   0.0000000E+00   0.0000000E+00   0.0000000E+00   0.0000000E+00   0.0000000E+00
   4.4581149E-03   4.6245900E+06   4.6245900E+06   7.8648786E+04   6.3676739E+02   6.4812729E+04   4.6090733E+06   4.6245900E+06   0.0000000E+00   0.0000000E+00   0.0000000E+00   0.0000000E+00   0.0000000E+00
   4.7907252E-03   4.5766998E+06   4.5766998E+06   7.4110538E+04   5.6123294E+02   5.9905927E+04   4.5608861E+06   4.5766998E+06   0.0000000E+00   0.0000000E+00   0.0000000E+00   0.0000000E+00   0.0000000E+00
   5.1481508E-03   4.5255209E+06   4.5255209E+06   6.1909796E+04   4.9533264E+02   5.4452220E+04   4.5094513E+06   4.5255209E+06   0.0000000E+00   0.0000000E+00   0.0000000E+00   0.0000000E+00   0.0000000E+00
   5.5322431E-03   4.4709254E+06   4.4709254E+06   4.7137484E+04   4.3346338E+02   5.1471375E+04   4.4546431E+06   4.4709254E+06   0.0000000E+00   0.0000000E+00   0.0000000E+00   0.0000000E+00   0.0000000E+00
   5.9449918E-03   4.4127916E+06   4.4127916E+06   4.3412299E+04   3.7829623E+02   4.8686408E+04   4.3963359E+06   4.4127916E+06   0.0000000E+00   0.0000000E+00   0.0000000E+00   0.0000000E+00   0.0000000E+00
   6.3885347E-03   4.3509977E+06   4.3509977E+06   3.9832095E+04   3.3222254E+02   4.3645543E+04   4.3343991E+06   4.3509977E+06   0.0000000E+00   0.0000000E+00   0.0000000E+00   0.0000000E+00   0.0000000E+00
   6.8651694E-03   4.2854175E+06   4.2854175E+06   3.0303635E+04   2.9004319E+02   4.0216165E+04   4.2687062E+06   4.2854175E+06   0.0000000E+00   0.0000000E+00   0.0000000E+00   0.0000000E+00   0.0000000E+00
   7.3773648E-03   4.2159319E+06   4.2159319E+06   2.8387729E+04   2.5162365E+02   3.7409907E+04   4.1991540E+06   4.2159319E+06   0.0000000E+00   0.0000000E+00   0.0000000E+00   0.0000000E+00   0.0000000E+00
   7.9277739E-03   4.1424276E+06   4.1424276E+06   2.3943586E+04   2.1895564E+02   3.3136333E+04   4.1256403E+06   4.1424276E+06   0.0000000E+00   0.0000000E+00   0.0000000E+00   0.0000000E+00   0.0000000E+00
   8.5192479E-03   4.0647908E+06   4.0647908E+06   1.9111255E+04   1.8943358E+02   3.1108224E+04   4.0480367E+06   4.0647908E+06   0.0000000E+00   0.0000000E+00   0.0000000E+00   0.0000000E+00   0.0000000E+00
   9.1548505E-03   3.9829132E+06   3.9829132E+06   1.7477145E+04   1.6412962E+02   2.7483682E+04   3.9662245E+06   3.9829132E+06   0.0000000E+00   0.0000000E+00   0.0000000E+00   0.0000000E+00   0.0000000E+00
   9.8378740E-03   3.8966863E+06   3.8966863E+06   1.3359610E+04   1.4101083E+02   2.5595765E+04   3.8801126E+06   3.8966863E+06   0.0000000E+00   0.0000000E+00   0.0000000E+00   0.0000000E+00   0.0000000E+00
   1.0571856E-02   3.8060096E+06   3.8060096E+06   1.2285165E+04   1.2148117E+02   2.2549427E+04   3.7896000E+06   3.8060096E+06   0.0000000E+00   0.0000000E+00   0.0000000E+00   0.0000000E+00   0.0000000E+00
   1.1360600E-02   3.7107909E+06   3.7107909E+06   1.0097538E+04   1.0396720E+02   2.0904923E+04   3.6945838E+06   3.7107909E+06   0.0000000E+00   0.0000000E+00   0.0000000E+00   0.0000000E+00   0.0000000E+00
   1.2208189E-02   3.6109503E+06   3.6109503E+06   8.2187017E+03   8.8980867E+01   1.8255608E+04   3.5949938E+06   3.6109503E+06   0.0000000E+00   0.0000000E+00   0.0000000E+00   0.0000000E+00   0.0000000E+00
   1.3119016E-02   3.5064258E+06   3.5064258E+06   7.5890350E+03   7.5832114E+01   1.6414801E+04   3.4907638E+06   3.5064258E+06   0.0000000E+00   0.0000000E+00   0.0000000E+00   0.0000000E+00   0.0000000E+00
   1.4097797E-02   3.3971829E+06   3.3971829E+06   5.9802315E+03   6.4380536E+01   1.4934137E+04   3.3818555E+06   3.3971829E+06   0.0000000E+00   0.0000000E+00   0.0000000E+00   0.0000000E+00   0.0000000E+00
   1.5149603E-02   3.2832242E+06   3.2832242E+06   4.7179450E+03   5.4527180E+01   1.3190039E+04   3.2682769E+06   3.2832242E+06   0.0000000E+00   0.0000000E+00   0.0000000E+00   0.0000000E+00   0.0000000E+00
   1.6279882E-02   3.1646074E+06   3.1646074E+06   4.0524696E+03   4.6069567E+01   1.1519176E+04   3.1500787E+06   3.1646074E+06   0.0000000E+00   0.0000000E+00   0.0000000E+00   0.0000000E+00   0.0000000E+00
   1.7494489E-02   3.0414619E+06   3.0414619E+06   3.4860192E+03   3.8737723E+01   1.0151915E+04   3.0273929E+06   3.0414619E+06   0.0000000E+00   0.0000000E+00   0.0000000E+00   0.0000000E+00   0.0000000E+00
   1.8799714E-02   2.9140148E+06   2.9140148E+06   2.9142565E+03   3.2451914E+01   8.9665377E+03   2.9004408E+06   2.9140148E+06   0.0000000E+00   0.0000000E+00   0.0000000E+00   0.0000000E+00   0.0000000E+00
   2.0202318E-02   2.7826184E+06   2.7826184E+06   2.3958118E+03   2.7090903E+01   7.8986782E+03   2.7695750E+06   2.7826184E+06   0.0000000E+00   0.0000000E+00   0.0000000E+00   0.0000000E+00   0.0000000E+00
   2.1709558E-02   2.6477830E+06   2.6477830E+06   1.9335666E+03   2.2511410E+01   6.9428799E+03   2.6353003E+06   2.6477830E+06   0.0000000E+00   0.0000000E+00   0.0000000E+00   0.0000000E+00   0.0000000E+00
   2.3329200E-02   2.5102119E+06   2.5102119E+06   1.5607642E+03   1.8631959E+01   6.1197511E+03   2.4983162E+06   2.5102119E+06   0.0000000E+00   0.0000000E+00   0.0000000E+00   0.0000000E+00   0.0000000E+00
   2.5069468E-02   2.3708408E+06   2.3708408E+06   1.3158434E+03   1.5354801E+01   5.3708837E+03   2.3595529E+06   2.3708408E+06   0.0000000E+00   0.0000000E+00   0.0000000E+00   0.0000000E+00   0.0000000E+00
   2.6938789E-02   2.2308799E+06   2.2308799E+06   1.1023810E+03   1.2605581E+01   4.6294494E+03   2.2202135E+06   2.2308799E+06   0.0000000E+00   0.0000000E+00   0.0000000E+00   0.0000000E+00   0.0000000E+00
   2.8945049E-02   2.0918637E+06   2.0918637E+06   8.4350263E+02   1.0303808E+01   4.0373192E+03   2.0818238E+06   2.0918637E+06   0.0000000E+00   0.0000000E+00   0.0000000E+00   0.0000000E+00   0.0000000E+00
   3.1093871E-02   1.9557042E+06   1.9557042E+06   7.3015971E+02   8.3980019E+00   3.4860258E+03   1.9462856E+06   1.9557042E+06   0.0000000E+00   0.0000000E+00   0.0000000E+00   0.0000000E+00   0.0000000E+00
   3.3385424E-02   1.8247143E+06   1.8247143E+06   5.7318764E+02   6.8299197E+00   3.0799232E+03   1.8158997E+06   1.8247143E+06   0.0000000E+00   0.0000000E+00   0.0000000E+00   0.0000000E+00   0.0000000E+00
   3.5809949E-02   1.7015161E+06   1.7015161E+06   4.4229749E+02   5.5607191E+00   2.6612628E+03   1.6932745E+06   1.7015161E+06   0.0000000E+00   0.0000000E+00   0.0000000E+00   0.0000000E+00   0.0000000E+00
   3.8344065E-02   1.5887131E+06   1.5887131E+06   3.6070227E+02   4.5440589E+00   2.3059204E+03   1.5809995E+06   1.5887131E+06   0.0000000E+00   0.0000000E+00   0.0000000E+00   0.0000000E+00   0.0000000E+00
   4.0951820E-02   1.4883023E+06   1.4883023E+06   3.0143273E+02   3.7403707E+00   2.0256059E+03   1.4810614E+06   1.4883023E+06   0.0000000E+00   0.0000000E+00   0.0000000E+00   0.0000000E+00   0.0000000E+00
   4.3592834E-02   1.4010810E+06   1.4010810E+06   2.5445074E+02   3.1109225E+00   1.8036328E+03   1.3942525E+06   1.4010810E+06   0.0000000E+00   0.0000000E+00   0.0000000E+00   0.0000000E+00   0.0000000E+00
   4.6233549E-02   1.3264592E+06   1.3264592E+06   2.1758910E+02   2.6185618E+00   1.6285958E+03   1.3199846E+06   1.3264592E+06   0.0000000E+00   0.0000000E+00   0.0000000E+00   0.0000000E+00   0.0000000E+00
   4.8854104E-02   1.2627956E+06   1.2627956E+06   1.8852743E+02   2.2315911E+00   1.4874310E+03   1.2566238E+06   1.2627956E+06   0.0000000E+00   0.0000000E+00   0.0000000E+00   0.0000000E+00   0.0000000E+00
   5.1448114E-02   1.2079614E+06   1.2079614E+06   1.6464576E+02   1.9230536E+00   1.3754194E+03   1.2020511E+06   1.2079614E+06   0.0000000E+00   0.0000000E+00   0.0000000E+00   0.0000000E+00   0.0000000E+00
   5.4018513E-02   1.1597970E+06   1.1597970E+06   1.4403941E+02   1.6732695E+00   1.2816018E+03   1.1541170E+06   1.1597970E+06   0.0000000E+00   0.0000000E+00   0.0000000E+00   0.0000000E+00   0.0000000E+00
   5.6573188E-02   1.1163594E+06   1.1163594E+06   1.2564248E+02   1.4669961E+00   1.2019803E+03   1.1108876E+06   1.1163594E+06   0.0000000E+00   0.0000000E+00   0.0000000E+00   0.0000000E+00   0.0000000E+00
   5.9121987E-02   1.0760152E+06   1.0760152E+06   1.0904165E+02   1.2937953E+00   1.1298478E+03   1.0707371E+06   1.0760152E+06   0.0000000E+00   0.0000000E+00   0.0000000E+00   0.0000000E+00   0.0000000E+00
   6.1675074E-02   1.0374554E+06   1.0374554E+06   9.4240462E+01   1.1459391E+00   1.0616310E+03   1.0323631E+06   1.0374554E+06   0.0000000E+00   0.0000000E+00   0.0000000E+00   0.0000000E+00   0.0000000E+00
   6.4242163E-02   9.9968395E+05   9.9968395E+05   8.1714127E+01   1.0178187E+00   9.9595033E+02   9.9477413E+05   9.9968395E+05   0.0000000E+00   0.0000000E+00   0.0000000E+00   0.0000000E+00   0.0000000E+00
   6.6832248E-02   9.6199924E+05   9.6199924E+05   7.1763259E+01   9.0559355E-01   9.3198815E+02   9.5727196E+05   9.6199924E+05   0.0000000E+00   0.0000000E+00   0.0000000E+00   0.0000000E+00   0.0000000E+00
   6.9453562E-02   9.2397673E+05   9.2397673E+05   6.3963024E+01   8.0625932E-01   8.7295855E+02   9.1943407E+05   9.2397673E+05   0.0000000E+00   0.0000000E+00   0.0000000E+00   0.0000000E+00   0.0000000E+00
   7.2113645E-02   8.8545148E+05   8.8545148E+05   5.7503119E+01   7.1788926E-01   8.1795011E+02   8.8109628E+05   8.8545148E+05   0.0000000E+00   0.0000000E+00   0.0000000E+00   0.0000000E+00   0.0000000E+00
   7.4819441E-02   8.4649755E+05   8.4649755E+05   5.1735628E+01   6.3888300E-01   7.6714283E+02   8.4233222E+05   8.4649755E+05   0.0000000E+00   0.0000000E+00   0.0000000E+00   0.0000000E+00   0.0000000E+00
   7.7577405E-02   8.0740045E+05   8.0740045E+05   4.6272478E+01   5.6818772E-01   7.1833077E+02   8.0342599E+05   8.0740045E+05   0.0000000E+00   0.0000000E+00   0.0000000E+00   0.0000000E+00   0.0000000E+00
   8.0393601E-02   7.6861979E+05   7.6861979E+05   4.0833667E+01   5.0493411E-01   6.7223740E+02   7.6483489E+05   7.6861979E+05   0.0000000E+00   0.0000000E+00   0.0000000E+00   0.0000000E+00   0.0000000E+00
   8.3273782E-02   7.3073990E+05   7.3073990E+05   3.5507221E+01   4.4857098E-01   6.3044957E+02   7.2714037E+05   7.3073990E+05   0.0000000E+00   0.0000000E+00   0.0000000E+00   0.0000000E+00   0.0000000E+00
   8.6223466E-02   6.9440841E+05   6.9440841E+05   3.1382219E+01   3.9855715E-01   5.9527702E+02   6.9098680E+05   6.9440841E+05   0.0000000E+00   0.0000000E+00   0.0000000E+00   0.0000000E+00   0.0000000E+00
   8.9247992E-02   6.6026450E+05   6.6026450E+05   2.9331023E+01   3.5443886E-01   5.6004229E+02   6.5701020E+05   6.6026450E+05   0.0000000E+00   0.0000000E+00   0.0000000E+00   0.0000000E+00   0.0000000E+00
   9.2352570E-02   6.2886129E+05   6.2886129E+05   2.6472541E+01   3.1574120E-01   5.1970525E+02   6.2576095E+05   6.2886129E+05   0.0000000E+00   0.0000000E+00   0.0000000E+00   0.0000000E+00   0.0000000E+00
   9.5542320E-02   6.0058913E+05   6.0058913E+05   2.1972011E+01   2.8194060E-01   4.9253321E+02   5.9762745E+05   6.0058913E+05   0.0000000E+00   0.0000000E+00   0.0000000E+00   0.0000000E+00   0.0000000E+00
   9.8822307E-02   5.7560910E+05   5.7560910E+05   2.1277496E+01   2.5250760E-01   4.6901890E+02   5.7276994E+05   5.7560910E+05   0.0000000E+00   0.0000000E+00   0.0000000E+00   0.0000000E+00   0.0000000E+00
   1.0219756E-01   5.5380722E+05   5.5380722E+05   1.7808068E+01   2.2695302E-01   4.4233315E+02   5.5107501E+05   5.5380722E+05   0.0000000E+00   0.0000000E+00   0.0000000E+00   0.0000000E+00   0.0000000E+00
   1.0567311E-01   5.3478032E+05   5.3478032E+05   1.7380792E+01   2.0461946E-01   4.2493221E+02   5.3214144E+05   5.3478032E+05   0.0000000E+00   0.0000000E+00   0.0000000E+00   0.0000000E+00   0.0000000E+00
   1.0925398E-01   5.1786217E+05   5.1786217E+05   1.4683821E+01   1.8498452E-01   4.0900282E+02   5.1530629E+05   5.1786217E+05   0.0000000E+00   0.0000000E+00   0.0000000E+00   0.0000000E+00   0.0000000E+00
   1.1294523E-01   5.0219439E+05   5.0219439E+05   1.3383227E+01   1.6749857E-01   3.8897665E+02   4.9971539E+05   5.0219439E+05   0.0000000E+00   0.0000000E+00   0.0000000E+00   0.0000000E+00   0.0000000E+00
   1.1675193E-01   4.8683948E+05   4.8683948E+05   1.2603372E+01   1.5169075E-01   3.7350580E+02   4.8443587E+05   4.8683948E+05   0.0000000E+00   0.0000000E+00   0.0000000E+00   0.0000000E+00   0.0000000E+00
   1.2067923E-01   4.7092425E+05   4.7092425E+05   1.1521498E+01   1.3717676E-01   3.5912761E+02   4.6859885E+05   4.7092425E+05   0.0000000E+00   0.0000000E+00   0.0000000E+00   0.0000000E+00   0.0000000E+00
   1.2473228E-01   4.5379266E+05   4.5379266E+05   1.0353853E+01   1.2370210E-01   3.4371095E+02   4.5155153E+05   4.5379266E+05   0.0000000E+00   0.0000000E+00   0.0000000E+00   0.0000000E+00   0.0000000E+00
   1.2891633E-01   4.3513851E+05   4.3513851E+05   9.2828611E+00   1.1112518E-01   3.2717373E+02   4.3298920E+05   4.3513851E+05   0.0000000E+00   0.0000000E+00   0.0000000E+00   0.0000000E+00   0.0000000E+00
   1.3323666E-01   4.1508538E+05   4.1508538E+05   8.2291975E+00   9.9405060E-02   3.0917068E+02   4.1303485E+05   4.1508538E+05   0.0000000E+00   0.0000000E+00   0.0000000E+00   0.0000000E+00   0.0000000E+00
   1.3769862E-01   3.9418467E+05   3.9418467E+05   7.0131885E+00   8.8587611E-02   2.9198702E+02   3.9223714E+05   3.9418467E+05   0.0000000E+00   0.0000000E+00   0.0000000E+00   0.0000000E+00   0.0000000E+00
   1.4230763E-01   3.7331577E+05   3.7331577E+05   6.5252112E+00   7.8745497E-02   2.7646443E+02   3.7147114E+05   3.7331577E+05   0.0000000E+00   0.0000000E+00   0.0000000E+00   0.0000000E+00   0.0000000E+00
   1.4706919E-01   3.5349451E+05   3.5349451E+05   5.5835708E+00   6.9973203E-02   2.5808661E+02   3.5174762E+05   3.5349451E+05   0.0000000E+00   0.0000000E+00   0.0000000E+00   0.0000000E+00   0.0000000E+00
   1.5198889E-01   3.3562353E+05   3.3562353E+05   5.2091213E+00   6.2286213E-02   2.4441660E+02   3.3396479E+05   3.3562353E+05   0.0000000E+00   0.0000000E+00   0.0000000E+00   0.0000000E+00   0.0000000E+00
   1.5707237E-01   3.2024438E+05   3.2024438E+05   4.5419984E+00   5.5651623E-02   2.3290455E+02   3.1866149E+05   3.2024438E+05   0.0000000E+00   0.0000000E+00   0.0000000E+00   0.0000000E+00   0.0000000E+00
   1.6232542E-01   3.0736546E+05   3.0736546E+05   4.0081560E+00   4.9957490E-02   2.2225059E+02   3.0584610E+05   3.0736546E+05   0.0000000E+00   0.0000000E+00   0.0000000E+00   0.0000000E+00   0.0000000E+00
   1.6775390E-01   2.9643311E+05   2.9643311E+05   3.6404896E+00   4.5023538E-02   2.1329492E+02   2.9496766E+05   2.9643311E+05   0.0000000E+00   0.0000000E+00   0.0000000E+00   0.0000000E+00   0.0000000E+00
   1.7336380E-01   2.8647930E+05   2.8647930E+05   3.3581790E+00   4.0656921E-02   2.0482271E+02   2.8506294E+05   2.8647930E+05   0.0000000E+00   0.0000000E+00   0.0000000E+00   0.0000000E+00   0.0000000E+00
   1.7916128E-01   2.7642276E+05   2.7642276E+05   3.0356537E+00   3.6677279E-02   1.9629978E+02   2.7505602E+05   2.7642276E+05   0.0000000E+00   0.0000000E+00   0.0000000E+00   0.0000000E+00   0.0000000E+00
   1.8515262E-01   2.6543621E+05   2.6543621E+05   2.6606830E+00   3.2964308E-02   1.8753631E+02   2.6412370E+05   2.6543621E+05   0.0000000E+00   0.0000000E+00   0.0000000E+00   0.0000000E+00   0.0000000E+00
   1.9134432E-01   2.5324703E+05   2.5324703E+05   2.4552419E+00   2.9471286E-02   1.7873976E+02   2.5199471E+05   2.5324703E+05   0.0000000E+00   0.0000000E+00   0.0000000E+00   0.0000000E+00   0.0000000E+00
   1.9774309E-01   2.4023961E+05   2.4023961E+05   2.1090095E+00   2.6223556E-02   1.6897920E+02   2.3905153E+05   2.4023961E+05   0.0000000E+00   0.0000000E+00   0.0000000E+00   0.0000000E+00   0.0000000E+00
   2.0435587E-01   2.2729012E+05   2.2729012E+05   1.8591039E+00   2.3276105E-02   1.5908895E+02   2.2616602E+05   2.2729012E+05   0.0000000E+00   0.0000000E+00   0.0000000E+00   0.0000000E+00   0.0000000E+00
   2.1118993E-01   2.1537652E+05   2.1537652E+05   1.6567497E+00   2.0678267E-02   1.5037658E+02   2.1431128E+05   2.1537652E+05   0.0000000E+00   0.0000000E+00   0.0000000E+00   0.0000000E+00   0.0000000E+00
   2.1825285E-01   2.0512426E+05   2.0512426E+05   1.5152442E+00   1.8441470E-02   1.4281377E+02   2.0410967E+05   2.0512426E+05   0.0000000E+00   0.0000000E+00   0.0000000E+00   0.0000000E+00   0.0000000E+00
   2.2555262E-01   1.9650871E+05   1.9650871E+05   1.3437277E+00   1.6524852E-02   1.3608915E+02   1.9553669E+05   1.9650871E+05   0.0000000E+00   0.0000000E+00   0.0000000E+00   0.0000000E+00   0.0000000E+00
   2.3309769E-01   1.8888494E+05   1.8888494E+05   1.2073931E+00   1.4850197E-02   1.3064236E+02   1.8795059E+05   1.8888494E+05   0.0000000E+00   0.0000000E+00   0.0000000E+00   0.0000000E+00   0.0000000E+00
   2.4089702E-01   1.8135492E+05   1.8135492E+05   1.0763510E+00   1.3335868E-02   1.2490951E+02   1.8045777E+05   1.8135492E+05   0.0000000E+00   0.0000000E+00   0.0000000E+00   0.0000000E+00   0.0000000E+00
   2.4896022E-01   1.7328181E+05   1.7328181E+05   9.6716169E-01   1.1930164E-02   1.1903388E+02   1.7242457E+05   1.7328181E+05   0.0000000E+00   0.0000000E+00   0.0000000E+00   0.0000000E+00   0.0000000E+00
   2.5729758E-01   1.6464483E+05   1.6464483E+05   8.5603348E-01   1.0622742E-02   1.1296174E+02   1.6383029E+05   1.6464483E+05   0.0000000E+00   0.0000000E+00   0.0000000E+00   0.0000000E+00   0.0000000E+00
   2.6592020E-01   1.5599724E+05   1.5599724E+05   7.7531151E-01   9.4342547E-03   1.0684308E+02   1.5522545E+05   1.5599724E+05   0.0000000E+00   0.0000000E+00   0.0000000E+00   0.0000000E+00   0.0000000E+00
   2.7484013E-01   1.4804040E+05   1.4804040E+05   6.7746606E-01   8.3869029E-03   1.0115971E+02   1.4730795E+05   1.4804040E+05   0.0000000E+00   0.0000000E+00   0.0000000E+00   0.0000000E+00   0.0000000E+00
   2.8407053E-01   1.4110785E+05   1.4110785E+05   6.0890458E-01   7.4808434E-03   9.6174971E+01   1.4040968E+05   1.4110785E+05   0.0000000E+00   0.0000000E+00   0.0000000E+00   0.0000000E+00   0.0000000E+00
   2.9362578E-01   1.3494720E+05   1.3494720E+05   5.4568118E-01   6.6902959E-03   9.1772534E+01   1.3427949E+05   1.3494720E+05   0.0000000E+00   0.0000000E+00   0.0000000E+00   0.0000000E+00   0.0000000E+00
   3.0352171E-01   1.2897565E+05   1.2897565E+05   4.8371489E-01   5.9804720E-03   8.7640555E+01   1.2833747E+05   1.2897565E+05   0.0000000E+00   0.0000000E+00   0.0000000E+00   0.0000000E+00   0.0000000E+00
   3.1377586E-01   1.2279338E+05   1.2279338E+05   4.3616949E-01   5.3286388E-03   8.3258767E+01   1.2218577E+05   1.2279338E+05   0.0000000E+00   0.0000000E+00   0.0000000E+00   0.0000000E+00   0.0000000E+00
   3.2440769E-01   1.1649692E+05   1.1649692E+05   3.8705996E-01   4.7330989E-03   7.8859908E+01   1.1592046E+05   1.1649692E+05   0.0000000E+00   0.0000000E+00   0.0000000E+00   0.0000000E+00   0.0000000E+00
   3.3543895E-01   1.1050510E+05   1.1050510E+05   3.4271427E-01   4.2010962E-03   7.4706699E+01   1.0995827E+05   1.1050510E+05   0.0000000E+00   0.0000000E+00   0.0000000E+00   0.0000000E+00   0.0000000E+00
   3.4689403E-01   1.0508691E+05   1.0508691E+05   3.0267439E-01   3.7348823E-03   7.0969249E+01   1.0456688E+05   1.0508691E+05   0.0000000E+00   0.0000000E+00   0.0000000E+00   0.0000000E+00   0.0000000E+00
   3.5880047E-01   1.0009756E+05   1.0009756E+05   2.7075100E-01   3.3241193E-03   6.7467564E+01   9.9602215E+04   1.0009756E+05   0.0000000E+00   0.0000000E+00   0.0000000E+00   0.0000000E+00   0.0000000E+00
   3.7118947E-01   9.5200875E+04   9.5200875E+04   2.3976873E-01   2.9532385E-03   6.4114202E+01   9.4729748E+04   9.5200875E+04   0.0000000E+00   0.0000000E+00   0.0000000E+00   0.0000000E+00   0.0000000E+00
   3.8409664E-01   9.0283533E+04   9.0283533E+04   2.1330591E-01   2.6166769E-03   6.0747405E+01   8.9836734E+04   9.0283533E+04   0.0000000E+00   0.0000000E+00   0.0000000E+00   0.0000000E+00   0.0000000E+00
   3.9756278E-01   8.5533624E+04   8.5533624E+04   1.8846710E-01   2.3144553E-03   5.7506961E+01   8.5110324E+04   8.5533624E+04   0.0000000E+00   0.0000000E+00   0.0000000E+00   0.0000000E+00   0.0000000E+00
   4.1163502E-01   8.1113891E+04   8.1113891E+04   1.6680999E-01   2.0471086E-03   5.4440652E+01   8.0712457E+04   8.1113891E+04   0.0000000E+00   0.0000000E+00   0.0000000E+00   0.0000000E+00   0.0000000E+00
   4.2636809E-01   7.6929011E+04   7.6929011E+04   1.4741699E-01   1.8091968E-03   5.1595186E+01   7.6548282E+04   7.6929011E+04   0.0000000E+00   0.0000000E+00   0.0000000E+00   0.0000000E+00   0.0000000E+00
   4.4182600E-01   7.2817450E+04   7.2817450E+04   1.2974238E-01   1.5950286E-03   4.8803043E+01   7.2457063E+04   7.2817450E+04   0.0000000E+00   0.0000000E+00   0.0000000E+00   0.0000000E+00   0.0000000E+00
   4.5808416E-01   6.8805615E+04   6.8805615E+04   1.1403615E-01   1.4021643E-03   4.6078473E+01   6.8465079E+04   6.8805615E+04   0.0000000E+00   0.0000000E+00   0.0000000E+00   0.0000000E+00   0.0000000E+00
   4.7523210E-01   6.4991235E+04   6.4991235E+04   1.0021074E-01   1.2307386E-03   4.3468173E+01   6.4669574E+04   6.4991235E+04   0.0000000E+00   0.0000000E+00   0.0000000E+00   0.0000000E+00   0.0000000E+00
   4.9337693E-01   6.1331195E+04   6.1331195E+04   8.7666792E-02   1.0773891E-03   4.0999667E+01   6.1027644E+04   6.1331195E+04   0.0000000E+00   0.0000000E+00   0.0000000E+00   0.0000000E+00   0.0000000E+00
   5.1264785E-01   5.7752710E+04   5.7752710E+04   7.6453551E-02   9.3981378E-04   3.8573368E+01   5.7466867E+04   5.7752710E+04   0.0000000E+00   0.0000000E+00   0.0000000E+00   0.0000000E+00   0.0000000E+00
   5.3320189E-01   5.4288711E+04   5.4288711E+04   6.6475208E-02   8.1661547E-04   3.6239400E+01   5.4020010E+04   5.4288711E+04   0.0000000E+00   0.0000000E+00   0.0000000E+00   0.0000000E+00   0.0000000E+00
   5.5523138E-01   5.0944777E+04   5.0944777E+04   5.7533846E-02   7.0672110E-04   3.3986045E+01   5.0692624E+04   5.0944777E+04   0.0000000E+00   0.0000000E+00   0.0000000E+00   0.0000000E+00   0.0000000E+00
   5.7897334E-01   4.7678237E+04   4.7678237E+04   4.9500453E-02   6.0826729E-04   3.1795225E+01   4.7442249E+04   4.7678237E+04   0.0000000E+00   0.0000000E+00   0.0000000E+00   0.0000000E+00   0.0000000E+00
   6.0472113E-01   4.4497546E+04   4.4497546E+04   4.2347052E-02   5.2038384E-04   2.9647513E+01   4.4277299E+04   4.4497546E+04   0.0000000E+00   0.0000000E+00   0.0000000E+00   0.0000000E+00   0.0000000E+00
   6.3283805E-01   4.1392824E+04   4.1392824E+04   3.5972478E-02   4.4201947E-04   2.7565067E+01   4.1187943E+04   4.1392824E+04   0.0000000E+00   0.0000000E+00   0.0000000E+00   0.0000000E+00   0.0000000E+00
   6.6377153E-01   3.8352296E+04   3.8352296E+04   3.0298338E-02   3.7226869E-04   2.5526252E+01   3.8162463E+04   3.8352296E+04   0.0000000E+00   0.0000000E+00   0.0000000E+00   0.0000000E+00   0.0000000E+00
   6.9806389E-01   3.5375932E+04   3.5375932E+04   2.5266836E-02   3.1048295E-04   2.3527529E+01   3.5200830E+04   3.5375932E+04   0.0000000E+00   0.0000000E+00   0.0000000E+00   0.0000000E+00   0.0000000E+00
   7.3635160E-01   3.2461361E+04   3.2461361E+04   2.0836676E-02   2.5605746E-04   2.1582434E+01   3.2300683E+04   3.2461361E+04   0.0000000E+00   0.0000000E+00   0.0000000E+00   0.0000000E+00   0.0000000E+00
   7.7933879E-01   2.9616165E+04   2.9616165E+04   1.6970884E-02   2.0855438E-04   1.9677364E+01   2.9469569E+04   2.9616165E+04   0.0000000E+00   0.0000000E+00   0.0000000E+00   0.0000000E+00   0.0000000E+00
   8.2772953E-01   2.6856807E+04   2.6856807E+04   1.3642862E-02   1.6766300E-04   1.7831983E+01   2.6723869E+04   2.6856807E+04   0.0000000E+00   0.0000000E+00   0.0000000E+00   0.0000000E+00   0.0000000E+00
   8.8211750E-01   2.4209798E+04   2.4209798E+04   1.0828317E-02   1.3307184E-04   1.6073860E+01   2.4089962E+04   2.4209798E+04   0.0000000E+00   0.0000000E+00   0.0000000E+00   0.0000000E+00   0.0000000E+00
   9.4287331E-01   2.1708422E+04   2.1708422E+04   8.4984675E-03   1.0444566E-04   1.4403996E+01   2.1600967E+04   2.1708422E+04   0.0000000E+00   0.0000000E+00   0.0000000E+00   0.0000000E+00   0.0000000E+00
   1.0101096E+00   1.9383690E+04   1.9383690E+04   6.6117245E-03   8.1258604E-05   1.2859102E+01   1.9287741E+04   1.9383690E+04   0.0000000E+00   0.0000000E+00   0.0000000E+00   0.0000000E+00   0.0000000E+00
   1.0837737E+00   1.7256243E+04   1.7256243E+04   5.1130611E-03   6.2840320E-05   1.1442222E+01   1.7170825E+04   1.7256243E+04   0.0000000E+00   0.0000000E+00   0.0000000E+00   0.0000000E+00   0.0000000E+00
   1.1638105E+00   1.5332998E+04   1.5332998E+04   3.9397737E-03   4.8422012E-05   1.0166302E+01   1.5257099E+04   1.5332998E+04   0.0000000E+00   0.0000000E+00   0.0000000E+00   0.0000000E+00   0.0000000E+00
   1.2502887E+00   1.3607959E+04   1.3607959E+04   3.0295517E-03   3.7236679E-05   9.0177940E+00   1.3540599E+04   1.3607959E+04   0.0000000E+00   0.0000000E+00   0.0000000E+00   0.0000000E+00   0.0000000E+00
   1.3434373E+00   1.2067492E+04   1.2067492E+04   2.3269411E-03   2.8602015E-05   7.9950590E+00   1.2007757E+04   1.2067492E+04   0.0000000E+00   0.0000000E+00   0.0000000E+00   0.0000000E+00   0.0000000E+00
   1.4436242E+00   1.0695377E+04   1.0695377E+04   1.7861053E-03   2.1953915E-05   7.0849659E+00   1.0642434E+04   1.0695377E+04   0.0000000E+00   0.0000000E+00   0.0000000E+00   0.0000000E+00   0.0000000E+00
   1.5513171E+00   9.4746292E+03   9.4746292E+03   1.3719192E-03   1.6841839E-05   6.2759662E+00   9.4277288E+03   9.4746292E+03   0.0000000E+00   0.0000000E+00   0.0000000E+00   0.0000000E+00   0.0000000E+00
   1.6670543E+00   8.3895495E+03   8.3895495E+03   1.0508262E-03   1.2915023E-05   5.5551539E+00   8.3480203E+03   8.3895495E+03   0.0000000E+00   0.0000000E+00   0.0000000E+00   0.0000000E+00   0.0000000E+00
   1.7914290E+00   7.4255816E+03   7.4255816E+03   8.0531902E-04   9.8990528E-06   4.9171820E+00   7.3888242E+03   7.4255816E+03   0.0000000E+00   0.0000000E+00   0.0000000E+00   0.0000000E+00   0.0000000E+00
   1.9250835E+00   6.5697344E+03   6.5697344E+03   6.1697392E-04   7.5844773E-06   4.3502997E+00   6.5372134E+03   6.5697344E+03   0.0000000E+00   0.0000000E+00   0.0000000E+00   0.0000000E+00   0.0000000E+00
   2.0687097E+00   5.8102305E+03   5.8102305E+03   4.7250086E-04   5.8089927E-06   3.8466665E+00   5.7814691E+03   5.8102305E+03   0.0000000E+00   0.0000000E+00   0.0000000E+00   0.0000000E+00   0.0000000E+00
   2.2230517E+00   5.1365813E+03   5.1365813E+03   3.6172403E-04   4.4474418E-06   3.4003509E+00   5.1111545E+03   5.1365813E+03   0.0000000E+00   0.0000000E+00   0.0000000E+00   0.0000000E+00   0.0000000E+00
   2.3889087E+00   4.5393625E+03   4.5393625E+03   2.7681767E-04   3.4037316E-06   3.0048602E+00   4.5168920E+03   4.5393625E+03   0.0000000E+00   0.0000000E+00   0.0000000E+00   0.0000000E+00   0.0000000E+00
   2.5671400E+00   4.0101431E+03   4.0101431E+03   2.1176577E-04   2.6041100E-06   2.6542398E+00   3.9902923E+03   4.0101431E+03   0.0000000E+00   0.0000000E+00   0.0000000E+00   0.0000000E+00   0.0000000E+00
   2.7586688E+00   3.5413926E+03   3.5413926E+03   1.6194506E-04   1.9916184E-06   2.3440246E+00   3.5238622E+03   3.5413926E+03   0.0000000E+00   0.0000000E+00   0.0000000E+00   0.0000000E+00   0.0000000E+00
   2.9644871E+00   3.1263816E+03   3.1263816E+03   1.2379411E-04   1.5227481E-06   2.0688565E+00   3.1109056E+03   3.1263816E+03   0.0000000E+00   0.0000000E+00   0.0000000E+00   0.0000000E+00   0.0000000E+00
   3.1856610E+00   2.7591027E+03   2.7591027E+03   9.4632691E-05   1.1638711E-06   1.8259448E+00   2.7454447E+03   2.7591027E+03   0.0000000E+00   0.0000000E+00   0.0000000E+00   0.0000000E+00   0.0000000E+00
   3.4233363E+00   2.4341974E+03   2.4341974E+03   7.2289715E-05   8.8929055E-07   1.6110046E+00   2.4221477E+03   2.4341974E+03   0.0000000E+00   0.0000000E+00   0.0000000E+00   0.0000000E+00   0.0000000E+00
   3.6787439E+00   2.1468897E+03   2.1468897E+03   5.5209773E-05   6.7931330E-07   1.4207656E+00   2.1362622E+03   2.1468897E+03   0.0000000E+00   0.0000000E+00   0.0000000E+00   0.0000000E+00   0.0000000E+00
   3.9532070E+00   1.8929254E+03   1.8929254E+03   4.2152983E-05   5.1877673E-07   1.2525952E+00   1.8835551E+03   1.8929254E+03   0.0000000E+00   0.0000000E+00   0.0000000E+00   0.0000000E+00   0.0000000E+00
   4.2481472E+00   1.6685174E+03   1.6685174E+03   3.2176129E-05   3.9606539E-07   1.1041572E+00   1.6602580E+03   1.6685174E+03   0.0000000E+00   0.0000000E+00   0.0000000E+00   0.0000000E+00   0.0000000E+00
   4.5650923E+00   1.4702969E+03   1.4702969E+03   2.4554468E-05   3.0230836E-07   9.7296377E-01   1.4630187E+03   1.4702969E+03   0.0000000E+00   0.0000000E+00   0.0000000E+00   0.0000000E+00   0.0000000E+00
   4.9056839E+00   1.2952683E+03   1.2952683E+03   1.8725675E-05   2.3069268E-07   8.5707684E-01   1.2888565E+03   1.2952683E+03   0.0000000E+00   0.0000000E+00   0.0000000E+00   0.0000000E+00   0.0000000E+00
   5.2716863E+00   1.1407701E+03   1.1407701E+03   1.4282141E-05   1.7600353E-07   7.5477687E-01   1.1351231E+03   1.1407701E+03   0.0000000E+00   0.0000000E+00   0.0000000E+00   0.0000000E+00   0.0000000E+00
   5.6649954E+00   1.0044385E+03   1.0044385E+03   1.0892876E-05   1.3424742E-07   6.6463094E-01   9.9946638E+02   1.0044385E+03   0.0000000E+00   0.0000000E+00   0.0000000E+00   0.0000000E+00   0.0000000E+00
   6.0876484E+00   8.8417543E+02   8.8417543E+02   8.3047260E-06   1.0237986E-07   5.8503680E-01   8.7979861E+02   8.8417543E+02   0.0000000E+00   0.0000000E+00   0.0000000E+00   0.0000000E+00   0.0000000E+00
   6.5418346E+00   7.7811948E+02   7.7811948E+02   6.3283369E-06   7.8061883E-08   5.1485082E-01   7.7426765E+02   7.7811948E+02   0.0000000E+00   0.0000000E+00   0.0000000E+00   0.0000000E+00   0.0000000E+00
   7.0299067E+00   6.8462018E+02   6.8462018E+02   4.8214040E-06   5.9511414E-08   4.5300449E-01   6.8123119E+02   6.8462018E+02   0.0000000E+00   0.0000000E+00   0.0000000E+00   0.0000000E+00   0.0000000E+00
   7.5543927E+00   6.0221471E+02   6.0221471E+02   3.6729539E-06   4.5362657E-08   3.9845550E-01   5.9923364E+02   6.0221471E+02   0.0000000E+00   0.0000000E+00   0.0000000E+00   0.0000000E+00   0.0000000E+00
   8.1180096E+00   5.2960717E+02   5.2960717E+02   2.7969924E-06   3.4573583E-08   3.5039164E-01   5.2698552E+02   5.2960717E+02   0.0000000E+00   0.0000000E+00   0.0000000E+00   0.0000000E+00   0.0000000E+00
