#           k/h    CDM            baryon         photon         nu             mass_nu        total          no_nu          total_de       Weyl           v_CDM          v_b            v_b-v_c     
   9.6324931E-06   1.9662355E+07   1.9662355E+07   2.6206051E+07   2.0195481E+04   1.4489289E+07   1.9662401E+07   1.9662355E+07   0.0000000E+00   0.0000000E+00   0.0000000E+00   0.0000000E+00   0.0000000E+00
   1.0351152E-05   1.9662350E+07   1.9662350E+07   2.6204431E+07   2.0194681E+04   1.4489025E+07   1.9662396E+07   1.9662350E+07   0.0000000E+00   0.0000000E+00   0.0000000E+00   0.0000000E+00   0.0000000E+00
   1.1123429E-05   1.9662344E+07   1.9662344E+07   2.6202561E+07   2.0193757E+04   1.4488719E+07   1.9662389E+07   1.9662344E+07   0.0000000E+00   0.0000000E+00   0.0000000E+00   0.0000000E+00   0.0000000E+00
   1.1953324E-05   1.9662337E+07   1.9662337E+07   2.6200401E+07   2.0192690E+04   1.4488367E+07   1.9662382E+07   1.9662337E+07   0.0000000E+00   0.0000000E+00   0.0000000E+00   0.0000000E+00   0.0000000E+00
   1.2845136E-05   1.9662329E+07   1.9662329E+07   2.6197908E+07   2.0191458E+04   1.4487959E+07   1.9662374E+07   1.9662329E+07   0.0000000E+00   0.0000000E+00   0.0000000E+00   0.0000000E+00   0.0000000E+00
   1.3803484E-05   1.9662320E+07   1.9662320E+07   2.6195028E+07   2.0190035E+04   1.4487489E+07   1.9662364E+07   1.9662320E+07   0.0000000E+00   0.0000000E+00   0.0000000E+00   0.0000000E+00   0.0000000E+00
   1.4833332E-05   1.9662309E+07   1.9662309E+07   2.6191704E+07   2.0188392E+04   1.4486947E+07   1.9662353E+07   1.9662309E+07   0.0000000E+00   0.0000000E+00   0.0000000E+00   0.0000000E+00   0.0000000E+00
   1.5940014E-05   1.9662297E+07   1.9662297E+07   2.6187865E+07   2.0186495E+04   1.4486320E+07   1.9662340E+07   1.9662297E+07   0.0000000E+00   0.0000000E+00   0.0000000E+00   0.0000000E+00   0.0000000E+00
   1.7129264E-05   1.9662283E+07   1.9662283E+07   2.6183432E+07   2.0184304E+04   1.4485596E+07   1.9662326E+07   1.9662283E+07   0.0000000E+00   0.0000000E+00   0.0000000E+00   0.0000000E+00   0.0000000E+00
   1.8407241E-05   1.9662267E+07   1.9662267E+07   2.6178315E+07   2.0181775E+04   1.4484761E+07   1.9662309E+07   1.9662267E+07   0.0000000E+00   0.0000000E+00   0.0000000E+00   0.0000000E+00   0.0000000E+00
   1.9780566E-05   1.9662248E+07   1.9662248E+07   2.6172406E+07   2.0178855E+04   1.4483797E+07   1.9662289E+07   1.9662248E+07   0.0000000E+00   0.0000000E+00   0.0000000E+00   0.0000000E+00   0.0000000E+00
   2.1256351E-05   1.9662226E+07   1.9662226E+07   2.6165585E+07   2.0175484E+04   1.4482684E+07   1.9662266E+07   1.9662226E+07   0.0000000E+00   0.0000000E+00   0.0000000E+00   0.0000000E+00   0.0000000E+00
   2.2842241E-05   1.9662201E+07   1.9662201E+07   2.6157710E+07   2.0171591E+04   1.4481399E+07   1.9662240E+07   1.9662201E+07   0.0000000E+00   0.0000000E+00   0.0000000E+00   0.0000000E+00   0.0000000E+00
   2.4546451E-05   1.9662172E+07   1.9662172E+07   2.6148618E+07   2.0167097E+04   1.4479916E+07   1.9662209E+07   1.9662172E+07   0.0000000E+00   0.0000000E+00   0.0000000E+00   0.0000000E+00   0.0000000E+00
   2.6377808E-05   1.9662139E+07   1.9662139E+07   2.6138123E+07   2.0161909E+04   1.4478204E+07   1.9662174E+07   1.9662139E+07   0.0000000E+00   0.0000000E+00   0.0000000E+00   0.0000000E+00   0.0000000E+00
   2.8345799E-05   1.9662100E+07   1.9662100E+07   2.6126009E+07   2.0155919E+04   1.4476229E+07   1.9662134E+07   1.9662100E+07   0.0000000E+00   0.0000000E+00   0.0000000E+00   0.0000000E+00   0.0000000E+00
   3.0460618E-05   1.9662056E+07   1.9662056E+07   2.6112026E+07   2.0149005E+04   1.4473949E+07   1.9662087E+07   1.9662056E+07   0.0000000E+00   0.0000000E+00   0.0000000E+00   0.0000000E+00   0.0000000E+00
   3.2733218E-05   1.9662004E+07   1.9662004E+07   2.6095888E+07   2.0141024E+04   1.4471318E+07   1.9662033E+07   1.9662004E+07   0.0000000E+00   0.0000000E+00   0.0000000E+00   0.0000000E+00   0.0000000E+00
   3.5175372E-05   1.9661945E+07   1.9661945E+07   2.6077263E+07   2.0131812E+04   1.4468284E+07   1.9661971E+07   1.9661945E+07   0.0000000E+00   0.0000000E+00   0.0000000E+00   0.0000000E+00   0.0000000E+00
   3.7799731E-05   1.9661876E+07   1.9661876E+07   2.6055771E+07   2.0121181E+04   1.4464783E+07   1.9661899E+07   1.9661876E+07   0.0000000E+00   0.0000000E+00   0.0000000E+00   0.0000000E+00   0.0000000E+00
   4.0619886E-05   1.9661797E+07   1.9661797E+07   2.6030973E+07   2.0108911E+04   1.4460746E+07   1.9661815E+07   1.9661797E+07   0.0000000E+00   0.0000000E+00   0.0000000E+00   0.0000000E+00   0.0000000E+00
   4.3650448E-05   1.9661705E+07   1.9661705E+07   2.6002365E+07   2.0094753E+04   1.4456090E+07   1.9661719E+07   1.9661705E+07   0.0000000E+00   0.0000000E+00   0.0000000E+00   0.0000000E+00   0.0000000E+00
   4.6907113E-05   1.9661599E+07   1.9661599E+07   2.5969365E+07   2.0078418E+04   1.4450723E+07   1.9661609E+07   1.9661599E+07   0.0000000E+00   0.0000000E+00   0.0000000E+00   0.0000000E+00   0.0000000E+00
   5.0406751E-05   1.9661478E+07   1.9661478E+07   2.5931306E+07   2.0059573E+04   1.4444537E+07   1.9661481E+07   1.9661478E+07   0.0000000E+00   0.0000000E+00   0.0000000E+00   0.0000000E+00   0.0000000E+00
   5.4167489E-05   1.9661337E+07   1.9661337E+07   2.5887421E+07   2.0037836E+04   1.4437410E+07   1.9661333E+07   1.9661337E+07   0.0000000E+00   0.0000000E+00   0.0000000E+00   0.0000000E+00   0.0000000E+00
   5.8208808E-05   1.9661174E+07   1.9661174E+07   2.5836831E+07   2.0012767E+04   1.4429200E+07   1.9661163E+07   1.9661174E+07   0.0000000E+00   0.0000000E+00   0.0000000E+00   0.0000000E+00   0.0000000E+00
   6.2551641E-05   1.9660986E+07   1.9660986E+07   2.5778526E+07   1.9983862E+04   1.4419748E+07   1.9660966E+07   1.9660986E+07   0.0000000E+00   0.0000000E+00   0.0000000E+00   0.0000000E+00   0.0000000E+00
   6.7218483E-05   1.9660770E+07   1.9660770E+07   2.5711350E+07   1.9950541E+04   1.4408870E+07   1.9660739E+07   1.9660770E+07   0.0000000E+00   0.0000000E+00   0.0000000E+00   0.0000000E+00   0.0000000E+00
   7.2233508E-05   1.9660520E+07   1.9660520E+07   2.5633981E+07   1.9912141E+04   1.4396359E+07   1.9660476E+07   1.9660520E+07   0.0000000E+00   0.0000000E+00   0.0000000E+00   0.0000000E+00   0.0000000E+00
   7.7622693E-05   1.9660231E+07   1.9660231E+07   2.5544908E+07   1.9867901E+04   1.4381977E+07   1.9660174E+07   1.9660231E+07   0.0000000E+00   0.0000000E+00   0.0000000E+00   0.0000000E+00   0.0000000E+00
   8.3413953E-05   1.9659898E+07   1.9659898E+07   2.5442411E+07   1.9816952E+04   1.4365457E+07   1.9659824E+07   1.9659898E+07   0.0000000E+00   0.0000000E+00   0.0000000E+00   0.0000000E+00   0.0000000E+00
   8.9637287E-05   1.9659514E+07   1.9659514E+07   2.5324530E+07   1.9758300E+04   1.4346497E+07   1.9659421E+07   1.9659514E+07   0.0000000E+00   0.0000000E+00   0.0000000E+00   0.0000000E+00   0.0000000E+00
   9.6324931E-05   1.9659071E+07   1.9659071E+07   2.5189042E+07   1.9690814E+04   1.4324757E+07   1.9658956E+07   1.9659071E+07   0.0000000E+00   0.0000000E+00   0.0000000E+00   0.0000000E+00   0.0000000E+00
   1.0351152E-04   1.9658559E+07   1.9658559E+07   2.5033432E+07   1.9613206E+04   1.4299857E+07   1.9658420E+07   1.9658559E+07   0.0000000E+00   0.0000000E+00   0.0000000E+00   0.0000000E+00   0.0000000E+00
   1.1123429E-04   1.9657969E+07   1.9657969E+07   2.4854861E+07   1.9524016E+04   1.4271374E+07   1.9657801E+07   1.9657969E+07   0.0000000E+00   0.0000000E+00   0.0000000E+00   0.0000000E+00   0.0000000E+00
   1.1953324E-04   1.9657289E+07   1.9657289E+07   2.4650142E+07   1.9421593E+04   1.4238841E+07   1.9657088E+07   1.9657289E+07   0.0000000E+00   0.0000000E+00   0.0000000E+00   0.0000000E+00   0.0000000E+00
   1.2845136E-04   1.9656505E+07   1.9656505E+07   2.4415712E+07   1.9304074E+04   1.4201748E+07   1.9656265E+07   1.9656505E+07   0.0000000E+00   0.0000000E+00   0.0000000E+00   0.0000000E+00   0.0000000E+00
   1.3803484E-04   1.9655601E+07   1.9655601E+07   2.4147611E+07   1.9169369E+04   1.4159537E+07   1.9655317E+07   1.9655601E+07   0.0000000E+00   0.0000000E+00   0.0000000E+00   0.0000000E+00   0.0000000E+00
   1.4833332E-04   1.9654559E+07   1.9654559E+07   2.3841466E+07   1.9015143E+04   1.4111616E+07   1.9654224E+07   1.9654559E+07   0.0000000E+00   0.0000000E+00   0.0000000E+00   0.0000000E+00   0.0000000E+00
   1.5940014E-04   1.9653359E+07   1.9653359E+07   2.3492494E+07   1.8838802E+04   1.4057358E+07   1.9652965E+07   1.9653359E+07   0.0000000E+00   0.0000000E+00   0.0000000E+00   0.0000000E+00   0.0000000E+00
   1.7129264E-04   1.9651976E+07   1.9651976E+07   2.3095510E+07   1.8637486E+04   1.3996118E+07   1.9651515E+07   1.9651976E+07   0.0000000E+00   0.0000000E+00   0.0000000E+00   0.0000000E+00   0.0000000E+00
   1.8407241E-04   1.9650385E+07   1.9650385E+07   2.2644974E+07   1.8408068E+04   1.3927248E+07   1.9649846E+07   1.9650385E+07   0.0000000E+00   0.0000000E+00   0.0000000E+00   0.0000000E+00   0.0000000E+00
   1.9780566E-04   1.9648555E+07   1.9648555E+07   2.2135058E+07   1.8147162E+04   1.3850127E+07   1.9647925E+07   1.9648555E+07   0.0000000E+00   0.0000000E+00   0.0000000E+00   0.0000000E+00   0.0000000E+00
   2.1256351E-04   1.9646449E+07   1.9646449E+07   2.1559766E+07   1.7851157E+04   1.3764195E+07   1.9645717E+07   1.9646449E+07   0.0000000E+00   0.0000000E+00   0.0000000E+00   0.0000000E+00   0.0000000E+00
   2.2842241E-04   1.9644030E+07   1.9644030E+07   2.0913104E+07   1.7516256E+04   1.3668999E+07   1.9643178E+07   1.9644030E+07   0.0000000E+00   0.0000000E+00   0.0000000E+00   0.0000000E+00   0.0000000E+00
   2.4546451E-04   1.9641251E+07   1.9641251E+07   2.0189329E+07   1.7138560E+04   1.3564255E+07   1.9640262E+07   1.9641251E+07   0.0000000E+00   0.0000000E+00   0.0000000E+00   0.0000000E+00   0.0000000E+00
   2.6377808E-04   1.9638061E+07   1.9638061E+07   1.9383280E+07   1.6714177E+04   1.3449925E+07   1.9636916E+07   1.9638061E+07   0.0000000E+00   0.0000000E+00   0.0000000E+00   0.0000000E+00   0.0000000E+00
   2.8345799E-04   1.9634405E+07   1.9634405E+07   1.8490812E+07   1.6239381E+04   1.3326299E+07   1.9633079E+07   1.9634405E+07   0.0000000E+00   0.0000000E+00   0.0000000E+00   0.0000000E+00   0.0000000E+00
   3.0460618E-04   1.9630216E+07   1.9630216E+07   1.7509349E+07   1.5710823E+04   1.3194101E+07   1.9628684E+07   1.9630216E+07   0.0000000E+00   0.0000000E+00   0.0000000E+00   0.0000000E+00   0.0000000E+00
   3.2733218E-04   1.9625423E+07   1.9625423E+07   1.6438557E+07   1.5125805E+04   1.3054590E+07   1.9623654E+07   1.9625423E+07   0.0000000E+00   0.0000000E+00   0.0000000E+00   0.0000000E+00   0.0000000E+00
   3.5175372E-04   1.9619946E+07   1.9619946E+07   1.5281132E+07   1.4482627E+04   1.2909659E+07   1.9617906E+07   1.9619946E+07   0.0000000E+00   0.0000000E+00   0.0000000E+00   0.0000000E+00   0.0000000E+00
   3.7799731E-04   1.9613695E+07   1.9613695E+07   1.4043676E+07   1.3780993E+04   1.2761903E+07   1.9611346E+07   1.9613695E+07   0.0000000E+00   0.0000000E+00   0.0000000E+00   0.0000000E+00   0.0000000E+00
   4.0619886E-04   1.9606572E+07   1.9606572E+07   1.2737604E+07   1.3022489E+04   1.2614643E+07   1.9603869E+07   1.9606572E+07   0.0000000E+00   0.0000000E+00   0.0000000E+00   0.0000000E+00   0.0000000E+00
   4.3650448E-04   1.9598469E+07   1.9598469E+07   1.1379970E+07   1.2211092E+04   1.2471843E+07   1.9595363E+07   1.9598469E+07   0.0000000E+00   0.0000000E+00   0.0000000E+00   0.0000000E+00   0.0000000E+00
   4.6907113E-04   1.9589265E+07   1.9589265E+07   9.9940696E+06   1.1353677E+04   1.2337899E+07   1.9585703E+07   1.9589265E+07   0.0000000E+00   0.0000000E+00   0.0000000E+00   0.0000000E+00   0.0000000E+00
   5.0406751E-04   1.9578832E+07   1.9578832E+07   8.6095724E+06   1.0460449E+04   1.2217232E+07   1.9574751E+07   1.9578832E+07   0.0000000E+00   0.0000000E+00   0.0000000E+00   0.0000000E+00   0.0000000E+00
   5.4167489E-04   1.9567028E+07   1.9567028E+07   7.2619236E+06   9.5452032E+03   1.2113645E+07   1.9562362E+07   1.9567028E+07   0.0000000E+00   0.0000000E+00   0.0000000E+00   0.0000000E+00   0.0000000E+00
   5.8208808E-04   1.9553700E+07   1.9553700E+07   5.9906825E+06   8.6252711E+03   1.2029437E+07   1.9548373E+07   1.9553700E+07   0.0000000E+00   0.0000000E+00   0.0000000E+00   0.0000000E+00   0.0000000E+00
   6.2551641E-04   1.9538680E+07   1.9538680E+07   4.8365219E+06   7.7210047E+03   1.1964333E+07   1.9532613E+07   1.9538680E+07   0.0000000E+00   0.0000000E+00   0.0000000E+00   0.0000000E+00   0.0000000E+00
   6.7218483E-04   1.9521789E+07   1.9521789E+07   3.8367482E+06   6.8546412E+03   1.1914380E+07   1.9514893E+07   1.9521789E+07   0.0000000E+00   0.0000000E+00   0.0000000E+00   0.0000000E+00   0.0000000E+00
   7.2233508E-04   1.9502828E+07   1.9502828E+07   3.0195357E+06   6.0484442E+03   1.1871147E+07   1.9495011E+07   1.9502828E+07   0.0000000E+00   0.0000000E+00   0.0000000E+00   0.0000000E+00   0.0000000E+00
   7.7622693E-04   1.9481581E+07   1.9481581E+07   2.3975942E+06   5.3221432E+03   1.1821697E+07   1.9472745E+07   1.9481581E+07   0.0000000E+00   0.0000000E+00   0.0000000E+00   0.0000000E+00   0.0000000E+00
   8.3413953E-04   1.9457812E+07   1.9457812E+07   1.9627098E+06   4.6899090E+03   1.1749903E+07   1.9447854E+07   1.9457812E+07   0.0000000E+00   0.0000000E+00   0.0000000E+00   0.0000000E+00   0.0000000E+00
   8.9637287E-04   1.9431258E+07   1.9431258E+07   1.6833090E+06   4.1574098E+03   1.1639576E+07   1.9420074E+07   1.9431258E+07   0.0000000E+00   0.0000000E+00   0.0000000E+00   0.0000000E+00   0.0000000E+00
   9.6324931E-04   1.9401631E+07   1.9401631E+07   1.5075172E+06   3.7198153E+03   1.1479344E+07   1.9389119E+07   1.9401631E+07   0.0000000E+00   0.0000000E+00   0.0000000E+00   0.0000000E+00   0.0000000E+00
   1.0351152E-03   1.9368615E+07   1.9368615E+07   1.3734924E+06   3.3618157E+03   1.1268207E+07   1.9354675E+07   1.9368615E+07   0.0000000E+00   0.0000000E+00   0.0000000E+00   0.0000000E+00   0.0000000E+00
   1.1123429E-03   1.9331870E+07   1.9331870E+07   1.2264942E+06   3.0605474E+03   1.1019318E+07   1.9316409E+07   1.9331870E+07   0.0000000E+00   0.0000000E+00   0.0000000E+00   0.0000000E+00   0.0000000E+00
   1.1953324E-03   1.9291036E+07   1.9291036E+07   1.0380932E+06   2.7915206E+03   1.0758480E+07   1.9273969E+07   1.9291036E+07   0.0000000E+00   0.0000000E+00   0.0000000E+00   0.0000000E+00   0.0000000E+00
   1.2845136E-03   1.9245735E+07   1.9245735E+07   8.1846967E+05   2.5361700E+03   1.0514667E+07   1.9226993E+07   1.9245735E+07   0.0000000E+00   0.0000000E+00   0.0000000E+00   0.0000000E+00   0.0000000E+00
   1.3803484E-03   1.9195587E+07   1.9195587E+07   6.1127696E+05   2.2879423E+03   1.0303915E+07   1.9175115E+07   1.9195587E+07   0.0000000E+00   0.0000000E+00   0.0000000E+00   0.0000000E+00   0.0000000E+00
   1.4833332E-03   1.9140205E+07   1.9140205E+07   4.6666813E+05   2.0530839E+03   1.0115172E+07   1.9117964E+07   1.9140205E+07   0.0000000E+00   0.0000000E+00   0.0000000E+00   0.0000000E+00   0.0000000E+00
   1.5940014E-03   1.9079198E+07   1.9079198E+07   4.0353063E+05   1.8440668E+03   9.9122052E+06   1.9055166E+07   1.9079198E+07   0.0000000E+00   0.0000000E+00   0.0000000E+00   0.0000000E+00   0.0000000E+00
   1.7129264E-03   1.9012163E+07   1.9012163E+07   3.8897467E+05   1.6684346E+03   9.6600556E+06   1.8986330E+07   1.9012163E+07   0.0000000E+00   0.0000000E+00   0.0000000E+00   0.0000000E+00   0.0000000E+00
   1.8407241E-03   1.8938679E+07   1.8938679E+07   3.6195100E+05   1.5211815E+03   9.3615083E+06   1.8911047E+07   1.8938679E+07   0.0000000E+00   0.0000000E+00   0.0000000E+00   0.0000000E+00   0.0000000E+00
   1.9780566E-03   1.8858314E+07   1.8858314E+07   2.9173867E+05   1.3885956E+03   9.0635750E+06   1.8828887E+07   1.8858314E+07   0.0000000E+00   0.0000000E+00   0.0000000E+00   0.0000000E+00   0.0000000E+00
   2.1256351E-03   1.8770629E+07   1.8770629E+07   2.1135299E+05   1.2615245E+03   8.8074550E+06   1.8739410E+07   1.8770629E+07   0.0000000E+00   0.0000000E+00   0.0000000E+00   0.0000000E+00   0.0000000E+00
   2.2842241E-03   1.8675188E+07   1.8675188E+07   1.7150399E+05   1.1432934E+03   8.5694065E+06   1.8642173E+07   1.8675188E+07   0.0000000E+00   0.0000000E+00   0.0000000E+00   0.0000000E+00   0.0000000E+00
   2.4546451E-03   1.8571546E+07   1.8571546E+07   1.6358995E+05   1.0406291E+03   8.2904911E+06   1.8536728E+07   1.8571546E+07   0.0000000E+00   0.0000000E+00   0.0000000E+00   0.0000000E+00   0.0000000E+00
   2.6377808E-03   1.8459242E+07   1.8459242E+07   1.3722203E+05   9.5014284E+02   7.9786109E+06   1.8422606E+07   1.8459242E+07   0.0000000E+00   0.0000000E+00   0.0000000E+00   0.0000000E+00   0.0000000E+00
   2.8345799E-03   1.8337797E+07   1.8337797E+07   9.8231680E+04   8.6382597E+02   7.6950184E+06   1.8299330E+07   1.8337797E+07   0.0000000E+00   0.0000000E+00   0.0000000E+00   0.0000000E+00   0.0000000E+00
   3.0460618E-03   1.8206726E+07   1.8206726E+07   9.0269095E+04   7.8354443E+02   7.4144287E+06   1.8166420E+07   1.8206726E+07   0.0000000E+00   0.0000000E+00   0.0000000E+00   0.0000000E+00   0.0000000E+00
   3.2733218E-03   1.8065534E+07   1.8065534E+07   8.5535283E+04   7.1311134E+02   7.0814263E+06   1.8023389E+07   1.8065534E+07   0.0000000E+00   0.0000000E+00   0.0000000E+00   0.0000000E+00   0.0000000E+00
   3.5175372E-03   1.7913715E+07   1.7913715E+07   5.8507939E+04   6.4710238E+02   6.7644874E+06   1.7869742E+07   1.7913715E+07   0.0000000E+00   0.0000000E+00   0.0000000E+00   0.0000000E+00   0.0000000E+00
   3.7799731E-03   1.7750768E+07   1.7750768E+07   5.3070385E+04   5.8512702E+02   6.4641597E+06   1.7704991E+07   1.7750768E+07   0.0000000E+00   0.0000000E+00   0.0000000E+00   0.0000000E+00   0.0000000E+00
   4.0619886E-03   1.7576207E+07   1.7576207E+07   4.6080376E+04   5.2969506E+02   6.1244308E+06   1.7528675E+07   1.7576207E+07   0.0000000E+00   0.0000000E+00   0.0000000E+00   0.0000000E+00   0.0000000E+00
   4.3650448E-03   1.7389562E+07   1.7389562E+07   3.5209958E+04   4.7710614E+02   5.8181126E+06   1.7340355E+07   1.7389562E+07   0.0000000E+00   0.0000000E+00   0.0000000E+00   0.0000000E+00   0.0000000E+00
   4.6907113E-03   1.7190386E+07   1.7190386E+07   3.3911883E+04   4.2964480E+02   5.4877721E+06   1.7139606E+07   1.7190386E+07   0.0000000E+00   0.0000000E+00   0.0000000E+00   0.0000000E+00   0.0000000E+00
   5.0406751E-03   1.6978227E+07   1.6978227E+07   2.3490709E+04   3.8567757E+02   5.1848370E+06   1.6925976E+07   1.6978227E+07   0.0000000E+00   0.0000000E+00   0.0000000E+00   0.0000000E+00   0.0000000E+00
   5.4167489E-03   1.6752635E+07   1.6752635E+07   2.3370415E+04   3.4614577E+02   4.8620470E+06   1.6698996E+07   1.6752635E+07   0.0000000E+00   0.0000000E+00   0.0000000E+00   0.0000000E+00   0.0000000E+00
   5.8208808E-03   1.6513156E+07   1.6513156E+07   1.8052202E+04   3.0937671E+02   4.5595595E+06   1.6458221E+07   1.6513156E+07   0.0000000E+00   0.0000000E+00   0.0000000E+00   0.0000000E+00   0.0000000E+00
   6.2551641E-03   1.6259348E+07   1.6259348E+07   1.4154982E+04   2.7586418E+02   4.2457799E+06   1.6203259E+07   1.6259348E+07   0.0000000E+00   0.0000000E+00   0.0000000E+00   0.0000000E+00   0.0000000E+00
   6.7218483E-03   1.5990792E+07   1.5990792E+07   1.4183875E+04   2.4519755E+02   3.9535684E+06   1.5933715E+07   1.5990792E+07   0.0000000E+00   0.0000000E+00   0.0000000E+00   0.0000000E+00   0.0000000E+00
   7.2233508E-03   1.5707074E+07   1.5707074E+07   1.0535433E+04   2.1744905E+02   3.6704300E+06   1.5649161E+07   1.5707074E+07   0.0000000E+00   0.0000000E+00   0.0000000E+00   0.0000000E+00   0.0000000E+00
   7.7622693E-03   1.5407780E+07   1.5407780E+07   8.0131131E+03   1.9228604E+02   3.3873975E+06   1.5349184E+07   1.5407780E+07   0.0000000E+00   0.0000000E+00   0.0000000E+00   0.0000000E+00   0.0000000E+00
   8.3413953E-03   1.5092497E+07   1.5092497E+07   6.9542623E+03   1.6949369E+02   3.1137925E+06   1.5033397E+07   1.5092497E+07   0.0000000E+00   0.0000000E+00   0.0000000E+00   0.0000000E+00   0.0000000E+00
   8.9637287E-03   1.4760809E+07   1.4760809E+07   6.2377188E+03   1.4890550E+02   2.8553610E+06   1.4701396E+07   1.4760809E+07   0.0000000E+00   0.0000000E+00   0.0000000E+00   0.0000000E+00   0.0000000E+00
   9.6324931E-03   1.4412309E+07   1.4412309E+07   5.2867247E+03   1.3040493E+02   2.6077738E+06   1.4352769E+07   1.4412309E+07   0.0000000E+00   0.0000000E+00   0.0000000E+00   0.0000000E+00   0.0000000E+00
   1.0351152E-02   1.4046593E+07   1.4046593E+07   4.3584174E+03   1.1377842E+02   2.3720652E+06   1.3987123E+07   1.4046593E+07   0.0000000E+00   0.0000000E+00   0.0000000E+00   0.0000000E+00   0.0000000E+00
   1.1123429E-02   1.3663269E+07   1.3663269E+07   3.3435789E+03   9.8921065E+01   2.1503002E+06   1.3604083E+07   1.3663269E+07   0.0000000E+00   0.0000000E+00   0.0000000E+00   0.0000000E+00   0.0000000E+00
   1.1953324E-02   1.3261978E+07   1.3261978E+07   2.6587924E+03   8.5686199E+01   1.9413010E+06   1.3203274E+07   1.3261978E+07   0.0000000E+00   0.0000000E+00   0.0000000E+00   0.0000000E+00   0.0000000E+00
   1.2845136E-02   1.2842396E+07   1.2842396E+07   2.5876570E+03   7.3921437E+01   1.7445866E+06   1.2784394E+07   1.2842396E+07   0.0000000E+00   0.0000000E+00   0.0000000E+00   0.0000000E+00   0.0000000E+00
   1.3803484E-02   1.2404289E+07   1.2404289E+07   2.1005000E+03   6.3533985E+01   1.5563165E+06   1.2347199E+07   1.2404289E+07   0.0000000E+00   0.0000000E+00   0.0000000E+00   0.0000000E+00   0.0000000E+00
   1.4833332E-02   1.1947537E+07   1.1947537E+07   1.6214860E+03   5.4348329E+01   1.3870366E+06   1.1891575E+07   1.1947537E+07   0.0000000E+00   0.0000000E+00   0.0000000E+00   0.0000000E+00   0.0000000E+00
   1.5940014E-02   1.1472207E+07   1.1472207E+07   1.3482844E+03   4.6299835E+01   1.2247354E+06   1.1417585E+07   1.1472207E+07   0.0000000E+00   0.0000000E+00   0.0000000E+00   0.0000000E+00   0.0000000E+00
   1.7129264E-02   1.0978625E+07   1.0978625E+07   1.2504864E+03   3.9241662E+01   1.0788689E+06   1.0925555E+07   1.0978625E+07   0.0000000E+00   0.0000000E+00   0.0000000E+00   0.0000000E+00   0.0000000E+00
   1.8407241E-02   1.0467483E+07   1.0467483E+07   9.9467254E+02   3.3092000E+01   9.4467176E+05   1.0416165E+07   1.0467483E+07   0.0000000E+00   0.0000000E+00   0.0000000E+00   0.0000000E+00   0.0000000E+00
   1.9780565E-02   9.9399578E+06   9.9399578E+06   8.0834384E+02   2.7761265E+01   8.2158362E+05   9.8905865E+06   9.9399578E+06   0.0000000E+00   0.0000000E+00   0.0000000E+00   0.0000000E+00   0.0000000E+00
   2.1256347E-02   9.3978592E+06   9.3978592E+06   6.7953917E+02   2.3158523E+01   7.0951411E+05   9.3506156E+06   9.3978592E+06   0.0000000E+00   0.0000000E+00   0.0000000E+00   0.0000000E+00   0.0000000E+00
   2.2842219E-02   8.8437960E+06   8.8437960E+06   4.8980660E+02   1.9204921E+01   6.0847009E+05   8.7988414E+06   8.8437960E+06   0.0000000E+00   0.0000000E+00   0.0000000E+00   0.0000000E+00   0.0000000E+00
   2.4546337E-02   8.2813540E+06   8.2813540E+06   3.9914341E+02   1.5828402E+01   5.1981506E+05   8.2388258E+06   8.2813540E+06   0.0000000E+00   0.0000000E+00   0.0000000E+00   0.0000000E+00   0.0000000E+00
   2.6377294E-02   7.7152854E+06   7.7152854E+06   3.0040578E+02   1.2966903E+01   4.3935881E+05   7.6752905E+06   7.7152854E+06   0.0000000E+00   0.0000000E+00   0.0000000E+00   0.0000000E+00   0.0000000E+00
   2.8343776E-02   7.1517108E+06   7.1517108E+06   2.6458750E+02   1.0558039E+01   3.6937213E+05   7.1143171E+06   7.1517108E+06   0.0000000E+00   0.0000000E+00   0.0000000E+00   0.0000000E+00   0.0000000E+00
   3.0453607E-02   6.5983254E+06   6.5983254E+06   2.0548198E+02   8.5497804E+00   3.0866346E+05   6.5635530E+06   6.5983254E+06   0.0000000E+00   0.0000000E+00   0.0000000E+00   0.0000000E+00   0.0000000E+00
   3.2711649E-02   6.0645523E+06   6.0645523E+06   1.4605082E+02   6.8932018E+00   2.5688887E+05   6.0323632E+06   6.0645523E+06   0.0000000E+00   0.0000000E+00   0.0000000E+00   0.0000000E+00   0.0000000E+00
   3.5116125E-02   5.5614244E+06   5.5614244E+06   1.4153152E+02   5.5461563E+00   2.1296606E+05   5.5317138E+06   5.5614244E+06   0.0000000E+00   0.0000000E+00   0.0000000E+00   0.0000000E+00   0.0000000E+00
   3.7653894E-02   5.1007564E+06   5.1007564E+06   9.3627757E+01   4.4679288E+00   1.7664612E+05   5.0733478E+06   5.1007564E+06   0.0000000E+00   0.0000000E+00   0.0000000E+00   0.0000000E+00   0.0000000E+00
   4.0297376E-02   4.6931723E+06   4.6931723E+06   7.3779387E+01   3.6204530E+00   1.4690194E+05   4.6678236E+06   4.6931723E+06   0.0000000E+00   0.0000000E+00   0.0000000E+00   0.0000000E+00   0.0000000E+00
   4.3007316E-02   4.3452946E+06   4.3452946E+06   6.3478991E+01   2.9649597E+00   1.2338031E+05   4.3217184E+06   4.3452946E+06   0.0000000E+00   0.0000000E+00   0.0000000E+00   0.0000000E+00   0.0000000E+00
   4.5742588E-02   4.0576221E+06   4.0576221E+06   5.4862274E+01   2.4626593E+00   1.0498191E+05   4.0355201E+06   4.0576221E+06   0.0000000E+00   0.0000000E+00   0.0000000E+00   0.0000000E+00   0.0000000E+00
   4.8471406E-02   3.8246708E+06   3.8246708E+06   4.7889364E+01   2.0779646E+00   9.0627221E+04   3.8037669E+06   3.8246708E+06   0.0000000E+00   0.0000000E+00   0.0000000E+00   0.0000000E+00   0.0000000E+00
   5.1176710E-02   3.6371439E+06   3.6371439E+06   4.1936425E+01   1.7802899E+00   7.9323890E+04   3.6172064E+06   3.6371439E+06   0.0000000E+00   0.0000000E+00   0.0000000E+00   0.0000000E+00   0.0000000E+00
   5.3854576E-02   3.4844785E+06   3.4844785E+06   3.6424862E+01   1.5456619E+00   7.0282869E+04   3.4653290E+06   3.4844785E+06   0.0000000E+00   0.0000000E+00   0.0000000E+00   0.0000000E+00   0.0000000E+00
   5.6509590E-02   3.3565779E+06   3.3565779E+06   3.0633283E+01   1.3564994E+00   6.2863393E+04   3.3380898E+06   3.3565779E+06   0.0000000E+00   0.0000000E+00   0.0000000E+00   0.0000000E+00   0.0000000E+00
   5.9150604E-02   3.2446116E+06   3.2446116E+06   2.4702217E+01   1.2000534E+00   5.6558432E+04   3.2267046E+06   3.2446116E+06   0.0000000E+00   0.0000000E+00   0.0000000E+00   0.0000000E+00   0.0000000E+00
   6.1787995E-02   3.1412464E+06   3.1412464E+06   2.0809855E+01   1.0674342E+00   5.1047837E+04   3.1238790E+06   3.1412464E+06   0.0000000E+00   0.0000000E+00   0.0000000E+00   0.0000000E+00   0.0000000E+00
   6.4432217E-02   3.0406378E+06   3.0406378E+06   1.9687626E+01   9.5247106E-01   4.6174182E+04   3.0237997E+06   3.0406378E+06   0.0000000E+00   0.0000000E+00   0.0000000E+00   0.0000000E+00   0.0000000E+00
   6.7093161E-02   2.9383591E+06   2.9383591E+06   1.9241697E+01   8.5082422E-01   4.1834958E+04   2.9220638E+06   2.9383591E+06   0.0000000E+00   0.0000000E+00   0.0000000E+00   0.0000000E+00   0.0000000E+00
   6.9779949E-02   2.8313342E+06   2.8313342E+06   1.7723987E+01   7.5962937E-01   3.7896693E+04   2.8156116E+06   2.8313342E+06   0.0000000E+00   0.0000000E+00   0.0000000E+00   0.0000000E+00   0.0000000E+00
   7.2500925E-02   2.7177838E+06   2.7177838E+06   1.5525658E+01   6.7700648E-01   3.4235077E+04   2.7026734E+06   2.7177838E+06   0.0000000E+00   0.0000000E+00   0.0000000E+00   0.0000000E+00   0.0000000E+00
   7.5263737E-02   2.5971742E+06   2.5971742E+06   1.3579675E+01   6.0170967E-01   3.0805871E+04   2.5827180E+06   2.5971742E+06   0.0000000E+00   0.0000000E+00   0.0000000E+00   0.0000000E+00   0.0000000E+00
   7.8075443E-02   2.4701471E+06   2.4701471E+06   1.2169663E+01   5.3305224E-01   2.7599043E+04   2.4563836E+06   2.4701471E+06   0.0000000E+00   0.0000000E+00   0.0000000E+00   0.0000000E+00   0.0000000E+00
   8.0942620E-02   2.3384122E+06   2.3384122E+06   1.0841783E+01   4.7061443E-01   2.4603438E+04   2.3253702E+06   2.3384122E+06   0.0000000E+00   0.0000000E+00   0.0000000E+00   0.0000000E+00   0.0000000E+00
   8.3871460E-02   2.2045837E+06   2.2045837E+06   8.6358518E+00   4.1421225E-01   2.1856974E+04   2.1922770E+06   2.2045837E+06   0.0000000E+00   0.0000000E+00   0.0000000E+00   0.0000000E+00   0.0000000E+00
   8.6867853E-02   2.0719508E+06   2.0719508E+06   6.9360692E+00   3.6373193E-01   1.9445327E+04   2.0603748E+06   2.0719508E+06   0.0000000E+00   0.0000000E+00   0.0000000E+00   0.0000000E+00   0.0000000E+00
   8.9937461E-02   1.9441784E+06   1.9441784E+06   7.1559095E+00   3.1911108E-01   1.7213832E+04   1.9333077E+06   1.9441784E+06   0.0000000E+00   0.0000000E+00   0.0000000E+00   0.0000000E+00   0.0000000E+00
   9.3085774E-02   1.8249457E+06   1.8249457E+06   5.3533239E+00   2.8018680E-01   1.5295641E+04   1.8147342E+06   1.8249457E+06   0.0000000E+00   0.0000000E+00   0.0000000E+00   0.0000000E+00   0.0000000E+00
   9.6318156E-02   1.7175437E+06   1.7175437E+06   4.9439417E+00   2.4674087E-01   1.3567365E+04   1.7079265E+06   1.7175437E+06   0.0000000E+00   0.0000000E+00   0.0000000E+00   0.0000000E+00   0.0000000E+00
   9.9639891E-02   1.6244635E+06   1.6244635E+06   4.8663267E+00   2.1838271E-01   1.2146416E+04   1.6153616E+06   1.6244635E+06   0.0000000E+00   0.0000000E+00   0.0000000E+00   0.0000000E+00   0.0000000E+00
   1.0305621E-01   1.5470240E+06   1.5470240E+06   4.3846203E+00   1.9461815E-01   1.0952316E+04   1.5383507E+06   1.5470240E+06   0.0000000E+00   0.0000000E+00   0.0000000E+00   0.0000000E+00   0.0000000E+00
   1.0657231E-01   1.4850940E+06   1.4850940E+06   3.9187818E+00   1.7482389E-01   9.9392669E+03   1.4767630E+06   1.4850940E+06   0.0000000E+00   0.0000000E+00   0.0000000E+00   0.0000000E+00   0.0000000E+00
   1.1019339E-01   1.4369674E+06   1.4369674E+06   3.2139824E+00   1.5828012E-01   9.0874118E+03   1.4289021E+06   1.4369674E+06   0.0000000E+00   0.0000000E+00   0.0000000E+00   0.0000000E+00   0.0000000E+00
   1.1392467E-01   1.3994452E+06   1.3994452E+06   2.7363409E+00   1.4423216E-01   8.4051982E+03   1.3915864E+06   1.3994452E+06   0.0000000E+00   0.0000000E+00   0.0000000E+00   0.0000000E+00   0.0000000E+00
   1.1777137E-01   1.3681538E+06   1.3681538E+06   2.8023586E+00   1.3195143E-01   7.7551417E+03   1.3604671E+06   1.3681538E+06   0.0000000E+00   0.0000000E+00   0.0000000E+00   0.0000000E+00   0.0000000E+00
   1.2173877E-01   1.3381008E+06   1.3381008E+06   2.6057258E+00   1.2078718E-01   7.1988682E+03   1.3305795E+06   1.3381008E+06   0.0000000E+00   0.0000000E+00   0.0000000E+00   0.0000000E+00   0.0000000E+00
   1.2583219E-01   1.3044174E+06   1.3044174E+06   2.3455719E+00   1.1023915E-01   6.6474265E+03   1.2970823E+06   1.3044174E+06   0.0000000E+00   0.0000000E+00   0.0000000E+00   0.0000000E+00   0.0000000E+00
   1.3005699E-01   1.2631902E+06   1.2631902E+06   2.1882499E+00   9.9984409E-02   6.0886425E+03   1.2560840E+06   1.2631902E+06   0.0000000E+00   0.0000000E+00   0.0000000E+00   0.0000000E+00   0.0000000E+00
   1.3441859E-01   1.2122320E+06   1.2122320E+06   1.8072301E+00   8.9900687E-02   5.5225411E+03   1.2054099E+06   1.2122320E+06   0.0000000E+00   0.0000000E+00   0.0000000E+00   0.0000000E+00   0.0000000E+00
   1.3892248E-01   1.1516176E+06   1.1516176E+06   1.6155731E+00   8.0048705E-02   4.9878048E+03   1.1451342E+06   1.1516176E+06   0.0000000E+00   0.0000000E+00   0.0000000E+00   0.0000000E+00   0.0000000E+00
   1.4357423E-01   1.0838126E+06   1.0838126E+06   1.3230395E+00   7.0630934E-02   4.4350638E+03   1.0777089E+06   1.0838126E+06   0.0000000E+00   0.0000000E+00   0.0000000E+00   0.0000000E+00   0.0000000E+00
   1.4837944E-01   1.0132830E+06   1.0132830E+06   1.1914198E+00   6.1920107E-02   3.9255441E+03   1.0075747E+06   1.0132830E+06   0.0000000E+00   0.0000000E+00   0.0000000E+00   0.0000000E+00   0.0000000E+00
   1.5334384E-01   9.4557590E+05   9.4557590E+05   1.0143572E+00   5.4179619E-02   3.4765284E+03   9.4024734E+05   9.4557590E+05   0.0000000E+00   0.0000000E+00   0.0000000E+00   0.0000000E+00   0.0000000E+00
   1.5847321E-01   8.8600984E+05   8.8600984E+05   1.0111831E+00   4.7587838E-02   3.0893290E+03   8.8101550E+05   8.8600984E+05   0.0000000E+00   0.0000000E+00   0.0000000E+00   0.0000000E+00   0.0000000E+00
   1.6377344E-01   8.3826471E+05   8.3826471E+05   8.0476679E-01   4.2184094E-02   2.7726987E+03   8.3353821E+05   8.3826471E+05   0.0000000E+00   0.0000000E+00   0.0000000E+00   0.0000000E+00   0.0000000E+00
   1.6925052E-01   8.0326631E+05   8.0326631E+05   7.0772405E-01   3.7854322E-02   2.5164901E+03   7.9873599E+05   8.0326631E+05   0.0000000E+00   0.0000000E+00   0.0000000E+00   0.0000000E+00   0.0000000E+00
   1.7491055E-01   7.7876654E+05   7.7876654E+05   6.7002483E-01   3.4353496E-02   2.3164597E+03   7.7437332E+05   7.7876654E+05   0.0000000E+00   0.0000000E+00   0.0000000E+00   0.0000000E+00   0.0000000E+00
   1.8075977E-01   7.5987958E+05   7.5987958E+05   6.5862442E-01   3.1372829E-02   2.1382699E+03   7.5559193E+05   7.5987958E+05   0.0000000E+00   0.0000000E+00   0.0000000E+00   0.0000000E+00   0.0000000E+00
   1.8680458E-01   7.4055273E+05   7.4055273E+05   5.8428335E-01   2.8620112E-02   1.9821470E+03   7.3637322E+05   7.4055273E+05   0.0000000E+00   0.0000000E+00   0.0000000E+00   0.0000000E+00   0.0000000E+00
   1.9305152E-01   7.1558985E+05   7.1558985E+05   5.3203042E-01   2.5897012E-02   1.8173869E+03   7.1155041E+05   7.1558985E+05   0.0000000E+00   0.0000000E+00   0.0000000E+00   0.0000000E+00   0.0000000E+00
   1.9950737E-01   6.8253886E+05   6.8253886E+05   4.6829236E-01   2.3141497E-02   1.6412552E+03   6.7868525E+05   6.8253886E+05   0.0000000E+00   0.0000000E+00   0.0000000E+00   0.0000000E+00   0.0000000E+00
   2.0617912E-01   6.4266033E+05   6.4266033E+05   4.1841270E-01   2.0421302E-02   1.4716925E+03   6.3903121E+05   6.4266033E+05   0.0000000E+00   0.0000000E+00   0.0000000E+00   0.0000000E+00   0.0000000E+00
   2.1307403E-01   6.0043481E+05   6.0043481E+05   3.5824366E-01   1.7884466E-02   1.3066229E+03   5.9704356E+05   6.0043481E+05   0.0000000E+00   0.0000000E+00   0.0000000E+00   0.0000000E+00   0.0000000E+00
   2.2019969E-01   5.6163299E+05   5.6163299E+05   3.2570874E-01   1.5678185E-02   1.1595949E+03   5.5846038E+05   5.6163299E+05   0.0000000E+00   0.0000000E+00   0.0000000E+00   0.0000000E+00   0.0000000E+00
   2.2756405E-01   5.3067750E+05   5.3067750E+05   2.7106872E-01   1.3877148E-02   1.0431224E+03   5.2767929E+05   5.3067750E+05   0.0000000E+00   0.0000000E+00   0.0000000E+00   0.0000000E+00   0.0000000E+00
   2.3517547E-01   5.0852304E+05   5.0852304E+05   2.4487454E-01   1.2449899E-02   9.5086311E+02   5.0564959E+05   5.0852304E+05   0.0000000E+00   0.0000000E+00   0.0000000E+00   0.0000000E+00   0.0000000E+00
   2.4304280E-01   4.9222029E+05   4.9222029E+05   2.3194794E-01   1.1278822E-02   8.7450204E+02   4.8943858E+05   4.9222029E+05   0.0000000E+00   0.0000000E+00   0.0000000E+00   0.0000000E+00   0.0000000E+00
   2.5117548E-01   4.7657309E+05   4.7657309E+05   2.0402398E-01   1.0221703E-02   8.0740346E+02   4.7387947E+05   4.7657309E+05   0.0000000E+00   0.0000000E+00   0.0000000E+00   0.0000000E+00   0.0000000E+00
   2.5958359E-01   4.5711995E+05   4.5711995E+05   1.8623626E-01   9.1803137E-03   7.3762789E+02   4.5453597E+05   4.5711995E+05   0.0000000E+00   0.0000000E+00   0.0000000E+00   0.0000000E+00   0.0000000E+00
   2.6827797E-01   4.3272747E+05   4.3272747E+05   1.5726286E-01   8.1407945E-03   6.6494987E+02   4.3028110E+05   4.3272747E+05   0.0000000E+00   0.0000000E+00   0.0000000E+00   0.0000000E+00   0.0000000E+00
   2.7727032E-01   4.0609770E+05   4.0609770E+05   1.3833842E-01   7.1575889E-03   5.9522741E+02   4.0380164E+05   4.0609770E+05   0.0000000E+00   0.0000000E+00   0.0000000E+00   0.0000000E+00   0.0000000E+00
   2.8657337E-01   3.8171054E+05   3.8171054E+05   1.2714813E-01   6.3018439E-03   5.3408220E+02   3.7955214E+05   3.8171054E+05   0.0000000E+00   0.0000000E+00   0.0000000E+00   0.0000000E+00   0.0000000E+00
   2.9620099E-01   3.6253046E+05   3.6253046E+05   1.1120573E-01   5.6032018E-03   4.8437702E+02   3.6048032E+05   3.6253046E+05   0.0000000E+00   0.0000000E+00   0.0000000E+00   0.0000000E+00   0.0000000E+00
   3.0616841E-01   3.4790343E+05   3.4790343E+05   1.0018626E-01   5.0315959E-03   4.4350764E+02   3.4593583E+05   3.4790343E+05   0.0000000E+00   0.0000000E+00   0.0000000E+00   0.0000000E+00   0.0000000E+00
   3.1649241E-01   3.3436031E+05   3.3436031E+05   9.0879617E-02   4.5245835E-03   4.0699936E+02   3.3246914E+05   3.3436031E+05   0.0000000E+00   0.0000000E+00   0.0000000E+00   0.0000000E+00   0.0000000E+00
   3.2719154E-01   3.1873200E+05   3.1873200E+05   7.8761659E-02   4.0360624E-03   3.7163549E+02   3.1692908E+05   3.1873200E+05   0.0000000E+00   0.0000000E+00   0.0000000E+00   0.0000000E+00   0.0000000E+00
   3.3828647E-01   3.0085718E+05   3.0085718E+05   6.9766488E-02   3.5655822E-03   3.3572312E+02   2.9915525E+05   3.0085718E+05   0.0000000E+00   0.0000000E+00   0.0000000E+00   0.0000000E+00   0.0000000E+00
   3.4980031E-01   2.8334391E+05   2.8334391E+05   6.2293351E-02   3.1418726E-03   3.0310417E+02   2.8174094E+05   2.8334391E+05   0.0000000E+00   0.0000000E+00   0.0000000E+00   0.0000000E+00   0.0000000E+00
   3.6175900E-01   2.6862519E+05   2.6862519E+05   5.4537890E-02   2.7852917E-03   2.7535104E+02   2.6710538E+05   2.6862519E+05   0.0000000E+00   0.0000000E+00   0.0000000E+00   0.0000000E+00   0.0000000E+00
   3.7419186E-01   2.5642274E+05   2.5642274E+05   4.8708226E-02   2.4848972E-03   2.5209529E+02   2.5497188E+05   2.5642274E+05   0.0000000E+00   0.0000000E+00   0.0000000E+00   0.0000000E+00   0.0000000E+00
   3.8713217E-01   2.4442268E+05   2.4442268E+05   4.3979713E-02   2.2127479E-03   2.3058772E+02   2.4303964E+05   2.4442268E+05   0.0000000E+00   0.0000000E+00   0.0000000E+00   0.0000000E+00   0.0000000E+00
   4.0061792E-01   2.3126635E+05   2.3126635E+05   3.8423680E-02   1.9556100E-03   2.0949807E+02   2.2995768E+05   2.3126635E+05   0.0000000E+00   0.0000000E+00   0.0000000E+00   0.0000000E+00   0.0000000E+00
   4.1469278E-01   2.1802848E+05   2.1802848E+05   3.4201750E-02   1.7210530E-03   1.8969571E+02   2.1679465E+05   2.1802848E+05   0.0000000E+00   0.0000000E+00   0.0000000E+00   0.0000000E+00   0.0000000E+00
   4.2940718E-01   2.0630845E+05   2.0630845E+05   3.0066794E-02   1.5189600E-03   1.7256683E+02   2.0514089E+05   2.0630845E+05   0.0000000E+00   0.0000000E+00   0.0000000E+00   0.0000000E+00   0.0000000E+00
   4.4481982E-01   1.9584652E+05   1.9584652E+05   2.6424428E-02   1.3437671E-03   1.5761680E+02   1.9473812E+05   1.9584652E+05   0.0000000E+00   0.0000000E+00   0.0000000E+00   0.0000000E+00   0.0000000E+00
   4.6099946E-01   1.8527100E+05   1.8527100E+05   2.3392623E-02   1.1836499E-03   1.4353857E+02   1.8422239E+05   1.8527100E+05   0.0000000E+00   0.0000000E+00   0.0000000E+00   0.0000000E+00   0.0000000E+00
   4.7802725E-01   1.7448681E+05   1.7448681E+05   2.0411738E-02   1.0369073E-03   1.3016016E+02   1.7349920E+05   1.7448681E+05   0.0000000E+00   0.0000000E+00   0.0000000E+00   0.0000000E+00   0.0000000E+00
   4.9599971E-01   1.6446427E+05   1.6446427E+05   1.7877310E-02   9.0787521E-04   1.1817512E+02   1.6353335E+05   1.6446427E+05   0.0000000E+00   0.0000000E+00   0.0000000E+00   0.0000000E+00   0.0000000E+00
   5.1503252E-01   1.5515185E+05   1.5515185E+05   1.5683619E-02   7.9436870E-04   1.0758626E+02   1.5427361E+05   1.5515185E+05   0.0000000E+00   0.0000000E+00   0.0000000E+00   0.0000000E+00   0.0000000E+00
   5.3526547E-01   1.4583104E+05   1.4583104E+05   1.3642913E-02   6.9133370E-04   9.7505201E+01   1.4500553E+05   1.4583104E+05   0.0000000E+00   0.0000000E+00   0.0000000E+00   0.0000000E+00   0.0000000E+00
   5.5686877E-01   1.3674143E+05   1.3674143E+05   1.1796959E-02   5.9897939E-04   8.8226127E+01   1.3596735E+05   1.3674143E+05   0.0000000E+00   0.0000000E+00   0.0000000E+00   0.0000000E+00   0.0000000E+00
   5.8005124E-01   1.2815593E+05   1.2815593E+05   1.0196799E-02   5.1742484E-04   7.9834651E+01   1.2743043E+05   1.2815593E+05   0.0000000E+00   0.0000000E+00   0.0000000E+00   0.0000000E+00   0.0000000E+00
   6.0507051E-01   1.1969228E+05   1.1969228E+05   8.7530025E-03   4.4415145E-04   7.1983270E+01   1.1901467E+05   1.1969228E+05   0.0000000E+00   0.0000000E+00   0.0000000E+00   0.0000000E+00   0.0000000E+00
   6.3224564E-01   1.1145394E+05   1.1145394E+05   7.4597068E-03   3.7882547E-04   6.4745493E+01   1.1082295E+05   1.1145394E+05   0.0000000E+00   0.0000000E+00   0.0000000E+00   0.0000000E+00   0.0000000E+00
   6.6197152E-01   1.0346645E+05   1.0346645E+05   6.3165380E-03   3.2081499E-04   5.8074533E+01   1.0288066E+05   1.0346645E+05   0.0000000E+00   0.0000000E+00   0.0000000E+00   0.0000000E+00   0.0000000E+00
   6.9473319E-01   9.5619349E+04   9.5619349E+04   5.2979569E-03   2.6920031E-04   5.1858520E+01   9.5077972E+04   9.5619349E+04   0.0000000E+00   0.0000000E+00   0.0000000E+00   0.0000000E+00   0.0000000E+00
   7.3111524E-01   8.7975476E+04   8.7975476E+04   4.4014112E-03   2.2366358E-04   4.6117789E+01   8.7477364E+04   8.7975476E+04   0.0000000E+00   0.0000000E+00   0.0000000E+00   0.0000000E+00   0.0000000E+00
   7.7179626E-01   8.0497627E+04   8.0497627E+04   3.6126123E-03   1.8365626E-04   4.0807269E+01   8.0041842E+04   8.0497627E+04   0.0000000E+00   0.0000000E+00   0.0000000E+00   0.0000000E+00   0.0000000E+00
   8.1751289E-01   7.3224330E+04   7.3224330E+04   2.9296233E-03   1.4890828E-04   3.5901256E+01   7.2809717E+04   7.3224330E+04   0.0000000E+00   0.0000000E+00   0.0000000E+00   0.0000000E+00   0.0000000E+00
   8.6897842E-01   6.6201690E+04   6.6201690E+04   2.3438265E-03   1.1915895E-04   3.1424390E+01   6.5826832E+04   6.6201690E+04   0.0000000E+00   0.0000000E+00   0.0000000E+00   0.0000000E+00   0.0000000E+00
   9.2676242E-01   5.9500224E+04   5.9500224E+04   1.8518697E-03   9.4164672E-05   2.7364647E+01   5.9163305E+04   5.9500224E+04   0.0000000E+00   0.0000000E+00   0.0000000E+00   0.0000000E+00   0.0000000E+00
   9.9118487E-01   5.3205713E+04   5.3205713E+04   1.4469254E-03   7.3617160E-05   2.3755822E+01   5.2904431E+04   5.3205713E+04   0.0000000E+00   0.0000000E+00   0.0000000E+00   0.0000000E+00   0.0000000E+00
   1.0623096E+00   4.7390960E+04   4.7390960E+04   1.1218639E-03   5.7090189E-05   2.0577408E+01   4.7122599E+04   4.7390960E+04   0.0000000E+00   0.0000000E+00   0.0000000E+00   0.0000000E+00   0.0000000E+00
   1.1400660E+00   4.2098255E+04   4.2098255E+04   8.6510789E-04   4.4034695E-05   1.7825262E+01   4.1859861E+04   4.2098255E+04   0.0000000E+00   0.0000000E+00   0.0000000E+00   0.0000000E+00   0.0000000E+00
   1.2244187E+00   3.7334392E+04   3.7334392E+04   6.6501316E-04   3.3858132E-05   1.5452000E+01   3.7122972E+04   3.7334392E+04   0.0000000E+00   0.0000000E+00   0.0000000E+00   0.0000000E+00   0.0000000E+00
   1.3154768E+00   3.3075763E+04   3.3075763E+04   5.0893337E-04   2.5988747E-05   1.3415564E+01   3.2888457E+04   3.3075763E+04   0.0000000E+00   0.0000000E+00   0.0000000E+00   0.0000000E+00   0.0000000E+00
   1.4135142E+00   2.9283201E+04   2.9283201E+04   3.9144862E-04   1.9929363E-05   1.1661997E+01   2.9117370E+04   2.9283201E+04   0.0000000E+00   0.0000000E+00   0.0000000E+00   0.0000000E+00   0.0000000E+00
   1.5189389E+00   2.5912889E+04   2.5912889E+04   2.9993044E-04   1.5273628E-05   1.0157404E+01   2.5766142E+04   2.5912889E+04   0.0000000E+00   0.0000000E+00   0.0000000E+00   0.0000000E+00   0.0000000E+00
   1.6322539E+00   2.2920594E+04   2.2920594E+04   2.2975410E-04   1.1700032E-05   8.8589256E+00   2.2790792E+04   2.2920594E+04   0.0000000E+00   0.0000000E+00   0.0000000E+00   0.0000000E+00   0.0000000E+00
   1.7540305E+00   2.0266080E+04   2.0266080E+04   1.7586763E-04   8.9592175E-06   7.7356238E+00   2.0151310E+04   2.0266080E+04   0.0000000E+00   0.0000000E+00   0.0000000E+00   0.0000000E+00   0.0000000E+00
   1.8848944E+00   1.7912216E+04   1.7912216E+04   1.3458240E-04   6.8579115E-06   6.7627307E+00   1.7810776E+04   1.7912216E+04   0.0000000E+00   0.0000000E+00   0.0000000E+00   0.0000000E+00   0.0000000E+00
   2.0255222E+00   1.5826120E+04   1.5826120E+04   1.0296103E-04   5.2476062E-06   5.9185179E+00   1.5736493E+04   1.5826120E+04   0.0000000E+00   0.0000000E+00   0.0000000E+00   0.0000000E+00   0.0000000E+00
   2.1766420E+00   1.3978062E+04   1.3978062E+04   7.8743115E-05   4.0140329E-06   5.1841604E+00   1.3898901E+04   1.3978062E+04   0.0000000E+00   0.0000000E+00   0.0000000E+00   0.0000000E+00   0.0000000E+00
   2.3390365E+00   1.2341624E+04   1.2341624E+04   6.0222384E-05   3.0694658E-06   4.5441011E+00   1.2271730E+04   1.2341624E+04   0.0000000E+00   0.0000000E+00   0.0000000E+00   0.0000000E+00   0.0000000E+00
   2.5135470E+00   1.0893195E+04   1.0893195E+04   4.6020055E-05   2.3464366E-06   3.9854833E+00   1.0831504E+04   1.0893195E+04   0.0000000E+00   0.0000000E+00   0.0000000E+00   0.0000000E+00   0.0000000E+00
   2.7010773E+00   9.6116781E+03   9.6116781E+03   3.5141525E-05   1.7931918E-06   3.4972186E+00   9.5572442E+03   9.6116781E+03   0.0000000E+00   0.0000000E+00   0.0000000E+00   0.0000000E+00   0.0000000E+00
   2.9025988E+00   8.4782879E+03   8.4782879E+03   2.6858026E-05   1.3700047E-06   3.0696299E+00   8.4302726E+03   8.4782879E+03   0.0000000E+00   0.0000000E+00   0.0000000E+00   0.0000000E+00   0.0000000E+00
   3.1191554E+00   7.4762886E+03   7.4762886E+03   2.0512861E-05   1.0463891E-06   2.6956297E+00   7.4339479E+03   7.4762886E+03   0.0000000E+00   0.0000000E+00   0.0000000E+00   0.0000000E+00   0.0000000E+00
   3.3518688E+00   6.5907763E+03   6.5907763E+03   1.5656469E-05   7.9901930E-07   2.3672007E+00   6.5534505E+03   6.5907763E+03   0.0000000E+00   0.0000000E+00   0.0000000E+00   0.0000000E+00   0.0000000E+00
   3.6019444E+00   5.8084892E+03   5.8084892E+03   1.1947004E-05   6.0997218E-07   2.0796126E+00   5.7755937E+03   5.8084892E+03   0.0000000E+00   0.0000000E+00   0.0000000E+00   0.0000000E+00   0.0000000E+00
   3.8706777E+00   5.1176345E+03   5.1176345E+03   9.1104219E-06   4.6554327E-07   1.8272331E+00   5.0886515E+03   5.1176345E+03   0.0000000E+00   0.0000000E+00   0.0000000E+00   0.0000000E+00   0.0000000E+00
   4.1594605E+00   4.5077318E+03   4.5077318E+03   6.9534667E-06   3.5523606E-07   1.6055391E+00   4.4822028E+03   4.5077318E+03   0.0000000E+00   0.0000000E+00   0.0000000E+00   0.0000000E+00   0.0000000E+00
   4.4697888E+00   3.9694718E+03   3.9694718E+03   5.3021446E-06   2.7100950E-07   1.4109068E+00   3.9469912E+03   3.9694718E+03   0.0000000E+00   0.0000000E+00   0.0000000E+00   0.0000000E+00   0.0000000E+00
   4.8032701E+00   3.4945901E+03   3.4945901E+03   4.0435755E-06   2.0671542E-07   1.2398318E+00   3.4747989E+03   3.4945901E+03   0.0000000E+00   0.0000000E+00   0.0000000E+00   0.0000000E+00   0.0000000E+00
   5.1616316E+00   3.0757534E+03   3.0757534E+03   3.0797540E-06   1.5764659E-07   1.0894774E+00   3.0583342E+03   3.0757534E+03   0.0000000E+00   0.0000000E+00   0.0000000E+00   0.0000000E+00   0.0000000E+00
   5.5467298E+00   2.7064584E+03   2.7064584E+03   2.3482237E-06   1.2020770E-07   9.5737128E-01   2.6911306E+03   2.7064584E+03   0.0000000E+00   0.0000000E+00   0.0000000E+00   0.0000000E+00   0.0000000E+00
   5.9605592E+00   2.3809398E+03   2.3809398E+03   1.7884882E-06   9.1647736E-08   8.4114913E-01   2.3674556E+03   2.3809398E+03   0.0000000E+00   0.0000000E+00   0.0000000E+00   0.0000000E+00   0.0000000E+00
   6.4052636E+00   2.0940896E+03   2.0940896E+03   1.3623490E-06   6.9865854E-08   7.3899199E-01   2.0822300E+03   2.0940896E+03   0.0000000E+00   0.0000000E+00   0.0000000E+00   0.0000000E+00   0.0000000E+00
   6.8831464E+00   1.8413840E+03   1.8413840E+03   1.0372114E-06   5.3255987E-08   6.4922712E-01   1.8309555E+03   1.8413840E+03   0.0000000E+00   0.0000000E+00   0.0000000E+00   0.0000000E+00   0.0000000E+00
   7.3966830E+00   1.6188183E+03   1.6188183E+03   7.8972396E-07   4.0592548E-08   5.7037143E-01   1.6096503E+03   1.6188183E+03   0.0000000E+00   0.0000000E+00   0.0000000E+00   0.0000000E+00   0.0000000E+00
   7.9485335E+00   1.4228487E+03   1.4228487E+03   6.0093127E-07   3.0939610E-08   5.0091482E-01   1.4147905E+03   1.4228487E+03   0.0000000E+00   0.0000000E+00   0.0000000E+00   0.0000000E+00   0.0000000E+00
   8.5415563E+00   1.2503407E+03   1.2503407E+03   4.5743277E-07   2.3582168E-08   4.3990649E-01   1.2432595E+03   1.2503407E+03   0.0000000E+00   0.0000000E+00   0.0000000E+00   0.0000000E+00   0.0000000E+00
