#           k/h    CDM            baryon         photon         nu             mass_nu        total          no_nu          total_de       Weyl           v_CDM          v_b            v_b-v_c     
   1.0631818E-05   1.4296585E+07   1.4296585E+07   1.9054579E+07   9.3116821E+03   1.0871968E+07   1.4296606E+07   1.4296585E+07   0.0000000E+00   0.0000000E+00   0.0000000E+00   0.0000000E+00   0.0000000E+00
   1.1425035E-05   1.4296583E+07   1.4296583E+07   1.9053410E+07   9.3113140E+03   1.0871801E+07   1.4296604E+07   1.4296583E+07   0.0000000E+00   0.0000000E+00   0.0000000E+00   0.0000000E+00   0.0000000E+00
   1.2277432E-05   1.4296580E+07   1.4296580E+07   1.9052059E+07   9.3108889E+03   1.0871609E+07   1.4296600E+07   1.4296580E+07   0.0000000E+00   0.0000000E+00   0.0000000E+00   0.0000000E+00   0.0000000E+00
   1.3193424E-05   1.4296576E+07   1.4296576E+07   1.9050500E+07   9.3103981E+03   1.0871386E+07   1.4296597E+07   1.4296576E+07   0.0000000E+00   0.0000000E+00   0.0000000E+00   0.0000000E+00   0.0000000E+00
   1.4177757E-05   1.4296572E+07   1.4296572E+07   1.9048700E+07   9.3098313E+03   1.0871129E+07   1.4296592E+07   1.4296572E+07   0.0000000E+00   0.0000000E+00   0.0000000E+00   0.0000000E+00   0.0000000E+00
   1.5235529E-05   1.4296567E+07   1.4296567E+07   1.9046621E+07   9.3091768E+03   1.0870832E+07   1.4296588E+07   1.4296567E+07   0.0000000E+00   0.0000000E+00   0.0000000E+00   0.0000000E+00   0.0000000E+00
   1.6372218E-05   1.4296562E+07   1.4296562E+07   1.9044220E+07   9.3084211E+03   1.0870489E+07   1.4296582E+07   1.4296562E+07   0.0000000E+00   0.0000000E+00   0.0000000E+00   0.0000000E+00   0.0000000E+00
   1.7593714E-05   1.4296556E+07   1.4296556E+07   1.9041448E+07   9.3075486E+03   1.0870094E+07   1.4296575E+07   1.4296556E+07   0.0000000E+00   0.0000000E+00   0.0000000E+00   0.0000000E+00   0.0000000E+00
   1.8906343E-05   1.4296549E+07   1.4296549E+07   1.9038248E+07   9.3065410E+03   1.0869637E+07   1.4296568E+07   1.4296549E+07   0.0000000E+00   0.0000000E+00   0.0000000E+00   0.0000000E+00   0.0000000E+00
   2.0316904E-05   1.4296540E+07   1.4296540E+07   1.9034553E+07   9.3053777E+03   1.0869109E+07   1.4296559E+07   1.4296540E+07   0.0000000E+00   0.0000000E+00   0.0000000E+00   0.0000000E+00   0.0000000E+00
   2.1832704E-05   1.4296531E+07   1.4296531E+07   1.9030287E+07   9.3040345E+03   1.0868501E+07   1.4296549E+07   1.4296531E+07   0.0000000E+00   0.0000000E+00   0.0000000E+00   0.0000000E+00   0.0000000E+00
   2.3461595E-05   1.4296520E+07   1.4296520E+07   1.9025362E+07   9.3024837E+03   1.0867798E+07   1.4296538E+07   1.4296520E+07   0.0000000E+00   0.0000000E+00   0.0000000E+00   0.0000000E+00   0.0000000E+00
   2.5212013E-05   1.4296507E+07   1.4296507E+07   1.9019676E+07   9.3006932E+03   1.0866987E+07   1.4296524E+07   1.4296507E+07   0.0000000E+00   0.0000000E+00   0.0000000E+00   0.0000000E+00   0.0000000E+00
   2.7093027E-05   1.4296492E+07   1.4296492E+07   1.9013112E+07   9.2986261E+03   1.0866050E+07   1.4296509E+07   1.4296492E+07   0.0000000E+00   0.0000000E+00   0.0000000E+00   0.0000000E+00   0.0000000E+00
   2.9114379E-05   1.4296475E+07   1.4296475E+07   1.9005535E+07   9.2962396E+03   1.0864969E+07   1.4296491E+07   1.4296475E+07   0.0000000E+00   0.0000000E+00   0.0000000E+00   0.0000000E+00   0.0000000E+00
   3.1286539E-05   1.4296455E+07   1.4296455E+07   1.8996788E+07   9.2934846E+03   1.0863722E+07   1.4296470E+07   1.4296455E+07   0.0000000E+00   0.0000000E+00   0.0000000E+00   0.0000000E+00   0.0000000E+00
   3.3620760E-05   1.4296432E+07   1.4296432E+07   1.8986692E+07   9.2903044E+03   1.0862283E+07   1.4296447E+07   1.4296432E+07   0.0000000E+00   0.0000000E+00   0.0000000E+00   0.0000000E+00   0.0000000E+00
   3.6129132E-05   1.4296406E+07   1.4296406E+07   1.8975040E+07   9.2866334E+03   1.0860622E+07   1.4296419E+07   1.4296406E+07   0.0000000E+00   0.0000000E+00   0.0000000E+00   0.0000000E+00   0.0000000E+00
   3.8824648E-05   1.4296376E+07   1.4296376E+07   1.8961592E+07   9.2823963E+03   1.0858706E+07   1.4296387E+07   1.4296376E+07   0.0000000E+00   0.0000000E+00   0.0000000E+00   0.0000000E+00   0.0000000E+00
   4.1721271E-05   1.4296341E+07   1.4296341E+07   1.8946075E+07   9.2775060E+03   1.0856496E+07   1.4296351E+07   1.4296341E+07   0.0000000E+00   0.0000000E+00   0.0000000E+00   0.0000000E+00   0.0000000E+00
   4.4834004E-05   1.4296300E+07   1.4296300E+07   1.8928170E+07   9.2718624E+03   1.0853948E+07   1.4296309E+07   1.4296300E+07   0.0000000E+00   0.0000000E+00   0.0000000E+00   0.0000000E+00   0.0000000E+00
   4.8178972E-05   1.4296254E+07   1.4296254E+07   1.8907514E+07   9.2653501E+03   1.0851009E+07   1.4296260E+07   1.4296254E+07   0.0000000E+00   0.0000000E+00   0.0000000E+00   0.0000000E+00   0.0000000E+00
   5.1773500E-05   1.4296200E+07   1.4296200E+07   1.8883687E+07   9.2578362E+03   1.0847621E+07   1.4296203E+07   1.4296200E+07   0.0000000E+00   0.0000000E+00   0.0000000E+00   0.0000000E+00   0.0000000E+00
   5.5636208E-05   1.4296137E+07   1.4296137E+07   1.8856207E+07   9.2491678E+03   1.0843716E+07   1.4296138E+07   1.4296137E+07   0.0000000E+00   0.0000000E+00   0.0000000E+00   0.0000000E+00   0.0000000E+00
   5.9787105E-05   1.4296066E+07   1.4296066E+07   1.8824521E+07   9.2391692E+03   1.0839217E+07   1.4296063E+07   1.4296066E+07   0.0000000E+00   0.0000000E+00   0.0000000E+00   0.0000000E+00   0.0000000E+00
   6.4247691E-05   1.4295983E+07   1.4295983E+07   1.8787992E+07   9.2276380E+03   1.0834035E+07   1.4295977E+07   1.4295983E+07   0.0000000E+00   0.0000000E+00   0.0000000E+00   0.0000000E+00   0.0000000E+00
   6.9041072E-05   1.4295887E+07   1.4295887E+07   1.8745893E+07   9.2143422E+03   1.0828069E+07   1.4295877E+07   1.4295887E+07   0.0000000E+00   0.0000000E+00   0.0000000E+00   0.0000000E+00   0.0000000E+00
   7.4192076E-05   1.4295776E+07   1.4295776E+07   1.8697388E+07   9.1990153E+03   1.0821204E+07   1.4295761E+07   1.4295776E+07   0.0000000E+00   0.0000000E+00   0.0000000E+00   0.0000000E+00   0.0000000E+00
   7.9727386E-05   1.4295649E+07   1.4295649E+07   1.8641523E+07   9.1813519E+03   1.0813309E+07   1.4295628E+07   1.4295649E+07   0.0000000E+00   0.0000000E+00   0.0000000E+00   0.0000000E+00   0.0000000E+00
   8.5675673E-05   1.4295501E+07   1.4295501E+07   1.8577207E+07   9.1610021E+03   1.0804234E+07   1.4295474E+07   1.4295501E+07   0.0000000E+00   0.0000000E+00   0.0000000E+00   0.0000000E+00   0.0000000E+00
   9.2067749E-05   1.4295331E+07   1.4295331E+07   1.8503195E+07   9.1375658E+03   1.0793811E+07   1.4295296E+07   1.4295331E+07   0.0000000E+00   0.0000000E+00   0.0000000E+00   0.0000000E+00   0.0000000E+00
   9.8936724E-05   1.4295135E+07   1.4295135E+07   1.8418075E+07   9.1105863E+03   1.0781849E+07   1.4295091E+07   1.4295135E+07   0.0000000E+00   0.0000000E+00   0.0000000E+00   0.0000000E+00   0.0000000E+00
   1.0631818E-04   1.4294909E+07   1.4294909E+07   1.8320238E+07   9.0795428E+03   1.0768136E+07   1.4294855E+07   1.4294909E+07   0.0000000E+00   0.0000000E+00   0.0000000E+00   0.0000000E+00   0.0000000E+00
   1.1425035E-04   1.4294648E+07   1.4294648E+07   1.8207869E+07   9.0438430E+03   1.0752431E+07   1.4294582E+07   1.4294648E+07   0.0000000E+00   0.0000000E+00   0.0000000E+00   0.0000000E+00   0.0000000E+00
   1.2277432E-04   1.4294347E+07   1.4294347E+07   1.8078916E+07   9.0028151E+03   1.0734471E+07   1.4294267E+07   1.4294347E+07   0.0000000E+00   0.0000000E+00   0.0000000E+00   0.0000000E+00   0.0000000E+00
   1.3193424E-04   1.4293999E+07   1.4293999E+07   1.7931077E+07   8.9556990E+03   1.0713961E+07   1.4293904E+07   1.4293999E+07   0.0000000E+00   0.0000000E+00   0.0000000E+00   0.0000000E+00   0.0000000E+00
   1.4177757E-04   1.4293599E+07   1.4293599E+07   1.7761776E+07   8.9016379E+03   1.0690580E+07   1.4293486E+07   1.4293599E+07   0.0000000E+00   0.0000000E+00   0.0000000E+00   0.0000000E+00   0.0000000E+00
   1.5235529E-04   1.4293137E+07   1.4293137E+07   1.7568151E+07   8.8396698E+03   1.0663983E+07   1.4293003E+07   1.4293137E+07   0.0000000E+00   0.0000000E+00   0.0000000E+00   0.0000000E+00   0.0000000E+00
   1.6372218E-04   1.4292605E+07   1.4292605E+07   1.7347041E+07   8.7687198E+03   1.0633796E+07   1.4292447E+07   1.4292605E+07   0.0000000E+00   0.0000000E+00   0.0000000E+00   0.0000000E+00   0.0000000E+00
   1.7593714E-04   1.4291991E+07   1.4291991E+07   1.7094986E+07   8.6875942E+03   1.0599631E+07   1.4291806E+07   1.4291991E+07   0.0000000E+00   0.0000000E+00   0.0000000E+00   0.0000000E+00   0.0000000E+00
   1.8906343E-04   1.4291285E+07   1.4291285E+07   1.6808237E+07   8.5949763E+03   1.0561086E+07   1.4291068E+07   1.4291285E+07   0.0000000E+00   0.0000000E+00   0.0000000E+00   0.0000000E+00   0.0000000E+00
   2.0316904E-04   1.4290472E+07   1.4290472E+07   1.6482784E+07   8.4894260E+03   1.0517762E+07   1.4290218E+07   1.4290472E+07   0.0000000E+00   0.0000000E+00   0.0000000E+00   0.0000000E+00   0.0000000E+00
   2.1832704E-04   1.4289535E+07   1.4289535E+07   1.6114407E+07   8.3693850E+03   1.0469276E+07   1.4289240E+07   1.4289535E+07   0.0000000E+00   0.0000000E+00   0.0000000E+00   0.0000000E+00   0.0000000E+00
   2.3461595E-04   1.4288459E+07   1.4288459E+07   1.5698760E+07   8.2331888E+03   1.0415290E+07   1.4288115E+07   1.4288459E+07   0.0000000E+00   0.0000000E+00   0.0000000E+00   0.0000000E+00   0.0000000E+00
   2.5212013E-04   1.4287220E+07   1.4287220E+07   1.5231499E+07   8.0790888E+03   1.0355534E+07   1.4286821E+07   1.4287220E+07   0.0000000E+00   0.0000000E+00   0.0000000E+00   0.0000000E+00   0.0000000E+00
   2.7093027E-04   1.4285798E+07   1.4285798E+07   1.4708451E+07   7.9052871E+03   1.0289850E+07   1.4285334E+07   1.4285798E+07   0.0000000E+00   0.0000000E+00   0.0000000E+00   0.0000000E+00   0.0000000E+00
   2.9114379E-04   1.4284165E+07   1.4284165E+07   1.4125858E+07   7.7099887E+03   1.0218238E+07   1.4283627E+07   1.4284165E+07   0.0000000E+00   0.0000000E+00   0.0000000E+00   0.0000000E+00   0.0000000E+00
   3.1286539E-04   1.4282291E+07   1.4282291E+07   1.3480688E+07   7.4914734E+03   1.0140913E+07   1.4281669E+07   1.4282291E+07   0.0000000E+00   0.0000000E+00   0.0000000E+00   0.0000000E+00   0.0000000E+00
   3.3620760E-04   1.4280143E+07   1.4280143E+07   1.2771036E+07   7.2481931E+03   1.0058365E+07   1.4279424E+07   1.4280143E+07   0.0000000E+00   0.0000000E+00   0.0000000E+00   0.0000000E+00   0.0000000E+00
   3.6129132E-04   1.4277684E+07   1.4277684E+07   1.1996600E+07   6.9788979E+03   9.9714262E+06   1.4276854E+07   1.4277684E+07   0.0000000E+00   0.0000000E+00   0.0000000E+00   0.0000000E+00   0.0000000E+00
   3.8824648E-04   1.4274871E+07   1.4274871E+07   1.1159261E+07   6.6827938E+03   9.8813299E+06   1.4273914E+07   1.4274871E+07   0.0000000E+00   0.0000000E+00   0.0000000E+00   0.0000000E+00   0.0000000E+00
   4.1721271E-04   1.4271658E+07   1.4271658E+07   1.0263706E+07   6.3597317E+03   9.7897509E+06   1.4270555E+07   1.4271658E+07   0.0000000E+00   0.0000000E+00   0.0000000E+00   0.0000000E+00   0.0000000E+00
   4.4834004E-04   1.4267993E+07   1.4267993E+07   9.3180894E+06   6.0104258E+03   9.6988102E+06   1.4266724E+07   1.4267993E+07   0.0000000E+00   0.0000000E+00   0.0000000E+00   0.0000000E+00   0.0000000E+00
   4.8178972E-04   1.4263818E+07   1.4263818E+07   8.3346326E+06   5.6366883E+03   9.6110176E+06   1.4262360E+07   1.4263818E+07   0.0000000E+00   0.0000000E+00   0.0000000E+00   0.0000000E+00   0.0000000E+00
   5.1773500E-04   1.4259070E+07   1.4259070E+07   7.3300631E+06   5.2416639E+03   9.5291210E+06   1.4257397E+07   1.4259070E+07   0.0000000E+00   0.0000000E+00   0.0000000E+00   0.0000000E+00   0.0000000E+00
   5.5636208E-04   1.4253680E+07   1.4253680E+07   6.3257242E+06   4.8300302E+03   9.4558306E+06   1.4251763E+07   1.4253680E+07   0.0000000E+00   0.0000000E+00   0.0000000E+00   0.0000000E+00   0.0000000E+00
   5.9787105E-04   1.4247571E+07   1.4247571E+07   5.3471564E+06   4.4081183E+03   9.3933911E+06   1.4245378E+07   1.4247571E+07   0.0000000E+00   0.0000000E+00   0.0000000E+00   0.0000000E+00   0.0000000E+00
   6.4247691E-04   1.4240661E+07   1.4240661E+07   4.4229194E+06   3.9838923E+03   9.3429976E+06   1.4238157E+07   1.4240661E+07   0.0000000E+00   0.0000000E+00   0.0000000E+00   0.0000000E+00   0.0000000E+00
   6.9041072E-04   1.4232859E+07   1.4232859E+07   3.5824503E+06   3.5667165E+03   9.3040936E+06   1.4230005E+07   1.4232859E+07   0.0000000E+00   0.0000000E+00   0.0000000E+00   0.0000000E+00   0.0000000E+00
   7.4192076E-04   1.4224065E+07   1.4224065E+07   2.8528571E+06   3.1668378E+03   9.2736662E+06   1.4220820E+07   1.4224065E+07   0.0000000E+00   0.0000000E+00   0.0000000E+00   0.0000000E+00   0.0000000E+00
   7.9727386E-04   1.4214171E+07   1.4214171E+07   2.2547773E+06   2.7945371E+03   9.2457491E+06   1.4210489E+07   1.4214171E+07   0.0000000E+00   0.0000000E+00   0.0000000E+00   0.0000000E+00   0.0000000E+00
   8.5675673E-04   1.4203057E+07   1.4203057E+07   1.7978151E+06   2.4589552E+03   9.2114529E+06   1.4198891E+07   1.4203057E+07   0.0000000E+00   0.0000000E+00   0.0000000E+00   0.0000000E+00   0.0000000E+00
   9.2067749E-04   1.4190591E+07   1.4190591E+07   1.4765799E+06   2.1667043E+03   9.1598970E+06   1.4185892E+07   1.4190591E+07   0.0000000E+00   0.0000000E+00   0.0000000E+00   0.0000000E+00   0.0000000E+00
   9.8936724E-04   1.4176627E+07   1.4176627E+07   1.2688660E+06   1.9205097E+03   9.0803359E+06   1.4171345E+07   1.4176627E+07   0.0000000E+00   0.0000000E+00   0.0000000E+00   0.0000000E+00   0.0000000E+00
   1.0631818E-03   1.4161005E+07   1.4161005E+07   1.1377471E+06   1.7182802E+03   8.9654231E+06   1.4155087E+07   1.4161005E+07   0.0000000E+00   0.0000000E+00   0.0000000E+00   0.0000000E+00   0.0000000E+00
   1.1425035E-03   1.4143546E+07   1.4143546E+07   1.0388784E+06   1.5530943E+03   8.8148755E+06   1.4136944E+07   1.4143546E+07   0.0000000E+00   0.0000000E+00   0.0000000E+00   0.0000000E+00   0.0000000E+00
   1.2277432E-03   1.4124059E+07   1.4124059E+07   9.3264841E+05   1.4145153E+03   8.6378824E+06   1.4116725E+07   1.4124059E+07   0.0000000E+00   0.0000000E+00   0.0000000E+00   0.0000000E+00   0.0000000E+00
   1.3193424E-03   1.4102337E+07   1.4102337E+07   7.9793480E+05   1.2912840E+03   8.4519488E+06   1.4094229E+07   1.4102337E+07   0.0000000E+00   0.0000000E+00   0.0000000E+00   0.0000000E+00   0.0000000E+00
   1.4177757E-03   1.4078165E+07   1.4078165E+07   6.4101954E+05   1.1747682E+03   8.2764172E+06   1.4069245E+07   1.4078165E+07   0.0000000E+00   0.0000000E+00   0.0000000E+00   0.0000000E+00   0.0000000E+00
   1.5235529E-03   1.4051317E+07   1.4051317E+07   4.9213870E+05   1.0617648E+03   8.1216930E+06   1.4041553E+07   1.4051317E+07   0.0000000E+00   0.0000000E+00   0.0000000E+00   0.0000000E+00   0.0000000E+00
   1.6372218E-03   1.4021561E+07   1.4021561E+07   3.8646074E+05   9.5490279E+02   7.9799953E+06   1.4010932E+07   1.4021561E+07   0.0000000E+00   0.0000000E+00   0.0000000E+00   0.0000000E+00   0.0000000E+00
   1.7593714E-03   1.3988659E+07   1.3988659E+07   3.3728383E+05   8.5969236E+02   7.8270546E+06   1.3977147E+07   1.3988659E+07   0.0000000E+00   0.0000000E+00   0.0000000E+00   0.0000000E+00   0.0000000E+00
   1.8906343E-03   1.3952361E+07   1.3952361E+07   3.2139956E+05   7.7947113E+02   7.6401809E+06   1.3939957E+07   1.3952361E+07   0.0000000E+00   0.0000000E+00   0.0000000E+00   0.0000000E+00   0.0000000E+00
   2.0316904E-03   1.3912401E+07   1.3912401E+07   2.9583392E+05   7.1193332E+02   7.4225768E+06   1.3899099E+07   1.3912401E+07   0.0000000E+00   0.0000000E+00   0.0000000E+00   0.0000000E+00   0.0000000E+00
   2.1832704E-03   1.3868503E+07   1.3868503E+07   2.3947736E+05   6.5086693E+02   7.2068581E+06   1.3854301E+07   1.3868503E+07   0.0000000E+00   0.0000000E+00   0.0000000E+00   0.0000000E+00   0.0000000E+00
   2.3461595E-03   1.3820380E+07   1.3820380E+07   1.7686507E+05   5.9219093E+02   7.0204428E+06   1.3805273E+07   1.3820380E+07   0.0000000E+00   0.0000000E+00   0.0000000E+00   0.0000000E+00   0.0000000E+00
   2.5212013E-03   1.3767739E+07   1.3767739E+07   1.4508662E+05   5.3756376E+02   6.8456752E+06   1.3751721E+07   1.3767739E+07   0.0000000E+00   0.0000000E+00   0.0000000E+00   0.0000000E+00   0.0000000E+00
   2.7093027E-03   1.3710276E+07   1.3710276E+07   1.3816463E+05   4.9021230E+02   6.6409892E+06   1.3693335E+07   1.3710276E+07   0.0000000E+00   0.0000000E+00   0.0000000E+00   0.0000000E+00   0.0000000E+00
   2.9114379E-03   1.3647669E+07   1.3647669E+07   1.1891733E+05   4.4866559E+02   6.4109626E+06   1.3629794E+07   1.3647669E+07   0.0000000E+00   0.0000000E+00   0.0000000E+00   0.0000000E+00   0.0000000E+00
   3.1286539E-03   1.3579583E+07   1.3579583E+07   8.9552293E+04   4.0916194E+02   6.1975792E+06   1.3560759E+07   1.3579583E+07   0.0000000E+00   0.0000000E+00   0.0000000E+00   0.0000000E+00   0.0000000E+00
   3.3620760E-03   1.3505671E+07   1.3505671E+07   8.0610796E+04   3.7233084E+02   5.9855973E+06   1.3485887E+07   1.3505671E+07   0.0000000E+00   0.0000000E+00   0.0000000E+00   0.0000000E+00   0.0000000E+00
   3.6129132E-03   1.3425572E+07   1.3425572E+07   7.3892622E+04   3.3980529E+02   5.7394749E+06   1.3404818E+07   1.3425572E+07   0.0000000E+00   0.0000000E+00   0.0000000E+00   0.0000000E+00   0.0000000E+00
   3.8824648E-03   1.3338908E+07   1.3338908E+07   5.2970305E+04   3.0921474E+02   5.5044537E+06   1.3317183E+07   1.3338908E+07   0.0000000E+00   0.0000000E+00   0.0000000E+00   0.0000000E+00   0.0000000E+00
   4.1721271E-03   1.3245296E+07   1.3245296E+07   4.8807225E+04   2.8053114E+02   5.2770360E+06   1.3222601E+07   1.3245296E+07   0.0000000E+00   0.0000000E+00   0.0000000E+00   0.0000000E+00   0.0000000E+00
   4.4834004E-03   1.3144343E+07   1.3144343E+07   4.2932306E+04   2.5491016E+02   5.0190954E+06   1.3120691E+07   1.3144343E+07   0.0000000E+00   0.0000000E+00   0.0000000E+00   0.0000000E+00   0.0000000E+00
   4.8178972E-03   1.3035655E+07   1.3035655E+07   3.3056051E+04   2.3052616E+02   4.7841730E+06   1.3011075E+07   1.3035655E+07   0.0000000E+00   0.0000000E+00   0.0000000E+00   0.0000000E+00   0.0000000E+00
   5.1773500E-03   1.2918842E+07   1.2918842E+07   3.0884282E+04   2.0836412E+02   4.5343614E+06   1.2893372E+07   1.2918842E+07   0.0000000E+00   0.0000000E+00   0.0000000E+00   0.0000000E+00   0.0000000E+00
   5.5636208E-03   1.2793504E+07   1.2793504E+07   2.3315292E+04   1.8778796E+02   4.3005004E+06   1.2767188E+07   1.2793504E+07   0.0000000E+00   0.0000000E+00   0.0000000E+00   0.0000000E+00   0.0000000E+00
   5.9787105E-03   1.2659235E+07   1.2659235E+07   2.2180158E+04   1.6924953E+02   4.0511237E+06   1.2632108E+07   1.2659235E+07   0.0000000E+00   0.0000000E+00   0.0000000E+00   0.0000000E+00   0.0000000E+00
   6.4247691E-03   1.2515610E+07   1.2515610E+07   1.7314291E+04   1.5194752E+02   3.8173513E+06   1.2487708E+07   1.2515610E+07   0.0000000E+00   0.0000000E+00   0.0000000E+00   0.0000000E+00   0.0000000E+00
   6.9041072E-03   1.2362198E+07   1.2362198E+07   1.4423158E+04   1.3613144E+02   3.5730050E+06   1.2333578E+07   1.2362198E+07   0.0000000E+00   0.0000000E+00   0.0000000E+00   0.0000000E+00   0.0000000E+00
   7.4192076E-03   1.2198571E+07   1.2198571E+07   1.3557689E+04   1.2157596E+02   3.3425385E+06   1.2169309E+07   1.2198571E+07   0.0000000E+00   0.0000000E+00   0.0000000E+00   0.0000000E+00   0.0000000E+00
   7.9727386E-03   1.2024305E+07   1.2024305E+07   1.0603881E+04   1.0833845E+02   3.1199661E+06   1.1994471E+07   1.2024305E+07   0.0000000E+00   0.0000000E+00   0.0000000E+00   0.0000000E+00   0.0000000E+00
   8.5675673E-03   1.1838958E+07   1.1838958E+07   8.3803481E+03   9.6309537E+01   2.8948506E+06   1.1808622E+07   1.1838958E+07   0.0000000E+00   0.0000000E+00   0.0000000E+00   0.0000000E+00   0.0000000E+00
   9.2067749E-03   1.1642084E+07   1.1642084E+07   7.2661646E+03   8.5339318E+01   2.6777944E+06   1.1611328E+07   1.1642084E+07   0.0000000E+00   0.0000000E+00   0.0000000E+00   0.0000000E+00   0.0000000E+00
   9.8936724E-03   1.1433236E+07   1.1433236E+07   6.4202659E+03   7.5392008E+01   2.4695550E+06   1.1402150E+07   1.1433236E+07   0.0000000E+00   0.0000000E+00   0.0000000E+00   0.0000000E+00   0.0000000E+00
   1.0631818E-02   1.1211966E+07   1.1211966E+07   5.5160336E+03   6.6397580E+01   2.2701754E+06   1.1180641E+07   1.1211966E+07   0.0000000E+00   0.0000000E+00   0.0000000E+00   0.0000000E+00   0.0000000E+00
   1.1425035E-02   1.0977829E+07   1.0977829E+07   4.5409311E+03   5.8284474E+01   2.0782870E+06   1.0946359E+07   1.0977829E+07   0.0000000E+00   0.0000000E+00   0.0000000E+00   0.0000000E+00   0.0000000E+00
   1.2277432E-02   1.0730394E+07   1.0730394E+07   3.6788667E+03   5.0983173E+01   1.8964015E+06   1.0698886E+07   1.0730394E+07   0.0000000E+00   0.0000000E+00   0.0000000E+00   0.0000000E+00   0.0000000E+00
   1.3193424E-02   1.0469256E+07   1.0469256E+07   3.0085587E+03   4.4452110E+01   1.7240784E+06   1.0437810E+07   1.0469256E+07   0.0000000E+00   0.0000000E+00   0.0000000E+00   0.0000000E+00   0.0000000E+00
   1.4177757E-02   1.0194051E+07   1.0194051E+07   2.7140272E+03   3.8605790E+01   1.5605376E+06   1.0162776E+07   1.0194051E+07   0.0000000E+00   0.0000000E+00   0.0000000E+00   0.0000000E+00   0.0000000E+00
   1.5235529E-02   9.9044856E+06   9.9044856E+06   2.2730306E+03   3.3415795E+01   1.4044265E+06   9.8734896E+06   9.9044856E+06   0.0000000E+00   0.0000000E+00   0.0000000E+00   0.0000000E+00   0.0000000E+00
   1.6372218E-02   9.6003673E+06   9.6003673E+06   1.8200598E+03   2.8801161E+01   1.2606470E+06   9.5697616E+06   9.6003673E+06   0.0000000E+00   0.0000000E+00   0.0000000E+00   0.0000000E+00   0.0000000E+00
   1.7593714E-02   9.2816521E+06   9.2816521E+06   1.5572611E+03   2.4728054E+01   1.1248406E+06   9.2515473E+06   9.2816521E+06   0.0000000E+00   0.0000000E+00   0.0000000E+00   0.0000000E+00   0.0000000E+00
   1.8906343E-02   8.9485021E+06   8.9485021E+06   1.2809977E+03   2.1135850E+01   9.9962614E+05   8.9190088E+06   8.9485021E+06   0.0000000E+00   0.0000000E+00   0.0000000E+00   0.0000000E+00   0.0000000E+00
   2.0316903E-02   8.6013569E+06   8.6013569E+06   1.0508338E+03   1.7988190E+01   8.8344770E+05   8.5725816E+06   8.6013569E+06   0.0000000E+00   0.0000000E+00   0.0000000E+00   0.0000000E+00   0.0000000E+00
   2.1832701E-02   8.2410187E+06   8.2410187E+06   8.6800418E+02   1.5239167E+01   7.7687133E+05   8.2130658E+06   8.2410187E+06   0.0000000E+00   0.0000000E+00   0.0000000E+00   0.0000000E+00   0.0000000E+00
   2.3461574E-02   7.8687516E+06   7.8687516E+06   6.9435267E+02   1.2848000E+01   6.7975780E+05   7.8417186E+06   7.8687516E+06   0.0000000E+00   0.0000000E+00   0.0000000E+00   0.0000000E+00   0.0000000E+00
   2.5211904E-02   7.4863913E+06   7.4863913E+06   5.8375930E+02   1.0779175E+01   5.9193202E+05   7.4603668E+06   7.4863913E+06   0.0000000E+00   0.0000000E+00   0.0000000E+00   0.0000000E+00   0.0000000E+00
   2.7092532E-02   7.0964685E+06   7.0964685E+06   5.0165194E+02   9.0006652E+00   5.1169008E+05   7.0715301E+06   7.0964685E+06   0.0000000E+00   0.0000000E+00   0.0000000E+00   0.0000000E+00   0.0000000E+00
   2.9112421E-02   6.7023525E+06   6.7023525E+06   3.9955884E+02   7.4791424E+00   4.4093069E+05   6.6785627E+06   6.7023525E+06   0.0000000E+00   0.0000000E+00   0.0000000E+00   0.0000000E+00   0.0000000E+00
   3.1279716E-02   6.3084255E+06   6.3084255E+06   3.0885529E+02   6.1878546E+00   3.7756772E+05   6.2858280E+06   6.3084255E+06   0.0000000E+00   0.0000000E+00   0.0000000E+00   0.0000000E+00   0.0000000E+00
   3.3599648E-02   5.9202731E+06   5.9202731E+06   2.5223807E+02   5.1011676E+00   3.2208610E+05   5.8988882E+06   5.9202731E+06   0.0000000E+00   0.0000000E+00   0.0000000E+00   0.0000000E+00   0.0000000E+00
   3.6070826E-02   5.5447810E+06   5.5447810E+06   2.1823291E+02   4.1968596E+00   2.7397473E+05   5.5245998E+06   5.5447810E+06   0.0000000E+00   0.0000000E+00   0.0000000E+00   0.0000000E+00   0.0000000E+00
   3.8680377E-02   5.1898526E+06   5.1898526E+06   1.7069563E+02   3.4543834E+00   2.3268047E+05   5.1708337E+06   5.1898526E+06   0.0000000E+00   0.0000000E+00   0.0000000E+00   0.0000000E+00   0.0000000E+00
   4.1400590E-02   4.8633722E+06   4.8633722E+06   1.4272479E+02   2.8536573E+00   1.9859019E+05   4.8454411E+06   4.8633722E+06   0.0000000E+00   0.0000000E+00   0.0000000E+00   0.0000000E+00   0.0000000E+00
   4.4191400E-02   4.5714014E+06   4.5714014E+06   1.0969807E+02   2.3746637E+00   1.7011726E+05   4.5544564E+06   4.5714014E+06   0.0000000E+00   0.0000000E+00   0.0000000E+00   0.0000000E+00   0.0000000E+00
   4.7010222E-02   4.3164530E+06   4.3164530E+06   9.9339325E+01   1.9960821E+00   1.4705835E+05   4.3003783E+06   4.3164530E+06   0.0000000E+00   0.0000000E+00   0.0000000E+00   0.0000000E+00   0.0000000E+00
   4.9823640E-02   4.0970417E+06   4.0970417E+06   8.1617608E+01   1.6973395E+00   1.2854239E+05   4.0817226E+06   4.0970417E+06   0.0000000E+00   0.0000000E+00   0.0000000E+00   0.0000000E+00   0.0000000E+00
   5.2613326E-02   3.9087214E+06   3.9087214E+06   6.7522831E+01   1.4600424E+00   1.1325186E+05   3.8940551E+06   3.9087214E+06   0.0000000E+00   0.0000000E+00   0.0000000E+00   0.0000000E+00   0.0000000E+00
   5.5374686E-02   3.7456743E+06   3.7456743E+06   6.0167783E+01   1.2689445E+00   1.0075324E+05   3.7315769E+06   3.7456743E+06   0.0000000E+00   0.0000000E+00   0.0000000E+00   0.0000000E+00   0.0000000E+00
   5.8112133E-02   3.6019558E+06   3.6019558E+06   5.2494002E+01   1.1124966E+00   9.0278395E+04   3.5883630E+06   3.6019558E+06   0.0000000E+00   0.0000000E+00   0.0000000E+00   0.0000000E+00   0.0000000E+00
   6.0834657E-02   3.4721598E+06   3.4721598E+06   4.5524118E+01   9.8211288E-01   8.1420529E+04   3.4590256E+06   3.4721598E+06   0.0000000E+00   0.0000000E+00   0.0000000E+00   0.0000000E+00   0.0000000E+00
   6.3552921E-02   3.3516727E+06   3.3516727E+06   4.0146828E+01   8.7154589E-01   7.3612417E+04   3.3389672E+06   3.3516727E+06   0.0000000E+00   0.0000000E+00   0.0000000E+00   0.0000000E+00   0.0000000E+00
   6.6277715E-02   3.2367265E+06   3.2367265E+06   3.6719265E+01   7.7620488E-01   6.6894248E+04   3.2244332E+06   3.2367265E+06   0.0000000E+00   0.0000000E+00   0.0000000E+00   0.0000000E+00   0.0000000E+00
   6.9019270E-02   3.1243797E+06   3.1243797E+06   3.0586275E+01   6.9290082E-01   6.0753491E+04   3.1124923E+06   3.1243797E+06   0.0000000E+00   0.0000000E+00   0.0000000E+00   0.0000000E+00   0.0000000E+00
   7.1787026E-02   3.0124836E+06   3.0124836E+06   2.9859893E+01   6.1925553E-01   5.5280333E+04   3.0010037E+06   3.0124836E+06   0.0000000E+00   0.0000000E+00   0.0000000E+00   0.0000000E+00   0.0000000E+00
   7.4589622E-02   2.8996509E+06   2.8996509E+06   2.4612265E+01   5.5356333E-01   5.0317914E+04   2.8885848E+06   2.8996509E+06   0.0000000E+00   0.0000000E+00   0.0000000E+00   0.0000000E+00   0.0000000E+00
   7.7434971E-02   2.7852247E+06   2.7852247E+06   2.1738170E+01   4.9462708E-01   4.5651923E+04   2.7745809E+06   2.7852247E+06   0.0000000E+00   0.0000000E+00   0.0000000E+00   0.0000000E+00   0.0000000E+00
   8.0330376E-02   2.6692383E+06   2.6692383E+06   2.0820252E+01   4.4157854E-01   4.1435382E+04   2.6590250E+06   2.6692383E+06   0.0000000E+00   0.0000000E+00   0.0000000E+00   0.0000000E+00   0.0000000E+00
   8.3282637E-02   2.5523568E+06   2.5523568E+06   1.8732555E+01   3.9380028E-01   3.7590821E+04   2.5425793E+06   2.5523568E+06   0.0000000E+00   0.0000000E+00   0.0000000E+00   0.0000000E+00   0.0000000E+00
   8.6298153E-02   2.4357880E+06   2.4357880E+06   1.6389441E+01   3.5083570E-01   3.4046273E+04   2.4264470E+06   2.4357880E+06   0.0000000E+00   0.0000000E+00   0.0000000E+00   0.0000000E+00   0.0000000E+00
   8.9383009E-02   2.3211582E+06   2.3211582E+06   1.4429805E+01   3.1235750E-01   3.0798644E+04   2.3122477E+06   2.3211582E+06   0.0000000E+00   0.0000000E+00   0.0000000E+00   0.0000000E+00   0.0000000E+00
   9.2543049E-02   2.2103479E+06   2.2103479E+06   1.2606830E+01   2.7807557E-01   2.7853773E+04   2.2018547E+06   2.2103479E+06   0.0000000E+00   0.0000000E+00   0.0000000E+00   0.0000000E+00   0.0000000E+00
   9.5783938E-02   2.1052927E+06   2.1052927E+06   1.1179964E+01   2.4772820E-01   2.5233297E+04   2.0971960E+06   2.1052927E+06   0.0000000E+00   0.0000000E+00   0.0000000E+00   0.0000000E+00   0.0000000E+00
   9.9111213E-02   2.0077573E+06   2.0077573E+06   1.0083873E+01   2.2104976E-01   2.2868003E+04   2.0000293E+06   2.0077573E+06   0.0000000E+00   0.0000000E+00   0.0000000E+00   0.0000000E+00   0.0000000E+00
   1.0253032E-01   1.9191027E+06   1.9191027E+06   8.5441753E+00   1.9773559E-01   2.0828116E+04   1.9117101E+06   1.9191027E+06   0.0000000E+00   0.0000000E+00   0.0000000E+00   0.0000000E+00   0.0000000E+00
   1.0604665E-01   1.8400707E+06   1.8400707E+06   7.9929135E+00   1.7745675E-01   1.8987400E+04   1.8329772E+06   1.8400707E+06   0.0000000E+00   0.0000000E+00   0.0000000E+00   0.0000000E+00   0.0000000E+00
   1.0966557E-01   1.7706177E+06   1.7706177E+06   7.3884462E+00   1.5984011E-01   1.7428622E+04   1.7637872E+06   1.7706177E+06   0.0000000E+00   0.0000000E+00   0.0000000E+00   0.0000000E+00   0.0000000E+00
   1.1339244E-01   1.7098319E+06   1.7098319E+06   6.4638058E+00   1.4448988E-01   1.6049089E+04   1.7032315E+06   1.7098319E+06   0.0000000E+00   0.0000000E+00   0.0000000E+00   0.0000000E+00   0.0000000E+00
   1.1723262E-01   1.6559644E+06   1.6559644E+06   5.8579665E+00   1.3100612E-01   1.4820290E+04   1.6495680E+06   1.6559644E+06   0.0000000E+00   0.0000000E+00   0.0000000E+00   0.0000000E+00   0.0000000E+00
   1.2119151E-01   1.6065938E+06   1.6065938E+06   5.4594107E+00   1.1900049E-01   1.3708189E+04   1.6003844E+06   1.6065938E+06   0.0000000E+00   0.0000000E+00   0.0000000E+00   0.0000000E+00   0.0000000E+00
   1.2527454E-01   1.5589268E+06   1.5589268E+06   4.7713862E+00   1.0812816E-01   1.2683357E+04   1.5528984E+06   1.5589268E+06   0.0000000E+00   0.0000000E+00   0.0000000E+00   0.0000000E+00   0.0000000E+00
   1.2948719E-01   1.5102105E+06   1.5102105E+06   4.3271871E+00   9.8107276E-02   1.1742135E+04   1.5043673E+06   1.5102105E+06   0.0000000E+00   0.0000000E+00   0.0000000E+00   0.0000000E+00   0.0000000E+00
   1.3383498E-01   1.4582000E+06   1.4582000E+06   3.9962950E+00   8.8743529E-02   1.0829381E+04   1.4525553E+06   1.4582000E+06   0.0000000E+00   0.0000000E+00   0.0000000E+00   0.0000000E+00   0.0000000E+00
   1.3832350E-01   1.4016020E+06   1.4016020E+06   3.5925154E+00   7.9928469E-02   9.9535819E+03   1.3961738E+06   1.4016020E+06   0.0000000E+00   0.0000000E+00   0.0000000E+00   0.0000000E+00   0.0000000E+00
   1.4295840E-01   1.3403897E+06   1.3403897E+06   3.2423673E+00   7.1641022E-02   9.1006794E+03   1.3351963E+06   1.3403897E+06   0.0000000E+00   0.0000000E+00   0.0000000E+00   0.0000000E+00   0.0000000E+00
   1.4774542E-01   1.2758931E+06   1.2758931E+06   2.8800138E+00   6.3924942E-02   8.2780768E+03   1.2709475E+06   1.2758931E+06   0.0000000E+00   0.0000000E+00   0.0000000E+00   0.0000000E+00   0.0000000E+00
   1.5269033E-01   1.2105932E+06   1.2105932E+06   2.4201060E+00   5.6860059E-02   7.5253421E+03   1.2058989E+06   1.2105932E+06   0.0000000E+00   0.0000000E+00   0.0000000E+00   0.0000000E+00   0.0000000E+00
   1.5779903E-01   1.1476112E+06   1.1476112E+06   2.2204038E+00   5.0528648E-02   6.8244008E+03   1.1431595E+06   1.1476112E+06   0.0000000E+00   0.0000000E+00   0.0000000E+00   0.0000000E+00   0.0000000E+00
   1.6307747E-01   1.0899670E+06   1.0899670E+06   2.0050084E+00   4.4978120E-02   6.2129940E+03   1.0857374E+06   1.0899670E+06   0.0000000E+00   0.0000000E+00   0.0000000E+00   0.0000000E+00   0.0000000E+00
   1.6853172E-01   1.0397687E+06   1.0397687E+06   1.7640498E+00   4.0202242E-02   5.6852231E+03   1.0357326E+06   1.0397687E+06   0.0000000E+00   0.0000000E+00   0.0000000E+00   0.0000000E+00   0.0000000E+00
   1.7416795E-01   9.9756231E+05   9.9756231E+05   1.6070154E+00   3.6127934E-02   5.2305132E+03   9.9368877E+05   9.9756231E+05   0.0000000E+00   0.0000000E+00   0.0000000E+00   0.0000000E+00   0.0000000E+00
   1.7999243E-01   9.6207382E+05   9.6207382E+05   1.4219906E+00   3.2628626E-02   4.8482041E+03   9.5833697E+05   9.6207382E+05   0.0000000E+00   0.0000000E+00   0.0000000E+00   0.0000000E+00   0.0000000E+00
   1.8601160E-01   9.3050212E+05   9.3050212E+05   1.2611129E+00   2.9549685E-02   4.5031430E+03   9.2688688E+05   9.3050212E+05   0.0000000E+00   0.0000000E+00   0.0000000E+00   0.0000000E+00   0.0000000E+00
   1.9223203E-01   8.9935670E+05   8.9935670E+05   1.1591851E+00   2.6744939E-02   4.1850925E+03   8.9586154E+05   8.9935670E+05   0.0000000E+00   0.0000000E+00   0.0000000E+00   0.0000000E+00   0.0000000E+00
   1.9866047E-01   8.6562529E+05   8.6562529E+05   1.0708104E+00   2.4110480E-02   3.8717524E+03   8.6226038E+05   8.6562529E+05   0.0000000E+00   0.0000000E+00   0.0000000E+00   0.0000000E+00   0.0000000E+00
   2.0530389E-01   8.2787315E+05   8.2787315E+05   9.3907054E-01   2.1603245E-02   3.5659732E+03   8.2465423E+05   8.2787315E+05   0.0000000E+00   0.0000000E+00   0.0000000E+00   0.0000000E+00   0.0000000E+00
   2.1216948E-01   7.8681568E+05   7.8681568E+05   8.3792452E-01   1.9239802E-02   3.2633917E+03   7.8375572E+05   7.8681568E+05   0.0000000E+00   0.0000000E+00   0.0000000E+00   0.0000000E+00   0.0000000E+00
   2.1926472E-01   7.4504121E+05   7.4504121E+05   7.2741831E-01   1.7072907E-02   2.9811210E+03   7.4214310E+05   7.4504121E+05   0.0000000E+00   0.0000000E+00   0.0000000E+00   0.0000000E+00   0.0000000E+00
   2.2659740E-01   7.0589096E+05   7.0589096E+05   6.6955625E-01   1.5156678E-02   2.7246502E+03   7.0314460E+05   7.0589096E+05   0.0000000E+00   0.0000000E+00   0.0000000E+00   0.0000000E+00   0.0000000E+00
   2.3417569E-01   6.7191836E+05   6.7191836E+05   5.9682519E-01   1.3514456E-02   2.5055451E+03   6.6930368E+05   6.7191836E+05   0.0000000E+00   0.0000000E+00   0.0000000E+00   0.0000000E+00   0.0000000E+00
   2.4200820E-01   6.4364734E+05   6.4364734E+05   5.2803159E-01   1.2122910E-02   2.3194621E+03   6.4114223E+05   6.4364734E+05   0.0000000E+00   0.0000000E+00   0.0000000E+00   0.0000000E+00   0.0000000E+00
   2.5010403E-01   6.1931790E+05   6.1931790E+05   4.7230528E-01   1.0921262E-02   2.1582819E+03   6.1690708E+05   6.1931790E+05   0.0000000E+00   0.0000000E+00   0.0000000E+00   0.0000000E+00   0.0000000E+00
   2.5847286E-01   5.9586353E+05   5.9586353E+05   4.2799353E-01   9.8382683E-03   2.0105195E+03   5.9354365E+05   5.9586353E+05   0.0000000E+00   0.0000000E+00   0.0000000E+00   0.0000000E+00   0.0000000E+00
   2.6712506E-01   5.7066726E+05   5.7066726E+05   3.7770296E-01   8.8236529E-03   1.8667267E+03   5.6844514E+05   5.7066726E+05   0.0000000E+00   0.0000000E+00   0.0000000E+00   0.0000000E+00   0.0000000E+00
   2.7607175E-01   5.4308326E+05   5.4308326E+05   3.4251669E-01   7.8654928E-03   1.7223526E+03   5.4096826E+05   5.4308326E+05   0.0000000E+00   0.0000000E+00   0.0000000E+00   0.0000000E+00   0.0000000E+00
   2.8532495E-01   5.1471982E+05   5.1471982E+05   3.0301872E-01   6.9829287E-03   1.5851788E+03   5.1271501E+05   5.1471982E+05   0.0000000E+00   0.0000000E+00   0.0000000E+00   0.0000000E+00   0.0000000E+00
   2.9489773E-01   4.8820645E+05   4.8820645E+05   2.6763161E-01   6.2029767E-03   1.4602025E+03   4.8630468E+05   4.8820645E+05   0.0000000E+00   0.0000000E+00   0.0000000E+00   0.0000000E+00   0.0000000E+00
   3.0480433E-01   4.6524391E+05   4.6524391E+05   2.3976156E-01   5.5342857E-03   1.3530665E+03   4.6343137E+05   4.6524391E+05   0.0000000E+00   0.0000000E+00   0.0000000E+00   0.0000000E+00   0.0000000E+00
   3.1506035E-01   4.4538125E+05   4.4538125E+05   2.1371884E-01   4.9586803E-03   1.2608846E+03   4.4364590E+05   4.4538125E+05   0.0000000E+00   0.0000000E+00   0.0000000E+00   0.0000000E+00   0.0000000E+00
   3.2568302E-01   4.2652705E+05   4.2652705E+05   1.9369014E-01   4.4440812E-03   1.1760958E+03   4.2486500E+05   4.2652705E+05   0.0000000E+00   0.0000000E+00   0.0000000E+00   0.0000000E+00   0.0000000E+00
   3.3669136E-01   4.0681454E+05   4.0681454E+05   1.7062728E-01   3.9668133E-03   1.0934231E+03   4.0522914E+05   4.0681454E+05   0.0000000E+00   0.0000000E+00   0.0000000E+00   0.0000000E+00   0.0000000E+00
   3.4810658E-01   3.8618553E+05   3.8618553E+05   1.5217492E-01   3.5239923E-03   1.0126011E+03   3.8468039E+05   3.8618553E+05   0.0000000E+00   0.0000000E+00   0.0000000E+00   0.0000000E+00   0.0000000E+00
   3.5995233E-01   3.6619924E+05   3.6619924E+05   1.3500595E-01   3.1262952E-03   9.3797303E+02   3.6477187E+05   3.6619924E+05   0.0000000E+00   0.0000000E+00   0.0000000E+00   0.0000000E+00   0.0000000E+00
   3.7225523E-01   3.4825625E+05   3.4825625E+05   1.1972665E-01   2.7802195E-03   8.7125134E+02   3.4689870E+05   3.4825625E+05   0.0000000E+00   0.0000000E+00   0.0000000E+00   0.0000000E+00   0.0000000E+00
   3.8504530E-01   3.3212305E+05   3.3212305E+05   1.0739817E-01   2.4782360E-03   8.1285060E+02   3.3082829E+05   3.3212305E+05   0.0000000E+00   0.0000000E+00   0.0000000E+00   0.0000000E+00   0.0000000E+00
   3.9835663E-01   3.1639482E+05   3.1639482E+05   9.5500585E-02   2.2059646E-03   7.5778267E+02   3.1516129E+05   3.1639482E+05   0.0000000E+00   0.0000000E+00   0.0000000E+00   0.0000000E+00   0.0000000E+00
   4.1222814E-01   3.0028920E+05   3.0028920E+05   8.4615827E-02   1.9555051E-03   7.0446881E+02   2.9911838E+05   3.0028920E+05   0.0000000E+00   0.0000000E+00   0.0000000E+00   0.0000000E+00   0.0000000E+00
   4.2670450E-01   2.8446847E+05   2.8446847E+05   7.4699234E-02   1.7293640E-03   6.5422953E+02   2.8335925E+05   2.8446847E+05   0.0000000E+00   0.0000000E+00   0.0000000E+00   0.0000000E+00   0.0000000E+00
   4.4183733E-01   2.6985096E+05   2.6985096E+05   6.5970814E-02   1.5302164E-03   6.0864660E+02   2.6879868E+05   2.6985096E+05   0.0000000E+00   0.0000000E+00   0.0000000E+00   0.0000000E+00   0.0000000E+00
   4.5768670E-01   2.5622533E+05   2.5622533E+05   5.8493260E-02   1.3540995E-03   5.6732655E+02   2.5522612E+05   2.5622533E+05   0.0000000E+00   0.0000000E+00   0.0000000E+00   0.0000000E+00   0.0000000E+00
   4.7432290E-01   2.4276382E+05   2.4276382E+05   5.1526454E-02   1.1946710E-03   5.2793182E+02   2.4181705E+05   2.4276382E+05   0.0000000E+00   0.0000000E+00   0.0000000E+00   0.0000000E+00   0.0000000E+00
   4.9182892E-01   2.2943018E+05   2.2943018E+05   4.5313918E-02   1.0502996E-03   4.9028467E+02   2.2853537E+05   2.2943018E+05   0.0000000E+00   0.0000000E+00   0.0000000E+00   0.0000000E+00   0.0000000E+00
   5.1030337E-01   2.1678386E+05   2.1678386E+05   3.9725076E-02   9.2194106E-04   4.5554585E+02   2.1593833E+05   2.1678386E+05   0.0000000E+00   0.0000000E+00   0.0000000E+00   0.0000000E+00   0.0000000E+00
   5.2986442E-01   2.0475046E+05   2.0475046E+05   3.4793012E-02   8.0771123E-04   4.2333673E+02   2.0395182E+05   2.0475046E+05   0.0000000E+00   0.0000000E+00   0.0000000E+00   0.0000000E+00   0.0000000E+00
   5.5065483E-01   1.9289639E+05   1.9289639E+05   3.0370596E-02   7.0465562E-04   3.9254858E+02   1.9214396E+05   1.9289639E+05   0.0000000E+00   0.0000000E+00   0.0000000E+00   0.0000000E+00   0.0000000E+00
   5.7284834E-01   1.8136440E+05   1.8136440E+05   2.6376515E-02   6.1224781E-04   3.6355655E+02   1.8065692E+05   1.8136440E+05   0.0000000E+00   0.0000000E+00   0.0000000E+00   0.0000000E+00   0.0000000E+00
   5.9665801E-01   1.7028406E+05   1.7028406E+05   2.2813147E-02   5.2992427E-04   3.3632234E+02   1.6961978E+05   1.7028406E+05   0.0000000E+00   0.0000000E+00   0.0000000E+00   0.0000000E+00   0.0000000E+00
   6.2234670E-01   1.5941406E+05   1.5941406E+05   1.9630505E-02   4.5602504E-04   3.1037216E+02   1.5879215E+05   1.5941406E+05   0.0000000E+00   0.0000000E+00   0.0000000E+00   0.0000000E+00   0.0000000E+00
   6.5023986E-01   1.4880847E+05   1.4880847E+05   1.6786993E-02   3.8997860E-04   2.8571397E+02   1.4822792E+05   1.4880847E+05   0.0000000E+00   0.0000000E+00   0.0000000E+00   0.0000000E+00   0.0000000E+00
   6.8074036E-01   1.3845917E+05   1.3845917E+05   1.4247227E-02   3.3109759E-04   2.6226289E+02   1.3791897E+05   1.3845917E+05   0.0000000E+00   0.0000000E+00   0.0000000E+00   0.0000000E+00   0.0000000E+00
   7.1434335E-01   1.2829374E+05   1.2829374E+05   1.1988908E-02   2.7862462E-04   2.3983579E+02   1.2779318E+05   1.2829374E+05   0.0000000E+00   0.0000000E+00   0.0000000E+00   0.0000000E+00   0.0000000E+00
   7.5164636E-01   1.1833995E+05   1.1833995E+05   9.9867385E-03   2.3214940E-04   2.1839290E+02   1.1787821E+05   1.1833995E+05   0.0000000E+00   0.0000000E+00   0.0000000E+00   0.0000000E+00   0.0000000E+00
   7.9334466E-01   1.0857815E+05   1.0857815E+05   8.2242560E-03   1.9121087E-04   1.9789171E+02   1.0815449E+05   1.0857815E+05   0.0000000E+00   0.0000000E+00   0.0000000E+00   0.0000000E+00   0.0000000E+00
   8.4019612E-01   9.9046564E+04   9.9046564E+04   6.6818203E-03   1.5552749E-04   1.7836247E+02   9.8660085E+04   9.9046564E+04   0.0000000E+00   0.0000000E+00   0.0000000E+00   0.0000000E+00   0.0000000E+00
   8.9293974E-01   8.9806924E+04   8.9806924E+04   5.3689074E-03   1.2486108E-04   1.5986028E+02   8.9456488E+04   8.9806924E+04   0.0000000E+00   0.0000000E+00   0.0000000E+00   0.0000000E+00   0.0000000E+00
   9.5217270E-01   8.0954266E+04   8.0954266E+04   4.2556722E-03   9.8992500E-05   1.4252829E+02   8.0638365E+04   8.0954266E+04   0.0000000E+00   0.0000000E+00   0.0000000E+00   0.0000000E+00   0.0000000E+00
   1.0182385E+00   7.2601824E+04   7.2601824E+04   3.3370605E-03   7.7638109E-05   1.2652685E+02   7.2318508E+04   7.2601824E+04   0.0000000E+00   0.0000000E+00   0.0000000E+00   0.0000000E+00   0.0000000E+00
   1.0912136E+00   6.4851525E+04   6.4851525E+04   2.5950724E-03   6.0388147E-05   1.1197562E+02   6.4598448E+04   6.4851525E+04   0.0000000E+00   0.0000000E+00   0.0000000E+00   0.0000000E+00   0.0000000E+00
   1.1710280E+00   5.7768318E+04   5.7768318E+04   2.0070711E-03   4.6712939E-05   9.8917720E+01   5.7542878E+04   5.7768318E+04   0.0000000E+00   0.0000000E+00   0.0000000E+00   0.0000000E+00   0.0000000E+00
   1.2576400E+00   5.1367671E+04   5.1367671E+04   1.5471078E-03   3.6015134E-05   8.7309773E+01   5.1167206E+04   5.1367671E+04   0.0000000E+00   0.0000000E+00   0.0000000E+00   0.0000000E+00   0.0000000E+00
   1.3511537E+00   4.5624681E+04   4.5624681E+04   1.1888134E-03   2.7715778E-05   7.7041357E+01   4.5446625E+04   4.5624681E+04   0.0000000E+00   0.0000000E+00   0.0000000E+00   0.0000000E+00   0.0000000E+00
   1.4518437E+00   4.0493409E+04   4.0493409E+04   9.1547419E-04   2.1306402E-05   6.7988230E+01   4.0335377E+04   4.0493409E+04   0.0000000E+00   0.0000000E+00   0.0000000E+00   0.0000000E+00   0.0000000E+00
   1.5601249E+00   3.5918248E+04   3.5918248E+04   7.0300263E-04   1.6367873E-05   6.0005534E+01   3.5778070E+04   3.5918248E+04   0.0000000E+00   0.0000000E+00   0.0000000E+00   0.0000000E+00   0.0000000E+00
   1.6765117E+00   3.1844109E+04   3.1844109E+04   5.3952670E-04   1.2567297E-05   5.2967155E+01   3.1719830E+04   3.1844109E+04   0.0000000E+00   0.0000000E+00   0.0000000E+00   0.0000000E+00   0.0000000E+00
   1.8015900E+00   2.8218917E+04   2.8218917E+04   4.1416254E-04   9.6446109E-06   4.6760435E+01   2.8108784E+04   2.8218917E+04   0.0000000E+00   0.0000000E+00   0.0000000E+00   0.0000000E+00   0.0000000E+00
   1.9360022E+00   2.4995370E+04   2.4995370E+04   3.1761578E-04   7.3984732E-06   4.1280239E+01   2.4897817E+04   2.4995370E+04   0.0000000E+00   0.0000000E+00   0.0000000E+00   0.0000000E+00   0.0000000E+00
   2.0804430E+00   2.2130518E+04   2.2130518E+04   2.4349898E-04   5.6729821E-06   3.6444310E+01   2.2044146E+04   2.2130518E+04   0.0000000E+00   0.0000000E+00   0.0000000E+00   0.0000000E+00   0.0000000E+00
   2.2356604E+00   1.9585926E+04   1.9585926E+04   1.8660653E-04   4.3481944E-06   3.2172151E+01   1.9509485E+04   1.9585926E+04   0.0000000E+00   0.0000000E+00   0.0000000E+00   0.0000000E+00   0.0000000E+00
   2.4024581E+00   1.7326939E+04   1.7326939E+04   1.4294985E-04   3.3314461E-06   2.8399616E+01   1.7259314E+04   1.7326939E+04   0.0000000E+00   0.0000000E+00   0.0000000E+00   0.0000000E+00   0.0000000E+00
   2.5817003E+00   1.5322517E+04   1.5322517E+04   1.0952181E-04   2.5515004E-06   2.5066692E+01   1.5262715E+04   1.5322517E+04   0.0000000E+00   0.0000000E+00   0.0000000E+00   0.0000000E+00   0.0000000E+00
   2.7743154E+00   1.3544856E+04   1.3544856E+04   8.3743102E-05   1.9534489E-06   2.2121737E+01   1.3491991E+04   1.3544856E+04   0.0000000E+00   0.0000000E+00   0.0000000E+00   0.0000000E+00   0.0000000E+00
   2.9813010E+00   1.1969047E+04   1.1969047E+04   6.4127264E-05   1.4950599E-06   1.9519951E+01   1.1922332E+04   1.1969047E+04   0.0000000E+00   0.0000000E+00   0.0000000E+00   0.0000000E+00   0.0000000E+00
   3.2037294E+00   1.0572809E+04   1.0572809E+04   4.9051278E-05   1.1438474E-06   1.7221542E+01   1.0531543E+04   1.0572809E+04   0.0000000E+00   0.0000000E+00   0.0000000E+00   0.0000000E+00   0.0000000E+00
   3.4427527E+00   9.3362262E+03   9.3362262E+03   3.7519672E-05   8.7486703E-07   1.5190877E+01   9.2997874E+03   9.3362262E+03   0.0000000E+00   0.0000000E+00   0.0000000E+00   0.0000000E+00   0.0000000E+00
   3.6996090E+00   8.2415135E+03   8.2415135E+03   2.8672196E-05   6.6893278E-07   1.3396996E+01   8.2093472E+03   8.2415135E+03   0.0000000E+00   0.0000000E+00   0.0000000E+00   0.0000000E+00   0.0000000E+00
   3.9756288E+00   7.2727963E+03   7.2727963E+03   2.1907642E-05   5.1132752E-07   1.1812549E+01   7.2444108E+03   7.2727963E+03   0.0000000E+00   0.0000000E+00   0.0000000E+00   0.0000000E+00   0.0000000E+00
   4.2722418E+00   6.4159176E+03   6.4159176E+03   1.6738183E-05   3.9074812E-07   1.0413302E+01   6.3908764E+03   6.4159176E+03   0.0000000E+00   0.0000000E+00   0.0000000E+00   0.0000000E+00   0.0000000E+00
   4.5909845E+00   5.6582605E+03   5.6582605E+03   1.2783413E-05   2.9852514E-07   9.1780637E+00   5.6361764E+03   5.6582605E+03   0.0000000E+00   0.0000000E+00   0.0000000E+00   0.0000000E+00   0.0000000E+00
   4.9335079E+00   4.9885885E+03   4.9885885E+03   9.7594735E-06   2.2801312E-07   8.0874918E+00   4.9691181E+03   4.9885885E+03   0.0000000E+00   0.0000000E+00   0.0000000E+00   0.0000000E+00   0.0000000E+00
   5.3015862E+00   4.3969003E+03   4.3969003E+03   7.4495377E-06   1.7411779E-07   7.1248776E+00   4.3797393E+03   4.3969003E+03   0.0000000E+00   0.0000000E+00   0.0000000E+00   0.0000000E+00   0.0000000E+00
   5.6971261E+00   3.8742998E+03   3.8742998E+03   5.6831750E-06   1.3293382E-07   6.2754650E+00   3.8591785E+03   3.8742998E+03   0.0000000E+00   0.0000000E+00   0.0000000E+00   0.0000000E+00   0.0000000E+00
   6.1221763E+00   3.4128787E+03   3.4128787E+03   4.3395999E-06   1.0147230E-07   5.5260951E+00   3.3995582E+03   3.4128787E+03   0.0000000E+00   0.0000000E+00   0.0000000E+00   0.0000000E+00   0.0000000E+00
   6.5789385E+00   3.0056104E+03   3.0056104E+03   3.3066847E-06   7.7443492E-08   4.8652274E+00   2.9938795E+03   3.0056104E+03   0.0000000E+00   0.0000000E+00   0.0000000E+00   0.0000000E+00   0.0000000E+00
   7.0697788E+00   2.6462558E+03   2.6462558E+03   2.5208933E-06   5.9096506E-08   4.2823688E+00   2.6359275E+03   2.6462558E+03   0.0000000E+00   0.0000000E+00   0.0000000E+00   0.0000000E+00   0.0000000E+00
   7.5972397E+00   2.3292775E+03   2.3292775E+03   1.9215332E-06   4.5090715E-08   3.7685013E+00   2.3201863E+03   2.3292775E+03   0.0000000E+00   0.0000000E+00   0.0000000E+00   0.0000000E+00   0.0000000E+00
   8.1640532E+00   2.0497634E+03   2.0497634E+03   1.4640610E-06   3.4400965E-08   3.3156098E+00   2.0417632E+03   2.0497634E+03   0.0000000E+00   0.0000000E+00   0.0000000E+00   0.0000000E+00   0.0000000E+00
