#           k/h    CDM            baryon         photon         nu             mass_nu        total          no_nu          total_de       Weyl           v_CDM          v_b            v_b-v_c     
   1.0197022E-05   1.3018179E+07   1.3018179E+07   1.7353060E+07   1.6476276E+04   3.4958574E+06   1.3018277E+07   1.3018179E+07   0.0000000E+00   0.0000000E+00   0.0000000E+00   0.0000000E+00   0.0000000E+00
   1.0957800E-05   1.3018176E+07   1.3018176E+07   1.7352358E+07   1.6475854E+04   3.4958206E+06   1.3018274E+07   1.3018176E+07   0.0000000E+00   0.0000000E+00   0.0000000E+00   0.0000000E+00   0.0000000E+00
   1.1775337E-05   1.3018172E+07   1.3018172E+07   1.7351548E+07   1.6475366E+04   3.4957783E+06   1.3018270E+07   1.3018172E+07   0.0000000E+00   0.0000000E+00   0.0000000E+00   0.0000000E+00   0.0000000E+00
   1.2653870E-05   1.3018169E+07   1.3018169E+07   1.7350612E+07   1.6474803E+04   3.4957293E+06   1.3018266E+07   1.3018169E+07   0.0000000E+00   0.0000000E+00   0.0000000E+00   0.0000000E+00   0.0000000E+00
   1.3597947E-05   1.3018164E+07   1.3018164E+07   1.7349531E+07   1.6474152E+04   3.4956728E+06   1.3018262E+07   1.3018164E+07   0.0000000E+00   0.0000000E+00   0.0000000E+00   0.0000000E+00   0.0000000E+00
   1.4612461E-05   1.3018159E+07   1.3018159E+07   1.7348283E+07   1.6473402E+04   3.4956075E+06   1.3018256E+07   1.3018159E+07   0.0000000E+00   0.0000000E+00   0.0000000E+00   0.0000000E+00   0.0000000E+00
   1.5702665E-05   1.3018153E+07   1.3018153E+07   1.7346841E+07   1.6472534E+04   3.4955322E+06   1.3018250E+07   1.3018153E+07   0.0000000E+00   0.0000000E+00   0.0000000E+00   0.0000000E+00   0.0000000E+00
   1.6874206E-05   1.3018146E+07   1.3018146E+07   1.7345177E+07   1.6471533E+04   3.4954451E+06   1.3018242E+07   1.3018146E+07   0.0000000E+00   0.0000000E+00   0.0000000E+00   0.0000000E+00   0.0000000E+00
   1.8133154E-05   1.3018138E+07   1.3018138E+07   1.7343255E+07   1.6470377E+04   3.4953447E+06   1.3018234E+07   1.3018138E+07   0.0000000E+00   0.0000000E+00   0.0000000E+00   0.0000000E+00   0.0000000E+00
   1.9486029E-05   1.3018129E+07   1.3018129E+07   1.7341037E+07   1.6469042E+04   3.4952287E+06   1.3018224E+07   1.3018129E+07   0.0000000E+00   0.0000000E+00   0.0000000E+00   0.0000000E+00   0.0000000E+00
   2.0939840E-05   1.3018118E+07   1.3018118E+07   1.7338475E+07   1.6467501E+04   3.4950948E+06   1.3018213E+07   1.3018118E+07   0.0000000E+00   0.0000000E+00   0.0000000E+00   0.0000000E+00   0.0000000E+00
   2.2502116E-05   1.3018106E+07   1.3018106E+07   1.7335517E+07   1.6465721E+04   3.4949402E+06   1.3018200E+07   1.3018106E+07   0.0000000E+00   0.0000000E+00   0.0000000E+00   0.0000000E+00   0.0000000E+00
   2.4180950E-05   1.3018091E+07   1.3018091E+07   1.7332102E+07   1.6463666E+04   3.4947617E+06   1.3018184E+07   1.3018091E+07   0.0000000E+00   0.0000000E+00   0.0000000E+00   0.0000000E+00   0.0000000E+00
   2.5985038E-05   1.3018075E+07   1.3018075E+07   1.7328159E+07   1.6461293E+04   3.4945556E+06   1.3018167E+07   1.3018075E+07   0.0000000E+00   0.0000000E+00   0.0000000E+00   0.0000000E+00   0.0000000E+00
   2.7923725E-05   1.3018056E+07   1.3018056E+07   1.7323606E+07   1.6458554E+04   3.4943178E+06   1.3018147E+07   1.3018056E+07   0.0000000E+00   0.0000000E+00   0.0000000E+00   0.0000000E+00   0.0000000E+00
   3.0007054E-05   1.3018034E+07   1.3018034E+07   1.7318351E+07   1.6455391E+04   3.4940432E+06   1.3018124E+07   1.3018034E+07   0.0000000E+00   0.0000000E+00   0.0000000E+00   0.0000000E+00   0.0000000E+00
   3.2245815E-05   1.3018009E+07   1.3018009E+07   1.7312284E+07   1.6451740E+04   3.4937264E+06   1.3018097E+07   1.3018009E+07   0.0000000E+00   0.0000000E+00   0.0000000E+00   0.0000000E+00   0.0000000E+00
   3.4651605E-05   1.3017979E+07   1.3017979E+07   1.7305280E+07   1.6447524E+04   3.4933606E+06   1.3018066E+07   1.3017979E+07   0.0000000E+00   0.0000000E+00   0.0000000E+00   0.0000000E+00   0.0000000E+00
   3.7236886E-05   1.3017946E+07   1.3017946E+07   1.7297196E+07   1.6442657E+04   3.4929386E+06   1.3018030E+07   1.3017946E+07   0.0000000E+00   0.0000000E+00   0.0000000E+00   0.0000000E+00   0.0000000E+00
   4.0015049E-05   1.3017907E+07   1.3017907E+07   1.7287865E+07   1.6437040E+04   3.4924516E+06   1.3017989E+07   1.3017907E+07   0.0000000E+00   0.0000000E+00   0.0000000E+00   0.0000000E+00   0.0000000E+00
   4.3000485E-05   1.3017862E+07   1.3017862E+07   1.7277096E+07   1.6430555E+04   3.4918898E+06   1.3017941E+07   1.3017862E+07   0.0000000E+00   0.0000000E+00   0.0000000E+00   0.0000000E+00   0.0000000E+00
   4.6208658E-05   1.3017810E+07   1.3017810E+07   1.7264667E+07   1.6423071E+04   3.4912416E+06   1.3017886E+07   1.3017810E+07   0.0000000E+00   0.0000000E+00   0.0000000E+00   0.0000000E+00   0.0000000E+00
   4.9656185E-05   1.3017750E+07   1.3017750E+07   1.7250326E+07   1.6414433E+04   3.4904941E+06   1.3017822E+07   1.3017750E+07   0.0000000E+00   0.0000000E+00   0.0000000E+00   0.0000000E+00   0.0000000E+00
   5.3360926E-05   1.3017681E+07   1.3017681E+07   1.7233779E+07   1.6404464E+04   3.4896320E+06   1.3017748E+07   1.3017681E+07   0.0000000E+00   0.0000000E+00   0.0000000E+00   0.0000000E+00   0.0000000E+00
   5.7342068E-05   1.3017601E+07   1.3017601E+07   1.7214689E+07   1.6392961E+04   3.4886380E+06   1.3017664E+07   1.3017601E+07   0.0000000E+00   0.0000000E+00   0.0000000E+00   0.0000000E+00   0.0000000E+00
   6.1620236E-05   1.3017508E+07   1.3017508E+07   1.7192670E+07   1.6379689E+04   3.4874923E+06   1.3017566E+07   1.3017508E+07   0.0000000E+00   0.0000000E+00   0.0000000E+00   0.0000000E+00   0.0000000E+00
   6.6217587E-05   1.3017402E+07   1.3017402E+07   1.7167276E+07   1.6364378E+04   3.4861721E+06   1.3017453E+07   1.3017402E+07   0.0000000E+00   0.0000000E+00   0.0000000E+00   0.0000000E+00   0.0000000E+00
   7.1157938E-05   1.3017279E+07   1.3017279E+07   1.7137996E+07   1.6346718E+04   3.4846514E+06   1.3017322E+07   1.3017279E+07   0.0000000E+00   0.0000000E+00   0.0000000E+00   0.0000000E+00   0.0000000E+00
   7.6466877E-05   1.3017137E+07   1.3017137E+07   1.7104242E+07   1.6326351E+04   3.4829001E+06   1.3017171E+07   1.3017137E+07   0.0000000E+00   0.0000000E+00   0.0000000E+00   0.0000000E+00   0.0000000E+00
   8.2171905E-05   1.3016973E+07   1.3016973E+07   1.7065344E+07   1.6302868E+04   3.4808845E+06   1.3016997E+07   1.3016973E+07   0.0000000E+00   0.0000000E+00   0.0000000E+00   0.0000000E+00   0.0000000E+00
   8.8302572E-05   1.3016783E+07   1.3016783E+07   1.7020529E+07   1.6275798E+04   3.4785657E+06   1.3016796E+07   1.3016783E+07   0.0000000E+00   0.0000000E+00   0.0000000E+00   0.0000000E+00   0.0000000E+00
   9.4890635E-05   1.3016565E+07   1.3016565E+07   1.6968916E+07   1.6244603E+04   3.4758997E+06   1.3016565E+07   1.3016565E+07   0.0000000E+00   0.0000000E+00   0.0000000E+00   0.0000000E+00   0.0000000E+00
   1.0197022E-04   1.3016313E+07   1.3016313E+07   1.6909501E+07   1.6208664E+04   3.4728366E+06   1.3016297E+07   1.3016313E+07   0.0000000E+00   0.0000000E+00   0.0000000E+00   0.0000000E+00   0.0000000E+00
   1.0957800E-04   1.3016022E+07   1.3016022E+07   1.6841136E+07   1.6167277E+04   3.4693200E+06   1.3015988E+07   1.3016022E+07   0.0000000E+00   0.0000000E+00   0.0000000E+00   0.0000000E+00   0.0000000E+00
   1.1775337E-04   1.3015686E+07   1.3015686E+07   1.6762517E+07   1.6119634E+04   3.4652865E+06   1.3015632E+07   1.3015686E+07   0.0000000E+00   0.0000000E+00   0.0000000E+00   0.0000000E+00   0.0000000E+00
   1.2653870E-04   1.3015299E+07   1.3015299E+07   1.6672164E+07   1.6064818E+04   3.4606649E+06   1.3015221E+07   1.3015299E+07   0.0000000E+00   0.0000000E+00   0.0000000E+00   0.0000000E+00   0.0000000E+00
   1.3597947E-04   1.3014852E+07   1.3014852E+07   1.6568404E+07   1.6001784E+04   3.4553761E+06   1.3014747E+07   1.3014852E+07   0.0000000E+00   0.0000000E+00   0.0000000E+00   0.0000000E+00   0.0000000E+00
   1.4612461E-04   1.3014337E+07   1.3014337E+07   1.6449350E+07   1.5929348E+04   3.4493323E+06   1.3014200E+07   1.3014337E+07   0.0000000E+00   0.0000000E+00   0.0000000E+00   0.0000000E+00   0.0000000E+00
   1.5702665E-04   1.3013743E+07   1.3013743E+07   1.6312885E+07   1.5846169E+04   3.4424370E+06   1.3013570E+07   1.3013743E+07   0.0000000E+00   0.0000000E+00   0.0000000E+00   0.0000000E+00   0.0000000E+00
   1.6874206E-04   1.3013058E+07   1.3013058E+07   1.6156642E+07   1.5750739E+04   3.4345852E+06   1.3012843E+07   1.3013058E+07   0.0000000E+00   0.0000000E+00   0.0000000E+00   0.0000000E+00   0.0000000E+00
   1.8133154E-04   1.3012268E+07   1.3012268E+07   1.5977996E+07   1.5641363E+04   3.4256640E+06   1.3012005E+07   1.3012268E+07   0.0000000E+00   0.0000000E+00   0.0000000E+00   0.0000000E+00   0.0000000E+00
   1.9486029E-04   1.3011358E+07   1.3011358E+07   1.5774049E+07   1.5516151E+04   3.4155537E+06   1.3011040E+07   1.3011358E+07   0.0000000E+00   0.0000000E+00   0.0000000E+00   0.0000000E+00   0.0000000E+00
   2.0939840E-04   1.3010310E+07   1.3010310E+07   1.5541636E+07   1.5373001E+04   3.4041299E+06   1.3009928E+07   1.3010310E+07   0.0000000E+00   0.0000000E+00   0.0000000E+00   0.0000000E+00   0.0000000E+00
   2.2502116E-04   1.3009104E+07   1.3009104E+07   1.5277333E+07   1.5209601E+04   3.3912667E+06   1.3008647E+07   1.3009104E+07   0.0000000E+00   0.0000000E+00   0.0000000E+00   0.0000000E+00   0.0000000E+00
   2.4180950E-04   1.3007715E+07   1.3007715E+07   1.4977489E+07   1.5023421E+04   3.3768413E+06   1.3007174E+07   1.3007715E+07   0.0000000E+00   0.0000000E+00   0.0000000E+00   0.0000000E+00   0.0000000E+00
   2.5985038E-04   1.3006117E+07   1.3006117E+07   1.4638274E+07   1.4811730E+04   3.3607398E+06   1.3005478E+07   1.3006117E+07   0.0000000E+00   0.0000000E+00   0.0000000E+00   0.0000000E+00   0.0000000E+00
   2.7923725E-04   1.3004280E+07   1.3004280E+07   1.4255761E+07   1.4571611E+04   3.3428662E+06   1.3003529E+07   1.3004280E+07   0.0000000E+00   0.0000000E+00   0.0000000E+00   0.0000000E+00   0.0000000E+00
   3.0007054E-04   1.3002169E+07   1.3002169E+07   1.3826047E+07   1.4300008E+04   3.3231527E+06   1.3001289E+07   1.3002169E+07   0.0000000E+00   0.0000000E+00   0.0000000E+00   0.0000000E+00   0.0000000E+00
   3.2245815E-04   1.2999745E+07   1.2999745E+07   1.3345419E+07   1.3993786E+04   3.3015736E+06   1.2998718E+07   1.2999745E+07   0.0000000E+00   0.0000000E+00   0.0000000E+00   0.0000000E+00   0.0000000E+00
   3.4651605E-04   1.2996965E+07   1.2996965E+07   1.2810583E+07   1.3649824E+04   3.2781608E+06   1.2995768E+07   1.2996965E+07   0.0000000E+00   0.0000000E+00   0.0000000E+00   0.0000000E+00   0.0000000E+00
   3.7236886E-04   1.2993777E+07   1.2993777E+07   1.2218953E+07   1.3265146E+04   3.2530223E+06   1.2992387E+07   1.2993777E+07   0.0000000E+00   0.0000000E+00   0.0000000E+00   0.0000000E+00   0.0000000E+00
   4.0015049E-04   1.2990128E+07   1.2990128E+07   1.1569032E+07   1.2837093E+04   3.2263618E+06   1.2988516E+07   1.2990128E+07   0.0000000E+00   0.0000000E+00   0.0000000E+00   0.0000000E+00   0.0000000E+00
   4.3000485E-04   1.2985954E+07   1.2985954E+07   1.0860855E+07   1.2363545E+04   3.1984968E+06   1.2984089E+07   1.2985954E+07   0.0000000E+00   0.0000000E+00   0.0000000E+00   0.0000000E+00   0.0000000E+00
   4.6208658E-04   1.2981187E+07   1.2981187E+07   1.0096517E+07   1.1843203E+04   3.1698733E+06   1.2979033E+07   1.2981187E+07   0.0000000E+00   0.0000000E+00   0.0000000E+00   0.0000000E+00   0.0000000E+00
   4.9656185E-04   1.2975750E+07   1.2975750E+07   9.2807515E+06   1.1275917E+04   3.1410697E+06   1.2973268E+07   1.2975750E+07   0.0000000E+00   0.0000000E+00   0.0000000E+00   0.0000000E+00   0.0000000E+00
   5.3360926E-04   1.2969559E+07   1.2969559E+07   8.4215172E+06   1.0663070E+04   3.1127847E+06   1.2966704E+07   1.2969559E+07   0.0000000E+00   0.0000000E+00   0.0000000E+00   0.0000000E+00   0.0000000E+00
   5.7342068E-04   1.2962521E+07   1.2962521E+07   7.5305246E+06   1.0007982E+04   3.0857985E+06   1.2959245E+07   1.2962521E+07   0.0000000E+00   0.0000000E+00   0.0000000E+00   0.0000000E+00   0.0000000E+00
   6.1620236E-04   1.2954535E+07   1.2954535E+07   6.6235895E+06   9.3163060E+03   3.0608960E+06   1.2950784E+07   1.2954535E+07   0.0000000E+00   0.0000000E+00   0.0000000E+00   0.0000000E+00   0.0000000E+00
   6.6217587E-04   1.2945493E+07   1.2945493E+07   5.7206617E+06   8.5963622E+03   3.0387423E+06   1.2941207E+07   1.2945493E+07   0.0000000E+00   0.0000000E+00   0.0000000E+00   0.0000000E+00   0.0000000E+00
   7.1157938E-04   1.2935276E+07   1.2935276E+07   4.8453382E+06   7.8593158E+03   3.0197051E+06   1.2930390E+07   1.2935276E+07   0.0000000E+00   0.0000000E+00   0.0000000E+00   0.0000000E+00   0.0000000E+00
   7.6466877E-04   1.2923756E+07   1.2923756E+07   4.0236536E+06   7.1191002E+03   3.0036274E+06   1.2918203E+07   1.2923756E+07   0.0000000E+00   0.0000000E+00   0.0000000E+00   0.0000000E+00   0.0000000E+00
   8.2171905E-04   1.2910798E+07   1.2910798E+07   3.2819709E+06   6.3919557E+03   2.9895782E+06   1.2904503E+07   1.2910798E+07   0.0000000E+00   0.0000000E+00   0.0000000E+00   0.0000000E+00   0.0000000E+00
   8.8302572E-04   1.2896252E+07   1.2896252E+07   2.6439066E+06   5.6954678E+03   2.9756366E+06   1.2889141E+07   1.2896252E+07   0.0000000E+00   0.0000000E+00   0.0000000E+00   0.0000000E+00   0.0000000E+00
   9.4890635E-04   1.2879962E+07   1.2879962E+07   2.1264585E+06   5.0470314E+03   2.9588059E+06   1.2871956E+07   1.2879962E+07   0.0000000E+00   0.0000000E+00   0.0000000E+00   0.0000000E+00   0.0000000E+00
   1.0197022E-03   1.2861754E+07   1.2861754E+07   1.7358738E+06   4.4617779E+03   2.9351886E+06   1.2852776E+07   1.2861754E+07   0.0000000E+00   0.0000000E+00   0.0000000E+00   0.0000000E+00   0.0000000E+00
   1.0957800E-03   1.2841444E+07   1.2841444E+07   1.4642751E+06   3.9501823E+03   2.9005604E+06   1.2831417E+07   1.2841444E+07   0.0000000E+00   0.0000000E+00   0.0000000E+00   0.0000000E+00   0.0000000E+00
   1.1775337E-03   1.2818829E+07   1.2818829E+07   1.2885157E+06   3.5158145E+03   2.8514161E+06   1.2807682E+07   1.2818829E+07   0.0000000E+00   0.0000000E+00   0.0000000E+00   0.0000000E+00   0.0000000E+00
   1.2653870E-03   1.2793688E+07   1.2793688E+07   1.1728729E+06   3.1539530E+03   2.7863831E+06   1.2781359E+07   1.2793688E+07   0.0000000E+00   0.0000000E+00   0.0000000E+00   0.0000000E+00   0.0000000E+00
   1.3597947E-03   1.2765785E+07   1.2765785E+07   1.0766078E+06   2.8518993E+03   2.7075864E+06   1.2752220E+07   1.2765785E+07   0.0000000E+00   0.0000000E+00   0.0000000E+00   0.0000000E+00   0.0000000E+00
   1.4612461E-03   1.2734868E+07   1.2734868E+07   9.6570698E+05   2.5916417E+03   2.6211851E+06   1.2720026E+07   1.2734868E+07   0.0000000E+00   0.0000000E+00   0.0000000E+00   0.0000000E+00   0.0000000E+00
   1.5702665E-03   1.2700674E+07   1.2700674E+07   8.2532900E+05   2.3548008E+03   2.5361348E+06   1.2684530E+07   1.2700674E+07   0.0000000E+00   0.0000000E+00   0.0000000E+00   0.0000000E+00   0.0000000E+00
   1.6874206E-03   1.2662934E+07   1.2662934E+07   6.6663937E+05   2.1285675E+03   2.4606790E+06   1.2645478E+07   1.2662934E+07   0.0000000E+00   0.0000000E+00   0.0000000E+00   0.0000000E+00   0.0000000E+00
   1.8133154E-03   1.2621380E+07   1.2621380E+07   5.2126970E+05   1.9100237E+03   2.3974993E+06   1.2602615E+07   1.2621380E+07   0.0000000E+00   0.0000000E+00   0.0000000E+00   0.0000000E+00   0.0000000E+00
   1.9486029E-03   1.2575744E+07   1.2575744E+07   4.2158335E+05   1.7058608E+03   2.3405316E+06   1.2555687E+07   1.2575744E+07   0.0000000E+00   0.0000000E+00   0.0000000E+00   0.0000000E+00   0.0000000E+00
   2.0939840E-03   1.2525756E+07   1.2525756E+07   3.7583095E+05   1.5262795E+03   2.2774839E+06   1.2504430E+07   1.2525756E+07   0.0000000E+00   0.0000000E+00   0.0000000E+00   0.0000000E+00   0.0000000E+00
   2.2502116E-03   1.2471139E+07   1.2471139E+07   3.5782035E+05   1.3759740E+03   2.1992685E+06   1.2448568E+07   1.2471139E+07   0.0000000E+00   0.0000000E+00   0.0000000E+00   0.0000000E+00   0.0000000E+00
   2.4180950E-03   1.2411602E+07   1.2411602E+07   3.2712712E+05   1.2490756E+03   2.1100444E+06   1.2387809E+07   1.2411602E+07   0.0000000E+00   0.0000000E+00   0.0000000E+00   0.0000000E+00   0.0000000E+00
   2.5985038E-03   1.2346843E+07   1.2346843E+07   2.6881331E+05   1.1337800E+03   2.0254828E+06   1.2321843E+07   1.2346843E+07   0.0000000E+00   0.0000000E+00   0.0000000E+00   0.0000000E+00   0.0000000E+00
   2.7923725E-03   1.2276557E+07   1.2276557E+07   2.0964001E+05   1.0234514E+03   1.9548636E+06   1.2250358E+07   1.2276557E+07   0.0000000E+00   0.0000000E+00   0.0000000E+00   0.0000000E+00   0.0000000E+00
   3.0007054E-03   1.2200439E+07   1.2200439E+07   1.8036524E+05   9.2153175E+02   1.8864901E+06   1.2173045E+07   1.2200439E+07   0.0000000E+00   0.0000000E+00   0.0000000E+00   0.0000000E+00   0.0000000E+00
   3.2245815E-03   1.2118179E+07   1.2118179E+07   1.6810658E+05   8.3271610E+02   1.8038762E+06   1.2089593E+07   1.2118179E+07   0.0000000E+00   0.0000000E+00   0.0000000E+00   0.0000000E+00   0.0000000E+00
   3.4651605E-03   1.2029456E+07   1.2029456E+07   1.4035138E+05   7.5321151E+02   1.7155609E+06   1.1999685E+07   1.2029456E+07   0.0000000E+00   0.0000000E+00   0.0000000E+00   0.0000000E+00   0.0000000E+00
   3.7236886E-03   1.1933941E+07   1.1933941E+07   1.0895873E+05   6.7740469E+02   1.6396060E+06   1.1903001E+07   1.1933941E+07   0.0000000E+00   0.0000000E+00   0.0000000E+00   0.0000000E+00   0.0000000E+00
   4.0015049E-03   1.1831312E+07   1.1831312E+07   1.0108510E+05   6.0813102E+02   1.5621155E+06   1.1799225E+07   1.1831312E+07   0.0000000E+00   0.0000000E+00   0.0000000E+00   0.0000000E+00   0.0000000E+00
   4.3000485E-03   1.1721245E+07   1.1721245E+07   9.1458825E+04   5.4753966E+02   1.4702217E+06   1.1688049E+07   1.1721245E+07   0.0000000E+00   0.0000000E+00   0.0000000E+00   0.0000000E+00   0.0000000E+00
   4.6208658E-03   1.1603423E+07   1.1603423E+07   6.9302862E+04   4.9053994E+02   1.3893768E+06   1.1569172E+07   1.1603423E+07   0.0000000E+00   0.0000000E+00   0.0000000E+00   0.0000000E+00   0.0000000E+00
   4.9656185E-03   1.1477542E+07   1.1477542E+07   6.3587468E+04   4.3783747E+02   1.3126458E+06   1.1442312E+07   1.1477542E+07   0.0000000E+00   0.0000000E+00   0.0000000E+00   0.0000000E+00   0.0000000E+00
   5.3360926E-03   1.1343319E+07   1.1343319E+07   5.3197249E+04   3.9116725E+02   1.2282593E+06   1.1307195E+07   1.1343319E+07   0.0000000E+00   0.0000000E+00   0.0000000E+00   0.0000000E+00   0.0000000E+00
   5.7342068E-03   1.1200472E+07   1.1200472E+07   4.4577308E+04   3.4801661E+02   1.1560464E+06   1.1163527E+07   1.1200472E+07   0.0000000E+00   0.0000000E+00   0.0000000E+00   0.0000000E+00   0.0000000E+00
   6.1620236E-03   1.1048725E+07   1.1048725E+07   4.0093713E+04   3.0998296E+02   1.0731530E+06   1.1011019E+07   1.1048725E+07   0.0000000E+00   0.0000000E+00   0.0000000E+00   0.0000000E+00   0.0000000E+00
   6.6217587E-03   1.0887797E+07   1.0887797E+07   3.1616449E+04   2.7444822E+02   1.0019498E+06   1.0849408E+07   1.0887797E+07   0.0000000E+00   0.0000000E+00   0.0000000E+00   0.0000000E+00   0.0000000E+00
   7.1157938E-03   1.0717423E+07   1.0717423E+07   2.8378767E+04   2.4264756E+02   9.2535363E+05   1.0678466E+07   1.0717423E+07   0.0000000E+00   0.0000000E+00   0.0000000E+00   0.0000000E+00   0.0000000E+00
   7.6466877E-03   1.0537366E+07   1.0537366E+07   2.4183430E+04   2.1381151E+02   8.5903818E+05   1.0497958E+07   1.0537366E+07   0.0000000E+00   0.0000000E+00   0.0000000E+00   0.0000000E+00   0.0000000E+00
   8.2171905E-03   1.0347400E+07   1.0347400E+07   1.9049808E+04   1.8823737E+02   7.8917045E+05   1.0307639E+07   1.0347400E+07   0.0000000E+00   0.0000000E+00   0.0000000E+00   0.0000000E+00   0.0000000E+00
   8.8302572E-03   1.0147301E+07   1.0147301E+07   1.7835367E+04   1.6501767E+02   7.2404495E+05   1.0107295E+07   1.0147301E+07   0.0000000E+00   0.0000000E+00   0.0000000E+00   0.0000000E+00   0.0000000E+00
   9.4890635E-03   9.9368532E+06   9.9368532E+06   1.4751445E+04   1.4420099E+02   6.6427829E+05   9.8967257E+06   9.9368532E+06   0.0000000E+00   0.0000000E+00   0.0000000E+00   0.0000000E+00   0.0000000E+00
   1.0197022E-02   9.7158667E+06   9.7158667E+06   1.1671323E+04   1.2571129E+02   6.0563587E+05   9.6757385E+06   9.7158667E+06   0.0000000E+00   0.0000000E+00   0.0000000E+00   0.0000000E+00   0.0000000E+00
   1.0957800E-02   9.4841656E+06   9.4841656E+06   9.8078428E+03   1.0927920E+02   5.4871888E+05   9.4441555E+06   9.4841656E+06   0.0000000E+00   0.0000000E+00   0.0000000E+00   0.0000000E+00   0.0000000E+00
   1.1775337E-02   9.2415930E+06   9.2415930E+06   8.4052315E+03   9.4627376E+01   4.9629140E+05   9.2018301E+06   9.2415930E+06   0.0000000E+00   0.0000000E+00   0.0000000E+00   0.0000000E+00   0.0000000E+00
   1.2653870E-02   8.9880339E+06   8.9880339E+06   7.1362535E+03   8.1709091E+01   4.4732809E+05   8.9486456E+06   8.9880339E+06   0.0000000E+00   0.0000000E+00   0.0000000E+00   0.0000000E+00   0.0000000E+00
   1.3597947E-02   8.7234113E+06   8.7234113E+06   5.9377178E+03   7.0267808E+01   4.0180814E+05   8.6845180E+06   8.7234113E+06   0.0000000E+00   0.0000000E+00   0.0000000E+00   0.0000000E+00   0.0000000E+00
   1.4612461E-02   8.4477138E+06   8.4477138E+06   4.8665288E+03   6.0231579E+01   3.5995921E+05   8.4094469E+06   8.4477138E+06   0.0000000E+00   0.0000000E+00   0.0000000E+00   0.0000000E+00   0.0000000E+00
   1.5702665E-02   8.1610211E+06   8.1610211E+06   4.2039619E+03   5.1420050E+01   3.2120496E+05   8.1235013E+06   8.1610211E+06   0.0000000E+00   0.0000000E+00   0.0000000E+00   0.0000000E+00   0.0000000E+00
   1.6874206E-02   7.8635343E+06   7.8635343E+06   3.7170380E+03   4.3746185E+01   2.8453378E+05   7.8268845E+06   7.8635343E+06   0.0000000E+00   0.0000000E+00   0.0000000E+00   0.0000000E+00   0.0000000E+00
   1.8133154E-02   7.5556210E+06   7.5556210E+06   2.8649696E+03   3.7060962E+01   2.5107463E+05   7.5199572E+06   7.5556210E+06   0.0000000E+00   0.0000000E+00   0.0000000E+00   0.0000000E+00   0.0000000E+00
   1.9486029E-02   7.2378688E+06   7.2378688E+06   2.5277916E+03   3.1266894E+01   2.2124526E+05   7.2033045E+06   7.2378688E+06   0.0000000E+00   0.0000000E+00   0.0000000E+00   0.0000000E+00   0.0000000E+00
   2.0939838E-02   6.9111479E+06   6.9111479E+06   1.9483225E+03   2.6261491E+01   1.9362524E+05   6.8777877E+06   6.9111479E+06   0.0000000E+00   0.0000000E+00   0.0000000E+00   0.0000000E+00   0.0000000E+00
   2.2502106E-02   6.5766844E+06   6.5766844E+06   1.6567135E+03   2.1960821E+01   1.6842158E+05   6.5446237E+06   6.5766844E+06   0.0000000E+00   0.0000000E+00   0.0000000E+00   0.0000000E+00   0.0000000E+00
   2.4180897E-02   6.2361396E+06   6.2361396E+06   1.3985738E+03   1.8280136E+01   1.4616081E+05   6.2054624E+06   6.2361396E+06   0.0000000E+00   0.0000000E+00   0.0000000E+00   0.0000000E+00   0.0000000E+00
   2.5984785E-02   5.8916936E+06   5.8916936E+06   1.1432567E+03   1.5146077E+01   1.2625255E+05   5.8624701E+06   5.8916936E+06   0.0000000E+00   0.0000000E+00   0.0000000E+00   0.0000000E+00   0.0000000E+00
   2.7922663E-02   5.5461379E+06   5.5461379E+06   9.0246672E+02   1.2492040E+01   1.0854691E+05   5.5184196E+06   5.5461379E+06   0.0000000E+00   0.0000000E+00   0.0000000E+00   0.0000000E+00   0.0000000E+00
   3.0003139E-02   5.2029798E+06   5.2029798E+06   7.1722536E+02   1.0258616E+01   9.3236937E+04   5.1767968E+06   5.2029798E+06   0.0000000E+00   0.0000000E+00   0.0000000E+00   0.0000000E+00   0.0000000E+00
   3.2233045E-02   4.8665585E+06   4.8665585E+06   6.1908801E+02   8.3962019E+00   7.9496528E+04   4.8419149E+06   4.8665585E+06   0.0000000E+00   0.0000000E+00   0.0000000E+00   0.0000000E+00   0.0000000E+00
   3.4614511E-02   4.5421206E+06   4.5421206E+06   4.7871057E+02   6.8555060E+00   6.7946693E+04   4.5189894E+06   4.5421206E+06   0.0000000E+00   0.0000000E+00   0.0000000E+00   0.0000000E+00   0.0000000E+00
   3.7140488E-02   4.2356875E+06   4.2356875E+06   3.7554914E+02   5.5974453E+00   5.7845140E+04   4.2140071E+06   4.2356875E+06   0.0000000E+00   0.0000000E+00   0.0000000E+00   0.0000000E+00   0.0000000E+00
   3.9790271E-02   3.9534357E+06   3.9534357E+06   3.0634278E+02   4.5833706E+00   4.9442344E+04   3.9331087E+06   3.9534357E+06   0.0000000E+00   0.0000000E+00   0.0000000E+00   0.0000000E+00   0.0000000E+00
   4.2528858E-02   3.7004376E+06   3.7004376E+06   2.5006649E+02   3.7777870E+00   4.2578040E+04   3.6813360E+06   3.7004376E+06   0.0000000E+00   0.0000000E+00   0.0000000E+00   0.0000000E+00   0.0000000E+00
   4.5313662E-02   3.4791840E+06   3.4791840E+06   2.0627667E+02   3.1443101E+00   3.7026362E+04   3.4611628E+06   3.4791840E+06   0.0000000E+00   0.0000000E+00   0.0000000E+00   0.0000000E+00   0.0000000E+00
   4.8106303E-02   3.2888550E+06   3.2888550E+06   1.7426734E+02   2.6478542E+00   3.2546108E+04   3.2717691E+06   3.2888550E+06   0.0000000E+00   0.0000000E+00   0.0000000E+00   0.0000000E+00   0.0000000E+00
   5.0881700E-02   3.1258730E+06   3.1258730E+06   1.5018122E+02   2.2571017E+00   2.8908364E+04   3.1095924E+06   3.1258730E+06   0.0000000E+00   0.0000000E+00   0.0000000E+00   0.0000000E+00   0.0000000E+00
   5.3629675E-02   2.9852161E+06   2.9852161E+06   1.3086429E+02   1.9457679E+00   2.5920134E+04   2.9696339E+06   2.9852161E+06   0.0000000E+00   0.0000000E+00   0.0000000E+00   0.0000000E+00   0.0000000E+00
   5.6351204E-02   2.8616218E+06   2.8616218E+06   1.1478284E+02   1.6933874E+00   2.3427153E+04   2.8466559E+06   2.8616218E+06   0.0000000E+00   0.0000000E+00   0.0000000E+00   0.0000000E+00   0.0000000E+00
   5.9053607E-02   2.7502938E+06   2.7502938E+06   1.0109296E+02   1.4850283E+00   2.1313118E+04   2.7358859E+06   2.7502938E+06   0.0000000E+00   0.0000000E+00   0.0000000E+00   0.0000000E+00   0.0000000E+00
   6.1746960E-02   2.6471895E+06   2.6471895E+06   8.9244695E+01   1.3098623E+00   1.9490325E+04   2.6333010E+06   2.6471895E+06   0.0000000E+00   0.0000000E+00   0.0000000E+00   0.0000000E+00   0.0000000E+00
   6.4442020E-02   2.5490785E+06   2.5490785E+06   7.8890752E+01   1.1601115E+00   1.7886427E+04   2.5356868E+06   2.5490785E+06   0.0000000E+00   0.0000000E+00   0.0000000E+00   0.0000000E+00   0.0000000E+00
   6.7149218E-02   2.4535137E+06   2.4535137E+06   6.9919391E+01   1.0302261E+00   1.6448268E+04   2.4406084E+06   2.4535137E+06   0.0000000E+00   0.0000000E+00   0.0000000E+00   0.0000000E+00   0.0000000E+00
   6.9878270E-02   2.3587786E+06   2.3587786E+06   6.2290661E+01   9.1618413E-01   1.5142247E+04   2.3463580E+06   2.3587786E+06   0.0000000E+00   0.0000000E+00   0.0000000E+00   0.0000000E+00   0.0000000E+00
   7.2638083E-02   2.2638344E+06   2.2638344E+06   5.5891773E+01   8.1519027E-01   1.3941020E+04   2.2519019E+06   2.2638344E+06   0.0000000E+00   0.0000000E+00   0.0000000E+00   0.0000000E+00   0.0000000E+00
   7.5436807E-02   2.1682668E+06   2.1682668E+06   5.0338314E+01   7.2525158E-01   1.2821189E+04   2.1568274E+06   2.1682668E+06   0.0000000E+00   0.0000000E+00   0.0000000E+00   0.0000000E+00   0.0000000E+00
   7.8281934E-02   2.0722267E+06   2.0722267E+06   4.4674260E+01   6.4485536E-01   1.1772355E+04   2.0612847E+06   2.0722267E+06   0.0000000E+00   0.0000000E+00   0.0000000E+00   0.0000000E+00   0.0000000E+00
   8.1180412E-02   1.9763571E+06   1.9763571E+06   3.8008764E+01   5.7293898E-01   1.0810799E+04   1.9659132E+06   1.9763571E+06   0.0000000E+00   0.0000000E+00   0.0000000E+00   0.0000000E+00   0.0000000E+00
   8.4138746E-02   1.8816980E+06   1.8816980E+06   3.2429768E+01   5.0873562E-01   9.9632066E+03   1.8717471E+06   1.8816980E+06   0.0000000E+00   0.0000000E+00   0.0000000E+00   0.0000000E+00   0.0000000E+00
   8.7163094E-02   1.7895659E+06   1.7895659E+06   3.0688242E+01   4.5161669E-01   9.1696465E+03   1.7800958E+06   1.7895659E+06   0.0000000E+00   0.0000000E+00   0.0000000E+00   0.0000000E+00   0.0000000E+00
   9.0259346E-02   1.7014077E+06   1.7014077E+06   2.6197681E+01   4.0108502E-01   8.4090215E+03   1.6923984E+06   1.7014077E+06   0.0000000E+00   0.0000000E+00   0.0000000E+00   0.0000000E+00   0.0000000E+00
   9.3433185E-02   1.6186340E+06   1.6186340E+06   2.4003537E+01   3.5660362E-01   7.7757533E+03   1.6100579E+06   1.6186340E+06   0.0000000E+00   0.0000000E+00   0.0000000E+00   0.0000000E+00   0.0000000E+00
   9.6690149E-02   1.5424415E+06   1.5424415E+06   2.0312613E+01   3.1770062E-01   7.1771093E+03   1.5342646E+06   1.5424415E+06   0.0000000E+00   0.0000000E+00   0.0000000E+00   0.0000000E+00   0.0000000E+00
   1.0003567E-01   1.4736421E+06   1.4736421E+06   1.8751469E+01   2.8384085E-01   6.6448576E+03   1.4658259E+06   1.4736421E+06   0.0000000E+00   0.0000000E+00   0.0000000E+00   0.0000000E+00   0.0000000E+00
   1.0347510E-01   1.4125177E+06   1.4125177E+06   1.7324788E+01   2.5444683E-01   6.1979627E+03   1.4050221E+06   1.4125177E+06   0.0000000E+00   0.0000000E+00   0.0000000E+00   0.0000000E+00   0.0000000E+00
   1.0701378E-01   1.3587257E+06   1.3587257E+06   1.5592419E+01   2.2891854E-01   5.8058926E+03   1.3515122E+06   1.3587257E+06   0.0000000E+00   0.0000000E+00   0.0000000E+00   0.0000000E+00   0.0000000E+00
   1.1065701E-01   1.3112789E+06   1.3112789E+06   1.4081180E+01   2.0665177E-01   5.4539372E+03   1.3043143E+06   1.3112789E+06   0.0000000E+00   0.0000000E+00   0.0000000E+00   0.0000000E+00   0.0000000E+00
   1.1441010E-01   1.2686165E+06   1.2686165E+06   1.2619043E+01   1.8702841E-01   5.1344304E+03   1.2618758E+06   1.2686165E+06   0.0000000E+00   0.0000000E+00   0.0000000E+00   0.0000000E+00   0.0000000E+00
   1.1827837E-01   1.2287757E+06   1.2287757E+06   1.0862660E+01   1.6948948E-01   4.8518490E+03   1.2222441E+06   1.2287757E+06   0.0000000E+00   0.0000000E+00   0.0000000E+00   0.0000000E+00   0.0000000E+00
   1.2226720E-01   1.1896528E+06   1.1896528E+06   1.0201231E+01   1.5356383E-01   4.5974814E+03   1.1833270E+06   1.1896528E+06   0.0000000E+00   0.0000000E+00   0.0000000E+00   0.0000000E+00   0.0000000E+00
   1.2638199E-01   1.1493280E+06   1.1493280E+06   8.9480589E+00   1.3888382E-01   4.3281739E+03   1.1432146E+06   1.1493280E+06   0.0000000E+00   0.0000000E+00   0.0000000E+00   0.0000000E+00   0.0000000E+00
   1.3062819E-01   1.1064008E+06   1.1064008E+06   8.4152019E+00   1.2520011E-01   4.0753338E+03   1.1005138E+06   1.1064008E+06   0.0000000E+00   0.0000000E+00   0.0000000E+00   0.0000000E+00   0.0000000E+00
   1.3501130E-01   1.0602727E+06   1.0602727E+06   7.5675506E+00   1.1239250E-01   3.8253708E+03   1.0546294E+06   1.0602727E+06   0.0000000E+00   0.0000000E+00   0.0000000E+00   0.0000000E+00   0.0000000E+00
   1.3953691E-01   1.0113040E+06   1.0113040E+06   6.7677959E+00   1.0045208E-01   3.5727096E+03   1.0059199E+06   1.0113040E+06   0.0000000E+00   0.0000000E+00   0.0000000E+00   0.0000000E+00   0.0000000E+00
   1.4421063E-01   9.6078432E+05   9.6078432E+05   5.9181706E+00   8.9444889E-02   3.3233685E+03   9.5566776E+05   9.6078432E+05   0.0000000E+00   0.0000000E+00   0.0000000E+00   0.0000000E+00   0.0000000E+00
   1.4903819E-01   9.1068756E+05   9.1068756E+05   5.0572591E+00   7.9465053E-02   3.0947097E+03   9.0583656E+05   9.1068756E+05   0.0000000E+00   0.0000000E+00   0.0000000E+00   0.0000000E+00   0.0000000E+00
   1.5402537E-01   8.6323344E+05   8.6323344E+05   4.7339934E+00   7.0594376E-02   2.8779410E+03   8.5863412E+05   8.6323344E+05   0.0000000E+00   0.0000000E+00   0.0000000E+00   0.0000000E+00   0.0000000E+00
   1.5917804E-01   8.2033623E+05   8.2033623E+05   4.0990938E+00   6.2856729E-02   2.6908287E+03   8.1596450E+05   8.2033623E+05   0.0000000E+00   0.0000000E+00   0.0000000E+00   0.0000000E+00   0.0000000E+00
   1.6450216E-01   7.8307686E+05   7.8307686E+05   3.6112769E+00   5.6201152E-02   2.5243133E+03   7.7890280E+05   7.8307686E+05   0.0000000E+00   0.0000000E+00   0.0000000E+00   0.0000000E+00   0.0000000E+00
   1.7000379E-01   7.5135891E+05   7.5135891E+05   3.3073003E+00   5.0489396E-02   2.3830865E+03   7.4735312E+05   7.5135891E+05   0.0000000E+00   0.0000000E+00   0.0000000E+00   0.0000000E+00   0.0000000E+00
   1.7568909E-01   7.2388698E+05   7.2388698E+05   3.0180400E+00   4.5535640E-02   2.2563995E+03   7.2002693E+05   7.2388698E+05   0.0000000E+00   0.0000000E+00   0.0000000E+00   0.0000000E+00   0.0000000E+00
   1.8156439E-01   6.9852510E+05   6.9852510E+05   2.6451629E+00   4.1130113E-02   2.1477768E+03   6.9479963E+05   6.9852510E+05   0.0000000E+00   0.0000000E+00   0.0000000E+00   0.0000000E+00   0.0000000E+00
   1.8763610E-01   6.7296769E+05   6.7296769E+05   2.3977618E+00   3.7097329E-02   2.0367842E+03   6.6937793E+05   6.7296769E+05   0.0000000E+00   0.0000000E+00   0.0000000E+00   0.0000000E+00   0.0000000E+00
   1.9391085E-01   6.4552143E+05   6.4552143E+05   2.1696827E+00   3.3323692E-02   1.9269804E+03   6.4207753E+05   6.4552143E+05   0.0000000E+00   0.0000000E+00   0.0000000E+00   0.0000000E+00   0.0000000E+00
   2.0039544E-01   6.1571086E+05   6.1571086E+05   1.9082689E+00   2.9774963E-02   1.8150842E+03   6.1242552E+05   6.1571086E+05   0.0000000E+00   0.0000000E+00   0.0000000E+00   0.0000000E+00   0.0000000E+00
   2.0709688E-01   5.8443961E+05   5.8443961E+05   1.7515636E+00   2.6481565E-02   1.7024419E+03   5.8132069E+05   5.8443961E+05   0.0000000E+00   0.0000000E+00   0.0000000E+00   0.0000000E+00   0.0000000E+00
   2.1402245E-01   5.5358666E+05   5.5358666E+05   1.5176345E+00   2.3503423E-02   1.5936162E+03   5.5063200E+05   5.5358666E+05   0.0000000E+00   0.0000000E+00   0.0000000E+00   0.0000000E+00   0.0000000E+00
   2.2117972E-01   5.2515955E+05   5.2515955E+05   1.3407850E+00   2.0887812E-02   1.4943442E+03   5.2235627E+05   5.2515955E+05   0.0000000E+00   0.0000000E+00   0.0000000E+00   0.0000000E+00   0.0000000E+00
   2.2857662E-01   5.0036264E+05   5.0036264E+05   1.2130751E+00   1.8637900E-02   1.4089266E+03   4.9769142E+05   5.0036264E+05   0.0000000E+00   0.0000000E+00   0.0000000E+00   0.0000000E+00   0.0000000E+00
   2.3622147E-01   4.7903726E+05   4.7903726E+05   1.0926164E+00   1.6705781E-02   1.3336108E+03   4.7647961E+05   4.7903726E+05   0.0000000E+00   0.0000000E+00   0.0000000E+00   0.0000000E+00   0.0000000E+00
   2.4412304E-01   4.5979506E+05   4.5979506E+05   9.8960270E-01   1.5010244E-02   1.2682638E+03   4.5733988E+05   4.5979506E+05   0.0000000E+00   0.0000000E+00   0.0000000E+00   0.0000000E+00   0.0000000E+00
   2.5229068E-01   4.4081606E+05   4.4081606E+05   8.8489341E-01   1.3472532E-02   1.2043605E+03   4.3846200E+05   4.4081606E+05   0.0000000E+00   0.0000000E+00   0.0000000E+00   0.0000000E+00   0.0000000E+00
   2.6073432E-01   4.2088469E+05   4.2088469E+05   7.7655627E-01   1.2045656E-02   1.1398404E+03   4.1863686E+05   4.2088469E+05   0.0000000E+00   0.0000000E+00   0.0000000E+00   0.0000000E+00   0.0000000E+00
   2.6946464E-01   4.0004183E+05   4.0004183E+05   7.0365737E-01   1.0723478E-02   1.0743256E+03   3.9790513E+05   4.0004183E+05   0.0000000E+00   0.0000000E+00   0.0000000E+00   0.0000000E+00   0.0000000E+00
   2.7849313E-01   3.7942199E+05   3.7942199E+05   6.2434698E-01   9.5259714E-03   1.0108552E+03   3.7739526E+05   3.7942199E+05   0.0000000E+00   0.0000000E+00   0.0000000E+00   0.0000000E+00   0.0000000E+00
   2.8783225E-01   3.6036867E+05   3.6036867E+05   5.4736207E-01   8.4725328E-03   9.5306321E+02   3.5844358E+05   3.6036867E+05   0.0000000E+00   0.0000000E+00   0.0000000E+00   0.0000000E+00   0.0000000E+00
   2.9749556E-01   3.4345053E+05   3.4345053E+05   4.9179056E-01   7.5587047E-03   9.0164507E+02   3.4161568E+05   3.4345053E+05   0.0000000E+00   0.0000000E+00   0.0000000E+00   0.0000000E+00   0.0000000E+00
   3.0749790E-01   3.2811564E+05   3.2811564E+05   4.3861903E-01   6.7585685E-03   8.5555030E+02   3.2636260E+05   3.2811564E+05   0.0000000E+00   0.0000000E+00   0.0000000E+00   0.0000000E+00   0.0000000E+00
   3.1785557E-01   3.1324789E+05   3.1324789E+05   3.9354922E-01   6.0384499E-03   8.1178809E+02   3.1157417E+05   3.1324789E+05   0.0000000E+00   0.0000000E+00   0.0000000E+00   0.0000000E+00   0.0000000E+00
   3.2858658E-01   2.9813997E+05   2.9813997E+05   3.4999073E-01   5.3787750E-03   7.6790397E+02   2.9654688E+05   2.9813997E+05   0.0000000E+00   0.0000000E+00   0.0000000E+00   0.0000000E+00   0.0000000E+00
   3.3971093E-01   2.8301474E+05   2.8301474E+05   3.1195669E-01   4.7780594E-03   7.2463659E+02   2.8150239E+05   2.8301474E+05   0.0000000E+00   0.0000000E+00   0.0000000E+00   0.0000000E+00   0.0000000E+00
   3.5125092E-01   2.6863552E+05   2.6863552E+05   2.7657467E-01   4.2429763E-03   6.8400983E+02   2.6719992E+05   2.6863552E+05   0.0000000E+00   0.0000000E+00   0.0000000E+00   0.0000000E+00   0.0000000E+00
   3.6323153E-01   2.5544158E+05   2.5544158E+05   2.4545498E-01   3.7730752E-03   6.4713372E+02   2.5407643E+05   2.5544158E+05   0.0000000E+00   0.0000000E+00   0.0000000E+00   0.0000000E+00   0.0000000E+00
   3.7568092E-01   2.4313409E+05   2.4313409E+05   2.1889400E-01   3.3570713E-03   6.1301437E+02   2.4183466E+05   2.4313409E+05   0.0000000E+00   0.0000000E+00   0.0000000E+00   0.0000000E+00   0.0000000E+00
   3.8863098E-01   2.3112328E+05   2.3112328E+05   1.9350335E-01   2.9822637E-03   5.7982677E+02   2.2988798E+05   2.3112328E+05   0.0000000E+00   0.0000000E+00   0.0000000E+00   0.0000000E+00   0.0000000E+00
   4.0211798E-01   2.1923621E+05   2.1923621E+05   1.7150434E-01   2.6426756E-03   5.4758985E+02   2.1806439E+05   2.1923621E+05   0.0000000E+00   0.0000000E+00   0.0000000E+00   0.0000000E+00   0.0000000E+00
   4.1618350E-01   2.0779472E+05   2.0779472E+05   1.5222954E-01   2.3385987E-03   5.1695341E+02   2.0668401E+05   2.0779472E+05   0.0000000E+00   0.0000000E+00   0.0000000E+00   0.0000000E+00   0.0000000E+00
   4.3087542E-01   1.9704471E+05   1.9704471E+05   1.3440730E-01   2.0690258E-03   4.8823699E+02   1.9599142E+05   1.9704471E+05   0.0000000E+00   0.0000000E+00   0.0000000E+00   0.0000000E+00   0.0000000E+00
   4.4624928E-01   1.8680859E+05   1.8680859E+05   1.1870230E-01   1.8288566E-03   4.6104134E+02   1.8580998E+05   1.8680859E+05   0.0000000E+00   0.0000000E+00   0.0000000E+00   0.0000000E+00   0.0000000E+00
   4.6236991E-01   1.7682721E+05   1.7682721E+05   1.0477382E-01   1.6126586E-03   4.3486072E+02   1.7588193E+05   1.7682721E+05   0.0000000E+00   0.0000000E+00   0.0000000E+00   0.0000000E+00   0.0000000E+00
   4.7931353E-01   1.6714319E+05   1.6714319E+05   9.2189938E-02   1.4185272E-03   4.0964614E+02   1.6624965E+05   1.6714319E+05   0.0000000E+00   0.0000000E+00   0.0000000E+00   0.0000000E+00   0.0000000E+00
   4.9717045E-01   1.5789343E+05   1.5789343E+05   8.0931641E-02   1.2455912E-03   3.8571613E+02   1.5704931E+05   1.5789343E+05   0.0000000E+00   0.0000000E+00   0.0000000E+00   0.0000000E+00   0.0000000E+00
   5.1604850E-01   1.4899935E+05   1.4899935E+05   7.0874567E-02   1.0910005E-03   3.6289185E+02   1.4820276E+05   1.4899935E+05   0.0000000E+00   0.0000000E+00   0.0000000E+00   0.0000000E+00   0.0000000E+00
   5.3607744E-01   1.4034774E+05   1.4034774E+05   6.1867012E-02   9.5236173E-04   3.4079135E+02   1.3959739E+05   1.4034774E+05   0.0000000E+00   0.0000000E+00   0.0000000E+00   0.0000000E+00   0.0000000E+00
   5.5741469E-01   1.3197664E+05   1.3197664E+05   5.3793253E-02   8.2836021E-04   3.1955762E+02   1.3127102E+05   1.3197664E+05   0.0000000E+00   0.0000000E+00   0.0000000E+00   0.0000000E+00   0.0000000E+00
   5.8025268E-01   1.2388290E+05   1.2388290E+05   4.6597891E-02   7.1757020E-04   2.9917977E+02   1.2322053E+05   1.2388290E+05   0.0000000E+00   0.0000000E+00   0.0000000E+00   0.0000000E+00   0.0000000E+00
   6.0482817E-01   1.1599855E+05   1.1599855E+05   4.0146409E-02   6.1845698E-04   2.7942343E+02   1.1537832E+05   1.1599855E+05   0.0000000E+00   0.0000000E+00   0.0000000E+00   0.0000000E+00   0.0000000E+00
   6.3143399E-01   1.0832336E+05   1.0832336E+05   3.4403941E-02   5.2992307E-04   2.6027160E+02   1.0774416E+05   1.0832336E+05   0.0000000E+00   0.0000000E+00   0.0000000E+00   0.0000000E+00   0.0000000E+00
   6.6043288E-01   1.0083568E+05   1.0083568E+05   2.9272596E-02   4.5091927E-04   2.4171861E+02   1.0029650E+05   1.0083568E+05   0.0000000E+00   0.0000000E+00   0.0000000E+00   0.0000000E+00   0.0000000E+00
   6.9227258E-01   9.3510714E+04   9.3510714E+04   2.4704712E-02   3.8061621E-04   2.2363411E+02   9.3010698E+04   9.3510714E+04   0.0000000E+00   0.0000000E+00   0.0000000E+00   0.0000000E+00   0.0000000E+00
   7.2749882E-01   8.6341761E+04   8.6341761E+04   2.0655293E-02   3.1823122E-04   2.0604341E+02   8.5880070E+04   8.6341761E+04   0.0000000E+00   0.0000000E+00   0.0000000E+00   0.0000000E+00   0.0000000E+00
   7.6675893E-01   7.9322684E+04   7.9322684E+04   1.7082232E-02   2.6319731E-04   1.8889442E+02   7.8898517E+04   7.9322684E+04   0.0000000E+00   0.0000000E+00   0.0000000E+00   0.0000000E+00   0.0000000E+00
   8.1078279E-01   7.2465902E+04   7.2465902E+04   1.3956667E-02   2.1505686E-04   1.7221383E+02   7.2078394E+04   7.2465902E+04   0.0000000E+00   0.0000000E+00   0.0000000E+00   0.0000000E+00   0.0000000E+00
   8.6032404E-01   6.5803742E+04   6.5803742E+04   1.1255704E-02   1.7344758E-04   1.5608373E+02   6.5451854E+04   6.5803742E+04   0.0000000E+00   0.0000000E+00   0.0000000E+00   0.0000000E+00   0.0000000E+00
   9.1605366E-01   5.9393279E+04   5.9393279E+04   8.9604883E-03   1.3808777E-04   1.4062279E+02   5.9075665E+04   5.9393279E+04   0.0000000E+00   0.0000000E+00   0.0000000E+00   0.0000000E+00   0.0000000E+00
   9.7843428E-01   5.3311665E+04   5.3311665E+04   7.0503039E-03   1.0865229E-04   1.2600768E+02   5.3026569E+04   5.3311665E+04   0.0000000E+00   0.0000000E+00   0.0000000E+00   0.0000000E+00   0.0000000E+00
   1.0476532E+00   4.7636922E+04   4.7636922E+04   5.4993614E-03   8.4685203E-05   1.1242313E+02   4.7382170E+04   4.7636922E+04   0.0000000E+00   0.0000000E+00   0.0000000E+00   0.0000000E+00   0.0000000E+00
   1.1236851E+00   4.2425698E+04   4.2425698E+04   4.2541307E-03   6.5562565E-05   9.9990300E+01   4.2198812E+04   4.2425698E+04   0.0000000E+00   0.0000000E+00   0.0000000E+00   0.0000000E+00   0.0000000E+00
   1.2064563E+00   3.7702609E+04   3.7702609E+04   3.2792641E-03   5.0546400E-05   8.8746024E+01   3.7500979E+04   3.7702609E+04   0.0000000E+00   0.0000000E+00   0.0000000E+00   0.0000000E+00   0.0000000E+00
   1.2959969E+00   3.3460864E+04   3.3460864E+04   2.5219573E-03   3.8877079E-05   7.8677501E+01   3.3281917E+04   3.3460864E+04   0.0000000E+00   0.0000000E+00   0.0000000E+00   0.0000000E+00   0.0000000E+00
   1.3925047E+00   2.9670711E+04   2.9670711E+04   1.9370011E-03   2.9861987E-05   6.9699858E+01   2.9512032E+04   2.9670711E+04   0.0000000E+00   0.0000000E+00   0.0000000E+00   0.0000000E+00   0.0000000E+00
   1.4963333E+00   2.6293943E+04   2.6293943E+04   1.4865630E-03   2.2919570E-05   6.1719264E+01   2.6153322E+04   2.6293943E+04   0.0000000E+00   0.0000000E+00   0.0000000E+00   0.0000000E+00   0.0000000E+00
   1.6079525E+00   2.3290107E+04   2.3290107E+04   1.1402241E-03   1.7581440E-05   5.4628692E+01   2.3165549E+04   2.3290107E+04   0.0000000E+00   0.0000000E+00   0.0000000E+00   0.0000000E+00   0.0000000E+00
   1.7279134E+00   2.0620164E+04   2.0620164E+04   8.7361834E-04   1.3480346E-05   4.8337366E+01   2.0509885E+04   2.0620164E+04   0.0000000E+00   0.0000000E+00   0.0000000E+00   0.0000000E+00   0.0000000E+00
   1.8568281E+00   1.8248758E+04   1.8248758E+04   6.6999910E-04   1.0331857E-05   4.2755377E+01   1.8151161E+04   1.8248758E+04   0.0000000E+00   0.0000000E+00   0.0000000E+00   0.0000000E+00   0.0000000E+00
   1.9953618E+00   1.6143517E+04   1.6143517E+04   5.1320683E-04   7.9154804E-06   3.7805928E+01   1.6057178E+04   1.6143517E+04   0.0000000E+00   0.0000000E+00   0.0000000E+00   0.0000000E+00   0.0000000E+00
   2.1442314E+00   1.4275599E+04   1.4275599E+04   3.9309531E-04   6.0619390E-06   3.3417430E+01   1.4199251E+04   1.4275599E+04   0.0000000E+00   0.0000000E+00   0.0000000E+00   0.0000000E+00   0.0000000E+00
   2.3042079E+00   1.2619057E+04   1.2619057E+04   3.0087530E-04   4.6407070E-06   2.9530018E+01   1.2551568E+04   1.2619057E+04   0.0000000E+00   0.0000000E+00   0.0000000E+00   0.0000000E+00   0.0000000E+00
   2.4761198E+00   1.1150642E+04   1.1150642E+04   2.3021817E-04   3.5514308E-06   2.6086255E+01   1.1091006E+04   1.1150642E+04   0.0000000E+00   0.0000000E+00   0.0000000E+00   0.0000000E+00   0.0000000E+00
   2.6608577E+00   9.8496079E+03   9.8496079E+03   1.7609506E-04   2.7169240E-06   2.3036455E+01   9.7969300E+03   9.8496079E+03   0.0000000E+00   0.0000000E+00   0.0000000E+00   0.0000000E+00   0.0000000E+00
   2.8593786E+00   8.6973811E+03   8.6973811E+03   1.3464979E-04   2.0778392E-06   2.0336845E+01   8.6508655E+03   8.6973811E+03   0.0000000E+00   0.0000000E+00   0.0000000E+00   0.0000000E+00   0.0000000E+00
   3.0727106E+00   7.6773758E+03   7.6773758E+03   1.0302602E-04   1.5885911E-06   1.7947959E+01   7.6363153E+03   7.6773758E+03   0.0000000E+00   0.0000000E+00   0.0000000E+00   0.0000000E+00   0.0000000E+00
   3.3019589E+00   6.7747944E+03   6.7747944E+03   7.8658053E-05   1.2141749E-06   1.5835421E+01   6.7385611E+03   6.7747944E+03   0.0000000E+00   0.0000000E+00   0.0000000E+00   0.0000000E+00   0.0000000E+00
   3.5483108E+00   5.9764401E+03   5.9764401E+03   6.0061403E-05   9.2774085E-07   1.3966980E+01   5.9444766E+03   5.9764401E+03   0.0000000E+00   0.0000000E+00   0.0000000E+00   0.0000000E+00   0.0000000E+00
   3.8130426E+00   5.2705518E+03   5.2705518E+03   4.5888097E-05   7.0868151E-07   1.2315941E+01   5.2423635E+03   5.2705518E+03   0.0000000E+00   0.0000000E+00   0.0000000E+00   0.0000000E+00   0.0000000E+00
   4.0975254E+00   4.6466549E+03   4.6466549E+03   3.5056421E-05   5.4121051E-07   1.0856769E+01   4.6218033E+03   4.6466549E+03   0.0000000E+00   0.0000000E+00   0.0000000E+00   0.0000000E+00   0.0000000E+00
   4.4032329E+00   4.0954270E+03   4.0954270E+03   2.6739000E-05   4.1321121E-07   9.5679901E+00   4.0735236E+03   4.0954270E+03   0.0000000E+00   0.0000000E+00   0.0000000E+00   0.0000000E+00   0.0000000E+00
   4.7317485E+00   3.6085764E+03   3.6085764E+03   2.0401503E-05   3.1541274E-07   8.4298401E+00   3.5892767E+03   3.6085764E+03   0.0000000E+00   0.0000000E+00   0.0000000E+00   0.0000000E+00   0.0000000E+00
   5.0847740E+00   3.1787318E+03   3.1787318E+03   1.5562349E-05   2.4071107E-07   7.4251728E+00   3.1617311E+03   3.1787318E+03   0.0000000E+00   0.0000000E+00   0.0000000E+00   0.0000000E+00   0.0000000E+00
   5.4641380E+00   2.7993447E+03   2.7993447E+03   1.1867934E-05   1.8366608E-07   6.5384634E+00   2.7843730E+03   2.7993447E+03   0.0000000E+00   0.0000000E+00   0.0000000E+00   0.0000000E+00   0.0000000E+00
   5.8718054E+00   2.4646002E+03   2.4646002E+03   9.0487406E-06   1.4011471E-07   5.7562410E+00   2.4514189E+03   2.4646002E+03   0.0000000E+00   0.0000000E+00   0.0000000E+00   0.0000000E+00   0.0000000E+00
   6.3098881E+00   2.1693378E+03   2.1693378E+03   6.8977283E-06   1.0687358E-07   5.0663963E+00   2.1577355E+03   2.1693378E+03   0.0000000E+00   0.0000000E+00   0.0000000E+00   0.0000000E+00   0.0000000E+00
   6.7806551E+00   1.9089797E+03   1.9089797E+03   5.2557751E-06   8.1506879E-08   4.4581556E+00   1.8987699E+03   1.9089797E+03   0.0000000E+00   0.0000000E+00   0.0000000E+00   0.0000000E+00   0.0000000E+00
   7.2865451E+00   1.6794676E+03   1.6794676E+03   4.0043098E-06   6.2154466E-08   3.9220096E+00   1.6704853E+03   1.6794676E+03   0.0000000E+00   0.0000000E+00   0.0000000E+00   0.0000000E+00   0.0000000E+00
   7.8301784E+00   1.4772051E+03   1.4772051E+03   3.0499662E-06   4.7392276E-08   3.4495198E+00   1.4693045E+03   1.4772051E+03   0.0000000E+00   0.0000000E+00   0.0000000E+00   0.0000000E+00   0.0000000E+00
   8.4143710E+00   1.2990065E+03   1.2990065E+03   2.3227295E-06   3.6134089E-08   3.0333411E+00   1.2920590E+03   1.2990065E+03   0.0000000E+00   0.0000000E+00   0.0000000E+00   0.0000000E+00   0.0000000E+00
