#           k/h    CDM            baryon         photon         nu             mass_nu        total          no_nu          total_de       Weyl           v_CDM          v_b            v_b-v_c     
   9.9069205E-06   3.3643403E+06   3.3643403E+06   4.4854711E+06   1.6179631E+04   4.2721120E+04   3.3647107E+06   3.3643403E+06   0.0000000E+00   0.0000000E+00   0.0000000E+00   0.0000000E+00   0.0000000E+00
   1.0646054E-05   3.3643397E+06   3.3643397E+06   4.4854215E+06   1.6179521E+04   4.2720711E+04   3.3647101E+06   3.3643397E+06   0.0000000E+00   0.0000000E+00   0.0000000E+00   0.0000000E+00   0.0000000E+00
   1.1440333E-05   3.3643391E+06   3.3643391E+06   4.4853642E+06   1.6179394E+04   4.2720238E+04   3.3647094E+06   3.3643391E+06   0.0000000E+00   0.0000000E+00   0.0000000E+00   0.0000000E+00   0.0000000E+00
   1.2293872E-05   3.3643384E+06   3.3643384E+06   4.4852980E+06   1.6179247E+04   4.2719691E+04   3.3647086E+06   3.3643384E+06   0.0000000E+00   0.0000000E+00   0.0000000E+00   0.0000000E+00   0.0000000E+00
   1.3211091E-05   3.3643375E+06   3.3643375E+06   4.4852216E+06   1.6179078E+04   4.2719060E+04   3.3647077E+06   3.3643375E+06   0.0000000E+00   0.0000000E+00   0.0000000E+00   0.0000000E+00   0.0000000E+00
   1.4196742E-05   3.3643365E+06   3.3643365E+06   4.4851334E+06   1.6178882E+04   4.2718332E+04   3.3647066E+06   3.3643365E+06   0.0000000E+00   0.0000000E+00   0.0000000E+00   0.0000000E+00   0.0000000E+00
   1.5255930E-05   3.3643354E+06   3.3643354E+06   4.4850315E+06   1.6178656E+04   4.2717491E+04   3.3647053E+06   3.3643354E+06   0.0000000E+00   0.0000000E+00   0.0000000E+00   0.0000000E+00   0.0000000E+00
   1.6394142E-05   3.3643341E+06   3.3643341E+06   4.4849138E+06   1.6178395E+04   4.2716520E+04   3.3647039E+06   3.3643341E+06   0.0000000E+00   0.0000000E+00   0.0000000E+00   0.0000000E+00   0.0000000E+00
   1.7617273E-05   3.3643326E+06   3.3643326E+06   4.4847779E+06   1.6178094E+04   4.2715398E+04   3.3647022E+06   3.3643326E+06   0.0000000E+00   0.0000000E+00   0.0000000E+00   0.0000000E+00   0.0000000E+00
   1.8931659E-05   3.3643309E+06   3.3643309E+06   4.4846210E+06   1.6177746E+04   4.2714103E+04   3.3647003E+06   3.3643309E+06   0.0000000E+00   0.0000000E+00   0.0000000E+00   0.0000000E+00   0.0000000E+00
   2.0344109E-05   3.3643289E+06   3.3643289E+06   4.4844398E+06   1.6177344E+04   4.2712608E+04   3.3646981E+06   3.3643289E+06   0.0000000E+00   0.0000000E+00   0.0000000E+00   0.0000000E+00   0.0000000E+00
   2.1861939E-05   3.3643265E+06   3.3643265E+06   4.4842306E+06   1.6176880E+04   4.2710881E+04   3.3646955E+06   3.3643265E+06   0.0000000E+00   0.0000000E+00   0.0000000E+00   0.0000000E+00   0.0000000E+00
   2.3493011E-05   3.3643239E+06   3.3643239E+06   4.4839890E+06   1.6176344E+04   4.2708887E+04   3.3646925E+06   3.3643239E+06   0.0000000E+00   0.0000000E+00   0.0000000E+00   0.0000000E+00   0.0000000E+00
   2.5245773E-05   3.3643208E+06   3.3643208E+06   4.4837100E+06   1.6175725E+04   4.2706585E+04   3.3646891E+06   3.3643208E+06   0.0000000E+00   0.0000000E+00   0.0000000E+00   0.0000000E+00   0.0000000E+00
   2.7129306E-05   3.3643172E+06   3.3643172E+06   4.4833879E+06   1.6175011E+04   4.2703926E+04   3.3646851E+06   3.3643172E+06   0.0000000E+00   0.0000000E+00   0.0000000E+00   0.0000000E+00   0.0000000E+00
   2.9153364E-05   3.3643131E+06   3.3643131E+06   4.4830159E+06   1.6174186E+04   4.2700857E+04   3.3646806E+06   3.3643131E+06   0.0000000E+00   0.0000000E+00   0.0000000E+00   0.0000000E+00   0.0000000E+00
   3.1328433E-05   3.3643083E+06   3.3643083E+06   4.4825864E+06   1.6173233E+04   4.2697313E+04   3.3646753E+06   3.3643083E+06   0.0000000E+00   0.0000000E+00   0.0000000E+00   0.0000000E+00   0.0000000E+00
   3.3665780E-05   3.3643028E+06   3.3643028E+06   4.4820905E+06   1.6172133E+04   4.2693221E+04   3.3646692E+06   3.3643028E+06   0.0000000E+00   0.0000000E+00   0.0000000E+00   0.0000000E+00   0.0000000E+00
   3.6177511E-05   3.3642965E+06   3.3642965E+06   4.4815179E+06   1.6170863E+04   4.2688497E+04   3.3646622E+06   3.3642965E+06   0.0000000E+00   0.0000000E+00   0.0000000E+00   0.0000000E+00   0.0000000E+00
   3.8876636E-05   3.3642892E+06   3.3642892E+06   4.4808567E+06   1.6169396E+04   4.2683043E+04   3.3646540E+06   3.3642892E+06   0.0000000E+00   0.0000000E+00   0.0000000E+00   0.0000000E+00   0.0000000E+00
   4.1777137E-05   3.3642807E+06   3.3642807E+06   4.4800933E+06   1.6167703E+04   4.2676747E+04   3.3646446E+06   3.3642807E+06   0.0000000E+00   0.0000000E+00   0.0000000E+00   0.0000000E+00   0.0000000E+00
   4.4894039E-05   3.3642709E+06   3.3642709E+06   4.4792118E+06   1.6165747E+04   4.2669478E+04   3.3646338E+06   3.3642709E+06   0.0000000E+00   0.0000000E+00   0.0000000E+00   0.0000000E+00   0.0000000E+00
   4.8243486E-05   3.3642597E+06   3.3642597E+06   4.4781942E+06   1.6163489E+04   4.2661087E+04   3.3646213E+06   3.3642597E+06   0.0000000E+00   0.0000000E+00   0.0000000E+00   0.0000000E+00   0.0000000E+00
   5.1842827E-05   3.3642466E+06   3.3642466E+06   4.4770193E+06   1.6160883E+04   4.2651402E+04   3.3646068E+06   3.3642466E+06   0.0000000E+00   0.0000000E+00   0.0000000E+00   0.0000000E+00   0.0000000E+00
   5.5710708E-05   3.3642316E+06   3.3642316E+06   4.4756629E+06   1.6157873E+04   4.2640222E+04   3.3645901E+06   3.3642316E+06   0.0000000E+00   0.0000000E+00   0.0000000E+00   0.0000000E+00   0.0000000E+00
   5.9867163E-05   3.3642142E+06   3.3642142E+06   4.4740970E+06   1.6154398E+04   4.2627320E+04   3.3645709E+06   3.3642142E+06   0.0000000E+00   0.0000000E+00   0.0000000E+00   0.0000000E+00   0.0000000E+00
   6.4333722E-05   3.3641942E+06   3.3641942E+06   4.4722894E+06   1.6150386E+04   4.2612430E+04   3.3645486E+06   3.3641942E+06   0.0000000E+00   0.0000000E+00   0.0000000E+00   0.0000000E+00   0.0000000E+00
   6.9133521E-05   3.3641710E+06   3.3641710E+06   4.4702029E+06   1.6145755E+04   4.2595248E+04   3.3645229E+06   3.3641710E+06   0.0000000E+00   0.0000000E+00   0.0000000E+00   0.0000000E+00   0.0000000E+00
   7.4291423E-05   3.3641443E+06   3.3641443E+06   4.4677945E+06   1.6140409E+04   4.2575423E+04   3.3644933E+06   3.3641443E+06   0.0000000E+00   0.0000000E+00   0.0000000E+00   0.0000000E+00   0.0000000E+00
   7.9834145E-05   3.3641134E+06   3.3641134E+06   4.4650148E+06   1.6134238E+04   4.2552553E+04   3.3644590E+06   3.3641134E+06   0.0000000E+00   0.0000000E+00   0.0000000E+00   0.0000000E+00   0.0000000E+00
   8.5790397E-05   3.3640778E+06   3.3640778E+06   4.4618069E+06   1.6127115E+04   4.2526173E+04   3.3644195E+06   3.3640778E+06   0.0000000E+00   0.0000000E+00   0.0000000E+00   0.0000000E+00   0.0000000E+00
   9.2191033E-05   3.3640367E+06   3.3640367E+06   4.4581052E+06   1.6118893E+04   4.2495750E+04   3.3643738E+06   3.3640367E+06   0.0000000E+00   0.0000000E+00   0.0000000E+00   0.0000000E+00   0.0000000E+00
   9.9069205E-05   3.3639891E+06   3.3639891E+06   4.4538340E+06   1.6109405E+04   4.2460671E+04   3.3643211E+06   3.3639891E+06   0.0000000E+00   0.0000000E+00   0.0000000E+00   0.0000000E+00   0.0000000E+00
   1.0646054E-04   3.3639343E+06   3.3639343E+06   4.4489065E+06   1.6098455E+04   4.2420235E+04   3.3642602E+06   3.3639343E+06   0.0000000E+00   0.0000000E+00   0.0000000E+00   0.0000000E+00   0.0000000E+00
   1.1440333E-04   3.3638710E+06   3.3638710E+06   4.4432226E+06   1.6085822E+04   4.2373634E+04   3.3641900E+06   3.3638710E+06   0.0000000E+00   0.0000000E+00   0.0000000E+00   0.0000000E+00   0.0000000E+00
   1.2293872E-04   3.3637979E+06   3.3637979E+06   4.4366673E+06   1.6071246E+04   4.2319946E+04   3.3641089E+06   3.3637979E+06   0.0000000E+00   0.0000000E+00   0.0000000E+00   0.0000000E+00   0.0000000E+00
   1.3211091E-04   3.3637135E+06   3.3637135E+06   4.4291086E+06   1.6054432E+04   4.2258117E+04   3.3640153E+06   3.3637135E+06   0.0000000E+00   0.0000000E+00   0.0000000E+00   0.0000000E+00   0.0000000E+00
   1.4196742E-04   3.3636161E+06   3.3636161E+06   4.4203949E+06   1.6035039E+04   4.2186942E+04   3.3639072E+06   3.3636161E+06   0.0000000E+00   0.0000000E+00   0.0000000E+00   0.0000000E+00   0.0000000E+00
   1.5255930E-04   3.3635037E+06   3.3635037E+06   4.4103522E+06   1.6012677E+04   4.2105047E+04   3.3637825E+06   3.3635037E+06   0.0000000E+00   0.0000000E+00   0.0000000E+00   0.0000000E+00   0.0000000E+00
   1.6394142E-04   3.3633740E+06   3.3633740E+06   4.3987816E+06   1.5986897E+04   4.2010873E+04   3.3636386E+06   3.3633740E+06   0.0000000E+00   0.0000000E+00   0.0000000E+00   0.0000000E+00   0.0000000E+00
   1.7617273E-04   3.3632243E+06   3.3632243E+06   4.3854551E+06   1.5957183E+04   4.1902648E+04   3.3634726E+06   3.3632243E+06   0.0000000E+00   0.0000000E+00   0.0000000E+00   0.0000000E+00   0.0000000E+00
   1.8931659E-04   3.3630515E+06   3.3630515E+06   4.3701128E+06   1.5922944E+04   4.1778371E+04   3.3632810E+06   3.3630515E+06   0.0000000E+00   0.0000000E+00   0.0000000E+00   0.0000000E+00   0.0000000E+00
   2.0344109E-04   3.3628522E+06   3.3628522E+06   4.3524578E+06   1.5883507E+04   4.1635785E+04   3.3630599E+06   3.3628522E+06   0.0000000E+00   0.0000000E+00   0.0000000E+00   0.0000000E+00   0.0000000E+00
   2.1861939E-04   3.3626223E+06   3.3626223E+06   4.3321529E+06   1.5838100E+04   4.1472360E+04   3.3628050E+06   3.3626223E+06   0.0000000E+00   0.0000000E+00   0.0000000E+00   0.0000000E+00   0.0000000E+00
   2.3493011E-04   3.3623571E+06   3.3623571E+06   4.3088149E+06   1.5785842E+04   4.1285271E+04   3.3625109E+06   3.3623571E+06   0.0000000E+00   0.0000000E+00   0.0000000E+00   0.0000000E+00   0.0000000E+00
   2.5245773E-04   3.3620513E+06   3.3620513E+06   4.2820103E+06   1.5725731E+04   4.1071385E+04   3.3621719E+06   3.3620513E+06   0.0000000E+00   0.0000000E+00   0.0000000E+00   0.0000000E+00   0.0000000E+00
   2.7129306E-04   3.3616987E+06   3.3616987E+06   4.2512503E+06   1.5656630E+04   4.0827251E+04   3.3617811E+06   3.3616987E+06   0.0000000E+00   0.0000000E+00   0.0000000E+00   0.0000000E+00   0.0000000E+00
   2.9153364E-04   3.3612922E+06   3.3612922E+06   4.2159856E+06   1.5577249E+04   4.0549105E+04   3.3613307E+06   3.3612922E+06   0.0000000E+00   0.0000000E+00   0.0000000E+00   0.0000000E+00   0.0000000E+00
   3.1328433E-04   3.3608239E+06   3.3608239E+06   4.1756021E+06   1.5486133E+04   4.0232890E+04   3.3608118E+06   3.3608239E+06   0.0000000E+00   0.0000000E+00   0.0000000E+00   0.0000000E+00   0.0000000E+00
   3.3665780E-04   3.3602843E+06   3.3602843E+06   4.1294174E+06   1.5381647E+04   3.9874291E+04   3.3602142E+06   3.3602843E+06   0.0000000E+00   0.0000000E+00   0.0000000E+00   0.0000000E+00   0.0000000E+00
   3.6177511E-04   3.3596630E+06   3.3596630E+06   4.0766780E+06   1.5261956E+04   3.9468812E+04   3.3595262E+06   3.3596630E+06   0.0000000E+00   0.0000000E+00   0.0000000E+00   0.0000000E+00   0.0000000E+00
   3.8876636E-04   3.3589478E+06   3.3589478E+06   4.0165591E+06   1.5125021E+04   3.9011885E+04   3.3587346E+06   3.3589478E+06   0.0000000E+00   0.0000000E+00   0.0000000E+00   0.0000000E+00   0.0000000E+00
   4.1777137E-04   3.3581250E+06   3.3581250E+06   3.9481675E+06   1.4968585E+04   3.8499030E+04   3.3578242E+06   3.3581250E+06   0.0000000E+00   0.0000000E+00   0.0000000E+00   0.0000000E+00   0.0000000E+00
   4.4894039E-04   3.3571789E+06   3.3571789E+06   3.8705480E+06   1.4790168E+04   3.7926089E+04   3.3567778E+06   3.3571789E+06   0.0000000E+00   0.0000000E+00   0.0000000E+00   0.0000000E+00   0.0000000E+00
   4.8243486E-04   3.3560916E+06   3.3560916E+06   3.7826962E+06   1.4587076E+04   3.7289534E+04   3.3555760E+06   3.3560916E+06   0.0000000E+00   0.0000000E+00   0.0000000E+00   0.0000000E+00   0.0000000E+00
   5.1842827E-04   3.3548431E+06   3.3548431E+06   3.6835785E+06   1.4356414E+04   3.6586884E+04   3.3541968E+06   3.3548431E+06   0.0000000E+00   0.0000000E+00   0.0000000E+00   0.0000000E+00   0.0000000E+00
   5.5710708E-04   3.3534106E+06   3.3534106E+06   3.5721625E+06   1.4095118E+04   3.5817229E+04   3.3526156E+06   3.3534106E+06   0.0000000E+00   0.0000000E+00   0.0000000E+00   0.0000000E+00   0.0000000E+00
   5.9867163E-04   3.3517686E+06   3.3517686E+06   3.4474593E+06   1.3800006E+04   3.4981884E+04   3.3508047E+06   3.3517686E+06   0.0000000E+00   0.0000000E+00   0.0000000E+00   0.0000000E+00   0.0000000E+00
   6.4333722E-04   3.3498886E+06   3.3498886E+06   3.3085811E+06   1.3467858E+04   3.4085167E+04   3.3487331E+06   3.3498886E+06   0.0000000E+00   0.0000000E+00   0.0000000E+00   0.0000000E+00   0.0000000E+00
   6.9133521E-04   3.3477385E+06   3.3477385E+06   3.1548173E+06   1.3095529E+04   3.3135294E+04   3.3463666E+06   3.3477385E+06   0.0000000E+00   0.0000000E+00   0.0000000E+00   0.0000000E+00   0.0000000E+00
   7.4291423E-04   3.3452831E+06   3.3452831E+06   2.9857308E+06   1.2680097E+04   3.2145323E+04   3.3436675E+06   3.3452831E+06   0.0000000E+00   0.0000000E+00   0.0000000E+00   0.0000000E+00   0.0000000E+00
   7.9834145E-04   3.3424835E+06   3.3424835E+06   2.8012753E+06   1.2219072E+04   3.1134085E+04   3.3405945E+06   3.3424835E+06   0.0000000E+00   0.0000000E+00   0.0000000E+00   0.0000000E+00   0.0000000E+00
   8.5790397E-04   3.3392969E+06   3.3392969E+06   2.6019338E+06   1.1710648E+04   3.0126912E+04   3.3371027E+06   3.3392969E+06   0.0000000E+00   0.0000000E+00   0.0000000E+00   0.0000000E+00   0.0000000E+00
   9.2191033E-04   3.3356772E+06   3.3356772E+06   2.3888733E+06   1.1154012E+04   2.9155942E+04   3.3331438E+06   3.3356772E+06   0.0000000E+00   0.0000000E+00   0.0000000E+00   0.0000000E+00   0.0000000E+00
   9.9069205E-04   3.3315743E+06   3.3315743E+06   2.1641048E+06   1.0549717E+04   2.8259646E+04   3.3286666E+06   3.3315743E+06   0.0000000E+00   0.0000000E+00   0.0000000E+00   0.0000000E+00   0.0000000E+00
   1.0646054E-03   3.3269352E+06   3.3269352E+06   1.9306326E+06   9.9000805E+03   2.7481117E+04   3.3236171E+06   3.3269352E+06   0.0000000E+00   0.0000000E+00   0.0000000E+00   0.0000000E+00   0.0000000E+00
   1.1440333E-03   3.3217038E+06   3.3217038E+06   1.6925633E+06   9.2096070E+03   2.6864601E+04   3.3179392E+06   3.3217038E+06   0.0000000E+00   0.0000000E+00   0.0000000E+00   0.0000000E+00   0.0000000E+00
   1.2293872E-03   3.3158214E+06   3.3158214E+06   1.4551364E+06   8.4853717E+03   2.6449723E+04   3.3115759E+06   3.3158214E+06   0.0000000E+00   0.0000000E+00   0.0000000E+00   0.0000000E+00   0.0000000E+00
   1.3211091E-03   3.3092275E+06   3.3092275E+06   1.2246259E+06   7.7373002E+03   2.6263063E+04   3.3044695E+06   3.3092275E+06   0.0000000E+00   0.0000000E+00   0.0000000E+00   0.0000000E+00   0.0000000E+00
   1.4196742E-03   3.3018604E+06   3.3018604E+06   1.0080547E+06   6.9782474E+03   2.6307201E+04   3.2965629E+06   3.3018604E+06   0.0000000E+00   0.0000000E+00   0.0000000E+00   0.0000000E+00   0.0000000E+00
   1.5255930E-03   3.2936574E+06   3.2936574E+06   8.1266877E+05   6.2237547E+03   2.6548282E+04   3.2878003E+06   3.2936574E+06   0.0000000E+00   0.0000000E+00   0.0000000E+00   0.0000000E+00   0.0000000E+00
   1.6394142E-03   3.2845556E+06   3.2845556E+06   6.4514048E+05   5.4913620E+03   2.6904628E+04   3.2781275E+06   3.2845556E+06   0.0000000E+00   0.0000000E+00   0.0000000E+00   0.0000000E+00   0.0000000E+00
   1.7617273E-03   3.2744913E+06   3.2744913E+06   5.1052742E+05   4.7993693E+03   2.7240835E+04   3.2674915E+06   3.2744913E+06   0.0000000E+00   0.0000000E+00   0.0000000E+00   0.0000000E+00   0.0000000E+00
   1.8931659E-03   3.2634002E+06   3.2634002E+06   4.1110474E+05   4.1650222E+03   2.7373763E+04   3.2558400E+06   3.2634002E+06   0.0000000E+00   0.0000000E+00   0.0000000E+00   0.0000000E+00   0.0000000E+00
   2.0344109E-03   3.2512158E+06   3.2512158E+06   3.4532076E+05   3.6022358E+03   2.7097632E+04   3.2431192E+06   3.2512158E+06   0.0000000E+00   0.0000000E+00   0.0000000E+00   0.0000000E+00   0.0000000E+00
   2.1861939E-03   3.2378683E+06   3.2378683E+06   3.0726350E+05   3.1191892E+03   2.6233186E+04   3.2292713E+06   3.2378683E+06   0.0000000E+00   0.0000000E+00   0.0000000E+00   0.0000000E+00   0.0000000E+00
   2.3493011E-03   3.2232833E+06   3.2232833E+06   2.8710573E+05   2.7163786E+03   2.4698147E+04   3.2142317E+06   3.2232833E+06   0.0000000E+00   0.0000000E+00   0.0000000E+00   0.0000000E+00   0.0000000E+00
   2.5245773E-03   3.2073806E+06   3.2073806E+06   2.7290632E+05   2.3859174E+03   2.2581355E+04   3.1979259E+06   3.2073806E+06   0.0000000E+00   0.0000000E+00   0.0000000E+00   0.0000000E+00   0.0000000E+00
   2.7129306E-03   3.1900746E+06   3.1900746E+06   2.5376035E+05   2.1128560E+03   2.0183450E+04   3.1802687E+06   3.1900746E+06   0.0000000E+00   0.0000000E+00   0.0000000E+00   0.0000000E+00   0.0000000E+00
   2.9153364E-03   3.1712755E+06   3.1712755E+06   2.2355824E+05   1.8788547E+03   1.7973385E+04   3.1611655E+06   3.1712755E+06   0.0000000E+00   0.0000000E+00   0.0000000E+00   0.0000000E+00   0.0000000E+00
   3.1328433E-03   3.1508933E+06   3.1508933E+06   1.8372429E+05   1.6675728E+03   1.6423150E+04   3.1405158E+06   3.1508933E+06   0.0000000E+00   0.0000000E+00   0.0000000E+00   0.0000000E+00   0.0000000E+00
   3.3665780E-03   3.1288403E+06   3.1288403E+06   1.4283737E+05   1.4698413E+03   1.5746197E+04   3.1182198E+06   3.1288403E+06   0.0000000E+00   0.0000000E+00   0.0000000E+00   0.0000000E+00   0.0000000E+00
   3.6177511E-03   3.1050335E+06   3.1050335E+06   1.1189379E+05   1.2857864E+03   1.5676181E+04   3.0941832E+06   3.1050335E+06   0.0000000E+00   0.0000000E+00   0.0000000E+00   0.0000000E+00   0.0000000E+00
   3.8876636E-03   3.0793926E+06   3.0793926E+06   9.6724621E+04   1.1217594E+03   1.5512577E+04   3.0683199E+06   3.0793926E+06   0.0000000E+00   0.0000000E+00   0.0000000E+00   0.0000000E+00   0.0000000E+00
   4.1777137E-03   3.0518354E+06   3.0518354E+06   9.2687235E+04   9.8296046E+02   1.4579431E+04   3.0405489E+06   3.0518354E+06   0.0000000E+00   0.0000000E+00   0.0000000E+00   0.0000000E+00   0.0000000E+00
   4.4894039E-03   3.0222734E+06   3.0222734E+06   8.7664016E+04   8.6686445E+02   1.2878020E+04   3.0107891E+06   3.0222734E+06   0.0000000E+00   0.0000000E+00   0.0000000E+00   0.0000000E+00   0.0000000E+00
   4.8243486E-03   2.9906125E+06   2.9906125E+06   7.3535442E+04   7.6395178E+02   1.1260130E+04   2.9789561E+06   2.9906125E+06   0.0000000E+00   0.0000000E+00   0.0000000E+00   0.0000000E+00   0.0000000E+00
   5.1842827E-03   2.9567601E+06   2.9567601E+06   5.5461278E+04   6.6657159E+02   1.0578302E+04   2.9449639E+06   2.9567601E+06   0.0000000E+00   0.0000000E+00   0.0000000E+00   0.0000000E+00   0.0000000E+00
   5.5710708E-03   2.9206327E+06   2.9206327E+06   4.5412909E+04   5.7656623E+02   1.0493236E+04   2.9087306E+06   2.9206327E+06   0.0000000E+00   0.0000000E+00   0.0000000E+00   0.0000000E+00   0.0000000E+00
   5.9867163E-03   2.8821523E+06   2.8821523E+06   4.4406848E+04   5.0053590E+02   9.7767051E+03   2.8701757E+06   2.8821523E+06   0.0000000E+00   0.0000000E+00   0.0000000E+00   0.0000000E+00   0.0000000E+00
   6.4333722E-03   2.8412360E+06   2.8412360E+06   4.0326096E+04   4.3774910E+02   8.3396100E+03   2.8292119E+06   2.8412360E+06   0.0000000E+00   0.0000000E+00   0.0000000E+00   0.0000000E+00   0.0000000E+00
   6.9133521E-03   2.7977951E+06   2.7977951E+06   3.0018849E+04   3.8050091E+02   7.5832238E+03   2.7857465E+06   2.7977951E+06   0.0000000E+00   0.0000000E+00   0.0000000E+00   0.0000000E+00   0.0000000E+00
   7.4291423E-03   2.7517449E+06   2.7517449E+06   2.5223285E+04   3.2753647E+02   7.4954121E+03   2.7396946E+06   2.7517449E+06   0.0000000E+00   0.0000000E+00   0.0000000E+00   0.0000000E+00   0.0000000E+00
   7.9834145E-03   2.7030053E+06   2.7030053E+06   2.5133845E+04   2.8320074E+02   6.5418270E+03   2.6909841E+06   2.7030053E+06   0.0000000E+00   0.0000000E+00   0.0000000E+00   0.0000000E+00   0.0000000E+00
   8.5790397E-03   2.6514927E+06   2.6514927E+06   1.9219923E+04   2.4453342E+02   5.6547239E+03   2.6395400E+06   2.6514927E+06   0.0000000E+00   0.0000000E+00   0.0000000E+00   0.0000000E+00   0.0000000E+00
   9.2191033E-03   2.5971249E+06   2.5971249E+06   1.5946904E+04   2.0923985E+02   5.6460061E+03   2.5852732E+06   2.5971249E+06   0.0000000E+00   0.0000000E+00   0.0000000E+00   0.0000000E+00   0.0000000E+00
   9.9069205E-03   2.5398236E+06   2.5398236E+06   1.5524760E+04   1.8038580E+02   4.7132489E+03   2.5280926E+06   2.5398236E+06   0.0000000E+00   0.0000000E+00   0.0000000E+00   0.0000000E+00   0.0000000E+00
   1.0646054E-02   2.4795059E+06   2.4795059E+06   1.1095708E+04   1.5402814E+02   4.3606241E+03   2.4679245E+06   2.4795059E+06   0.0000000E+00   0.0000000E+00   0.0000000E+00   0.0000000E+00   0.0000000E+00
   1.1440333E-02   2.4160960E+06   2.4160960E+06   1.1152062E+04   1.3124089E+02   3.9863054E+03   2.4047022E+06   2.4160960E+06   0.0000000E+00   0.0000000E+00   0.0000000E+00   0.0000000E+00   0.0000000E+00
   1.2293872E-02   2.3495240E+06   2.3495240E+06   8.1078480E+03   1.1209627E+02   3.4281752E+03   2.3383415E+06   2.3495240E+06   0.0000000E+00   0.0000000E+00   0.0000000E+00   0.0000000E+00   0.0000000E+00
   1.3211091E-02   2.2797277E+06   2.2797277E+06   8.0024713E+03   9.4866449E+01   3.1778933E+03   2.2687858E+06   2.2797277E+06   0.0000000E+00   0.0000000E+00   0.0000000E+00   0.0000000E+00   0.0000000E+00
   1.4196742E-02   2.2066621E+06   2.2066621E+06   5.7449097E+03   8.0417083E+01   2.8065022E+03   2.1959920E+06   2.2066621E+06   0.0000000E+00   0.0000000E+00   0.0000000E+00   0.0000000E+00   0.0000000E+00
   1.5255930E-02   2.1303040E+06   2.1303040E+06   5.6042456E+03   6.7898371E+01   2.3857228E+03   2.1199294E+06   2.1303040E+06   0.0000000E+00   0.0000000E+00   0.0000000E+00   0.0000000E+00   0.0000000E+00
   1.6394142E-02   2.0506640E+06   2.0506640E+06   4.4518327E+03   5.6979230E+01   2.3020706E+03   2.0406158E+06   2.0506640E+06   0.0000000E+00   0.0000000E+00   0.0000000E+00   0.0000000E+00   0.0000000E+00
   1.7617273E-02   1.9678008E+06   1.9678008E+06   3.4333300E+03   4.7843616E+01   1.9217712E+03   1.9581027E+06   1.9678008E+06   0.0000000E+00   0.0000000E+00   0.0000000E+00   0.0000000E+00   0.0000000E+00
   1.8931659E-02   1.8818367E+06   1.8818367E+06   3.1477624E+03   3.9965281E+01   1.6234560E+03   1.8725144E+06   1.8818367E+06   0.0000000E+00   0.0000000E+00   0.0000000E+00   0.0000000E+00   0.0000000E+00
   2.0344108E-02   1.7929799E+06   1.7929799E+06   2.7463680E+03   3.3229908E+01   1.4795262E+03   1.7840560E+06   1.7929799E+06   0.0000000E+00   0.0000000E+00   0.0000000E+00   0.0000000E+00   0.0000000E+00
   2.1861932E-02   1.7015485E+06   1.7015485E+06   2.2272366E+03   2.7502409E+01   1.3491280E+03   1.6930443E+06   1.7015485E+06   0.0000000E+00   0.0000000E+00   0.0000000E+00   0.0000000E+00   0.0000000E+00
   2.3492968E-02   1.6079971E+06   1.6079971E+06   1.7889090E+03   2.2668489E+01   1.1947369E+03   1.5999296E+06   1.6079971E+06   0.0000000E+00   0.0000000E+00   0.0000000E+00   0.0000000E+00   0.0000000E+00
   2.5245564E-02   1.5129468E+06   1.5129468E+06   1.4621612E+03   1.8621490E+01   1.0364615E+03   1.5053300E+06   1.5129468E+06   0.0000000E+00   0.0000000E+00   0.0000000E+00   0.0000000E+00   0.0000000E+00
   2.7128413E-02   1.4172169E+06   1.4172169E+06   1.2125525E+03   1.5223287E+01   8.8842994E+02   1.4100605E+06   1.4172169E+06   0.0000000E+00   0.0000000E+00   0.0000000E+00   0.0000000E+00   0.0000000E+00
   2.9150025E-02   1.3218607E+06   1.3218607E+06   9.8893870E+02   1.2389804E+01   7.4594223E+02   1.3151675E+06   1.3218607E+06   0.0000000E+00   0.0000000E+00   0.0000000E+00   0.0000000E+00   0.0000000E+00
   3.1317397E-02   1.2282026E+06   1.2282026E+06   7.5093793E+02   1.0041541E+01   6.3410279E+02   1.2219684E+06   1.2282026E+06   0.0000000E+00   0.0000000E+00   0.0000000E+00   0.0000000E+00   0.0000000E+00
   3.3633316E-02   1.1378628E+06   1.1378628E+06   5.8302090E+02   8.1071268E+00   5.8411334E+02   1.1320745E+06   1.1378628E+06   0.0000000E+00   0.0000000E+00   0.0000000E+00   0.0000000E+00   0.0000000E+00
   3.6092115E-02   1.0527203E+06   1.0527203E+06   5.1929270E+02   6.5471242E+00   4.9738764E+02   1.0473548E+06   1.0527203E+06   0.0000000E+00   0.0000000E+00   0.0000000E+00   0.0000000E+00   0.0000000E+00
   3.8675135E-02   9.7472952E+05   9.7472952E+05   3.7256047E+02   5.2987152E+00   4.3068541E+02   9.6975319E+05   9.7472952E+05   0.0000000E+00   0.0000000E+00   0.0000000E+00   0.0000000E+00   0.0000000E+00
   4.1349465E-02   9.0553978E+05   9.0553978E+05   3.4312290E+02   4.3129829E+00   3.8358852E+02   9.0090993E+05   9.0553978E+05   0.0000000E+00   0.0000000E+00   0.0000000E+00   0.0000000E+00   0.0000000E+00
   4.4073686E-02   8.4602931E+05   8.4602931E+05   2.4888376E+02   3.5454796E+00   3.4756642E+02   8.4169833E+05   8.4602931E+05   0.0000000E+00   0.0000000E+00   0.0000000E+00   0.0000000E+00   0.0000000E+00
   4.6809202E-02   7.9604781E+05   7.9604781E+05   2.3195315E+02   2.9533428E+00   2.9925708E+02   7.9196837E+05   7.9604781E+05   0.0000000E+00   0.0000000E+00   0.0000000E+00   0.0000000E+00   0.0000000E+00
   4.9529797E-02   7.5455488E+05   7.5455488E+05   1.8270487E+02   2.4907389E+00   2.9172634E+02   7.5068457E+05   7.5455488E+05   0.0000000E+00   0.0000000E+00   0.0000000E+00   0.0000000E+00   0.0000000E+00
   5.2224014E-02   7.2001512E+05   7.2001512E+05   1.6209230E+02   2.1297666E+00   2.5164148E+02   7.1631911E+05   7.2001512E+05   0.0000000E+00   0.0000000E+00   0.0000000E+00   0.0000000E+00   0.0000000E+00
   5.4891842E-02   6.9077765E+05   6.9077765E+05   1.4112501E+02   1.8401812E+00   2.5045720E+02   6.8722935E+05   6.9077765E+05   0.0000000E+00   0.0000000E+00   0.0000000E+00   0.0000000E+00   0.0000000E+00
   5.7539963E-02   6.6530621E+05   6.6530621E+05   1.2029477E+02   1.6065380E+00   2.2130824E+02   6.6188676E+05   6.6530621E+05   0.0000000E+00   0.0000000E+00   0.0000000E+00   0.0000000E+00   0.0000000E+00
   6.0178071E-02   6.4227601E+05   6.4227601E+05   1.1144554E+02   1.4115653E+00   2.2037749E+02   6.3897325E+05   6.4227601E+05   0.0000000E+00   0.0000000E+00   0.0000000E+00   0.0000000E+00   0.0000000E+00
   6.2816688E-02   6.2059777E+05   6.2059777E+05   9.2466311E+01   1.2481120E+00   1.9981117E+02   6.1740504E+05   6.2059777E+05   0.0000000E+00   0.0000000E+00   0.0000000E+00   0.0000000E+00   0.0000000E+00
   6.5466094E-02   5.9941338E+05   5.9941338E+05   8.9473582E+01   1.1073101E+00   1.9577996E+02   5.9632839E+05   5.9941338E+05   0.0000000E+00   0.0000000E+00   0.0000000E+00   0.0000000E+00   0.0000000E+00
   6.8135888E-02   5.7808515E+05   5.7808515E+05   7.1870175E+01   9.8507506E-01   1.8117026E+02   5.7510885E+05   5.7808515E+05   0.0000000E+00   0.0000000E+00   0.0000000E+00   0.0000000E+00   0.0000000E+00
   7.0834879E-02   5.5618582E+05   5.5618582E+05   7.1952875E+01   8.7704475E-01   1.7331749E+02   5.5332134E+05   5.5618582E+05   0.0000000E+00   0.0000000E+00   0.0000000E+00   0.0000000E+00   0.0000000E+00
   7.3571126E-02   5.3348994E+05   5.3348994E+05   5.6785001E+01   7.8104791E-01   1.6609841E+02   5.3074153E+05   5.3348994E+05   0.0000000E+00   0.0000000E+00   0.0000000E+00   0.0000000E+00   0.0000000E+00
   7.6352035E-02   5.0996428E+05   5.0996428E+05   5.5315683E+01   6.9538765E-01   1.4964816E+02   5.0733634E+05   5.0996428E+05   0.0000000E+00   0.0000000E+00   0.0000000E+00   0.0000000E+00   0.0000000E+00
   7.9184460E-02   4.8575432E+05   4.8575432E+05   4.8024237E+01   6.1797646E-01   1.4967700E+02   4.8325051E+05   4.8575432E+05   0.0000000E+00   0.0000000E+00   0.0000000E+00   0.0000000E+00   0.0000000E+00
   8.2074817E-02   4.6116371E+05   4.6116371E+05   3.9530992E+01   5.4889439E-01   1.3433212E+02   4.5878609E+05   4.6116371E+05   0.0000000E+00   0.0000000E+00   0.0000000E+00   0.0000000E+00   0.0000000E+00
   8.5029169E-02   4.3662453E+05   4.3662453E+05   3.8281949E+01   4.8672415E-01   1.2455635E+02   4.3437294E+05   4.3662453E+05   0.0000000E+00   0.0000000E+00   0.0000000E+00   0.0000000E+00   0.0000000E+00
   8.8053310E-02   4.1265699E+05   4.1265699E+05   3.3752770E+01   4.3112108E-01   1.2087361E+02   4.1052857E+05   4.1265699E+05   0.0000000E+00   0.0000000E+00   0.0000000E+00   0.0000000E+00   0.0000000E+00
   9.1152826E-02   3.8981876E+05   3.8981876E+05   2.7961914E+01   3.8189999E-01   1.1339020E+02   3.8780776E+05   3.8981876E+05   0.0000000E+00   0.0000000E+00   0.0000000E+00   0.0000000E+00   0.0000000E+00
   9.4333154E-02   3.6864576E+05   3.6864576E+05   2.4223574E+01   3.3867502E-01   1.0373194E+02   3.6674366E+05   3.6864576E+05   0.0000000E+00   0.0000000E+00   0.0000000E+00   0.0000000E+00   0.0000000E+00
   9.7599620E-02   3.4958859E+05   3.4958859E+05   2.1920763E+01   3.0080126E-01   9.6359042E+01   3.4778452E+05   3.4958859E+05   0.0000000E+00   0.0000000E+00   0.0000000E+00   0.0000000E+00   0.0000000E+00
   1.0095748E-01   3.3295047E+05   3.3295047E+05   2.0017902E+01   2.6792812E-01   9.0474539E+01   3.3123201E+05   3.3295047E+05   0.0000000E+00   0.0000000E+00   0.0000000E+00   0.0000000E+00   0.0000000E+00
   1.0441196E-01   3.1883479E+05   3.1883479E+05   1.8122373E+01   2.3955767E-01   8.5850977E+01   3.1718896E+05   3.1883479E+05   0.0000000E+00   0.0000000E+00   0.0000000E+00   0.0000000E+00   0.0000000E+00
   1.0796824E-01   3.0711122E+05   3.0711122E+05   1.6154644E+01   2.1504097E-01   8.2249662E+01   3.0552569E+05   3.0711122E+05   0.0000000E+00   0.0000000E+00   0.0000000E+00   0.0000000E+00   0.0000000E+00
   1.1163154E-01   2.9740925E+05   2.9740925E+05   1.4166731E+01   1.9385216E-01   7.9417856E+01   2.9587362E+05   2.9740925E+05   0.0000000E+00   0.0000000E+00   0.0000000E+00   0.0000000E+00   0.0000000E+00
   1.1540707E-01   2.8914626E+05   2.8914626E+05   1.2625142E+01   1.7530938E-01   7.8190635E+01   2.8765311E+05   2.8914626E+05   0.0000000E+00   0.0000000E+00   0.0000000E+00   0.0000000E+00   0.0000000E+00
   1.1930008E-01   2.8159292E+05   2.8159292E+05   1.2164788E+01   1.5886702E-01   7.6771292E+01   2.8013863E+05   2.8159292E+05   0.0000000E+00   0.0000000E+00   0.0000000E+00   0.0000000E+00   0.0000000E+00
   1.2331584E-01   2.7397291E+05   2.7397291E+05   1.1460806E+01   1.4401062E-01   7.2392140E+01   2.7255782E+05   2.7397291E+05   0.0000000E+00   0.0000000E+00   0.0000000E+00   0.0000000E+00   0.0000000E+00
   1.2745971E-01   2.6558580E+05   2.6558580E+05   9.5869285E+00   1.3031131E-01   7.0184087E+01   2.6421390E+05   2.6558580E+05   0.0000000E+00   0.0000000E+00   0.0000000E+00   0.0000000E+00   0.0000000E+00
   1.3173706E-01   2.5593436E+05   2.5593436E+05   9.4099248E+00   1.1748408E-01   6.7745106E+01   2.5461220E+05   2.5593436E+05   0.0000000E+00   0.0000000E+00   0.0000000E+00   0.0000000E+00   0.0000000E+00
   1.3615335E-01   2.4483071E+05   2.4483071E+05   7.7392570E+00   1.0541063E-01   6.4297655E+01   2.4356581E+05   2.4483071E+05   0.0000000E+00   0.0000000E+00   0.0000000E+00   0.0000000E+00   0.0000000E+00
   1.4071408E-01   2.3245376E+05   2.3245376E+05   7.4185093E+00   9.4087770E-02   6.0190863E+01   2.3125270E+05   2.3245376E+05   0.0000000E+00   0.0000000E+00   0.0000000E+00   0.0000000E+00   0.0000000E+00
   1.4542485E-01   2.1933430E+05   2.1933430E+05   6.4947791E+00   8.3580841E-02   5.7673664E+01   2.1820094E+05   2.1933430E+05   0.0000000E+00   0.0000000E+00   0.0000000E+00   0.0000000E+00   0.0000000E+00
   1.5029130E-01   2.0625667E+05   2.0625667E+05   5.4625382E+00   7.4033839E-02   5.3859465E+01   2.0519081E+05   2.0625667E+05   0.0000000E+00   0.0000000E+00   0.0000000E+00   0.0000000E+00   0.0000000E+00
   1.5531917E-01   1.9408525E+05   1.9408525E+05   4.7683051E+00   6.5549267E-02   5.0169822E+01   1.9308223E+05   1.9408525E+05   0.0000000E+00   0.0000000E+00   0.0000000E+00   0.0000000E+00   0.0000000E+00
   1.6051430E-01   1.8354824E+05   1.8354824E+05   4.2248598E+00   5.8190994E-02   4.7099175E+01   1.8259961E+05   1.8354824E+05   0.0000000E+00   0.0000000E+00   0.0000000E+00   0.0000000E+00   0.0000000E+00
   1.6588260E-01   1.7503237E+05   1.7503237E+05   3.7684394E+00   5.1917320E-02   4.4957338E+01   1.7412770E+05   1.7503237E+05   0.0000000E+00   0.0000000E+00   0.0000000E+00   0.0000000E+00   0.0000000E+00
   1.7143011E-01   1.6845276E+05   1.6845276E+05   3.4901173E+00   4.6606643E-02   4.3467360E+01   1.6758204E+05   1.6845276E+05   0.0000000E+00   0.0000000E+00   0.0000000E+00   0.0000000E+00   0.0000000E+00
   1.7716299E-01   1.6325306E+05   1.6325306E+05   3.3018889E+00   4.2062431E-02   4.1482556E+01   1.6240918E+05   1.6325306E+05   0.0000000E+00   0.0000000E+00   0.0000000E+00   0.0000000E+00   0.0000000E+00
   1.8308752E-01   1.5855857E+05   1.5855857E+05   2.8186357E+00   3.8040914E-02   4.0043755E+01   1.5773892E+05   1.5855857E+05   0.0000000E+00   0.0000000E+00   0.0000000E+00   0.0000000E+00   0.0000000E+00
   1.8921016E-01   1.5345382E+05   1.5345382E+05   2.7030811E+00   3.4349465E-02   3.8855964E+01   1.5266052E+05   1.5345382E+05   0.0000000E+00   0.0000000E+00   0.0000000E+00   0.0000000E+00   0.0000000E+00
   1.9553755E-01   1.4730096E+05   1.4730096E+05   2.3122655E+00   3.0855299E-02   3.7330871E+01   1.4653943E+05   1.4730096E+05   0.0000000E+00   0.0000000E+00   0.0000000E+00   0.0000000E+00   0.0000000E+00
   2.0207653E-01   1.3997995E+05   1.3997995E+05   2.0587534E+00   2.7531049E-02   3.5085509E+01   1.3925624E+05   1.3997995E+05   0.0000000E+00   0.0000000E+00   0.0000000E+00   0.0000000E+00   0.0000000E+00
   2.0883421E-01   1.3193954E+05   1.3193954E+05   1.8429616E+00   2.4412939E-02   3.2947736E+01   1.3125738E+05   1.3193954E+05   0.0000000E+00   0.0000000E+00   0.0000000E+00   0.0000000E+00   0.0000000E+00
   2.1581797E-01   1.2401055E+05   1.2401055E+05   1.6179779E+00   2.1589603E-02   3.0911595E+01   1.2336936E+05   1.2401055E+05   0.0000000E+00   0.0000000E+00   0.0000000E+00   0.0000000E+00   0.0000000E+00
   2.2303551E-01   1.1703621E+05   1.1703621E+05   1.4165669E+00   1.9128969E-02   2.9250305E+01   1.1643106E+05   1.1703621E+05   0.0000000E+00   0.0000000E+00   0.0000000E+00   0.0000000E+00   0.0000000E+00
   2.3049495E-01   1.1147623E+05   1.1147623E+05   1.2793990E+00   1.7047909E-02   2.7914552E+01   1.1089981E+05   1.1147623E+05   0.0000000E+00   0.0000000E+00   0.0000000E+00   0.0000000E+00   0.0000000E+00
   2.3820484E-01   1.0718314E+05   1.0718314E+05   1.1768576E+00   1.5292941E-02   2.6602109E+01   1.0662890E+05   1.0718314E+05   0.0000000E+00   0.0000000E+00   0.0000000E+00   0.0000000E+00   0.0000000E+00
   2.4617424E-01   1.0348902E+05   1.0348902E+05   1.0411338E+00   1.3765818E-02   2.5817480E+01   1.0295387E+05   1.0348902E+05   0.0000000E+00   0.0000000E+00   0.0000000E+00   0.0000000E+00   0.0000000E+00
   2.5441283E-01   9.9583199E+04   9.9583199E+04   9.2824564E-01   1.2372243E-02   2.4679444E+01   9.9068234E+04   9.9583199E+04   0.0000000E+00   0.0000000E+00   0.0000000E+00   0.0000000E+00   0.0000000E+00
   2.6293097E-01   9.4981576E+04   9.4981576E+04   8.3321186E-01   1.1054183E-02   2.3477519E+01   9.4490395E+04   9.4981576E+04   0.0000000E+00   0.0000000E+00   0.0000000E+00   0.0000000E+00   0.0000000E+00
   2.7173983E-01   8.9800461E+04   8.9800461E+04   7.3528291E-01   9.8147940E-03   2.2200191E+01   8.9336063E+04   8.9800461E+04   0.0000000E+00   0.0000000E+00   0.0000000E+00   0.0000000E+00   0.0000000E+00
   2.8085149E-01   8.4641047E+04   8.4641047E+04   6.5723128E-01   8.6882487E-03   2.0967263E+01   8.4203321E+04   8.4641047E+04   0.0000000E+00   0.0000000E+00   0.0000000E+00   0.0000000E+00   0.0000000E+00
   2.9027911E-01   8.0141985E+04   8.0141985E+04   5.8794829E-01   7.7100329E-03   1.9763936E+01   7.9727518E+04   8.0141985E+04   0.0000000E+00   0.0000000E+00   0.0000000E+00   0.0000000E+00   0.0000000E+00
   3.0003707E-01   7.6511791E+04   7.6511791E+04   5.1971869E-01   6.8787798E-03   1.8880890E+01   7.6116090E+04   7.6511791E+04   0.0000000E+00   0.0000000E+00   0.0000000E+00   0.0000000E+00   0.0000000E+00
   3.1014116E-01   7.3401684E+04   7.3401684E+04   4.6319433E-01   6.1591341E-03   1.8065008E+01   7.3022061E+04   7.3401684E+04   0.0000000E+00   0.0000000E+00   0.0000000E+00   0.0000000E+00   0.0000000E+00
   3.2060884E-01   7.0232764E+04   7.0232764E+04   4.1570855E-01   5.5067421E-03   1.7278329E+01   6.9869525E+04   7.0232764E+04   0.0000000E+00   0.0000000E+00   0.0000000E+00   0.0000000E+00   0.0000000E+00
   3.3145944E-01   6.6705186E+04   6.6705186E+04   3.7386350E-01   4.8981496E-03   1.6409770E+01   6.6360185E+04   6.6705186E+04   0.0000000E+00   0.0000000E+00   0.0000000E+00   0.0000000E+00   0.0000000E+00
   3.4271455E-01   6.3028576E+04   6.3028576E+04   3.2822999E-01   4.3380720E-03   1.5461574E+01   6.2702586E+04   6.3028576E+04   0.0000000E+00   0.0000000E+00   0.0000000E+00   0.0000000E+00   0.0000000E+00
   3.5439832E-01   5.9652303E+04   5.9652303E+04   2.9290932E-01   3.8434247E-03   1.4635084E+01   5.9343770E+04   5.9652303E+04   0.0000000E+00   0.0000000E+00   0.0000000E+00   0.0000000E+00   0.0000000E+00
   3.6653796E-01   5.6774150E+04   5.6774150E+04   2.6075658E-01   3.4163369E-03   1.3916370E+01   5.6480500E+04   5.6774150E+04   0.0000000E+00   0.0000000E+00   0.0000000E+00   0.0000000E+00   0.0000000E+00
   3.7916424E-01   5.4159553E+04   5.4159553E+04   2.3121817E-01   3.0409784E-03   1.3261978E+01   5.3879423E+04   5.4159553E+04   0.0000000E+00   0.0000000E+00   0.0000000E+00   0.0000000E+00   0.0000000E+00
   3.9231220E-01   5.1467568E+04   5.1467568E+04   2.0566963E-01   2.6992442E-03   1.2584565E+01   5.1201359E+04   5.1467568E+04   0.0000000E+00   0.0000000E+00   0.0000000E+00   0.0000000E+00   0.0000000E+00
   4.0602192E-01   4.8669587E+04   4.8669587E+04   1.8126680E-01   2.3852322E-03   1.1915024E+01   4.8417848E+04   4.8669587E+04   0.0000000E+00   0.0000000E+00   0.0000000E+00   0.0000000E+00   0.0000000E+00
   4.2033956E-01   4.6020314E+04   4.6020314E+04   1.6022478E-01   2.1060615E-03   1.1249702E+01   4.5782275E+04   4.6020314E+04   0.0000000E+00   0.0000000E+00   0.0000000E+00   0.0000000E+00   0.0000000E+00
   4.3531860E-01   4.3649614E+04   4.3649614E+04   1.4103142E-01   1.8613270E-03   1.0659146E+01   4.3423835E+04   4.3649614E+04   0.0000000E+00   0.0000000E+00   0.0000000E+00   0.0000000E+00   0.0000000E+00
   4.5102142E-01   4.1394202E+04   4.1394202E+04   1.2471030E-01   1.6432747E-03   1.0107385E+01   4.1180088E+04   4.1394202E+04   0.0000000E+00   0.0000000E+00   0.0000000E+00   0.0000000E+00   0.0000000E+00
   4.6752133E-01   3.9105366E+04   3.9105366E+04   1.0985347E-01   1.4453998E-03   9.5465189E+00   3.8903088E+04   3.9105366E+04   0.0000000E+00   0.0000000E+00   0.0000000E+00   0.0000000E+00   0.0000000E+00
   4.8490510E-01   3.6877531E+04   3.6877531E+04   9.6297917E-02   1.2675943E-03   8.9885367E+00   3.6686776E+04   3.6877531E+04   0.0000000E+00   0.0000000E+00   0.0000000E+00   0.0000000E+00   0.0000000E+00
   5.0327622E-01   3.4809435E+04   3.4809435E+04   8.4331917E-02   1.1103199E-03   8.4775545E+00   3.4629376E+04   3.4809435E+04   0.0000000E+00   0.0000000E+00   0.0000000E+00   0.0000000E+00   0.0000000E+00
   5.2275914E-01   3.2810625E+04   3.2810625E+04   7.3745343E-02   9.6980731E-04   8.0014445E+00   3.2640904E+04   3.2810625E+04   0.0000000E+00   0.0000000E+00   0.0000000E+00   0.0000000E+00   0.0000000E+00
   5.4350472E-01   3.0828110E+04   3.0828110E+04   6.4080019E-02   8.4318528E-04   7.5142179E+00   3.0668643E+04   3.0828110E+04   0.0000000E+00   0.0000000E+00   0.0000000E+00   0.0000000E+00   0.0000000E+00
   5.6569719E-01   2.8931303E+04   2.8931303E+04   5.5479275E-02   7.3047281E-04   7.0400907E+00   2.8781646E+04   2.8931303E+04   0.0000000E+00   0.0000000E+00   0.0000000E+00   0.0000000E+00   0.0000000E+00
   5.8956310E-01   2.7099923E+04   2.7099923E+04   4.7837665E-02   6.2987770E-04   6.5870472E+00   2.6959740E+04   2.7099923E+04   0.0000000E+00   0.0000000E+00   0.0000000E+00   0.0000000E+00   0.0000000E+00
   6.1538251E-01   2.5297415E+04   2.5297415E+04   4.0995971E-02   5.3968174E-04   6.1597136E+00   2.5166554E+04   2.5297415E+04   0.0000000E+00   0.0000000E+00   0.0000000E+00   0.0000000E+00   0.0000000E+00
   6.4350236E-01   2.3552754E+04   2.3552754E+04   3.4904959E-02   4.5951481E-04   5.7194425E+00   2.3430917E+04   2.3552754E+04   0.0000000E+00   0.0000000E+00   0.0000000E+00   0.0000000E+00   0.0000000E+00
   6.7435121E-01   2.1842808E+04   2.1842808E+04   2.9480738E-02   3.8806585E-04   5.3032842E+00   2.1729816E+04   2.1842808E+04   0.0000000E+00   0.0000000E+00   0.0000000E+00   0.0000000E+00   0.0000000E+00
   7.0845246E-01   2.0171387E+04   2.0171387E+04   2.4670307E-02   3.2467588E-04   4.9001589E+00   2.0067041E+04   2.0171387E+04   0.0000000E+00   0.0000000E+00   0.0000000E+00   0.0000000E+00   0.0000000E+00
   7.4642941E-01   1.8535015E+04   1.8535015E+04   2.0420456E-02   2.6878233E-04   4.4983920E+00   1.8439134E+04   1.8535015E+04   0.0000000E+00   0.0000000E+00   0.0000000E+00   0.0000000E+00   0.0000000E+00
   7.8898988E-01   1.6937400E+04   1.6937400E+04   1.6701105E-02   2.1981982E-04   4.1081364E+00   1.6849783E+04   1.6937400E+04   0.0000000E+00   0.0000000E+00   0.0000000E+00   0.0000000E+00   0.0000000E+00
   8.3687369E-01   1.5384172E+04   1.5384172E+04   1.3483824E-02   1.7744808E-04   3.7375066E+00   1.5304589E+04   1.5384172E+04   0.0000000E+00   0.0000000E+00   0.0000000E+00   0.0000000E+00   0.0000000E+00
   8.9075312E-01   1.3888829E+04   1.3888829E+04   1.0745213E-02   1.4141620E-04   3.3732471E+00   1.3816981E+04   1.3888829E+04   0.0000000E+00   0.0000000E+00   0.0000000E+00   0.0000000E+00   0.0000000E+00
   9.5110888E-01   1.2468666E+04   1.2468666E+04   8.4611801E-03   1.1135497E-04   3.0228265E+00   1.2404164E+04   1.2468666E+04   0.0000000E+00   0.0000000E+00   0.0000000E+00   0.0000000E+00   0.0000000E+00
   1.0181537E+00   1.1141682E+04   1.1141682E+04   6.5978533E-03   8.6834821E-05   2.7014130E+00   1.1084045E+04   1.1141682E+04   0.0000000E+00   0.0000000E+00   0.0000000E+00   0.0000000E+00   0.0000000E+00
   1.0918790E+00   9.9217270E+03   9.9217270E+03   5.1088555E-03   6.7231319E-05   2.4067154E+00   9.8704007E+03   9.9217270E+03   0.0000000E+00   0.0000000E+00   0.0000000E+00   0.0000000E+00   0.0000000E+00
   1.1722092E+00   8.8153744E+03   8.8153744E+03   3.9384266E-03   5.1829462E-05   2.1382463E+00   8.7697712E+03   8.8153744E+03   0.0000000E+00   0.0000000E+00   0.0000000E+00   0.0000000E+00   0.0000000E+00
   1.2591578E+00   7.8214758E+03   7.8214758E+03   3.0284957E-03   3.9854281E-05   1.8945936E+00   7.7810141E+03   7.8214758E+03   0.0000000E+00   0.0000000E+00   0.0000000E+00   0.0000000E+00   0.0000000E+00
   1.3529000E+00   6.9334540E+03   6.9334540E+03   2.3255335E-03   3.0602395E-05   1.6813383E+00   6.8975861E+03   6.9334540E+03   0.0000000E+00   0.0000000E+00   0.0000000E+00   0.0000000E+00   0.0000000E+00
   1.4537669E+00   6.1425442E+03   6.1425442E+03   1.7843042E-03   2.3481213E-05   1.4876248E+00   6.1107678E+03   6.1425442E+03   0.0000000E+00   0.0000000E+00   0.0000000E+00   0.0000000E+00   0.0000000E+00
   1.5622079E+00   5.4391847E+03   5.4391847E+03   1.3682683E-03   1.8005670E-05   1.3181977E+00   5.4110469E+03   5.4391847E+03   0.0000000E+00   0.0000000E+00   0.0000000E+00   0.0000000E+00   0.0000000E+00
   1.6787552E+00   4.8142813E+03   4.8142813E+03   1.0487615E-03   1.3801393E-05   1.1652104E+00   4.7893762E+03   4.8142813E+03   0.0000000E+00   0.0000000E+00   0.0000000E+00   0.0000000E+00   0.0000000E+00
   1.8040021E+00   4.2594307E+03   4.2594307E+03   8.0352346E-04   1.0574124E-05   1.0310127E+00   4.2373958E+03   4.2594307E+03   0.0000000E+00   0.0000000E+00   0.0000000E+00   0.0000000E+00   0.0000000E+00
   1.9385946E+00   3.7670554E+03   3.7670554E+03   6.1545050E-04   8.0982487E-06   9.1252776E-01   3.7475677E+03   3.7670554E+03   0.0000000E+00   0.0000000E+00   0.0000000E+00   0.0000000E+00   0.0000000E+00
   2.0832289E+00   3.3303251E+03   3.3303251E+03   4.7130608E-04   6.1998954E-06   8.0599666E-01   3.3130966E+03   3.3303251E+03   0.0000000E+00   0.0000000E+00   0.0000000E+00   0.0000000E+00   0.0000000E+00
   2.2386540E+00   2.9431503E+03   2.9431503E+03   3.6061965E-04   4.7445846E-06   7.1312594E-01   2.9279248E+03   2.9431503E+03   0.0000000E+00   0.0000000E+00   0.0000000E+00   0.0000000E+00   0.0000000E+00
   2.4056752E+00   2.6000569E+03   2.6000569E+03   2.7586030E-04   3.6298274E-06   6.2913005E-01   2.5866062E+03   2.6000569E+03   0.0000000E+00   0.0000000E+00   0.0000000E+00   0.0000000E+00   0.0000000E+00
   2.5851573E+00   2.2961627E+03   2.2961627E+03   2.1095879E-04   2.7759222E-06   5.5587416E-01   2.2842841E+03   2.2961627E+03   0.0000000E+00   0.0000000E+00   0.0000000E+00   0.0000000E+00   0.0000000E+00
   2.7780303E+00   2.0271067E+03   2.0271067E+03   1.6127481E-04   2.1221379E-06   4.9073666E-01   2.0166200E+03   2.0271067E+03   0.0000000E+00   0.0000000E+00   0.0000000E+00   0.0000000E+00   0.0000000E+00
   2.9852931E+00   1.7889938E+03   1.7889938E+03   1.2325283E-04   1.6219066E-06   4.3287766E-01   1.7797390E+03   1.7889938E+03   0.0000000E+00   0.0000000E+00   0.0000000E+00   0.0000000E+00   0.0000000E+00
   3.2080194E+00   1.5783502E+03   1.5783502E+03   9.4165250E-05   1.2391366E-06   3.8216087E-01   1.5701850E+03   1.5783502E+03   0.0000000E+00   0.0000000E+00   0.0000000E+00   0.0000000E+00   0.0000000E+00
   3.4473627E+00   1.3920797E+03   1.3920797E+03   7.1920310E-05   9.4643892E-07   3.3698866E-01   1.3848782E+03   1.3920797E+03   0.0000000E+00   0.0000000E+00   0.0000000E+00   0.0000000E+00   0.0000000E+00
   3.7045630E+00   1.2274248E+03   1.2274248E+03   5.4914806E-05   7.2267267E-07   2.9707137E-01   1.2210750E+03   1.2274248E+03   0.0000000E+00   0.0000000E+00   0.0000000E+00   0.0000000E+00   0.0000000E+00
   3.9809524E+00   1.0819304E+03   1.0819304E+03   4.1926147E-05   5.5163108E-07   2.6201824E-01   1.0763333E+03   1.0819304E+03   0.0000000E+00   0.0000000E+00   0.0000000E+00   0.0000000E+00   0.0000000E+00
   4.2779626E+00   9.5341266E+02   9.5341266E+02   3.1991655E-05   4.2097765E-07   2.3073641E-01   9.4848044E+02   9.5341266E+02   0.0000000E+00   0.0000000E+00   0.0000000E+00   0.0000000E+00   0.0000000E+00
   4.5971321E+00   8.3992989E+02   8.3992989E+02   2.4404084E-05   3.2116197E-07   2.0341375E-01   8.3558474E+02   8.3992989E+02   0.0000000E+00   0.0000000E+00   0.0000000E+00   0.0000000E+00   0.0000000E+00
   4.9401141E+00   7.3975675E+02   7.3975675E+02   1.8612208E-05   2.4495519E-07   1.7913754E-01   7.3592982E+02   7.3975675E+02   0.0000000E+00   0.0000000E+00   0.0000000E+00   0.0000000E+00   0.0000000E+00
   5.3086853E+00   6.5136098E+02   6.5136098E+02   1.4191427E-05   1.8678676E-07   1.5768967E-01   6.4799134E+02   6.5136098E+02   0.0000000E+00   0.0000000E+00   0.0000000E+00   0.0000000E+00   0.0000000E+00
   5.7047548E+00   5.7338254E+02   5.7338254E+02   1.0817545E-05   1.4239882E-07   1.3883156E-01   5.7041630E+02   5.7338254E+02   0.0000000E+00   0.0000000E+00   0.0000000E+00   0.0000000E+00   0.0000000E+00
   6.1303742E+00   5.0461482E+02   5.0461482E+02   8.2464679E-06   1.0852971E-07   1.2218892E-01   5.0200433E+02   5.0461482E+02   0.0000000E+00   0.0000000E+00   0.0000000E+00   0.0000000E+00   0.0000000E+00
   6.5877481E+00   4.4398789E+02   4.4398789E+02   6.2820342E-06   8.2699769E-08   1.0749144E-01   4.4169104E+02   4.4398789E+02   0.0000000E+00   0.0000000E+00   0.0000000E+00   0.0000000E+00   0.0000000E+00
   7.0792456E+00   3.9055349E+02   3.9055349E+02   4.7851613E-06   6.3003135E-08   9.4547382E-02   3.8853307E+02   3.9055349E+02   0.0000000E+00   0.0000000E+00   0.0000000E+00   0.0000000E+00   0.0000000E+00
   7.6074128E+00   3.4347156E+02   3.4347156E+02   3.6440780E-06   4.7986175E-08   8.3170897E-02   3.4169470E+02   3.4347156E+02   0.0000000E+00   0.0000000E+00   0.0000000E+00   0.0000000E+00   0.0000000E+00
   8.1749853E+00   3.0199821E+02   3.0199821E+02   2.7751816E-06   3.6541867E-08   7.3111641E-02   3.0043591E+02   3.0199821E+02   0.0000000E+00   0.0000000E+00   0.0000000E+00   0.0000000E+00   0.0000000E+00
