#           k/h    CDM            baryon         photon         nu             mass_nu        total          no_nu          total_de       Weyl           v_CDM          v_b            v_b-v_c     
   9.9069205E-06   1.9499944E+07   1.9499944E+07   2.5988285E+07   1.6382942E+04   2.0387057E+07   1.9499967E+07   1.9499944E+07   0.0000000E+00   0.0000000E+00   0.0000000E+00   0.0000000E+00   0.0000000E+00
   1.0646054E-05   1.9499940E+07   1.9499940E+07   2.5986477E+07   1.6382211E+04   2.0386616E+07   1.9499962E+07   1.9499940E+07   0.0000000E+00   0.0000000E+00   0.0000000E+00   0.0000000E+00   0.0000000E+00
   1.1440333E-05   1.9499934E+07   1.9499934E+07   2.5984390E+07   1.6381366E+04   2.0386107E+07   1.9499956E+07   1.9499934E+07   0.0000000E+00   0.0000000E+00   0.0000000E+00   0.0000000E+00   0.0000000E+00
   1.2293872E-05   1.9499928E+07   1.9499928E+07   2.5981980E+07   1.6380390E+04   2.0385520E+07   1.9499950E+07   1.9499928E+07   0.0000000E+00   0.0000000E+00   0.0000000E+00   0.0000000E+00   0.0000000E+00
   1.3211091E-05   1.9499921E+07   1.9499921E+07   2.5979197E+07   1.6379264E+04   2.0384842E+07   1.9499942E+07   1.9499921E+07   0.0000000E+00   0.0000000E+00   0.0000000E+00   0.0000000E+00   0.0000000E+00
   1.4196742E-05   1.9499913E+07   1.9499913E+07   2.5975983E+07   1.6377963E+04   2.0384058E+07   1.9499933E+07   1.9499913E+07   0.0000000E+00   0.0000000E+00   0.0000000E+00   0.0000000E+00   0.0000000E+00
   1.5255930E-05   1.9499903E+07   1.9499903E+07   2.5972273E+07   1.6376461E+04   2.0383154E+07   1.9499923E+07   1.9499903E+07   0.0000000E+00   0.0000000E+00   0.0000000E+00   0.0000000E+00   0.0000000E+00
   1.6394142E-05   1.9499892E+07   1.9499892E+07   2.5967989E+07   1.6374727E+04   2.0382110E+07   1.9499912E+07   1.9499892E+07   0.0000000E+00   0.0000000E+00   0.0000000E+00   0.0000000E+00   0.0000000E+00
   1.7617273E-05   1.9499879E+07   1.9499879E+07   2.5963043E+07   1.6372724E+04   2.0380905E+07   1.9499899E+07   1.9499879E+07   0.0000000E+00   0.0000000E+00   0.0000000E+00   0.0000000E+00   0.0000000E+00
   1.8931659E-05   1.9499865E+07   1.9499865E+07   2.5957332E+07   1.6370412E+04   2.0379514E+07   1.9499883E+07   1.9499865E+07   0.0000000E+00   0.0000000E+00   0.0000000E+00   0.0000000E+00   0.0000000E+00
   2.0344109E-05   1.9499848E+07   1.9499848E+07   2.5950739E+07   1.6367743E+04   2.0377907E+07   1.9499865E+07   1.9499848E+07   0.0000000E+00   0.0000000E+00   0.0000000E+00   0.0000000E+00   0.0000000E+00
   2.1861939E-05   1.9499828E+07   1.9499828E+07   2.5943127E+07   1.6364661E+04   2.0376053E+07   1.9499845E+07   1.9499828E+07   0.0000000E+00   0.0000000E+00   0.0000000E+00   0.0000000E+00   0.0000000E+00
   2.3493011E-05   1.9499805E+07   1.9499805E+07   2.5934340E+07   1.6361103E+04   2.0373913E+07   1.9499821E+07   1.9499805E+07   0.0000000E+00   0.0000000E+00   0.0000000E+00   0.0000000E+00   0.0000000E+00
   2.5245773E-05   1.9499779E+07   1.9499779E+07   2.5924196E+07   1.6356995E+04   2.0371443E+07   1.9499794E+07   1.9499779E+07   0.0000000E+00   0.0000000E+00   0.0000000E+00   0.0000000E+00   0.0000000E+00
   2.7129306E-05   1.9499749E+07   1.9499749E+07   2.5912487E+07   1.6352253E+04   2.0368592E+07   1.9499762E+07   1.9499749E+07   0.0000000E+00   0.0000000E+00   0.0000000E+00   0.0000000E+00   0.0000000E+00
   2.9153364E-05   1.9499714E+07   1.9499714E+07   2.5898971E+07   1.6346778E+04   2.0365302E+07   1.9499726E+07   1.9499714E+07   0.0000000E+00   0.0000000E+00   0.0000000E+00   0.0000000E+00   0.0000000E+00
   3.1328433E-05   1.9499673E+07   1.9499673E+07   2.5883372E+07   1.6340459E+04   2.0361505E+07   1.9499684E+07   1.9499673E+07   0.0000000E+00   0.0000000E+00   0.0000000E+00   0.0000000E+00   0.0000000E+00
   3.3665780E-05   1.9499627E+07   1.9499627E+07   2.5865369E+07   1.6333165E+04   2.0357125E+07   1.9499635E+07   1.9499627E+07   0.0000000E+00   0.0000000E+00   0.0000000E+00   0.0000000E+00   0.0000000E+00
   3.6177511E-05   1.9499573E+07   1.9499573E+07   2.5844594E+07   1.6324747E+04   2.0352072E+07   1.9499579E+07   1.9499573E+07   0.0000000E+00   0.0000000E+00   0.0000000E+00   0.0000000E+00   0.0000000E+00
   3.8876636E-05   1.9499511E+07   1.9499511E+07   2.5820622E+07   1.6315032E+04   2.0346244E+07   1.9499514E+07   1.9499511E+07   0.0000000E+00   0.0000000E+00   0.0000000E+00   0.0000000E+00   0.0000000E+00
   4.1777137E-05   1.9499439E+07   1.9499439E+07   2.5792966E+07   1.6303821E+04   2.0339523E+07   1.9499439E+07   1.9499439E+07   0.0000000E+00   0.0000000E+00   0.0000000E+00   0.0000000E+00   0.0000000E+00
   4.4894039E-05   1.9499356E+07   1.9499356E+07   2.5761064E+07   1.6290886E+04   2.0331774E+07   1.9499353E+07   1.9499356E+07   0.0000000E+00   0.0000000E+00   0.0000000E+00   0.0000000E+00   0.0000000E+00
   4.8243486E-05   1.9499261E+07   1.9499261E+07   2.5724269E+07   1.6275962E+04   2.0322842E+07   1.9499253E+07   1.9499261E+07   0.0000000E+00   0.0000000E+00   0.0000000E+00   0.0000000E+00   0.0000000E+00
   5.1842827E-05   1.9499150E+07   1.9499150E+07   2.5681840E+07   1.6258748E+04   2.0312550E+07   1.9499137E+07   1.9499150E+07   0.0000000E+00   0.0000000E+00   0.0000000E+00   0.0000000E+00   0.0000000E+00
   5.5710708E-05   1.9499023E+07   1.9499023E+07   2.5632926E+07   1.6238895E+04   2.0300693E+07   1.9499004E+07   1.9499023E+07   0.0000000E+00   0.0000000E+00   0.0000000E+00   0.0000000E+00   0.0000000E+00
   5.9867163E-05   1.9498876E+07   1.9498876E+07   2.5576548E+07   1.6216002E+04   2.0287040E+07   1.9498851E+07   1.9498876E+07   0.0000000E+00   0.0000000E+00   0.0000000E+00   0.0000000E+00   0.0000000E+00
   6.4333722E-05   1.9498706E+07   1.9498706E+07   2.5511587E+07   1.6189611E+04   2.0271324E+07   1.9498674E+07   1.9498706E+07   0.0000000E+00   0.0000000E+00   0.0000000E+00   0.0000000E+00   0.0000000E+00
   6.9133521E-05   1.9498510E+07   1.9498510E+07   2.5436763E+07   1.6159196E+04   2.0253245E+07   1.9498469E+07   1.9498510E+07   0.0000000E+00   0.0000000E+00   0.0000000E+00   0.0000000E+00   0.0000000E+00
   7.4291423E-05   1.9498284E+07   1.9498284E+07   2.5350613E+07   1.6124151E+04   2.0232458E+07   1.9498233E+07   1.9498284E+07   0.0000000E+00   0.0000000E+00   0.0000000E+00   0.0000000E+00   0.0000000E+00
   7.9834145E-05   1.9498023E+07   1.9498023E+07   2.5251466E+07   1.6083789E+04   2.0208573E+07   1.9497960E+07   1.9498023E+07   0.0000000E+00   0.0000000E+00   0.0000000E+00   0.0000000E+00   0.0000000E+00
   8.5790397E-05   1.9497722E+07   1.9497722E+07   2.5137423E+07   1.6037320E+04   2.0181152E+07   1.9497646E+07   1.9497722E+07   0.0000000E+00   0.0000000E+00   0.0000000E+00   0.0000000E+00   0.0000000E+00
   9.2191033E-05   1.9497374E+07   1.9497374E+07   2.5006326E+07   1.5983846E+04   2.0149699E+07   1.9497283E+07   1.9497374E+07   0.0000000E+00   0.0000000E+00   0.0000000E+00   0.0000000E+00   0.0000000E+00
   9.9069205E-05   1.9496973E+07   1.9496973E+07   2.4855731E+07   1.5922344E+04   2.0113659E+07   1.9496864E+07   1.9496973E+07   0.0000000E+00   0.0000000E+00   0.0000000E+00   0.0000000E+00   0.0000000E+00
   1.0646054E-04   1.9496511E+07   1.9496511E+07   2.4682879E+07   1.5851653E+04   2.0072413E+07   1.9496381E+07   1.9496511E+07   0.0000000E+00   0.0000000E+00   0.0000000E+00   0.0000000E+00   0.0000000E+00
   1.1440333E-04   1.9495977E+07   1.9495977E+07   2.4484670E+07   1.5770459E+04   2.0025275E+07   1.9495824E+07   1.9495977E+07   0.0000000E+00   0.0000000E+00   0.0000000E+00   0.0000000E+00   0.0000000E+00
   1.2293872E-04   1.9495362E+07   1.9495362E+07   2.4257632E+07   1.5677279E+04   1.9971493E+07   1.9495182E+07   1.9495362E+07   0.0000000E+00   0.0000000E+00   0.0000000E+00   0.0000000E+00   0.0000000E+00
   1.3211091E-04   1.9494653E+07   1.9494653E+07   2.3997900E+07   1.5570449E+04   1.9910245E+07   1.9494442E+07   1.9494653E+07   0.0000000E+00   0.0000000E+00   0.0000000E+00   0.0000000E+00   0.0000000E+00
   1.4196742E-04   1.9493836E+07   1.9493836E+07   2.3701201E+07   1.5448104E+04   1.9840649E+07   1.9493588E+07   1.9493836E+07   0.0000000E+00   0.0000000E+00   0.0000000E+00   0.0000000E+00   0.0000000E+00
   1.5255930E-04   1.9492894E+07   1.9492894E+07   2.3362850E+07   1.5308172E+04   1.9761768E+07   1.9492605E+07   1.9492894E+07   0.0000000E+00   0.0000000E+00   0.0000000E+00   0.0000000E+00   0.0000000E+00
   1.6394142E-04   1.9491810E+07   1.9491810E+07   2.2977757E+07   1.5148365E+04   1.9672628E+07   1.9491472E+07   1.9491810E+07   0.0000000E+00   0.0000000E+00   0.0000000E+00   0.0000000E+00   0.0000000E+00
   1.7617273E-04   1.9490561E+07   1.9490561E+07   2.2540461E+07   1.4966174E+04   1.9572243E+07   1.9490168E+07   1.9490561E+07   0.0000000E+00   0.0000000E+00   0.0000000E+00   0.0000000E+00   0.0000000E+00
   1.8931659E-04   1.9489124E+07   1.9489124E+07   2.2045198E+07   1.4758880E+04   1.9459649E+07   1.9488668E+07   1.9489124E+07   0.0000000E+00   0.0000000E+00   0.0000000E+00   0.0000000E+00   0.0000000E+00
   2.0344109E-04   1.9487471E+07   1.9487471E+07   2.1485999E+07   1.4523568E+04   1.9333952E+07   1.9486941E+07   1.9487471E+07   0.0000000E+00   0.0000000E+00   0.0000000E+00   0.0000000E+00   0.0000000E+00
   2.1861939E-04   1.9485571E+07   1.9485571E+07   2.0856858E+07   1.4257166E+04   1.9194395E+07   1.9484956E+07   1.9485571E+07   0.0000000E+00   0.0000000E+00   0.0000000E+00   0.0000000E+00   0.0000000E+00
   2.3493011E-04   1.9483388E+07   1.9483388E+07   2.0151949E+07   1.3956500E+04   1.9040446E+07   1.9482676E+07   1.9483388E+07   0.0000000E+00   0.0000000E+00   0.0000000E+00   0.0000000E+00   0.0000000E+00
   2.5245773E-04   1.9480882E+07   1.9480882E+07   1.9365944E+07   1.3618380E+04   1.8871897E+07   1.9480058E+07   1.9480882E+07   0.0000000E+00   0.0000000E+00   0.0000000E+00   0.0000000E+00   0.0000000E+00
   2.7129306E-04   1.9478008E+07   1.9478008E+07   1.8494423E+07   1.3239719E+04   1.8688998E+07   1.9477055E+07   1.9478008E+07   0.0000000E+00   0.0000000E+00   0.0000000E+00   0.0000000E+00   0.0000000E+00
   2.9153364E-04   1.9474713E+07   1.9474713E+07   1.7534391E+07   1.2817698E+04   1.8492603E+07   1.9473613E+07   1.9474713E+07   0.0000000E+00   0.0000000E+00   0.0000000E+00   0.0000000E+00   0.0000000E+00
   3.1328433E-04   1.9470942E+07   1.9470942E+07   1.6484929E+07   1.2349977E+04   1.8284328E+07   1.9469673E+07   1.9470942E+07   0.0000000E+00   0.0000000E+00   0.0000000E+00   0.0000000E+00   0.0000000E+00
   3.3665780E-04   1.9466629E+07   1.9466629E+07   1.5347955E+07   1.1834966E+04   1.8066715E+07   1.9465167E+07   1.9466629E+07   0.0000000E+00   0.0000000E+00   0.0000000E+00   0.0000000E+00   0.0000000E+00
   3.6177511E-04   1.9461704E+07   1.9461704E+07   1.4129084E+07   1.1272145E+04   1.7843358E+07   1.9460020E+07   1.9461704E+07   0.0000000E+00   0.0000000E+00   0.0000000E+00   0.0000000E+00   0.0000000E+00
   3.8876636E-04   1.9456088E+07   1.9456088E+07   1.2838536E+07   1.0662448E+04   1.7618981E+07   1.9454150E+07   1.9456088E+07   0.0000000E+00   0.0000000E+00   0.0000000E+00   0.0000000E+00   0.0000000E+00
   4.1777137E-04   1.9449693E+07   1.9449693E+07   1.1491992E+07   1.0008674E+04   1.7399391E+07   1.9447466E+07   1.9449693E+07   0.0000000E+00   0.0000000E+00   0.0000000E+00   0.0000000E+00   0.0000000E+00
   4.4894039E-04   1.9442424E+07   1.9442424E+07   1.0111273E+07   9.3159056E+03   1.7191257E+07   1.9439867E+07   1.9442424E+07   0.0000000E+00   0.0000000E+00   0.0000000E+00   0.0000000E+00   0.0000000E+00
   4.8243486E-04   1.9434174E+07   1.9434174E+07   8.7246040E+06   8.5918893E+03   1.7001632E+07   1.9431244E+07   1.9434174E+07   0.0000000E+00   0.0000000E+00   0.0000000E+00   0.0000000E+00   0.0000000E+00
   5.1842827E-04   1.9424830E+07   1.9424830E+07   7.3662220E+06   7.8472850E+03   1.6837148E+07   1.9421475E+07   1.9424830E+07   0.0000000E+00   0.0000000E+00   0.0000000E+00   0.0000000E+00   0.0000000E+00
   5.5710708E-04   1.9414265E+07   1.9414265E+07   6.0749979E+06   7.0956940E+03   1.6702847E+07   1.9410432E+07   1.9414265E+07   0.0000000E+00   0.0000000E+00   0.0000000E+00   0.0000000E+00   0.0000000E+00
   5.9867163E-04   1.9402344E+07   1.9402344E+07   4.8917782E+06   6.3533356E+03   1.6600679E+07   1.9397970E+07   1.9402344E+07   0.0000000E+00   0.0000000E+00   0.0000000E+00   0.0000000E+00   0.0000000E+00
   6.4333722E-04   1.9388917E+07   1.9388917E+07   3.8552629E+06   5.6382429E+03   1.6527858E+07   1.9383937E+07   1.9388917E+07   0.0000000E+00   0.0000000E+00   0.0000000E+00   0.0000000E+00   0.0000000E+00
   6.9133521E-04   1.9373821E+07   1.9373821E+07   2.9965125E+06   4.9688795E+03   1.6475434E+07   1.9368162E+07   1.9373821E+07   0.0000000E+00   0.0000000E+00   0.0000000E+00   0.0000000E+00   0.0000000E+00
   7.4291423E-04   1.9356876E+07   1.9356876E+07   2.3326614E+06   4.3621628E+03   1.6427713E+07   1.9350462E+07   1.9356876E+07   0.0000000E+00   0.0000000E+00   0.0000000E+00   0.0000000E+00   0.0000000E+00
   7.9834145E-04   1.9337884E+07   1.9337884E+07   1.8610908E+06   3.8310428E+03   1.6363304E+07   1.9330634E+07   1.9337884E+07   0.0000000E+00   0.0000000E+00   0.0000000E+00   0.0000000E+00   0.0000000E+00
   8.5790397E-04   1.9316625E+07   1.9316625E+07   1.5560529E+06   3.3820167E+03   1.6258571E+07   1.9308456E+07   1.9316625E+07   0.0000000E+00   0.0000000E+00   0.0000000E+00   0.0000000E+00   0.0000000E+00
   9.2191033E-04   1.9292856E+07   1.9292856E+07   1.3701904E+06   3.0132334E+03   1.6093709E+07   1.9283683E+07   1.9292856E+07   0.0000000E+00   0.0000000E+00   0.0000000E+00   0.0000000E+00   0.0000000E+00
   9.9069205E-04   1.9266310E+07   1.9266310E+07   1.2430053E+06   2.7140396E+03   1.5860474E+07   1.9256046E+07   1.9266310E+07   0.0000000E+00   0.0000000E+00   0.0000000E+00   0.0000000E+00   0.0000000E+00
   1.0646054E-03   1.9236695E+07   1.9236695E+07   1.1164366E+06   2.4667687E+03   1.5568754E+07   1.9225257E+07   1.9236695E+07   0.0000000E+00   0.0000000E+00   0.0000000E+00   0.0000000E+00   0.0000000E+00
   1.1440333E-03   1.9203698E+07   1.9203698E+07   9.5403520E+05   2.2510497E+03   1.5247404E+07   1.9191008E+07   1.9203698E+07   0.0000000E+00   0.0000000E+00   0.0000000E+00   0.0000000E+00   0.0000000E+00
   1.2293872E-03   1.9166989E+07   1.9166989E+07   7.5568239E+05   2.0498308E+03   1.4934898E+07   1.9152977E+07   1.9166989E+07   0.0000000E+00   0.0000000E+00   0.0000000E+00   0.0000000E+00   0.0000000E+00
   1.3211091E-03   1.9126229E+07   1.9126229E+07   5.5728695E+05   1.8548953E+03   1.4659535E+07   1.9110834E+07   1.9126229E+07   0.0000000E+00   0.0000000E+00   0.0000000E+00   0.0000000E+00   0.0000000E+00
   1.4196742E-03   1.9081070E+07   1.9081070E+07   4.0890547E+05   1.6687556E+03   1.4417942E+07   1.9064243E+07   1.9081070E+07   0.0000000E+00   0.0000000E+00   0.0000000E+00   0.0000000E+00   0.0000000E+00
   1.5255930E-03   1.9031156E+07   1.9031156E+07   3.3815601E+05   1.5006928E+03   1.4169843E+07   1.9012859E+07   1.9031156E+07   0.0000000E+00   0.0000000E+00   0.0000000E+00   0.0000000E+00   0.0000000E+00
   1.6394142E-03   1.8976118E+07   1.8976118E+07   3.2356565E+05   1.3581551E+03   1.3864807E+07   1.8956328E+07   1.8976118E+07   0.0000000E+00   0.0000000E+00   0.0000000E+00   0.0000000E+00   0.0000000E+00
   1.7617273E-03   1.8915570E+07   1.8915570E+07   3.0729093E+05   1.2393139E+03   1.3491349E+07   1.8894271E+07   1.8915570E+07   0.0000000E+00   0.0000000E+00   0.0000000E+00   0.0000000E+00   0.0000000E+00
   1.8931659E-03   1.8849109E+07   1.8849109E+07   2.4875498E+05   1.1338904E+03   1.3101047E+07   1.8826293E+07   1.8849109E+07   0.0000000E+00   0.0000000E+00   0.0000000E+00   0.0000000E+00   0.0000000E+00
   2.0344109E-03   1.8776323E+07   1.8776323E+07   1.6919299E+05   1.0329711E+03   1.2759467E+07   1.8751984E+07   1.8776323E+07   0.0000000E+00   0.0000000E+00   0.0000000E+00   0.0000000E+00   0.0000000E+00
   2.1861939E-03   1.8696795E+07   1.8696795E+07   1.2353277E+05   9.3756211E+02   1.2458138E+07   1.8670926E+07   1.8696795E+07   0.0000000E+00   0.0000000E+00   0.0000000E+00   0.0000000E+00   0.0000000E+00
   2.3493011E-03   1.8610104E+07   1.8610104E+07   1.1987872E+05   8.5408681E+02   1.2116589E+07   1.8582692E+07   1.8610104E+07   0.0000000E+00   0.0000000E+00   0.0000000E+00   0.0000000E+00   0.0000000E+00
   2.5245773E-03   1.8515808E+07   1.8515808E+07   1.0811977E+05   7.8215552E+02   1.1712730E+07   1.8486836E+07   1.8515808E+07   0.0000000E+00   0.0000000E+00   0.0000000E+00   0.0000000E+00   0.0000000E+00
   2.7129306E-03   1.8413449E+07   1.8413449E+07   7.3840964E+04   7.1474952E+02   1.1325541E+07   1.8382896E+07   1.8413449E+07   0.0000000E+00   0.0000000E+00   0.0000000E+00   0.0000000E+00   0.0000000E+00
   2.9153364E-03   1.8302558E+07   1.8302558E+07   6.0880288E+04   6.5091599E+02   1.0962040E+07   1.8270405E+07   1.8302558E+07   0.0000000E+00   0.0000000E+00   0.0000000E+00   0.0000000E+00   0.0000000E+00
   3.1328433E-03   1.8182654E+07   1.8182654E+07   6.1411586E+04   5.9442133E+02   1.0537849E+07   1.8148885E+07   1.8182654E+07   0.0000000E+00   0.0000000E+00   0.0000000E+00   0.0000000E+00   0.0000000E+00
   3.3665780E-03   1.8053239E+07   1.8053239E+07   3.9202444E+04   5.4216396E+02   1.0108489E+07   1.8017846E+07   1.8053239E+07   0.0000000E+00   0.0000000E+00   0.0000000E+00   0.0000000E+00   0.0000000E+00
   3.6177511E-03   1.7913803E+07   1.7913803E+07   3.2198081E+04   4.9238409E+02   9.7150903E+06   1.7876786E+07   1.7913803E+07   0.0000000E+00   0.0000000E+00   0.0000000E+00   0.0000000E+00   0.0000000E+00
   3.8876636E-03   1.7763837E+07   1.7763837E+07   3.3003148E+04   4.4809251E+02   9.2591325E+06   1.7725208E+07   1.7763837E+07   0.0000000E+00   0.0000000E+00   0.0000000E+00   0.0000000E+00   0.0000000E+00
   4.1777137E-03   1.7602833E+07   1.7602833E+07   1.9958026E+04   4.0629227E+02   8.8284274E+06   1.7562623E+07   1.7602833E+07   0.0000000E+00   0.0000000E+00   0.0000000E+00   0.0000000E+00   0.0000000E+00
   4.4894039E-03   1.7430299E+07   1.7430299E+07   2.1622308E+04   3.6765763E+02   8.3886086E+06   1.7388567E+07   1.7430299E+07   0.0000000E+00   0.0000000E+00   0.0000000E+00   0.0000000E+00   0.0000000E+00
   4.8243486E-03   1.7245756E+07   1.7245756E+07   1.2665140E+04   3.3194936E+02   7.9554826E+06   1.7202579E+07   1.7245756E+07   0.0000000E+00   0.0000000E+00   0.0000000E+00   0.0000000E+00   0.0000000E+00
   5.1842827E-03   1.7048722E+07   1.7048722E+07   1.5073666E+04   2.9933015E+02   7.5188348E+06   1.7004176E+07   1.7048722E+07   0.0000000E+00   0.0000000E+00   0.0000000E+00   0.0000000E+00   0.0000000E+00
   5.5710708E-03   1.6838707E+07   1.6838707E+07   8.4140696E+03   2.6936640E+02   7.0910153E+06   1.6792853E+07   1.6838707E+07   0.0000000E+00   0.0000000E+00   0.0000000E+00   0.0000000E+00   0.0000000E+00
   5.9867163E-03   1.6615211E+07   1.6615211E+07   8.7364007E+03   2.4186543E+02   6.6480963E+06   1.6568124E+07   1.6615211E+07   0.0000000E+00   0.0000000E+00   0.0000000E+00   0.0000000E+00   0.0000000E+00
   6.4333722E-03   1.6377743E+07   1.6377743E+07   7.6977905E+03   2.1625101E+02   6.2323856E+06   1.6329535E+07   1.6377743E+07   0.0000000E+00   0.0000000E+00   0.0000000E+00   0.0000000E+00   0.0000000E+00
   6.9133521E-03   1.6125831E+07   1.6125831E+07   4.4446515E+03   1.9299086E+02   5.8186562E+06   1.6076638E+07   1.6125831E+07   0.0000000E+00   0.0000000E+00   0.0000000E+00   0.0000000E+00   0.0000000E+00
   7.4291423E-03   1.5859007E+07   1.5859007E+07   3.9978390E+03   1.7188489E+02   5.4056239E+06   1.5808951E+07   1.5859007E+07   0.0000000E+00   0.0000000E+00   0.0000000E+00   0.0000000E+00   0.0000000E+00
   7.9834145E-03   1.5576794E+07   1.5576794E+07   3.9614487E+03   1.5253001E+02   5.0106431E+06   1.5526003E+07   1.5576794E+07   0.0000000E+00   0.0000000E+00   0.0000000E+00   0.0000000E+00   0.0000000E+00
   8.5790397E-03   1.5278716E+07   1.5278716E+07   3.5912158E+03   1.3492410E+02   4.6298717E+06   1.5227340E+07   1.5278716E+07   0.0000000E+00   0.0000000E+00   0.0000000E+00   0.0000000E+00   0.0000000E+00
   9.2191033E-03   1.4964302E+07   1.4964302E+07   2.9416700E+03   1.1898065E+02   4.2632194E+06   1.4912501E+07   1.4964302E+07   0.0000000E+00   0.0000000E+00   0.0000000E+00   0.0000000E+00   0.0000000E+00
   9.9069205E-03   1.4633082E+07   1.4633082E+07   2.3710378E+03   1.0460540E+02   3.9077472E+06   1.4581015E+07   1.4633082E+07   0.0000000E+00   0.0000000E+00   0.0000000E+00   0.0000000E+00   0.0000000E+00
   1.0646054E-02   1.4284596E+07   1.4284596E+07   1.9034372E+03   9.1631044E+01   3.5667180E+06   1.4232433E+07   1.4284596E+07   0.0000000E+00   0.0000000E+00   0.0000000E+00   0.0000000E+00   0.0000000E+00
   1.1440333E-02   1.3918402E+07   1.3918402E+07   1.2344676E+03   7.9990462E+01   3.2442030E+06   1.3866327E+07   1.3918402E+07   0.0000000E+00   0.0000000E+00   0.0000000E+00   0.0000000E+00   0.0000000E+00
   1.2293872E-02   1.3534092E+07   1.3534092E+07   7.5691227E+02   6.9562500E+01   2.9406440E+06   1.3482278E+07   1.3534092E+07   0.0000000E+00   0.0000000E+00   0.0000000E+00   0.0000000E+00   0.0000000E+00
   1.3211091E-02   1.3131309E+07   1.3131309E+07   9.9382668E+02   6.0260952E+01   2.6528285E+06   1.3079948E+07   1.3131309E+07   0.0000000E+00   0.0000000E+00   0.0000000E+00   0.0000000E+00   0.0000000E+00
   1.4196742E-02   1.2709787E+07   1.2709787E+07   5.7035895E+02   5.2005005E+01   2.3783603E+06   1.2659064E+07   1.2709787E+07   0.0000000E+00   0.0000000E+00   0.0000000E+00   0.0000000E+00   0.0000000E+00
   1.5255930E-02   1.2269391E+07   1.2269391E+07   6.6574881E+02   4.4678890E+01   2.1272479E+06   1.2219498E+07   1.2269391E+07   0.0000000E+00   0.0000000E+00   0.0000000E+00   0.0000000E+00   0.0000000E+00
   1.6394142E-02   1.1810179E+07   1.1810179E+07   3.2603478E+02   3.8224151E+01   1.8906459E+06   1.1761304E+07   1.1810179E+07   0.0000000E+00   0.0000000E+00   0.0000000E+00   0.0000000E+00   0.0000000E+00
   1.7617273E-02   1.1332482E+07   1.1332482E+07   2.7442435E+02   3.2550027E+01   1.6705920E+06   1.1284815E+07   1.1332482E+07   0.0000000E+00   0.0000000E+00   0.0000000E+00   0.0000000E+00   0.0000000E+00
   1.8931659E-02   1.0837004E+07   1.0837004E+07   2.4676503E+02   2.7581442E+01   1.4687946E+06   1.0790724E+07   1.0837004E+07   0.0000000E+00   0.0000000E+00   0.0000000E+00   0.0000000E+00   0.0000000E+00
   2.0344108E-02   1.0324937E+07   1.0324937E+07   1.7261007E+02   2.3254107E+01   1.2845605E+06   1.0280221E+07   1.0324937E+07   0.0000000E+00   0.0000000E+00   0.0000000E+00   0.0000000E+00   0.0000000E+00
   2.1861932E-02   9.7981094E+06   9.7981094E+06   1.4778792E+02   1.9501000E+01   1.1176460E+06   9.7551192E+06   9.7981094E+06   0.0000000E+00   0.0000000E+00   0.0000000E+00   0.0000000E+00   0.0000000E+00
   2.3492968E-02   9.2591333E+06   9.2591333E+06   1.8328338E+02   1.6265017E+01   9.6457248E+05   9.2180166E+06   9.2591333E+06   0.0000000E+00   0.0000000E+00   0.0000000E+00   0.0000000E+00   0.0000000E+00
   2.5245564E-02   8.7115807E+06   8.7115807E+06   9.3878047E+01   1.3489538E+01   8.2855783E+05   8.6724642E+06   8.7115807E+06   0.0000000E+00   0.0000000E+00   0.0000000E+00   0.0000000E+00   0.0000000E+00
   2.7128413E-02   8.1601647E+06   8.1601647E+06   6.6353256E+01   1.1125949E+01   7.0602085E+05   8.1231482E+06   8.1601647E+06   0.0000000E+00   0.0000000E+00   0.0000000E+00   0.0000000E+00   0.0000000E+00
   2.9150025E-02   7.6109442E+06   7.6109442E+06   5.2596292E+01   9.1275107E+00   5.9844847E+05   7.5760940E+06   7.6109442E+06   0.0000000E+00   0.0000000E+00   0.0000000E+00   0.0000000E+00   0.0000000E+00
   3.1317397E-02   7.0715403E+06   7.0715403E+06   4.5627826E+01   7.4532972E+00   5.0495104E+05   7.0388810E+06   7.0715403E+06   0.0000000E+00   0.0000000E+00   0.0000000E+00   0.0000000E+00   0.0000000E+00
   3.3633316E-02   6.5512769E+06   6.5512769E+06   5.5791218E+01   6.0662411E+00   4.2350556E+05   6.5207829E+06   6.5512769E+06   0.0000000E+00   0.0000000E+00   0.0000000E+00   0.0000000E+00   0.0000000E+00
   3.6092115E-02   6.0609667E+06   6.0609667E+06   3.2308544E+01   4.9323526E+00   3.5518525E+05   6.0325545E+06   6.0609667E+06   0.0000000E+00   0.0000000E+00   0.0000000E+00   0.0000000E+00   0.0000000E+00
   3.8675135E-02   5.6118588E+06   5.6118588E+06   1.8486328E+01   4.0202606E+00   2.9772997E+05   5.5853844E+06   5.6118588E+06   0.0000000E+00   0.0000000E+00   0.0000000E+00   0.0000000E+00   0.0000000E+00
   4.1349465E-02   5.2134432E+06   5.2134432E+06   1.4213546E+01   3.2984277E+00   2.5093849E+05   5.1887099E+06   5.2134432E+06   0.0000000E+00   0.0000000E+00   0.0000000E+00   0.0000000E+00   0.0000000E+00
   4.4073686E-02   4.8707717E+06   4.8707717E+06   1.1477734E+01   2.7348037E+00   2.1343036E+05   4.8475502E+06   4.8707717E+06   0.0000000E+00   0.0000000E+00   0.0000000E+00   0.0000000E+00   0.0000000E+00
   4.6809202E-02   4.5829747E+06   4.5829747E+06   9.9188578E+00   2.2972206E+00   1.8357985E+05   4.5610317E+06   4.5829747E+06   0.0000000E+00   0.0000000E+00   0.0000000E+00   0.0000000E+00   0.0000000E+00
   4.9529797E-02   4.3440586E+06   4.3440586E+06   8.7529324E+00   1.9564363E+00   1.5978254E+05   4.3231825E+06   4.3440586E+06   0.0000000E+00   0.0000000E+00   0.0000000E+00   0.0000000E+00   0.0000000E+00
   5.2224014E-02   4.1451809E+06   4.1451809E+06   7.4764533E+00   1.6878130E+00   1.4059019E+05   4.1251964E+06   4.1451809E+06   0.0000000E+00   0.0000000E+00   0.0000000E+00   0.0000000E+00   0.0000000E+00
   5.4891842E-02   3.9768350E+06   3.9768350E+06   6.3178712E+00   1.4721447E+00   1.2485770E+05   3.9576081E+06   3.9768350E+06   0.0000000E+00   0.0000000E+00   0.0000000E+00   0.0000000E+00   0.0000000E+00
   5.7539963E-02   3.8301751E+06   3.8301751E+06   5.5911084E+00   1.2953695E+00   1.1170213E+05   3.8116111E+06   3.8301751E+06   0.0000000E+00   0.0000000E+00   0.0000000E+00   0.0000000E+00   0.0000000E+00
   6.0178071E-02   3.6975730E+06   3.6975730E+06   5.3499127E+00   1.1473076E+00   1.0045720E+05   3.6796120E+06   3.6975730E+06   0.0000000E+00   0.0000000E+00   0.0000000E+00   0.0000000E+00   0.0000000E+00
   6.2816688E-02   3.5727570E+06   3.5727570E+06   5.4216703E+00   1.0206743E+00   9.0657969E+04   3.5553678E+06   3.5727570E+06   0.0000000E+00   0.0000000E+00   0.0000000E+00   0.0000000E+00   0.0000000E+00
   6.5466094E-02   3.4507865E+06   3.4507865E+06   5.5077177E+00   9.1038223E-01   8.1970525E+04   3.4339607E+06   3.4507865E+06   0.0000000E+00   0.0000000E+00   0.0000000E+00   0.0000000E+00   0.0000000E+00
   6.8135888E-02   3.3279899E+06   3.3279899E+06   5.3472258E+00   8.1286037E-01   7.4136008E+04   3.3117362E+06   3.3279899E+06   0.0000000E+00   0.0000000E+00   0.0000000E+00   0.0000000E+00   0.0000000E+00
   7.0834879E-02   3.2019072E+06   3.2019072E+06   4.8524192E+00   7.2559872E-01   6.6977756E+04   3.1862457E+06   3.2019072E+06   0.0000000E+00   0.0000000E+00   0.0000000E+00   0.0000000E+00   0.0000000E+00
   7.3571126E-02   3.0712403E+06   3.0712403E+06   3.9795947E+00   6.4691966E-01   6.0391219E+04   3.0561972E+06   3.0712403E+06   0.0000000E+00   0.0000000E+00   0.0000000E+00   0.0000000E+00   0.0000000E+00
   7.6352035E-02   2.9357979E+06   2.9357979E+06   2.6985576E+00   5.7569154E-01   5.4325041E+04   2.9213997E+06   2.9357979E+06   0.0000000E+00   0.0000000E+00   0.0000000E+00   0.0000000E+00   0.0000000E+00
   7.9184460E-02   2.7964173E+06   2.7964173E+06   1.7123817E+00   5.1114830E-01   4.8788662E+04   2.7826864E+06   2.7964173E+06   0.0000000E+00   0.0000000E+00   0.0000000E+00   0.0000000E+00   0.0000000E+00
   8.2074817E-02   2.6548464E+06   2.6548464E+06   2.5600953E+00   4.5284479E-01   4.3706360E+04   2.6417962E+06   2.6548464E+06   0.0000000E+00   0.0000000E+00   0.0000000E+00   0.0000000E+00   0.0000000E+00
   8.5029169E-02   2.5135726E+06   2.5135726E+06   2.6551417E+00   4.0046171E-01   3.8929196E+04   2.5012041E+06   2.5135726E+06   0.0000000E+00   0.0000000E+00   0.0000000E+00   0.0000000E+00   0.0000000E+00
   8.8053310E-02   2.3755907E+06   2.3755907E+06   1.4050555E+00   3.5376265E-01   3.4764170E+04   2.3638899E+06   2.3755907E+06   0.0000000E+00   0.0000000E+00   0.0000000E+00   0.0000000E+00   0.0000000E+00
   9.1152826E-02   2.2441109E+06   2.2441109E+06   1.8037394E+00   3.1253763E-01   3.0924945E+04   2.2330476E+06   2.2441109E+06   0.0000000E+00   0.0000000E+00   0.0000000E+00   0.0000000E+00   0.0000000E+00
   9.4333154E-02   2.1222183E+06   2.1222183E+06   1.8690763E+00   2.7652945E-01   2.7646327E+04   2.1117470E+06   2.1222183E+06   0.0000000E+00   0.0000000E+00   0.0000000E+00   0.0000000E+00   0.0000000E+00
   9.7599620E-02   2.0125068E+06   2.0125068E+06   1.3036780E+00   2.4541008E-01   2.4762139E+04   2.0025689E+06   2.0125068E+06   0.0000000E+00   0.0000000E+00   0.0000000E+00   0.0000000E+00   0.0000000E+00
   1.0095748E-01   1.9167219E+06   1.9167219E+06   1.0865456E+00   2.1877306E-01   2.2263296E+04   1.9072499E+06   1.9167219E+06   0.0000000E+00   0.0000000E+00   0.0000000E+00   0.0000000E+00   0.0000000E+00
   1.0441196E-01   1.8354587E+06   1.8354587E+06   1.2128422E+00   1.9610480E-01   2.0123574E+04   1.8263818E+06   1.8354587E+06   0.0000000E+00   0.0000000E+00   0.0000000E+00   0.0000000E+00   0.0000000E+00
   1.0796824E-01   1.7679667E+06   1.7679667E+06   1.1690905E+00   1.7682078E-01   1.8263294E+04   1.7592177E+06   1.7679667E+06   0.0000000E+00   0.0000000E+00   0.0000000E+00   0.0000000E+00   0.0000000E+00
   1.1163154E-01   1.7121130E+06   1.7121130E+06   5.4105499E-01   1.6029524E-01   1.6713677E+04   1.7036350E+06   1.7121130E+06   0.0000000E+00   0.0000000E+00   0.0000000E+00   0.0000000E+00   0.0000000E+00
   1.1540707E-01   1.6645433E+06   1.6645433E+06   9.2891500E-01   1.4589563E-01   1.5322747E+04   1.6562959E+06   1.6645433E+06   0.0000000E+00   0.0000000E+00   0.0000000E+00   0.0000000E+00   0.0000000E+00
   1.1930008E-01   1.6210591E+06   1.6210591E+06   8.2399926E-01   1.3303368E-01   1.4109282E+04   1.6130227E+06   1.6210591E+06   0.0000000E+00   0.0000000E+00   0.0000000E+00   0.0000000E+00   0.0000000E+00
   1.2331584E-01   1.5771912E+06   1.5771912E+06   6.9917628E-01   1.2121138E-01   1.2958621E+04   1.5693681E+06   1.5771912E+06   0.0000000E+00   0.0000000E+00   0.0000000E+00   0.0000000E+00   0.0000000E+00
   1.2745971E-01   1.5289074E+06   1.5289074E+06   7.0819692E-01   1.1006292E-01   1.1844697E+04   1.5213199E+06   1.5289074E+06   0.0000000E+00   0.0000000E+00   0.0000000E+00   0.0000000E+00   0.0000000E+00
   1.3173706E-01   1.4733452E+06   1.4733452E+06   4.5355894E-01   9.9376698E-02   1.0755433E+04   1.4660300E+06   1.4733452E+06   0.0000000E+00   0.0000000E+00   0.0000000E+00   0.0000000E+00   0.0000000E+00
   1.3615335E-01   1.4094232E+06   1.4094232E+06   5.0876678E-01   8.9095308E-02   9.7283687E+03   1.4024222E+06   1.4094232E+06   0.0000000E+00   0.0000000E+00   0.0000000E+00   0.0000000E+00   0.0000000E+00
   1.4071408E-01   1.3381712E+06   1.3381712E+06   2.9664377E-01   7.9297464E-02   8.7085964E+03   1.3315213E+06   1.3381712E+06   0.0000000E+00   0.0000000E+00   0.0000000E+00   0.0000000E+00   0.0000000E+00
   1.4542485E-01   1.2626450E+06   1.2626450E+06   2.5593091E-01   7.0149205E-02   7.7478843E+03   1.2563679E+06   1.2626450E+06   0.0000000E+00   0.0000000E+00   0.0000000E+00   0.0000000E+00   0.0000000E+00
   1.5029130E-01   1.1873598E+06   1.1873598E+06   3.1092978E-01   6.1849050E-02   6.8760984E+03   1.1814547E+06   1.1873598E+06   0.0000000E+00   0.0000000E+00   0.0000000E+00   0.0000000E+00   0.0000000E+00
   1.5531917E-01   1.1172916E+06   1.1172916E+06   2.8416225E-01   5.4559464E-02   6.0841486E+03   1.1117330E+06   1.1172916E+06   0.0000000E+00   0.0000000E+00   0.0000000E+00   0.0000000E+00   0.0000000E+00
   1.6051430E-01   1.0566324E+06   1.0566324E+06   2.8712810E-01   4.8357461E-02   5.4341589E+03   1.0513738E+06   1.0566324E+06   0.0000000E+00   0.0000000E+00   0.0000000E+00   0.0000000E+00   0.0000000E+00
   1.6588260E-01   1.0076085E+06   1.0076085E+06   2.4377466E-01   4.3202289E-02   4.8850140E+03   1.0025923E+06   1.0076085E+06   0.0000000E+00   0.0000000E+00   0.0000000E+00   0.0000000E+00   0.0000000E+00
   1.7143011E-01   9.6973126E+05   9.6973126E+05   2.3001799E-01   3.8940461E-02   4.4228235E+03   9.6490212E+05   9.6973126E+05   0.0000000E+00   0.0000000E+00   0.0000000E+00   0.0000000E+00   0.0000000E+00
   1.7716299E-01   9.3979786E+05   9.3979786E+05   1.3444997E-01   3.5336549E-02   4.0415925E+03   9.3511644E+05   9.3979786E+05   0.0000000E+00   0.0000000E+00   0.0000000E+00   0.0000000E+00   0.0000000E+00
   1.8308752E-01   9.1277283E+05   9.1277283E+05   1.3963903E-01   3.2135463E-02   3.6918580E+03   9.0822479E+05   9.1277283E+05   0.0000000E+00   0.0000000E+00   0.0000000E+00   0.0000000E+00   0.0000000E+00
   1.8921016E-01   8.8338600E+05   8.8338600E+05   1.1780091E-01   2.9125645E-02   3.3659045E+03   8.7898326E+05   8.8338600E+05   0.0000000E+00   0.0000000E+00   0.0000000E+00   0.0000000E+00   0.0000000E+00
   1.9553755E-01   8.4796547E+05   8.4796547E+05   1.2988914E-01   2.6189450E-02   3.0473529E+03   8.4373825E+05   8.4796547E+05   0.0000000E+00   0.0000000E+00   0.0000000E+00   0.0000000E+00   0.0000000E+00
   2.0207653E-01   8.0582030E+05   8.0582030E+05   9.1818171E-02   2.3320556E-02   2.7224326E+03   8.0180225E+05   8.0582030E+05   0.0000000E+00   0.0000000E+00   0.0000000E+00   0.0000000E+00   0.0000000E+00
   2.0883421E-01   7.5953384E+05   7.5953384E+05   8.1834958E-02   2.0600848E-02   2.4150546E+03   7.5574577E+05   7.5953384E+05   0.0000000E+00   0.0000000E+00   0.0000000E+00   0.0000000E+00   0.0000000E+00
   2.1581797E-01   7.1388880E+05   7.1388880E+05   9.0912255E-02   1.8146501E-02   2.1386626E+03   7.1032766E+05   7.1388880E+05   0.0000000E+00   0.0000000E+00   0.0000000E+00   0.0000000E+00   0.0000000E+00
   2.2303551E-01   6.7373949E+05   6.7373949E+05   6.4105188E-02   1.6046494E-02   1.8970353E+03   6.7037798E+05   6.7373949E+05   0.0000000E+00   0.0000000E+00   0.0000000E+00   0.0000000E+00   0.0000000E+00
   2.3049495E-01   6.4173229E+05   6.4173229E+05   5.8189513E-02   1.4315316E-02   1.7002349E+03   6.3852990E+05   6.4173229E+05   0.0000000E+00   0.0000000E+00   0.0000000E+00   0.0000000E+00   0.0000000E+00
   2.3820484E-01   6.1701827E+05   6.1701827E+05   6.9366531E-02   1.2887478E-02   1.5369914E+03   6.1393867E+05   6.1701827E+05   0.0000000E+00   0.0000000E+00   0.0000000E+00   0.0000000E+00   0.0000000E+00
   2.4617424E-01   5.9575231E+05   5.9575231E+05   5.5775773E-02   1.1649727E-02   1.3965772E+03   5.9277838E+05   5.9575231E+05   0.0000000E+00   0.0000000E+00   0.0000000E+00   0.0000000E+00   0.0000000E+00
   2.5441283E-01   5.7326768E+05   5.7326768E+05   5.5100212E-02   1.0496380E-02   1.2626574E+03   5.7040555E+05   5.7326768E+05   0.0000000E+00   0.0000000E+00   0.0000000E+00   0.0000000E+00   0.0000000E+00
   2.6293097E-01   5.4677749E+05   5.4677749E+05   4.0096347E-02   9.3768030E-03   1.1321853E+03   5.4404723E+05   5.4677749E+05   0.0000000E+00   0.0000000E+00   0.0000000E+00   0.0000000E+00   0.0000000E+00
   2.7173983E-01   5.1695135E+05   5.1695135E+05   3.6536672E-02   8.3046117E-03   1.0059584E+03   5.1436967E+05   5.1695135E+05   0.0000000E+00   0.0000000E+00   0.0000000E+00   0.0000000E+00   0.0000000E+00
   2.8085149E-01   4.8725017E+05   4.8725017E+05   3.6337584E-02   7.3323166E-03   8.8982169E+02   4.8481651E+05   4.8725017E+05   0.0000000E+00   0.0000000E+00   0.0000000E+00   0.0000000E+00   0.0000000E+00
   2.9027911E-01   4.6135047E+05   4.6135047E+05   3.2413206E-02   6.5015079E-03   7.9122800E+02   4.5904589E+05   4.6135047E+05   0.0000000E+00   0.0000000E+00   0.0000000E+00   0.0000000E+00   0.0000000E+00
   3.0003707E-01   4.4045259E+05   4.4045259E+05   2.5143912E-02   5.8103414E-03   7.0975968E+02   4.3825216E+05   4.4045259E+05   0.0000000E+00   0.0000000E+00   0.0000000E+00   0.0000000E+00   0.0000000E+00
   3.1014116E-01   4.2254871E+05   4.2254871E+05   2.2608658E-02   5.2165790E-03   6.3906020E+02   4.2043750E+05   4.2254871E+05   0.0000000E+00   0.0000000E+00   0.0000000E+00   0.0000000E+00   0.0000000E+00
   3.2060884E-01   4.0430625E+05   4.0430625E+05   2.2982484E-02   4.6711888E-03   5.7339722E+02   4.0228598E+05   4.0430625E+05   0.0000000E+00   0.0000000E+00   0.0000000E+00   0.0000000E+00   0.0000000E+00
   3.3145944E-01   3.8399909E+05   3.8399909E+05   2.0065698E-02   4.1521784E-03   5.1132772E+02   3.8208011E+05   3.8399909E+05   0.0000000E+00   0.0000000E+00   0.0000000E+00   0.0000000E+00   0.0000000E+00
   3.4271455E-01   3.6283402E+05   3.6283402E+05   1.7230753E-02   3.6711728E-03   4.5320027E+02   3.6102064E+05   3.6283402E+05   0.0000000E+00   0.0000000E+00   0.0000000E+00   0.0000000E+00   0.0000000E+00
   3.5439832E-01   3.4339790E+05   3.4339790E+05   1.5539182E-02   3.2502751E-03   4.0184833E+02   3.4168152E+05   3.4339790E+05   0.0000000E+00   0.0000000E+00   0.0000000E+00   0.0000000E+00   0.0000000E+00
   3.6653796E-01   3.2682933E+05   3.2682933E+05   1.3774854E-02   2.8920422E-03   3.5805788E+02   3.2519563E+05   3.2682933E+05   0.0000000E+00   0.0000000E+00   0.0000000E+00   0.0000000E+00   0.0000000E+00
   3.7916424E-01   3.1177796E+05   3.1177796E+05   1.2009724E-02   2.5782525E-03   3.2014666E+02   3.1021938E+05   3.1177796E+05   0.0000000E+00   0.0000000E+00   0.0000000E+00   0.0000000E+00   0.0000000E+00
   3.9231220E-01   2.9628108E+05   2.9628108E+05   1.0473224E-02   2.2889501E-03   2.8411169E+02   2.9479986E+05   2.9628108E+05   0.0000000E+00   0.0000000E+00   0.0000000E+00   0.0000000E+00   0.0000000E+00
   4.0602192E-01   2.8017403E+05   2.8017403E+05   9.1013360E-03   2.0213574E-03   2.5127771E+02   2.7877324E+05   2.8017403E+05   0.0000000E+00   0.0000000E+00   0.0000000E+00   0.0000000E+00   0.0000000E+00
   4.2033956E-01   2.6492304E+05   2.6492304E+05   8.2536018E-03   1.7837574E-03   2.2203793E+02   2.6359842E+05   2.6492304E+05   0.0000000E+00   0.0000000E+00   0.0000000E+00   0.0000000E+00   0.0000000E+00
   4.3531860E-01   2.5127572E+05   2.5127572E+05   7.3482011E-03   1.5775352E-03   1.9648214E+02   2.5001925E+05   2.5127572E+05   0.0000000E+00   0.0000000E+00   0.0000000E+00   0.0000000E+00   0.0000000E+00
   4.5102142E-01   2.3829207E+05   2.3829207E+05   6.3582247E-03   1.3937599E-03   1.7350791E+02   2.3710046E+05   2.3829207E+05   0.0000000E+00   0.0000000E+00   0.0000000E+00   0.0000000E+00   0.0000000E+00
   4.6752133E-01   2.2511600E+05   2.2511600E+05   5.5955901E-03   1.2255987E-03   1.5267732E+02   2.2399022E+05   2.2511600E+05   0.0000000E+00   0.0000000E+00   0.0000000E+00   0.0000000E+00   0.0000000E+00
   4.8490510E-01   2.1229111E+05   2.1229111E+05   4.8592419E-03   1.0745358E-03   1.3383632E+02   2.1122941E+05   2.1229111E+05   0.0000000E+00   0.0000000E+00   0.0000000E+00   0.0000000E+00   0.0000000E+00
   5.0327622E-01   2.0038578E+05   2.0038578E+05   4.2885603E-03   9.4165354E-04   1.1718170E+02   1.9938357E+05   2.0038578E+05   0.0000000E+00   0.0000000E+00   0.0000000E+00   0.0000000E+00   0.0000000E+00
   5.2275914E-01   1.8887931E+05   1.8887931E+05   3.7293246E-03   8.2276670E-04   1.0221731E+02   1.8793461E+05   1.8887931E+05   0.0000000E+00   0.0000000E+00   0.0000000E+00   0.0000000E+00   0.0000000E+00
   5.4350472E-01   1.7746665E+05   1.7746665E+05   3.2443013E-03   7.1523543E-04   8.8721331E+01   1.7657899E+05   1.7746665E+05   0.0000000E+00   0.0000000E+00   0.0000000E+00   0.0000000E+00   0.0000000E+00
   5.6569719E-01   1.6654738E+05   1.6654738E+05   2.8145741E-03   6.1966005E-04   7.6696800E+01   1.6571430E+05   1.6654738E+05   0.0000000E+00   0.0000000E+00   0.0000000E+00   0.0000000E+00   0.0000000E+00
   5.8956310E-01   1.5600475E+05   1.5600475E+05   2.4209015E-03   5.3444228E-04   6.6032029E+01   1.5522437E+05   1.5600475E+05   0.0000000E+00   0.0000000E+00   0.0000000E+00   0.0000000E+00   0.0000000E+00
   6.1538251E-01   1.4562833E+05   1.4562833E+05   2.0780279E-03   4.5795738E-04   5.6360844E+01   1.4489983E+05   1.4562833E+05   0.0000000E+00   0.0000000E+00   0.0000000E+00   0.0000000E+00   0.0000000E+00
   6.4350236E-01   1.3558492E+05   1.3558492E+05   1.7635201E-03   3.8996006E-04   4.7787082E+01   1.3490663E+05   1.3558492E+05   0.0000000E+00   0.0000000E+00   0.0000000E+00   0.0000000E+00   0.0000000E+00
   6.7435121E-01   1.2574135E+05   1.2574135E+05   1.4886284E-03   3.2933843E-04   4.0159527E+01   1.2511229E+05   1.2574135E+05   0.0000000E+00   0.0000000E+00   0.0000000E+00   0.0000000E+00   0.0000000E+00
   7.0845246E-01   1.1611956E+05   1.1611956E+05   1.2449494E-03   2.7558664E-04   3.3369906E+01   1.1553861E+05   1.1611956E+05   0.0000000E+00   0.0000000E+00   0.0000000E+00   0.0000000E+00   0.0000000E+00
   7.4642941E-01   1.0669953E+05   1.0669953E+05   1.0293806E-03   2.2813860E-04   2.7373876E+01   1.0616570E+05   1.0669953E+05   0.0000000E+00   0.0000000E+00   0.0000000E+00   0.0000000E+00   0.0000000E+00
   7.8898988E-01   9.7502619E+04   9.7502619E+04   8.4774705E-04   1.8660562E-04   2.2153998E+01   9.7014780E+04   9.7502619E+04   0.0000000E+00   0.0000000E+00   0.0000000E+00   0.0000000E+00   0.0000000E+00
   8.3687369E-01   8.8561223E+04   8.8561223E+04   6.7722162E-04   1.5066394E-04   1.7640469E+01   8.8118108E+04   8.8561223E+04   0.0000000E+00   0.0000000E+00   0.0000000E+00   0.0000000E+00   0.0000000E+00
   8.9075312E-01   7.9953051E+04   7.9953051E+04   5.4041826E-04   1.2007119E-04   1.3816455E+01   7.9552996E+04   7.9953051E+04   0.0000000E+00   0.0000000E+00   0.0000000E+00   0.0000000E+00   0.0000000E+00
   9.5110888E-01   7.1777668E+04   7.1777668E+04   4.2469834E-04   9.4554835E-05   1.0642347E+01   7.1418509E+04   7.1777668E+04   0.0000000E+00   0.0000000E+00   0.0000000E+00   0.0000000E+00   0.0000000E+00
   1.0181537E+00   6.4138689E+04   6.4138689E+04   3.3079068E-04   7.3735825E-05   8.0758375E+00   6.3817746E+04   6.4138689E+04   0.0000000E+00   0.0000000E+00   0.0000000E+00   0.0000000E+00   0.0000000E+00
   1.0918790E+00   5.7115832E+04   5.7115832E+04   2.5586299E-04   5.7098993E-05   6.0353281E+00   5.6830025E+04   5.7115832E+04   0.0000000E+00   0.0000000E+00   0.0000000E+00   0.0000000E+00   0.0000000E+00
   1.1722092E+00   5.0746947E+04   5.0746947E+04   1.9663694E-04   4.4019815E-05   4.4639200E+00   5.0493005E+04   5.0746947E+04   0.0000000E+00   0.0000000E+00   0.0000000E+00   0.0000000E+00   0.0000000E+00
   1.2591578E+00   4.5025421E+04   4.5025421E+04   1.5162204E-04   3.3851487E-05   3.2538484E+00   4.4800106E+04   4.5025421E+04   0.0000000E+00   0.0000000E+00   0.0000000E+00   0.0000000E+00   0.0000000E+00
   1.3529000E+00   3.9913390E+04   3.9913390E+04   1.1635166E-04   2.5995390E-05   2.3410903E+00   3.9713654E+04   3.9913390E+04   0.0000000E+00   0.0000000E+00   0.0000000E+00   0.0000000E+00   0.0000000E+00
   1.4537669E+00   3.5360400E+04   3.5360400E+04   8.9173951E-05   1.9946590E-05   1.6521665E+00   3.5183446E+04   3.5360400E+04   0.0000000E+00   0.0000000E+00   0.0000000E+00   0.0000000E+00   0.0000000E+00
   1.5622079E+00   3.1311406E+04   3.1311406E+04   6.8512547E-05   1.5296877E-05   1.1385472E+00   3.1154712E+04   3.1311406E+04   0.0000000E+00   0.0000000E+00   0.0000000E+00   0.0000000E+00   0.0000000E+00
   1.6787552E+00   2.7714056E+04   2.7714056E+04   5.2356040E-05   1.1725666E-05   7.5943447E-01   2.7575364E+04   2.7714056E+04   0.0000000E+00   0.0000000E+00   0.0000000E+00   0.0000000E+00   0.0000000E+00
   1.8040021E+00   2.4519975E+04   2.4519975E+04   4.0079928E-05   8.9845074E-06   4.7941804E-01   2.4397266E+04   2.4519975E+04   0.0000000E+00   0.0000000E+00   0.0000000E+00   0.0000000E+00   0.0000000E+00
   1.9385946E+00   2.1685544E+04   2.1685544E+04   3.0677455E-05   6.8814932E-06   2.7853498E-01   2.1577018E+04   2.1685544E+04   0.0000000E+00   0.0000000E+00   0.0000000E+00   0.0000000E+00   0.0000000E+00
   2.0832289E+00   1.9171440E+04   1.9171440E+04   2.3474296E-05   5.2687957E-06   1.3299412E-01   1.9075496E+04   1.9171440E+04   0.0000000E+00   0.0000000E+00   0.0000000E+00   0.0000000E+00   0.0000000E+00
   2.2386540E+00   1.6942610E+04   1.6942610E+04   1.7957685E-05   4.0326105E-06   3.1460821E-02   1.6857820E+04   1.6942610E+04   0.0000000E+00   0.0000000E+00   0.0000000E+00   0.0000000E+00   0.0000000E+00
   2.4056752E+00   1.4967541E+04   1.4967541E+04   1.3641954E-05   3.0854145E-06   -3.9531900E-02   1.4892635E+04   1.4967541E+04   0.0000000E+00   0.0000000E+00   0.0000000E+00   0.0000000E+00   0.0000000E+00
   2.5851573E+00   1.3218128E+04   1.3218128E+04   1.0512539E-05   2.3598901E-06   -8.5050072E-02   1.3151977E+04   1.3218128E+04   0.0000000E+00   0.0000000E+00   0.0000000E+00   0.0000000E+00   0.0000000E+00
   2.7780303E+00   1.1669267E+04   1.1669267E+04   8.0320441E-06   1.8044223E-06   -1.1448308E-01   1.1610866E+04   1.1669267E+04   0.0000000E+00   0.0000000E+00   0.0000000E+00   0.0000000E+00   0.0000000E+00
   2.9852931E+00   1.0298534E+04   1.0298534E+04   6.1357798E-06   1.3792648E-06   -1.3041314E-01   1.0246993E+04   1.0298534E+04   0.0000000E+00   0.0000000E+00   0.0000000E+00   0.0000000E+00   0.0000000E+00
   3.2080194E+00   9.0859314E+03   9.0859314E+03   4.6893278E-06   1.0539831E-06   -1.3774606E-01   9.0404596E+03   9.0859314E+03   0.0000000E+00   0.0000000E+00   0.0000000E+00   0.0000000E+00   0.0000000E+00
   3.4473627E+00   8.0136370E+03   8.0136370E+03   3.5788972E-06   8.0519418E-07   -1.3925453E-01   7.9735315E+03   8.0136370E+03   0.0000000E+00   0.0000000E+00   0.0000000E+00   0.0000000E+00   0.0000000E+00
   3.7045630E+00   7.0657752E+03   7.0657752E+03   2.7298499E-06   6.1496383E-07   -1.3585381E-01   7.0304134E+03   7.0657752E+03   0.0000000E+00   0.0000000E+00   0.0000000E+00   0.0000000E+00   0.0000000E+00
   3.9809524E+00   6.2282142E+03   6.2282142E+03   2.0877176E-06   4.6956185E-07   -1.2990171E-01   6.1970440E+03   6.2282142E+03   0.0000000E+00   0.0000000E+00   0.0000000E+00   0.0000000E+00   0.0000000E+00
   4.2779626E+00   5.4883817E+03   5.4883817E+03   1.5919222E-06   3.5845476E-07   -1.2236539E-01   5.4609141E+03   5.4883817E+03   0.0000000E+00   0.0000000E+00   0.0000000E+00   0.0000000E+00   0.0000000E+00
   4.5971321E+00   4.8351002E+03   4.8351002E+03   1.2178614E-06   2.7357561E-07   -1.1367297E-01   4.8109020E+03   4.8351002E+03   0.0000000E+00   0.0000000E+00   0.0000000E+00   0.0000000E+00   0.0000000E+00
   4.9401141E+00   4.2584376E+03   4.2584376E+03   9.2551955E-07   2.0875436E-07   -1.0467977E-01   4.2371254E+03   4.2584376E+03   0.0000000E+00   0.0000000E+00   0.0000000E+00   0.0000000E+00   0.0000000E+00
   5.3086853E+00   3.7495731E+03   3.7495731E+03   7.0627126E-07   1.5926149E-07   -9.5616405E-02   3.7308076E+03   3.7495731E+03   0.0000000E+00   0.0000000E+00   0.0000000E+00   0.0000000E+00   0.0000000E+00
   5.7047548E+00   3.3006774E+03   3.3006774E+03   5.3842251E-07   1.2148226E-07   -8.6783708E-02   3.2841585E+03   3.3006774E+03   0.0000000E+00   0.0000000E+00   0.0000000E+00   0.0000000E+00   0.0000000E+00
   6.1303742E+00   2.9048046E+03   2.9048046E+03   4.1063797E-07   9.2651656E-08   -7.8456016E-02   2.8902669E+03   2.9048046E+03   0.0000000E+00   0.0000000E+00   0.0000000E+00   0.0000000E+00   0.0000000E+00
   6.5877481E+00   2.5557955E+03   2.5557955E+03   3.1269118E-07   7.0653890E-08   -7.0523149E-02   2.5430045E+03   2.5557955E+03   0.0000000E+00   0.0000000E+00   0.0000000E+00   0.0000000E+00   0.0000000E+00
   7.0792456E+00   2.2481913E+03   2.2481913E+03   2.3809748E-07   5.3873412E-08   -6.3201136E-02   2.2369397E+03   2.2481913E+03   0.0000000E+00   0.0000000E+00   0.0000000E+00   0.0000000E+00   0.0000000E+00
   7.6074128E+00   1.9771559E+03   1.9771559E+03   1.8183350E-07   4.1075290E-08   -5.6481705E-02   1.9672608E+03   1.9771559E+03   0.0000000E+00   0.0000000E+00   0.0000000E+00   0.0000000E+00   0.0000000E+00
   8.1749853E+00   1.7384072E+03   1.7384072E+03   1.3812227E-07   3.1315942E-08   -5.0318899E-02   1.7297069E+03   1.7384072E+03   0.0000000E+00   0.0000000E+00   0.0000000E+00   0.0000000E+00   0.0000000E+00
