#           k/h    CDM            baryon         photon         nu             mass_nu        total          no_nu          total_de       Weyl           v_CDM          v_b            v_b-v_c     
   1.0918610E-05   1.4829097E+07   1.4829097E+07   1.9763289E+07   8.1396695E+03   1.5769392E+07   1.4829108E+07   1.4829097E+07   0.0000000E+00   0.0000000E+00   0.0000000E+00   0.0000000E+00   0.0000000E+00
   1.1733223E-05   1.4829094E+07   1.4829094E+07   1.9761917E+07   8.1393049E+03   1.5769108E+07   1.4829105E+07   1.4829094E+07   0.0000000E+00   0.0000000E+00   0.0000000E+00   0.0000000E+00   0.0000000E+00
   1.2608614E-05   1.4829091E+07   1.4829091E+07   1.9760334E+07   8.1388838E+03   1.5768780E+07   1.4829102E+07   1.4829091E+07   0.0000000E+00   0.0000000E+00   0.0000000E+00   0.0000000E+00   0.0000000E+00
   1.3549315E-05   1.4829088E+07   1.4829088E+07   1.9758505E+07   8.1383976E+03   1.5768402E+07   1.4829098E+07   1.4829088E+07   0.0000000E+00   0.0000000E+00   0.0000000E+00   0.0000000E+00   0.0000000E+00
   1.4560200E-05   1.4829084E+07   1.4829084E+07   1.9756394E+07   8.1378361E+03   1.5767965E+07   1.4829094E+07   1.4829084E+07   0.0000000E+00   0.0000000E+00   0.0000000E+00   0.0000000E+00   0.0000000E+00
   1.5646505E-05   1.4829079E+07   1.4829079E+07   1.9753956E+07   8.1371879E+03   1.5767461E+07   1.4829090E+07   1.4829079E+07   0.0000000E+00   0.0000000E+00   0.0000000E+00   0.0000000E+00   0.0000000E+00
   1.6813856E-05   1.4829074E+07   1.4829074E+07   1.9751141E+07   8.1364393E+03   1.5766879E+07   1.4829084E+07   1.4829074E+07   0.0000000E+00   0.0000000E+00   0.0000000E+00   0.0000000E+00   0.0000000E+00
   1.8068302E-05   1.4829068E+07   1.4829068E+07   1.9747891E+07   8.1355750E+03   1.5766207E+07   1.4829078E+07   1.4829068E+07   0.0000000E+00   0.0000000E+00   0.0000000E+00   0.0000000E+00   0.0000000E+00
   1.9416338E-05   1.4829061E+07   1.4829061E+07   1.9744138E+07   8.1345770E+03   1.5765431E+07   1.4829070E+07   1.4829061E+07   0.0000000E+00   0.0000000E+00   0.0000000E+00   0.0000000E+00   0.0000000E+00
   2.0864949E-05   1.4829053E+07   1.4829053E+07   1.9739806E+07   8.1334247E+03   1.5764535E+07   1.4829062E+07   1.4829053E+07   0.0000000E+00   0.0000000E+00   0.0000000E+00   0.0000000E+00   0.0000000E+00
   2.2421638E-05   1.4829043E+07   1.4829043E+07   1.9734803E+07   8.1320943E+03   1.5763500E+07   1.4829052E+07   1.4829043E+07   0.0000000E+00   0.0000000E+00   0.0000000E+00   0.0000000E+00   0.0000000E+00
   2.4094468E-05   1.4829033E+07   1.4829033E+07   1.9729029E+07   8.1305583E+03   1.5762307E+07   1.4829041E+07   1.4829033E+07   0.0000000E+00   0.0000000E+00   0.0000000E+00   0.0000000E+00   0.0000000E+00
   2.5892104E-05   1.4829020E+07   1.4829020E+07   1.9722362E+07   8.1287849E+03   1.5760929E+07   1.4829028E+07   1.4829020E+07   0.0000000E+00   0.0000000E+00   0.0000000E+00   0.0000000E+00   0.0000000E+00
   2.7823857E-05   1.4829006E+07   1.4829006E+07   1.9714666E+07   8.1267375E+03   1.5759338E+07   1.4829013E+07   1.4829006E+07   0.0000000E+00   0.0000000E+00   0.0000000E+00   0.0000000E+00   0.0000000E+00
   2.9899735E-05   1.4828989E+07   1.4828989E+07   1.9705782E+07   8.1243740E+03   1.5757503E+07   1.4828995E+07   1.4828989E+07   0.0000000E+00   0.0000000E+00   0.0000000E+00   0.0000000E+00   0.0000000E+00
   3.2130489E-05   1.4828970E+07   1.4828970E+07   1.9695528E+07   8.1216457E+03   1.5755384E+07   1.4828975E+07   1.4828970E+07   0.0000000E+00   0.0000000E+00   0.0000000E+00   0.0000000E+00   0.0000000E+00
   3.4527675E-05   1.4828947E+07   1.4828947E+07   1.9683693E+07   8.1184963E+03   1.5752940E+07   1.4828952E+07   1.4828947E+07   0.0000000E+00   0.0000000E+00   0.0000000E+00   0.0000000E+00   0.0000000E+00
   3.7103710E-05   1.4828922E+07   1.4828922E+07   1.9670034E+07   8.1148611E+03   1.5750120E+07   1.4828926E+07   1.4828922E+07   0.0000000E+00   0.0000000E+00   0.0000000E+00   0.0000000E+00   0.0000000E+00
   3.9871937E-05   1.4828892E+07   1.4828892E+07   1.9654272E+07   8.1106655E+03   1.5746867E+07   1.4828895E+07   1.4828892E+07   0.0000000E+00   0.0000000E+00   0.0000000E+00   0.0000000E+00   0.0000000E+00
   4.2846696E-05   1.4828858E+07   1.4828858E+07   1.9636085E+07   8.1058235E+03   1.5743115E+07   1.4828859E+07   1.4828858E+07   0.0000000E+00   0.0000000E+00   0.0000000E+00   0.0000000E+00   0.0000000E+00
   4.6043395E-05   1.4828818E+07   1.4828818E+07   1.9615103E+07   8.1002362E+03   1.5738789E+07   1.4828818E+07   1.4828818E+07   0.0000000E+00   0.0000000E+00   0.0000000E+00   0.0000000E+00   0.0000000E+00
   4.9478592E-05   1.4828773E+07   1.4828773E+07   1.9590899E+07   8.0937893E+03   1.5733801E+07   1.4828770E+07   1.4828773E+07   0.0000000E+00   0.0000000E+00   0.0000000E+00   0.0000000E+00   0.0000000E+00
   5.3170083E-05   1.4828720E+07   1.4828720E+07   1.9562984E+07   8.0863517E+03   1.5728051E+07   1.4828715E+07   1.4828720E+07   0.0000000E+00   0.0000000E+00   0.0000000E+00   0.0000000E+00   0.0000000E+00
   5.7136987E-05   1.4828659E+07   1.4828659E+07   1.9530794E+07   8.0777724E+03   1.5721426E+07   1.4828652E+07   1.4828659E+07   0.0000000E+00   0.0000000E+00   0.0000000E+00   0.0000000E+00   0.0000000E+00
   6.1399853E-05   1.4828589E+07   1.4828589E+07   1.9493683E+07   8.0678778E+03   1.5713795E+07   1.4828579E+07   1.4828589E+07   0.0000000E+00   0.0000000E+00   0.0000000E+00   0.0000000E+00   0.0000000E+00
   6.5980763E-05   1.4828508E+07   1.4828508E+07   1.9450911E+07   8.0564686E+03   1.5705008E+07   1.4828495E+07   1.4828508E+07   0.0000000E+00   0.0000000E+00   0.0000000E+00   0.0000000E+00   0.0000000E+00
   7.0903445E-05   1.4828414E+07   1.4828414E+07   1.9401627E+07   8.0433159E+03   1.5694894E+07   1.4828397E+07   1.4828414E+07   0.0000000E+00   0.0000000E+00   0.0000000E+00   0.0000000E+00   0.0000000E+00
   7.6193397E-05   1.4828306E+07   1.4828306E+07   1.9344860E+07   8.0281573E+03   1.5683261E+07   1.4828285E+07   1.4828306E+07   0.0000000E+00   0.0000000E+00   0.0000000E+00   0.0000000E+00   0.0000000E+00
   8.1878020E-05   1.4828181E+07   1.4828181E+07   1.9279500E+07   8.0106921E+03   1.5669886E+07   1.4828155E+07   1.4828181E+07   0.0000000E+00   0.0000000E+00   0.0000000E+00   0.0000000E+00   0.0000000E+00
   8.7986762E-05   1.4828037E+07   1.4828037E+07   1.9204280E+07   7.9905766E+03   1.5654521E+07   1.4828005E+07   1.4828037E+07   0.0000000E+00   0.0000000E+00   0.0000000E+00   0.0000000E+00   0.0000000E+00
   9.4551263E-05   1.4827871E+07   1.4827871E+07   1.9117759E+07   7.9674179E+03   1.5636882E+07   1.4827832E+07   1.4827871E+07   0.0000000E+00   0.0000000E+00   0.0000000E+00   0.0000000E+00   0.0000000E+00
   1.0160553E-04   1.4827679E+07   1.4827679E+07   1.9018301E+07   7.9407682E+03   1.5616654E+07   1.4827633E+07   1.4827679E+07   0.0000000E+00   0.0000000E+00   0.0000000E+00   0.0000000E+00   0.0000000E+00
   1.0918610E-04   1.4827458E+07   1.4827458E+07   1.8904051E+07   7.9101179E+03   1.5593479E+07   1.4827402E+07   1.4827458E+07   0.0000000E+00   0.0000000E+00   0.0000000E+00   0.0000000E+00   0.0000000E+00
   1.1733223E-04   1.4827203E+07   1.4827203E+07   1.8772916E+07   7.8748887E+03   1.5566963E+07   1.4827137E+07   1.4827203E+07   0.0000000E+00   0.0000000E+00   0.0000000E+00   0.0000000E+00   0.0000000E+00
   1.2608614E-04   1.4826909E+07   1.4826909E+07   1.8622546E+07   7.8344257E+03   1.5536668E+07   1.4826831E+07   1.4826909E+07   0.0000000E+00   0.0000000E+00   0.0000000E+00   0.0000000E+00   0.0000000E+00
   1.3549315E-04   1.4826570E+07   1.4826570E+07   1.8450305E+07   7.7879905E+03   1.5502111E+07   1.4826477E+07   1.4826570E+07   0.0000000E+00   0.0000000E+00   0.0000000E+00   0.0000000E+00   0.0000000E+00
   1.4560200E-04   1.4826178E+07   1.4826178E+07   1.8253263E+07   7.7347531E+03   1.5462771E+07   1.4826070E+07   1.4826178E+07   0.0000000E+00   0.0000000E+00   0.0000000E+00   0.0000000E+00   0.0000000E+00
   1.5646505E-04   1.4825727E+07   1.4825727E+07   1.8028180E+07   7.6737855E+03   1.5418087E+07   1.4825601E+07   1.4825727E+07   0.0000000E+00   0.0000000E+00   0.0000000E+00   0.0000000E+00   0.0000000E+00
   1.6813856E-04   1.4825208E+07   1.4825208E+07   1.7771502E+07   7.6040556E+03   1.5367465E+07   1.4825060E+07   1.4825208E+07   0.0000000E+00   0.0000000E+00   0.0000000E+00   0.0000000E+00   0.0000000E+00
   1.8068302E-04   1.4824609E+07   1.4824609E+07   1.7479368E+07   7.5244234E+03   1.5310291E+07   1.4824437E+07   1.4824609E+07   0.0000000E+00   0.0000000E+00   0.0000000E+00   0.0000000E+00   0.0000000E+00
   1.9416338E-04   1.4823919E+07   1.4823919E+07   1.7147639E+07   7.4336402E+03   1.5245944E+07   1.4823719E+07   1.4823919E+07   0.0000000E+00   0.0000000E+00   0.0000000E+00   0.0000000E+00   0.0000000E+00
   2.0864949E-04   1.4823126E+07   1.4823126E+07   1.6771943E+07   7.3303516E+03   1.5173824E+07   1.4822893E+07   1.4823126E+07   0.0000000E+00   0.0000000E+00   0.0000000E+00   0.0000000E+00   0.0000000E+00
   2.2421638E-04   1.4822213E+07   1.4822213E+07   1.6347758E+07   7.2131072E+03   1.5093381E+07   1.4821942E+07   1.4822213E+07   0.0000000E+00   0.0000000E+00   0.0000000E+00   0.0000000E+00   0.0000000E+00
   2.4094468E-04   1.4821163E+07   1.4821163E+07   1.5870528E+07   7.0803782E+03   1.5004160E+07   1.4820849E+07   1.4821163E+07   0.0000000E+00   0.0000000E+00   0.0000000E+00   0.0000000E+00   0.0000000E+00
   2.5892104E-04   1.4819956E+07   1.4819956E+07   1.5335842E+07   6.9305858E+03   1.4905855E+07   1.4819593E+07   1.4819956E+07   0.0000000E+00   0.0000000E+00   0.0000000E+00   0.0000000E+00   0.0000000E+00
   2.7823857E-04   1.4818570E+07   1.4818570E+07   1.4739663E+07   6.7621438E+03   1.4798380E+07   1.4818150E+07   1.4818570E+07   0.0000000E+00   0.0000000E+00   0.0000000E+00   0.0000000E+00   0.0000000E+00
   2.9899735E-04   1.4816979E+07   1.4816979E+07   1.4078646E+07   6.5735188E+03   1.4681952E+07   1.4816494E+07   1.4816979E+07   0.0000000E+00   0.0000000E+00   0.0000000E+00   0.0000000E+00   0.0000000E+00
   3.2130489E-04   1.4815155E+07   1.4815155E+07   1.3350527E+07   6.3633118E+03   1.4557184E+07   1.4814595E+07   1.4815155E+07   0.0000000E+00   0.0000000E+00   0.0000000E+00   0.0000000E+00   0.0000000E+00
   3.4527675E-04   1.4813066E+07   1.4813066E+07   1.2554622E+07   6.1303642E+03   1.4425189E+07   1.4812420E+07   1.4813066E+07   0.0000000E+00   0.0000000E+00   0.0000000E+00   0.0000000E+00   0.0000000E+00
   3.7103710E-04   1.4810676E+07   1.4810676E+07   1.1692396E+07   5.8738919E+03   1.4287678E+07   1.4809930E+07   1.4810676E+07   0.0000000E+00   0.0000000E+00   0.0000000E+00   0.0000000E+00   0.0000000E+00
   3.9871937E-04   1.4807943E+07   1.4807943E+07   1.0768120E+07   5.5936470E+03   1.4147038E+07   1.4807085E+07   1.4807943E+07   0.0000000E+00   0.0000000E+00   0.0000000E+00   0.0000000E+00   0.0000000E+00
   4.2846696E-04   1.4804825E+07   1.4804825E+07   9.7895575E+06   5.2901068E+03   1.4006369E+07   1.4803837E+07   1.4804825E+07   0.0000000E+00   0.0000000E+00   0.0000000E+00   0.0000000E+00   0.0000000E+00
   4.6043395E-04   1.4801270E+07   1.4801270E+07   8.7686141E+06   4.9646796E+03   1.3869437E+07   1.4800135E+07   1.4801270E+07   0.0000000E+00   0.0000000E+00   0.0000000E+00   0.0000000E+00   0.0000000E+00
   4.9478592E-04   1.4797225E+07   1.4797225E+07   7.7218439E+06   4.6199138E+03   1.3740513E+07   1.4795922E+07   1.4797225E+07   0.0000000E+00   0.0000000E+00   0.0000000E+00   0.0000000E+00   0.0000000E+00
   5.3170083E-04   1.4792628E+07   1.4792628E+07   6.6706533E+06   4.2596848E+03   1.3624026E+07   1.4791134E+07   1.4792628E+07   0.0000000E+00   0.0000000E+00   0.0000000E+00   0.0000000E+00   0.0000000E+00
   5.7136987E-04   1.4787414E+07   1.4787414E+07   5.6409964E+06   3.8893192E+03   1.3524010E+07   1.4785703E+07   1.4787414E+07   0.0000000E+00   0.0000000E+00   0.0000000E+00   0.0000000E+00   0.0000000E+00
   6.1399853E-04   1.4781511E+07   1.4781511E+07   4.6623272E+06   3.5156070E+03   1.3443308E+07   1.4779554E+07   1.4781511E+07   0.0000000E+00   0.0000000E+00   0.0000000E+00   0.0000000E+00   0.0000000E+00
   6.5980763E-04   1.4774837E+07   1.4774837E+07   3.7655818E+06   3.1466382E+03   1.3382565E+07   1.4772604E+07   1.4774837E+07   0.0000000E+00   0.0000000E+00   0.0000000E+00   0.0000000E+00   0.0000000E+00
   7.0903445E-04   1.4767306E+07   1.4767306E+07   2.9800542E+06   2.7914001E+03   1.3339150E+07   1.4764762E+07   1.4767306E+07   0.0000000E+00   0.0000000E+00   0.0000000E+00   0.0000000E+00   0.0000000E+00
   7.6193397E-04   1.4758823E+07   1.4758823E+07   2.3292388E+06   2.4590859E+03   1.3306256E+07   1.4755930E+07   1.4758823E+07   0.0000000E+00   0.0000000E+00   0.0000000E+00   0.0000000E+00   0.0000000E+00
   8.1878020E-04   1.4749280E+07   1.4749280E+07   1.8260800E+06   2.1581097E+03   1.3272601E+07   1.4745999E+07   1.4749280E+07   0.0000000E+00   0.0000000E+00   0.0000000E+00   0.0000000E+00   0.0000000E+00
   8.7986762E-04   1.4738560E+07   1.4738560E+07   1.4685793E+06   1.8949017E+03   1.3223273E+07   1.4734849E+07   1.4738560E+07   0.0000000E+00   0.0000000E+00   0.0000000E+00   0.0000000E+00   0.0000000E+00
   9.4551263E-04   1.4726533E+07   1.4726533E+07   1.2372658E+06   1.6726748E+03   1.3142205E+07   1.4722347E+07   1.4726533E+07   0.0000000E+00   0.0000000E+00   0.0000000E+00   0.0000000E+00   0.0000000E+00
   1.0160553E-03   1.4713055E+07   1.4713055E+07   1.0963698E+06   1.4904882E+03   1.3016384E+07   1.4708349E+07   1.4713055E+07   0.0000000E+00   0.0000000E+00   0.0000000E+00   0.0000000E+00   0.0000000E+00
   1.0918610E-03   1.4697965E+07   1.4697965E+07   1.0002313E+06   1.3430312E+03   1.2841085E+07   1.4692693E+07   1.4697965E+07   0.0000000E+00   0.0000000E+00   0.0000000E+00   0.0000000E+00   0.0000000E+00
   1.1733223E-03   1.4681088E+07   1.4681088E+07   9.0503328E+05   1.2215193E+03   1.2624119E+07   1.4675206E+07   1.4681088E+07   0.0000000E+00   0.0000000E+00   0.0000000E+00   0.0000000E+00   0.0000000E+00
   1.2608614E-03   1.4662236E+07   1.4662236E+07   7.8317666E+05   1.1158365E+03   1.2386016E+07   1.4655701E+07   1.4662236E+07   0.0000000E+00   0.0000000E+00   0.0000000E+00   0.0000000E+00   0.0000000E+00
   1.3549315E-03   1.4641209E+07   1.4641209E+07   6.3422078E+05   1.0175109E+03   1.2153193E+07   1.4633981E+07   1.4641209E+07   0.0000000E+00   0.0000000E+00   0.0000000E+00   0.0000000E+00   0.0000000E+00
   1.4560200E-03   1.4617796E+07   1.4617796E+07   4.8449714E+05   9.2242122E+02   1.1944265E+07   1.4609841E+07   1.4617796E+07   0.0000000E+00   0.0000000E+00   0.0000000E+00   0.0000000E+00   0.0000000E+00
   1.5646505E-03   1.4591781E+07   1.4591781E+07   3.7064181E+05   8.3169656E+02   1.1755786E+07   1.4583068E+07   1.4591781E+07   0.0000000E+00   0.0000000E+00   0.0000000E+00   0.0000000E+00   0.0000000E+00
   1.6813856E-03   1.4562936E+07   1.4562936E+07   3.1244940E+05   7.4973764E+02   1.1559798E+07   1.4553443E+07   1.4562936E+07   0.0000000E+00   0.0000000E+00   0.0000000E+00   0.0000000E+00   0.0000000E+00
   1.8068302E-03   1.4531025E+07   1.4531025E+07   2.9363613E+05   6.8000397E+02   1.1323258E+07   1.4520735E+07   1.4531025E+07   0.0000000E+00   0.0000000E+00   0.0000000E+00   0.0000000E+00   0.0000000E+00
   1.9416338E-03   1.4495797E+07   1.4495797E+07   2.7218044E+05   6.2145549E+02   1.1041391E+07   1.4484696E+07   1.4495797E+07   0.0000000E+00   0.0000000E+00   0.0000000E+00   0.0000000E+00   0.0000000E+00
   2.0864949E-03   1.4456985E+07   1.4456985E+07   2.2040031E+05   5.6909943E+02   1.0751660E+07   1.4445066E+07   1.4456985E+07   0.0000000E+00   0.0000000E+00   0.0000000E+00   0.0000000E+00   0.0000000E+00
   2.2421638E-03   1.4414315E+07   1.4414315E+07   1.5656062E+05   5.1884792E+02   1.0497028E+07   1.4401569E+07   1.4414315E+07   0.0000000E+00   0.0000000E+00   0.0000000E+00   0.0000000E+00   0.0000000E+00
   2.4094468E-03   1.4367502E+07   1.4367502E+07   1.2149272E+05   4.7152862E+02   1.0266233E+07   1.4353921E+07   1.4367502E+07   0.0000000E+00   0.0000000E+00   0.0000000E+00   0.0000000E+00   0.0000000E+00
   2.5892104E-03   1.4316252E+07   1.4316252E+07   1.1832743E+05   4.3038571E+02   1.0001040E+07   1.4301825E+07   1.4316252E+07   0.0000000E+00   0.0000000E+00   0.0000000E+00   0.0000000E+00   0.0000000E+00
   2.7823857E-03   1.4260252E+07   1.4260252E+07   1.0722255E+05   3.9504057E+02   9.6896867E+06   1.4244965E+07   1.4260252E+07   0.0000000E+00   0.0000000E+00   0.0000000E+00   0.0000000E+00   0.0000000E+00
   2.9899735E-03   1.4199176E+07   1.4199176E+07   7.7832939E+04   3.6186776E+02   9.3907500E+06   1.4183013E+07   1.4199176E+07   0.0000000E+00   0.0000000E+00   0.0000000E+00   0.0000000E+00   0.0000000E+00
   3.2130489E-03   1.4132684E+07   1.4132684E+07   6.4131560E+04   3.3037127E+02   9.1085243E+06   1.4115627E+07   1.4132684E+07   0.0000000E+00   0.0000000E+00   0.0000000E+00   0.0000000E+00   0.0000000E+00
   3.4527675E-03   1.4060422E+07   1.4060422E+07   6.1230854E+04   3.0238331E+02   8.7846476E+06   1.4042458E+07   1.4060422E+07   0.0000000E+00   0.0000000E+00   0.0000000E+00   0.0000000E+00   0.0000000E+00
   3.7103710E-03   1.3982022E+07   1.3982022E+07   4.3884950E+04   2.7645680E+02   8.4559936E+06   1.3963138E+07   1.3982022E+07   0.0000000E+00   0.0000000E+00   0.0000000E+00   0.0000000E+00   0.0000000E+00
   3.9871937E-03   1.3897100E+07   1.3897100E+07   3.8489329E+04   2.5188449E+02   8.1437203E+06   1.3877289E+07   1.3897100E+07   0.0000000E+00   0.0000000E+00   0.0000000E+00   0.0000000E+00   0.0000000E+00
   4.2846696E-03   1.3805262E+07   1.3805262E+07   3.5944352E+04   2.2996402E+02   7.7866056E+06   1.3784523E+07   1.3805262E+07   0.0000000E+00   0.0000000E+00   0.0000000E+00   0.0000000E+00   0.0000000E+00
   4.6043395E-03   1.3706105E+07   1.3706105E+07   2.4207172E+04   2.0912937E+02   7.4521453E+06   1.3684444E+07   1.3706105E+07   0.0000000E+00   0.0000000E+00   0.0000000E+00   0.0000000E+00   0.0000000E+00
   4.9478592E-03   1.3599219E+07   1.3599219E+07   2.5082233E+04   1.8990151E+02   7.1050861E+06   1.3576658E+07   1.3599219E+07   0.0000000E+00   0.0000000E+00   0.0000000E+00   0.0000000E+00   0.0000000E+00
   5.3170083E-03   1.3484194E+07   1.3484194E+07   1.7455778E+04   1.7209512E+02   6.7597933E+06   1.3460765E+07   1.3484194E+07   0.0000000E+00   0.0000000E+00   0.0000000E+00   0.0000000E+00   0.0000000E+00
   5.7136987E-03   1.3360616E+07   1.3360616E+07   1.7385650E+04   1.5573858E+02   6.4128787E+06   1.3336353E+07   1.3360616E+07   0.0000000E+00   0.0000000E+00   0.0000000E+00   0.0000000E+00   0.0000000E+00
   6.1399853E-03   1.3228061E+07   1.3228061E+07   1.2318225E+04   1.4065504E+02   6.0736190E+06   1.3202992E+07   1.3228061E+07   0.0000000E+00   0.0000000E+00   0.0000000E+00   0.0000000E+00   0.0000000E+00
   6.5980763E-03   1.3086088E+07   1.3086088E+07   1.1397267E+04   1.2683808E+02   5.7170081E+06   1.3060243E+07   1.3086088E+07   0.0000000E+00   0.0000000E+00   0.0000000E+00   0.0000000E+00   0.0000000E+00
   7.0903445E-03   1.2934245E+07   1.2934245E+07   9.9954481E+03   1.1388542E+02   5.3821323E+06   1.2907673E+07   1.2934245E+07   0.0000000E+00   0.0000000E+00   0.0000000E+00   0.0000000E+00   0.0000000E+00
   7.6193397E-03   1.2772081E+07   1.2772081E+07   7.2592747E+03   1.0207256E+02   5.0460020E+06   1.2744849E+07   1.2772081E+07   0.0000000E+00   0.0000000E+00   0.0000000E+00   0.0000000E+00   0.0000000E+00
   8.1878020E-03   1.2599151E+07   1.2599151E+07   6.0051660E+03   9.1309949E+01   4.7120282E+06   1.2571319E+07   1.2599151E+07   0.0000000E+00   0.0000000E+00   0.0000000E+00   0.0000000E+00   0.0000000E+00
   8.7986762E-03   1.2415000E+07   1.2415000E+07   5.7098448E+03   8.1420074E+01   4.3872641E+06   1.2386631E+07   1.2415000E+07   0.0000000E+00   0.0000000E+00   0.0000000E+00   0.0000000E+00   0.0000000E+00
   9.4551263E-03   1.2219161E+07   1.2219161E+07   4.9814218E+03   7.2370249E+01   4.0742907E+06   1.2190328E+07   1.2219161E+07   0.0000000E+00   0.0000000E+00   0.0000000E+00   0.0000000E+00   0.0000000E+00
   1.0160553E-02   1.2011167E+07   1.2011167E+07   4.1855937E+03   6.4145184E+01   3.7697358E+06   1.1981953E+07   1.2011167E+07   0.0000000E+00   0.0000000E+00   0.0000000E+00   0.0000000E+00   0.0000000E+00
   1.0918610E-02   1.1790562E+07   1.1790562E+07   3.5281824E+03   5.6686873E+01   3.4747741E+06   1.1761049E+07   1.1790562E+07   0.0000000E+00   0.0000000E+00   0.0000000E+00   0.0000000E+00   0.0000000E+00
   1.1733223E-02   1.1556890E+07   1.1556890E+07   2.8377036E+03   4.9930843E+01   3.1900220E+06   1.1527165E+07   1.1556890E+07   0.0000000E+00   0.0000000E+00   0.0000000E+00   0.0000000E+00   0.0000000E+00
   1.2608614E-02   1.1309715E+07   1.1309715E+07   2.1288173E+03   4.3830700E+01   2.9189999E+06   1.1279875E+07   1.1309715E+07   0.0000000E+00   0.0000000E+00   0.0000000E+00   0.0000000E+00   0.0000000E+00
   1.3549315E-02   1.1048634E+07   1.1048634E+07   1.6966447E+03   3.8347623E+01   2.6618200E+06   1.1018772E+07   1.1048634E+07   0.0000000E+00   0.0000000E+00   0.0000000E+00   0.0000000E+00   0.0000000E+00
   1.4560200E-02   1.0773287E+07   1.0773287E+07   1.6539921E+03   3.3426497E+01   2.4157276E+06   1.0743507E+07   1.0773287E+07   0.0000000E+00   0.0000000E+00   0.0000000E+00   0.0000000E+00   0.0000000E+00
   1.5646505E-02   1.0483397E+07   1.0483397E+07   1.2116357E+03   2.9035254E+01   2.1826165E+06   1.0453798E+07   1.0483397E+07   0.0000000E+00   0.0000000E+00   0.0000000E+00   0.0000000E+00   0.0000000E+00
   1.6813856E-02   1.0178790E+07   1.0178790E+07   1.1174483E+03   2.5120034E+01   1.9645097E+06   1.0149477E+07   1.0178790E+07   0.0000000E+00   0.0000000E+00   0.0000000E+00   0.0000000E+00   0.0000000E+00
   1.8068302E-02   9.8594501E+06   9.8594501E+06   8.7232196E+02   2.1649372E+01   1.7602264E+06   9.8305282E+06   9.8594501E+06   0.0000000E+00   0.0000000E+00   0.0000000E+00   0.0000000E+00   0.0000000E+00
   1.9416338E-02   9.5255715E+06   9.5255715E+06   7.2433670E+02   1.8579329E+01   1.5694990E+06   9.4971446E+06   9.5255715E+06   0.0000000E+00   0.0000000E+00   0.0000000E+00   0.0000000E+00   0.0000000E+00
   2.0864948E-02   9.1776298E+06   9.1776298E+06   6.0543478E+02   1.5877637E+01   1.3926246E+06   9.1497989E+06   9.1776298E+06   0.0000000E+00   0.0000000E+00   0.0000000E+00   0.0000000E+00   0.0000000E+00
   2.2421632E-02   8.8164617E+06   8.8164617E+06   5.1833002E+02   1.3509977E+01   1.2295680E+06   8.7893258E+06   8.8164617E+06   0.0000000E+00   0.0000000E+00   0.0000000E+00   0.0000000E+00   0.0000000E+00
   2.4094431E-02   8.4433595E+06   8.4433595E+06   4.2133324E+02   1.1443649E+01   1.0794518E+06   8.4170117E+06   8.4433595E+06   0.0000000E+00   0.0000000E+00   0.0000000E+00   0.0000000E+00   0.0000000E+00
   2.5891921E-02   8.0601751E+06   8.0601751E+06   3.1382340E+02   9.6486739E+00   9.4379413E+05   8.0347004E+06   8.0601751E+06   0.0000000E+00   0.0000000E+00   0.0000000E+00   0.0000000E+00   0.0000000E+00
   2.7823067E-02   7.6694393E+06   7.6694393E+06   2.7880964E+02   8.0993699E+00   8.1985702E+05   7.6449126E+06   7.6694393E+06   0.0000000E+00   0.0000000E+00   0.0000000E+00   0.0000000E+00   0.0000000E+00
   2.9896738E-02   7.2745088E+06   7.2745088E+06   2.3932107E+02   6.7689802E+00   7.0938641E+05   7.2509916E+06   7.2745088E+06   0.0000000E+00   0.0000000E+00   0.0000000E+00   0.0000000E+00   0.0000000E+00
   3.2120450E-02   6.8797535E+06   6.8797535E+06   1.9460505E+02   5.6351572E+00   6.1071267E+05   6.8572900E+06   6.8797535E+06   0.0000000E+00   0.0000000E+00   0.0000000E+00   0.0000000E+00   0.0000000E+00
   3.4497765E-02   6.4907572E+06   6.4907572E+06   1.5012516E+02   4.6774843E+00   5.2356137E+05   6.4693702E+06   6.4907572E+06   0.0000000E+00   0.0000000E+00   0.0000000E+00   0.0000000E+00   0.0000000E+00
   3.7024054E-02   6.1143855E+06   6.1143855E+06   1.1272930E+02   3.8772158E+00   4.4832649E+05   6.0940715E+06   6.1143855E+06   0.0000000E+00   0.0000000E+00   0.0000000E+00   0.0000000E+00   0.0000000E+00
   3.9681701E-02   5.7583919E+06   5.7583919E+06   1.0008450E+02   3.2177752E+00   3.8329790E+05   5.7391179E+06   5.7583919E+06   0.0000000E+00   0.0000000E+00   0.0000000E+00   0.0000000E+00   0.0000000E+00
   4.2438183E-02   5.4302135E+06   5.4302135E+06   8.4998212E+01   2.6818581E+00   3.2909411E+05   5.4119173E+06   5.4302135E+06   0.0000000E+00   0.0000000E+00   0.0000000E+00   0.0000000E+00   0.0000000E+00
   4.5251134E-02   5.1351293E+06   5.1351293E+06   6.4182204E+01   2.2519002E+00   2.8399061E+05   5.1177267E+06   5.1351293E+06   0.0000000E+00   0.0000000E+00   0.0000000E+00   0.0000000E+00   0.0000000E+00
   4.8079722E-02   4.8748023E+06   4.8748023E+06   5.1379137E+01   1.9092749E+00   2.4681770E+05   4.8581982E+06   4.8748023E+06   0.0000000E+00   0.0000000E+00   0.0000000E+00   0.0000000E+00   0.0000000E+00
   5.0895140E-02   4.6472303E+06   4.6472303E+06   4.6392630E+01   1.6359555E+00   2.1637491E+05   4.6313318E+06   4.6472303E+06   0.0000000E+00   0.0000000E+00   0.0000000E+00   0.0000000E+00   0.0000000E+00
   5.3683934E-02   4.4479580E+06   4.4479580E+06   4.2103184E+01   1.4160781E+00   1.9140023E+05   4.4326829E+06   4.4479580E+06   0.0000000E+00   0.0000000E+00   0.0000000E+00   0.0000000E+00   0.0000000E+00
   5.6445014E-02   4.2715521E+06   4.2715521E+06   3.5142675E+01   1.2367925E+00   1.7055343E+05   4.2568337E+06   4.2715521E+06   0.0000000E+00   0.0000000E+00   0.0000000E+00   0.0000000E+00   0.0000000E+00
   5.9184735E-02   4.1126403E+06   4.1126403E+06   3.0689915E+01   1.0882734E+00   1.5286158E+05   4.0984276E+06   4.1126403E+06   0.0000000E+00   0.0000000E+00   0.0000000E+00   0.0000000E+00   0.0000000E+00
   6.1912907E-02   3.9664284E+06   3.9664284E+06   2.5831536E+01   9.6326427E-01   1.3764241E+05   3.9526848E+06   3.9664284E+06   0.0000000E+00   0.0000000E+00   0.0000000E+00   0.0000000E+00   0.0000000E+00
   6.4640387E-02   3.8288830E+06   3.8288830E+06   2.3286093E+01   8.5641722E-01   1.2428636E+05   3.8155846E+06   3.8288830E+06   0.0000000E+00   0.0000000E+00   0.0000000E+00   0.0000000E+00   0.0000000E+00
   6.7377861E-02   3.6967606E+06   3.6967606E+06   2.2443324E+01   7.6380315E-01   1.1259562E+05   3.6838934E+06   3.6967606E+06   0.0000000E+00   0.0000000E+00   0.0000000E+00   0.0000000E+00   0.0000000E+00
   7.0135342E-02   3.5675820E+06   3.5675820E+06   1.8234492E+01   6.8259980E-01   1.0214150E+05   3.5551402E+06   3.5675820E+06   0.0000000E+00   0.0000000E+00   0.0000000E+00   0.0000000E+00   0.0000000E+00
   7.2922029E-02   3.4395973E+06   3.4395973E+06   1.5296842E+01   6.1073122E-01   9.2579537E+04   3.4275804E+06   3.4395973E+06   0.0000000E+00   0.0000000E+00   0.0000000E+00   0.0000000E+00   0.0000000E+00
   7.5746339E-02   3.3117499E+06   3.3117499E+06   1.4837792E+01   5.4666642E-01   8.3921632E+04   3.3001605E+06   3.3117499E+06   0.0000000E+00   0.0000000E+00   0.0000000E+00   0.0000000E+00   0.0000000E+00
   7.8615996E-02   3.1836379E+06   3.1836379E+06   1.4103106E+01   4.8928328E-01   7.6084358E+04   3.1724798E+06   3.1836379E+06   0.0000000E+00   0.0000000E+00   0.0000000E+00   0.0000000E+00   0.0000000E+00
   8.1538146E-02   3.0554641E+06   3.0554641E+06   1.2721522E+01   4.3775151E-01   6.8924502E+04   3.0447399E+06   3.0554641E+06   0.0000000E+00   0.0000000E+00   0.0000000E+00   0.0000000E+00   0.0000000E+00
   8.4519469E-02   2.9279653E+06   2.9279653E+06   1.1282594E+01   3.9146224E-01   6.2364642E+04   2.9176750E+06   2.9279653E+06   0.0000000E+00   0.0000000E+00   0.0000000E+00   0.0000000E+00   0.0000000E+00
   8.7566270E-02   2.8023145E+06   2.8023145E+06   9.7867740E+00   3.4994143E-01   5.6371103E+04   2.7924536E+06   2.8023145E+06   0.0000000E+00   0.0000000E+00   0.0000000E+00   0.0000000E+00   0.0000000E+00
   9.0684566E-02   2.6799897E+06   2.6799897E+06   8.0851199E+00   3.1280041E-01   5.0953517E+04   2.6705483E+06   2.6799897E+06   0.0000000E+00   0.0000000E+00   0.0000000E+00   0.0000000E+00   0.0000000E+00
   9.3880155E-02   2.5626110E+06   2.5626110E+06   7.2130697E+00   2.7971912E-01   4.6103853E+04   2.5535734E+06   2.5626110E+06   0.0000000E+00   0.0000000E+00   0.0000000E+00   0.0000000E+00   0.0000000E+00
   9.7158671E-02   2.4517515E+06   2.4517515E+06   6.5592989E+00   2.5038539E-01   4.1697041E+04   2.4430960E+06   2.4517515E+06   0.0000000E+00   0.0000000E+00   0.0000000E+00   0.0000000E+00   0.0000000E+00
   1.0052563E-01   2.3487335E+06   2.3487335E+06   6.1441833E+00   2.2449264E-01   3.7797183E+04   2.3404337E+06   2.3487335E+06   0.0000000E+00   0.0000000E+00   0.0000000E+00   0.0000000E+00   0.0000000E+00
   1.0398648E-01   2.2544306E+06   2.2544306E+06   5.1850209E+00   2.0171490E-01   3.4347030E+04   2.2464568E+06   2.2544306E+06   0.0000000E+00   0.0000000E+00   0.0000000E+00   0.0000000E+00   0.0000000E+00
   1.0754662E-01   2.1690999E+06   2.1690999E+06   4.4147466E+00   1.8171559E-01   3.1256017E+04   2.1614214E+06   2.1690999E+06   0.0000000E+00   0.0000000E+00   0.0000000E+00   0.0000000E+00   0.0000000E+00
   1.1121142E-01   2.0922741E+06   2.0922741E+06   3.9981859E+00   1.6413065E-01   2.8525112E+04   2.0848615E+06   2.0922741E+06   0.0000000E+00   0.0000000E+00   0.0000000E+00   0.0000000E+00   0.0000000E+00
   1.1498625E-01   2.0227402E+06   2.0227402E+06   3.6057110E+00   1.4859902E-01   2.6109705E+04   2.0155686E+06   2.0227402E+06   0.0000000E+00   0.0000000E+00   0.0000000E+00   0.0000000E+00   0.0000000E+00
   1.1887652E-01   1.9586293E+06   1.9586293E+06   3.5145267E+00   1.3476444E-01   2.3944290E+04   1.9516800E+06   1.9586293E+06   0.0000000E+00   0.0000000E+00   0.0000000E+00   0.0000000E+00   0.0000000E+00
   1.2288763E-01   1.8976247E+06   1.8976247E+06   3.2580477E+00   1.2230247E-01   2.1932336E+04   1.8908872E+06   1.8976247E+06   0.0000000E+00   0.0000000E+00   0.0000000E+00   0.0000000E+00   0.0000000E+00
   1.2702505E-01   1.8372786E+06   1.8372786E+06   2.8583603E+00   1.1093184E-01   2.0123513E+04   1.8307512E+06   1.8372786E+06   0.0000000E+00   0.0000000E+00   0.0000000E+00   0.0000000E+00   0.0000000E+00
   1.3129430E-01   1.7754022E+06   1.7754022E+06   2.4932660E+00   1.0044057E-01   1.8396563E+04   1.7690908E+06   1.7754022E+06   0.0000000E+00   0.0000000E+00   0.0000000E+00   0.0000000E+00   0.0000000E+00
   1.3570093E-01   1.7104662E+06   1.7104662E+06   2.3229650E+00   9.0683273E-02   1.6779052E+04   1.7043822E+06   1.7104662E+06   0.0000000E+00   0.0000000E+00   0.0000000E+00   0.0000000E+00   0.0000000E+00
   1.4025057E-01   1.6419316E+06   1.6419316E+06   2.1852341E+00   8.1590049E-02   1.5246060E+04   1.6360882E+06   1.6419316E+06   0.0000000E+00   0.0000000E+00   0.0000000E+00   0.0000000E+00   0.0000000E+00
   1.4494891E-01   1.5704210E+06   1.5704210E+06   1.8160432E+00   7.3151076E-02   1.3793163E+04   1.5648292E+06   1.5704210E+06   0.0000000E+00   0.0000000E+00   0.0000000E+00   0.0000000E+00   0.0000000E+00
   1.4980172E-01   1.4976571E+06   1.4976571E+06   1.7387076E+00   6.5398091E-02   1.2464495E+04   1.4923218E+06   1.4976571E+06   0.0000000E+00   0.0000000E+00   0.0000000E+00   0.0000000E+00   0.0000000E+00
   1.5481483E-01   1.4261351E+06   1.4261351E+06   1.4386923E+00   5.8378975E-02   1.1235440E+04   1.4210523E+06   1.4261351E+06   0.0000000E+00   0.0000000E+00   0.0000000E+00   0.0000000E+00   0.0000000E+00
   1.5999417E-01   1.3585595E+06   1.3585595E+06   1.2796259E+00   5.2127989E-02   1.0130328E+04   1.3537154E+06   1.3585595E+06   0.0000000E+00   0.0000000E+00   0.0000000E+00   0.0000000E+00   0.0000000E+00
   1.6534575E-01   1.2971541E+06   1.2971541E+06   1.2103268E+00   4.6645153E-02   9.1573608E+03   1.2925271E+06   1.2971541E+06   0.0000000E+00   0.0000000E+00   0.0000000E+00   0.0000000E+00   0.0000000E+00
   1.7087569E-01   1.2430207E+06   1.2430207E+06   1.0625103E+00   4.1882034E-02   8.2995133E+03   1.2385850E+06   1.2430207E+06   0.0000000E+00   0.0000000E+00   0.0000000E+00   0.0000000E+00   0.0000000E+00
   1.7659021E-01   1.1957508E+06   1.1957508E+06   9.4742301E-01   3.7743145E-02   7.5586289E+03   1.1914822E+06   1.1957508E+06   0.0000000E+00   0.0000000E+00   0.0000000E+00   0.0000000E+00   0.0000000E+00
   1.8249566E-01   1.1534634E+06   1.1534634E+06   8.3898827E-01   3.4103316E-02   6.9015571E+03   1.1493443E+06   1.1534634E+06   0.0000000E+00   0.0000000E+00   0.0000000E+00   0.0000000E+00   0.0000000E+00
   1.8859853E-01   1.1133290E+06   1.1133290E+06   7.5687817E-01   3.0832178E-02   6.3123035E+03   1.1093519E+06   1.1133290E+06   0.0000000E+00   0.0000000E+00   0.0000000E+00   0.0000000E+00   0.0000000E+00
   1.9490546E-01   1.0724745E+06   1.0724745E+06   7.2393743E-01   2.7822120E-02   5.7534574E+03   1.0686421E+06   1.0724745E+06   0.0000000E+00   0.0000000E+00   0.0000000E+00   0.0000000E+00   0.0000000E+00
   2.0142331E-01   1.0289890E+06   1.0289890E+06   6.4959114E-01   2.5008965E-02   5.2310847E+03   1.0253109E+06   1.0289890E+06   0.0000000E+00   0.0000000E+00   0.0000000E+00   0.0000000E+00   0.0000000E+00
   2.0815912E-01   9.8264563E+05   9.8264563E+05   5.7767502E-01   2.2378194E-02   4.7300744E+03   9.7913228E+05   9.8264563E+05   0.0000000E+00   0.0000000E+00   0.0000000E+00   0.0000000E+00   0.0000000E+00
   2.1512020E-01   9.3499635E+05   9.3499635E+05   5.0125790E-01   1.9953166E-02   4.2637143E+03   9.3165249E+05   9.3499635E+05   0.0000000E+00   0.0000000E+00   0.0000000E+00   0.0000000E+00   0.0000000E+00
   2.2231415E-01   8.8871174E+05   8.8871174E+05   4.3296380E-01   1.7771269E-02   3.8384141E+03   8.8553262E+05   8.8871174E+05   0.0000000E+00   0.0000000E+00   0.0000000E+00   0.0000000E+00   0.0000000E+00
   2.2974891E-01   8.4637546E+05   8.4637546E+05   3.8736759E-01   1.5856472E-02   3.4643286E+03   8.4334708E+05   8.4637546E+05   0.0000000E+00   0.0000000E+00   0.0000000E+00   0.0000000E+00   0.0000000E+00
   2.3743280E-01   8.0925602E+05   8.0925602E+05   3.6375684E-01   1.4201215E-02   3.1402083E+03   8.0635981E+05   8.0925602E+05   0.0000000E+00   0.0000000E+00   0.0000000E+00   0.0000000E+00   0.0000000E+00
   2.4537462E-01   7.7668404E+05   7.7668404E+05   3.1394887E-01   1.2764537E-02   2.8565041E+03   7.7390383E+05   7.7668404E+05   0.0000000E+00   0.0000000E+00   0.0000000E+00   0.0000000E+00   0.0000000E+00
   2.5358367E-01   7.4643273E+05   7.4643273E+05   2.9032285E-01   1.1488145E-02   2.6028012E+03   7.4376028E+05   7.4643273E+05   0.0000000E+00   0.0000000E+00   0.0000000E+00   0.0000000E+00   0.0000000E+00
   2.6206987E-01   7.1597659E+05   7.1597659E+05   2.5276157E-01   1.0320065E-02   2.3679892E+03   7.1341270E+05   7.1597659E+05   0.0000000E+00   0.0000000E+00   0.0000000E+00   0.0000000E+00   0.0000000E+00
   2.7084387E-01   6.8394653E+05   6.8394653E+05   2.2826796E-01   9.2337345E-03   2.1452069E+03   6.8149692E+05   6.8394653E+05   0.0000000E+00   0.0000000E+00   0.0000000E+00   0.0000000E+00   0.0000000E+00
   2.7991711E-01   6.5087820E+05   6.5087820E+05   2.0271825E-01   8.2310930E-03   1.9384978E+03   6.4854664E+05   6.5087820E+05   0.0000000E+00   0.0000000E+00   0.0000000E+00   0.0000000E+00   0.0000000E+00
   2.8930196E-01   6.1871290E+05   6.1871290E+05   1.8315662E-01   7.3284841E-03   1.7487743E+03   6.1649621E+05   6.1871290E+05   0.0000000E+00   0.0000000E+00   0.0000000E+00   0.0000000E+00   0.0000000E+00
   2.9901189E-01   5.8933567E+05   5.8933567E+05   1.6332454E-01   6.5367686E-03   1.5821259E+03   5.8722393E+05   5.8933567E+05   0.0000000E+00   0.0000000E+00   0.0000000E+00   0.0000000E+00   0.0000000E+00
   3.0906163E-01   5.6318746E+05   5.6318746E+05   1.4497009E-01   5.8482709E-03   1.4354876E+03   5.6116913E+05   5.6318746E+05   0.0000000E+00   0.0000000E+00   0.0000000E+00   0.0000000E+00   0.0000000E+00
   3.1946733E-01   5.3903127E+05   5.3903127E+05   1.2981144E-01   5.2393878E-03   1.3056860E+03   5.3709925E+05   5.3903127E+05   0.0000000E+00   0.0000000E+00   0.0000000E+00   0.0000000E+00   0.0000000E+00
   3.3024683E-01   5.1508827E+05   5.1508827E+05   1.1695049E-01   4.6861499E-03   1.1861037E+03   5.1324185E+05   5.1508827E+05   0.0000000E+00   0.0000000E+00   0.0000000E+00   0.0000000E+00   0.0000000E+00
   3.4141989E-01   4.9057741E+05   4.9057741E+05   1.0317692E-01   4.1770721E-03   1.0741682E+03   4.8881865E+05   4.9057741E+05   0.0000000E+00   0.0000000E+00   0.0000000E+00   0.0000000E+00   0.0000000E+00
   3.5300854E-01   4.6625532E+05   4.6625532E+05   9.3320538E-02   3.7148532E-03   9.7125388E+02   4.6458357E+05   4.6625532E+05   0.0000000E+00   0.0000000E+00   0.0000000E+00   0.0000000E+00   0.0000000E+00
   3.6503744E-01   4.4344747E+05   4.4344747E+05   8.2317041E-02   3.3049318E-03   8.7877887E+02   4.4185733E+05   4.4344747E+05   0.0000000E+00   0.0000000E+00   0.0000000E+00   0.0000000E+00   0.0000000E+00
   3.7753434E-01   4.2258825E+05   4.2258825E+05   7.2754272E-02   2.9449174E-03   7.9779519E+02   4.2107277E+05   4.2258825E+05   0.0000000E+00   0.0000000E+00   0.0000000E+00   0.0000000E+00   0.0000000E+00
   3.9053061E-01   4.0285613E+05   4.0285613E+05   6.5581320E-02   2.6240363E-03   7.2414293E+02   4.0141128E+05   4.0285613E+05   0.0000000E+00   0.0000000E+00   0.0000000E+00   0.0000000E+00   0.0000000E+00
   4.0406195E-01   3.8327083E+05   3.8327083E+05   5.7949670E-02   2.3324414E-03   6.5605176E+02   3.8189609E+05   3.8327083E+05   0.0000000E+00   0.0000000E+00   0.0000000E+00   0.0000000E+00   0.0000000E+00
   4.1816916E-01   3.6384824E+05   3.6384824E+05   5.1404007E-02   2.0678241E-03   5.9370307E+02   3.6254306E+05   3.6384824E+05   0.0000000E+00   0.0000000E+00   0.0000000E+00   0.0000000E+00   0.0000000E+00
   4.3289920E-01   3.4533367E+05   3.4533367E+05   4.5380740E-02   1.8317217E-03   5.3713156E+02   3.4409481E+05   3.4533367E+05   0.0000000E+00   0.0000000E+00   0.0000000E+00   0.0000000E+00   0.0000000E+00
   4.4830644E-01   3.2799097E+05   3.2799097E+05   4.0274746E-02   1.6224239E-03   4.8645360E+02   3.2681424E+05   3.2799097E+05   0.0000000E+00   0.0000000E+00   0.0000000E+00   0.0000000E+00   0.0000000E+00
   4.6445427E-01   3.1128083E+05   3.1128083E+05   3.5555627E-02   1.4347065E-03   4.4038931E+02   3.1016397E+05   3.1128083E+05   0.0000000E+00   0.0000000E+00   0.0000000E+00   0.0000000E+00   0.0000000E+00
   4.8141707E-01   2.9482065E+05   2.9482065E+05   3.1347393E-02   1.2649838E-03   3.9790339E+02   2.9376278E+05   2.9482065E+05   0.0000000E+00   0.0000000E+00   0.0000000E+00   0.0000000E+00   0.0000000E+00
   4.9928285E-01   2.7889956E+05   2.7889956E+05   2.7622526E-02   1.1127482E-03   3.5927149E+02   2.7789875E+05   2.7889956E+05   0.0000000E+00   0.0000000E+00   0.0000000E+00   0.0000000E+00   0.0000000E+00
   5.1815649E-01   2.6372316E+05   2.6372316E+05   2.4192602E-02   9.7705906E-04   3.2426247E+02   2.6277675E+05   2.6372316E+05   0.0000000E+00   0.0000000E+00   0.0000000E+00   0.0000000E+00   0.0000000E+00
   5.3816396E-01   2.4899517E+05   2.4899517E+05   2.1205529E-02   8.5527014E-04   2.9222826E+02   2.4810157E+05   2.4899517E+05   0.0000000E+00   0.0000000E+00   0.0000000E+00   0.0000000E+00   0.0000000E+00
   5.5945785E-01   2.3458880E+05   2.3458880E+05   1.8460800E-02   7.4571131E-04   2.6285960E+02   2.3374686E+05   2.3458880E+05   0.0000000E+00   0.0000000E+00   0.0000000E+00   0.0000000E+00   0.0000000E+00
   5.8222436E-01   2.2066467E+05   2.2066467E+05   1.6037243E-02   6.4774061E-04   2.3603341E+02   2.1987265E+05   2.2066467E+05   0.0000000E+00   0.0000000E+00   0.0000000E+00   0.0000000E+00   0.0000000E+00
   6.0669228E-01   2.0712235E+05   2.0712235E+05   1.3854657E-02   5.5999965E-04   2.1148316E+02   2.0637890E+05   2.0712235E+05   0.0000000E+00   0.0000000E+00   0.0000000E+00   0.0000000E+00   0.0000000E+00
   6.3314432E-01   1.9386152E+05   1.9386152E+05   1.1905350E-02   4.8131906E-04   1.8895442E+02   1.9316564E+05   1.9386152E+05   0.0000000E+00   0.0000000E+00   0.0000000E+00   0.0000000E+00   0.0000000E+00
   6.6193069E-01   1.8092896E+05   1.8092896E+05   1.0161035E-02   4.1103176E-04   1.6828649E+02   1.8027947E+05   1.8092896E+05   0.0000000E+00   0.0000000E+00   0.0000000E+00   0.0000000E+00   0.0000000E+00
   6.9348427E-01   1.6824218E+05   1.6824218E+05   8.6063308E-03   3.4825459E-04   1.4927968E+02   1.6763821E+05   1.6824218E+05   0.0000000E+00   0.0000000E+00   0.0000000E+00   0.0000000E+00   0.0000000E+00
   7.2833471E-01   1.5579832E+05   1.5579832E+05   7.2237128E-03   2.9240146E-04   1.3179547E+02   1.5523899E+05   1.5579832E+05   0.0000000E+00   0.0000000E+00   0.0000000E+00   0.0000000E+00   0.0000000E+00
   7.6711513E-01   1.4357891E+05   1.4357891E+05   5.9993758E-03   2.4293309E-04   1.1576690E+02   1.4306343E+05   1.4357891E+05   0.0000000E+00   0.0000000E+00   0.0000000E+00   0.0000000E+00   0.0000000E+00
   8.1054941E-01   1.3160174E+05   1.3160174E+05   4.9243477E-03   1.9946336E-04   1.0112269E+02   1.3112924E+05   1.3160174E+05   0.0000000E+00   0.0000000E+00   0.0000000E+00   0.0000000E+00   0.0000000E+00
   8.5940298E-01   1.1991308E+05   1.1991308E+05   3.9921657E-03   1.6168525E-04   8.7785154E+01   1.1948254E+05   1.1991308E+05   0.0000000E+00   0.0000000E+00   0.0000000E+00   0.0000000E+00   0.0000000E+00
   9.1438513E-01   1.0860705E+05   1.0860705E+05   3.1925208E-03   1.2937193E-04   7.5796865E+01   1.0821709E+05   1.0860705E+05   0.0000000E+00   0.0000000E+00   0.0000000E+00   0.0000000E+00   0.0000000E+00
   9.7602073E-01   9.7813417E+04   9.7813417E+04   2.5226602E-03   1.0227145E-04   6.5151950E+01   9.7462196E+04   9.7813417E+04   0.0000000E+00   0.0000000E+00   0.0000000E+00   0.0000000E+00   0.0000000E+00
   1.0445611E+00   8.7672689E+04   8.7672689E+04   1.9735560E-03   8.0040309E-05   5.5846305E+01   8.7357871E+04   8.7672689E+04   0.0000000E+00   0.0000000E+00   0.0000000E+00   0.0000000E+00   0.0000000E+00
   1.1200162E+00   7.8301223E+04   7.8301223E+04   1.5326667E-03   6.2181782E-05   4.7819993E+01   7.8020049E+04   7.8301223E+04   0.0000000E+00   0.0000000E+00   0.0000000E+00   0.0000000E+00   0.0000000E+00
   1.2023068E+00   6.9762393E+04   6.9762393E+04   1.1850865E-03   4.8080216E-05   4.0983535E+01   6.9511876E+04   6.9762393E+04   0.0000000E+00   0.0000000E+00   0.0000000E+00   0.0000000E+00   0.0000000E+00
   1.2914309E+00   6.2058515E+04   6.2058515E+04   9.1370579E-04   3.7073725E-05   3.5188195E+01   6.1835658E+04   6.2058515E+04   0.0000000E+00   0.0000000E+00   0.0000000E+00   0.0000000E+00   0.0000000E+00
   1.3875499E+00   5.5149977E+04   5.5149977E+04   7.0324181E-04   2.8542153E-05   3.0286480E+01   5.4951925E+04   5.5149977E+04   0.0000000E+00   0.0000000E+00   0.0000000E+00   0.0000000E+00   0.0000000E+00
   1.4909899E+00   4.8976046E+04   4.8976046E+04   5.4069598E-04   2.1953474E-05   2.6132813E+01   4.8800162E+04   4.8976046E+04   0.0000000E+00   0.0000000E+00   0.0000000E+00   0.0000000E+00   0.0000000E+00
   1.6022040E+00   4.3468044E+04   4.3468044E+04   4.1559720E-04   1.6874606E-05   2.2606131E+01   4.3311939E+04   4.3468044E+04   0.0000000E+00   0.0000000E+00   0.0000000E+00   0.0000000E+00   0.0000000E+00
   1.7217341E+00   3.8559919E+04   3.8559919E+04   3.1930602E-04   1.2963872E-05   1.9600132E+01   3.8421439E+04   3.8559919E+04   0.0000000E+00   0.0000000E+00   0.0000000E+00   0.0000000E+00   0.0000000E+00
   1.8501874E+00   3.4189358E+04   3.4189358E+04   2.4500742E-04   9.9545632E-06   1.7028956E+01   3.4066572E+04   3.4189358E+04   0.0000000E+00   0.0000000E+00   0.0000000E+00   0.0000000E+00   0.0000000E+00
   1.9882255E+00   3.0300235E+04   3.0300235E+04   1.8800008E-04   7.6402914E-06   1.4824817E+01   3.0191416E+04   3.0300235E+04   0.0000000E+00   0.0000000E+00   0.0000000E+00   0.0000000E+00   0.0000000E+00
   2.1365627E+00   2.6841476E+04   2.6841476E+04   1.4419929E-04   5.8614999E-06   1.2924626E+01   2.6745078E+04   2.6841476E+04   0.0000000E+00   0.0000000E+00   0.0000000E+00   0.0000000E+00   0.0000000E+00
   2.2959670E+00   2.3767239E+04   2.3767239E+04   1.1055655E-04   4.4949191E-06   1.1285460E+01   2.3681881E+04   2.3767239E+04   0.0000000E+00   0.0000000E+00   0.0000000E+00   0.0000000E+00   0.0000000E+00
   2.4672641E+00   2.1036305E+04   2.1036305E+04   8.4580534E-05   3.4455461E-06   9.8663647E+00   2.0960755E+04   2.1036305E+04   0.0000000E+00   0.0000000E+00   0.0000000E+00   0.0000000E+00   0.0000000E+00
   2.6513413E+00   1.8611605E+04   1.8611605E+04   6.4952103E-05   2.6401120E-06   8.6354432E+00   1.8544762E+04   1.8611605E+04   0.0000000E+00   0.0000000E+00   0.0000000E+00   0.0000000E+00   0.0000000E+00
   2.8491521E+00   1.6459903E+04   1.6459903E+04   4.9722253E-05   2.0221924E-06   7.5649818E+00   1.6400787E+04   1.6459903E+04   0.0000000E+00   0.0000000E+00   0.0000000E+00   0.0000000E+00   0.0000000E+00
   3.0617212E+00   1.4551412E+04   1.4551412E+04   3.8060377E-05   1.5483316E-06   6.6327970E+00   1.4499151E+04   1.4551412E+04   0.0000000E+00   0.0000000E+00   0.0000000E+00   0.0000000E+00   0.0000000E+00
   3.2901495E+00   1.2859453E+04   1.2859453E+04   2.9121603E-05   1.1850974E-06   5.8192371E+00   1.2813268E+04   1.2859453E+04   0.0000000E+00   0.0000000E+00   0.0000000E+00   0.0000000E+00   0.0000000E+00
   3.5356205E+00   1.1360152E+04   1.1360152E+04   2.2283778E-05   9.0677646E-07   5.1080874E+00   1.1319352E+04   1.1360152E+04   0.0000000E+00   0.0000000E+00   0.0000000E+00   0.0000000E+00   0.0000000E+00
   3.7994054E+00   1.0032166E+04   1.0032166E+04   1.7023068E-05   6.9359380E-07   4.4862182E+00   9.9961357E+03   1.0032166E+04   0.0000000E+00   0.0000000E+00   0.0000000E+00   0.0000000E+00   0.0000000E+00
   4.0828708E+00   8.8564311E+03   8.8564311E+03   1.3020571E-05   5.3036969E-07   3.9414088E+00   8.8246229E+03   8.8564311E+03   0.0000000E+00   0.0000000E+00   0.0000000E+00   0.0000000E+00   0.0000000E+00
   4.3874849E+00   7.8159267E+03   7.8159267E+03   9.9548089E-06   4.0543967E-07   3.4637745E+00   7.7878555E+03   7.8159267E+03   0.0000000E+00   0.0000000E+00   0.0000000E+00   0.0000000E+00   0.0000000E+00
   4.7148256E+00   6.8954728E+03   6.8954728E+03   7.6044658E-06   3.0985242E-07   3.0445948E+00   6.8707074E+03   6.8954728E+03   0.0000000E+00   0.0000000E+00   0.0000000E+00   0.0000000E+00   0.0000000E+00
   5.0665885E+00   6.0815380E+03   6.0815380E+03   5.8051174E-06   2.3673983E-07   2.6767243E+00   6.0596958E+03   6.0815380E+03   0.0000000E+00   0.0000000E+00   0.0000000E+00   0.0000000E+00   0.0000000E+00
   5.4445957E+00   5.3620691E+03   5.3620691E+03   4.4345724E-06   1.8083460E-07   2.3535322E+00   5.3428109E+03   5.3620691E+03   0.0000000E+00   0.0000000E+00   0.0000000E+00   0.0000000E+00   0.0000000E+00
   5.8508052E+00   4.7263368E+03   4.7263368E+03   3.3856516E-06   1.3810037E-07   2.0694884E+00   4.7093619E+03   4.7263368E+03   0.0000000E+00   0.0000000E+00   0.0000000E+00   0.0000000E+00   0.0000000E+00
   6.2873210E+00   4.1647960E+03   4.1647960E+03   2.5816231E-06   1.0544317E-07   1.8198083E+00   4.1498379E+03   4.1647960E+03   0.0000000E+00   0.0000000E+00   0.0000000E+00   0.0000000E+00   0.0000000E+00
   6.7564044E+00   3.6689600E+03   3.6689600E+03   1.9706837E-06   8.0493534E-08   1.6002343E+00   3.6557827E+03   3.6689600E+03   0.0000000E+00   0.0000000E+00   0.0000000E+00   0.0000000E+00   0.0000000E+00
   7.2604851E+00   3.2312878E+03   3.2312878E+03   1.5026012E-06   6.1437259E-08   1.4071282E+00   3.2196824E+03   3.2312878E+03   0.0000000E+00   0.0000000E+00   0.0000000E+00   0.0000000E+00   0.0000000E+00
   7.8021741E+00   2.8450824E+03   2.8450824E+03   1.1459418E-06   4.6885912E-08   1.2372006E+00   2.8348641E+03   2.8450824E+03   0.0000000E+00   0.0000000E+00   0.0000000E+00   0.0000000E+00   0.0000000E+00
   8.3842774E+00   2.5043995E+03   2.5043995E+03   8.7363173E-07   3.5776739E-08   1.0877734E+00   2.4954048E+03   2.5043995E+03   0.0000000E+00   0.0000000E+00   0.0000000E+00   0.0000000E+00   0.0000000E+00
