#           k/h    CDM            baryon         photon         nu             mass_nu        total          no_nu          total_de       Weyl           v_CDM          v_b            v_b-v_c     
   9.7294159E-06   4.7898389E+06   4.7898389E+06   6.3858014E+06   1.5425471E+04   1.4712380E+05   4.7901026E+06   4.7898389E+06   0.0000000E+00   0.0000000E+00   0.0000000E+00   0.0000000E+00   0.0000000E+00
   1.0455307E-05   4.7898380E+06   4.7898380E+06   6.3856996E+06   1.5425320E+04   1.4712245E+05   4.7901017E+06   4.7898380E+06   0.0000000E+00   0.0000000E+00   0.0000000E+00   0.0000000E+00   0.0000000E+00
   1.1235354E-05   4.7898370E+06   4.7898370E+06   6.3855820E+06   1.5425146E+04   1.4712090E+05   4.7901006E+06   4.7898370E+06   0.0000000E+00   0.0000000E+00   0.0000000E+00   0.0000000E+00   0.0000000E+00
   1.2073600E-05   4.7898359E+06   4.7898359E+06   6.3854463E+06   1.5424944E+04   1.4711911E+05   4.7900993E+06   4.7898359E+06   0.0000000E+00   0.0000000E+00   0.0000000E+00   0.0000000E+00   0.0000000E+00
   1.2974385E-05   4.7898346E+06   4.7898346E+06   6.3852895E+06   1.5424711E+04   1.4711704E+05   4.7900979E+06   4.7898346E+06   0.0000000E+00   0.0000000E+00   0.0000000E+00   0.0000000E+00   0.0000000E+00
   1.3942375E-05   4.7898330E+06   4.7898330E+06   6.3851085E+06   1.5424443E+04   1.4711464E+05   4.7900962E+06   4.7898330E+06   0.0000000E+00   0.0000000E+00   0.0000000E+00   0.0000000E+00   0.0000000E+00
   1.4982586E-05   4.7898313E+06   4.7898313E+06   6.3848994E+06   1.5424132E+04   1.4711188E+05   4.7900943E+06   4.7898313E+06   0.0000000E+00   0.0000000E+00   0.0000000E+00   0.0000000E+00   0.0000000E+00
   1.6100404E-05   4.7898292E+06   4.7898292E+06   6.3846580E+06   1.5423774E+04   1.4710869E+05   4.7900920E+06   4.7898292E+06   0.0000000E+00   0.0000000E+00   0.0000000E+00   0.0000000E+00   0.0000000E+00
   1.7301620E-05   4.7898269E+06   4.7898269E+06   6.3843793E+06   1.5423360E+04   1.4710501E+05   4.7900895E+06   4.7898269E+06   0.0000000E+00   0.0000000E+00   0.0000000E+00   0.0000000E+00   0.0000000E+00
   1.8592456E-05   4.7898242E+06   4.7898242E+06   6.3840574E+06   1.5422882E+04   1.4710076E+05   4.7900865E+06   4.7898242E+06   0.0000000E+00   0.0000000E+00   0.0000000E+00   0.0000000E+00   0.0000000E+00
   1.9979599E-05   4.7898210E+06   4.7898210E+06   6.3836857E+06   1.5422331E+04   1.4709584E+05   4.7900831E+06   4.7898210E+06   0.0000000E+00   0.0000000E+00   0.0000000E+00   0.0000000E+00   0.0000000E+00
   2.1470234E-05   4.7898174E+06   4.7898174E+06   6.3832566E+06   1.5421693E+04   1.4709017E+05   4.7900791E+06   4.7898174E+06   0.0000000E+00   0.0000000E+00   0.0000000E+00   0.0000000E+00   0.0000000E+00
   2.3072081E-05   4.7898133E+06   4.7898133E+06   6.3827610E+06   1.5420958E+04   1.4708363E+05   4.7900745E+06   4.7898133E+06   0.0000000E+00   0.0000000E+00   0.0000000E+00   0.0000000E+00   0.0000000E+00
   2.4793439E-05   4.7898084E+06   4.7898084E+06   6.3821888E+06   1.5420108E+04   1.4707607E+05   4.7900692E+06   4.7898084E+06   0.0000000E+00   0.0000000E+00   0.0000000E+00   0.0000000E+00   0.0000000E+00
   2.6643224E-05   4.7898029E+06   4.7898029E+06   6.3815280E+06   1.5419127E+04   1.4706734E+05   4.7900631E+06   4.7898029E+06   0.0000000E+00   0.0000000E+00   0.0000000E+00   0.0000000E+00   0.0000000E+00
   2.8631017E-05   4.7897964E+06   4.7897964E+06   6.3807651E+06   1.5417994E+04   1.4705726E+05   4.7900561E+06   4.7897964E+06   0.0000000E+00   0.0000000E+00   0.0000000E+00   0.0000000E+00   0.0000000E+00
   3.0767115E-05   4.7897890E+06   4.7897890E+06   6.3798841E+06   1.5416686E+04   1.4704563E+05   4.7900479E+06   4.7897890E+06   0.0000000E+00   0.0000000E+00   0.0000000E+00   0.0000000E+00   0.0000000E+00
   3.3062582E-05   4.7897804E+06   4.7897804E+06   6.3788670E+06   1.5415176E+04   1.4703220E+05   4.7900385E+06   4.7897804E+06   0.0000000E+00   0.0000000E+00   0.0000000E+00   0.0000000E+00   0.0000000E+00
   3.5529310E-05   4.7897706E+06   4.7897706E+06   6.3776926E+06   1.5413432E+04   1.4701669E+05   4.7900277E+06   4.7897706E+06   0.0000000E+00   0.0000000E+00   0.0000000E+00   0.0000000E+00   0.0000000E+00
   3.8180074E-05   4.7897591E+06   4.7897591E+06   6.3763367E+06   1.5411419E+04   1.4699879E+05   4.7900152E+06   4.7897591E+06   0.0000000E+00   0.0000000E+00   0.0000000E+00   0.0000000E+00   0.0000000E+00
   4.1028607E-05   4.7897459E+06   4.7897459E+06   6.3747713E+06   1.5409094E+04   1.4697812E+05   4.7900007E+06   4.7897459E+06   0.0000000E+00   0.0000000E+00   0.0000000E+00   0.0000000E+00   0.0000000E+00
   4.4089662E-05   4.7897307E+06   4.7897307E+06   6.3729641E+06   1.5406410E+04   1.4695427E+05   4.7899840E+06   4.7897307E+06   0.0000000E+00   0.0000000E+00   0.0000000E+00   0.0000000E+00   0.0000000E+00
   4.7379096E-05   4.7897131E+06   4.7897131E+06   6.3708777E+06   1.5403311E+04   1.4692674E+05   4.7899647E+06   4.7897131E+06   0.0000000E+00   0.0000000E+00   0.0000000E+00   0.0000000E+00   0.0000000E+00
   5.0913947E-05   4.7896928E+06   4.7896928E+06   6.3684691E+06   1.5399733E+04   1.4689497E+05   4.7899424E+06   4.7896928E+06   0.0000000E+00   0.0000000E+00   0.0000000E+00   0.0000000E+00   0.0000000E+00
   5.4712526E-05   4.7896693E+06   4.7896693E+06   6.3656888E+06   1.5395603E+04   1.4685830E+05   4.7899167E+06   4.7896693E+06   0.0000000E+00   0.0000000E+00   0.0000000E+00   0.0000000E+00   0.0000000E+00
   5.8794509E-05   4.7896422E+06   4.7896422E+06   6.3624797E+06   1.5390835E+04   1.4681599E+05   4.7898870E+06   4.7896422E+06   0.0000000E+00   0.0000000E+00   0.0000000E+00   0.0000000E+00   0.0000000E+00
   6.3181040E-05   4.7896109E+06   4.7896109E+06   6.3587756E+06   1.5385331E+04   1.4676718E+05   4.7898527E+06   4.7896109E+06   0.0000000E+00   0.0000000E+00   0.0000000E+00   0.0000000E+00   0.0000000E+00
   6.7894840E-05   4.7895748E+06   4.7895748E+06   6.3545008E+06   1.5378978E+04   1.4671087E+05   4.7898131E+06   4.7895748E+06   0.0000000E+00   0.0000000E+00   0.0000000E+00   0.0000000E+00   0.0000000E+00
   7.2960327E-05   4.7895331E+06   4.7895331E+06   6.3495678E+06   1.5371645E+04   1.4664592E+05   4.7897673E+06   4.7895331E+06   0.0000000E+00   0.0000000E+00   0.0000000E+00   0.0000000E+00   0.0000000E+00
   7.8403738E-05   4.7894850E+06   4.7894850E+06   6.3438756E+06   1.5363182E+04   1.4657102E+05   4.7897146E+06   4.7894850E+06   0.0000000E+00   0.0000000E+00   0.0000000E+00   0.0000000E+00   0.0000000E+00
   8.4253271E-05   4.7894294E+06   4.7894294E+06   6.3373084E+06   1.5353416E+04   1.4648466E+05   4.7896536E+06   4.7894294E+06   0.0000000E+00   0.0000000E+00   0.0000000E+00   0.0000000E+00   0.0000000E+00
   9.0539224E-05   4.7893652E+06   4.7893652E+06   6.3297327E+06   1.5342146E+04   1.4638512E+05   4.7895832E+06   4.7893652E+06   0.0000000E+00   0.0000000E+00   0.0000000E+00   0.0000000E+00   0.0000000E+00
   9.7294159E-05   4.7892912E+06   4.7892912E+06   6.3209950E+06   1.5329144E+04   1.4627042E+05   4.7895020E+06   4.7892912E+06   0.0000000E+00   0.0000000E+00   0.0000000E+00   0.0000000E+00   0.0000000E+00
   1.0455307E-04   4.7892056E+06   4.7892056E+06   6.3109190E+06   1.5314145E+04   1.4613829E+05   4.7894082E+06   4.7892056E+06   0.0000000E+00   0.0000000E+00   0.0000000E+00   0.0000000E+00   0.0000000E+00
   1.1235354E-04   4.7891069E+06   4.7891069E+06   6.2993023E+06   1.5296845E+04   1.4598613E+05   4.7893000E+06   4.7891069E+06   0.0000000E+00   0.0000000E+00   0.0000000E+00   0.0000000E+00   0.0000000E+00
   1.2073600E-04   4.7889930E+06   4.7889930E+06   6.2859126E+06   1.5276895E+04   1.4581100E+05   4.7891751E+06   4.7889930E+06   0.0000000E+00   0.0000000E+00   0.0000000E+00   0.0000000E+00   0.0000000E+00
   1.2974385E-04   4.7888615E+06   4.7888615E+06   6.2704838E+06   1.5253893E+04   1.4560953E+05   4.7890309E+06   4.7888615E+06   0.0000000E+00   0.0000000E+00   0.0000000E+00   0.0000000E+00   0.0000000E+00
   1.3942375E-04   4.7887097E+06   4.7887097E+06   6.2527114E+06   1.5227379E+04   1.4537789E+05   4.7888645E+06   4.7887097E+06   0.0000000E+00   0.0000000E+00   0.0000000E+00   0.0000000E+00   0.0000000E+00
   1.4982586E-04   4.7885345E+06   4.7885345E+06   6.2322473E+06   1.5196826E+04   1.4511174E+05   4.7886725E+06   4.7885345E+06   0.0000000E+00   0.0000000E+00   0.0000000E+00   0.0000000E+00   0.0000000E+00
   1.6100404E-04   4.7883324E+06   4.7883324E+06   6.2086943E+06   1.5161630E+04   1.4480619E+05   4.7884509E+06   4.7883324E+06   0.0000000E+00   0.0000000E+00   0.0000000E+00   0.0000000E+00   0.0000000E+00
   1.7301620E-04   4.7880992E+06   4.7880992E+06   6.1816003E+06   1.5121100E+04   1.4445571E+05   4.7881953E+06   4.7880992E+06   0.0000000E+00   0.0000000E+00   0.0000000E+00   0.0000000E+00   0.0000000E+00
   1.8592456E-04   4.7878302E+06   4.7878302E+06   6.1504515E+06   1.5074449E+04   1.4405414E+05   4.7879005E+06   4.7878302E+06   0.0000000E+00   0.0000000E+00   0.0000000E+00   0.0000000E+00   0.0000000E+00
   1.9979599E-04   4.7875199E+06   4.7875199E+06   6.1146659E+06   1.5020779E+04   1.4359459E+05   4.7875604E+06   4.7875199E+06   0.0000000E+00   0.0000000E+00   0.0000000E+00   0.0000000E+00   0.0000000E+00
   2.1470234E-04   4.7871621E+06   4.7871621E+06   6.0735861E+06   1.4959071E+04   1.4306943E+05   4.7871683E+06   4.7871621E+06   0.0000000E+00   0.0000000E+00   0.0000000E+00   0.0000000E+00   0.0000000E+00
   2.3072081E-04   4.7867496E+06   4.7867496E+06   6.0264726E+06   1.4888167E+04   1.4247028E+05   4.7867163E+06   4.7867496E+06   0.0000000E+00   0.0000000E+00   0.0000000E+00   0.0000000E+00   0.0000000E+00
   2.4793439E-04   4.7862741E+06   4.7862741E+06   5.9724969E+06   1.4806761E+04   1.4178803E+05   4.7861954E+06   4.7862741E+06   0.0000000E+00   0.0000000E+00   0.0000000E+00   0.0000000E+00   0.0000000E+00
   2.6643224E-04   4.7857262E+06   4.7857262E+06   5.9107361E+06   1.4713382E+04   1.4101287E+05   4.7855952E+06   4.7857262E+06   0.0000000E+00   0.0000000E+00   0.0000000E+00   0.0000000E+00   0.0000000E+00
   2.8631017E-04   4.7850950E+06   4.7850950E+06   5.8401686E+06   1.4606379E+04   1.4013444E+05   4.7849039E+06   4.7850950E+06   0.0000000E+00   0.0000000E+00   0.0000000E+00   0.0000000E+00   0.0000000E+00
   3.0767115E-04   4.7843681E+06   4.7843681E+06   5.7596726E+06   1.4483912E+04   1.3914196E+05   4.7841080E+06   4.7843681E+06   0.0000000E+00   0.0000000E+00   0.0000000E+00   0.0000000E+00   0.0000000E+00
   3.3062582E-04   4.7835314E+06   4.7835314E+06   5.6680275E+06   1.4343940E+04   1.3802456E+05   4.7831921E+06   4.7835314E+06   0.0000000E+00   0.0000000E+00   0.0000000E+00   0.0000000E+00   0.0000000E+00
   3.5529310E-04   4.7825689E+06   4.7825689E+06   5.5639217E+06   1.4184218E+04   1.3677168E+05   4.7821387E+06   4.7825689E+06   0.0000000E+00   0.0000000E+00   0.0000000E+00   0.0000000E+00   0.0000000E+00
   3.8180074E-04   4.7814620E+06   4.7814620E+06   5.4459666E+06   1.4002297E+04   1.3537361E+05   4.7809277E+06   4.7814620E+06   0.0000000E+00   0.0000000E+00   0.0000000E+00   0.0000000E+00   0.0000000E+00
   4.1028607E-04   4.7801902E+06   4.7801902E+06   5.3127207E+06   1.3795534E+04   1.3382230E+05   4.7795368E+06   4.7801902E+06   0.0000000E+00   0.0000000E+00   0.0000000E+00   0.0000000E+00   0.0000000E+00
   4.4089662E-04   4.7787297E+06   4.7787297E+06   5.1627260E+06   1.3561122E+04   1.3211232E+05   4.7779402E+06   4.7787297E+06   0.0000000E+00   0.0000000E+00   0.0000000E+00   0.0000000E+00   0.0000000E+00
   4.7379096E-04   4.7770540E+06   4.7770540E+06   4.9945610E+06   1.3296123E+04   1.3024212E+05   4.7761093E+06   4.7770540E+06   0.0000000E+00   0.0000000E+00   0.0000000E+00   0.0000000E+00   0.0000000E+00
   5.0913947E-04   4.7751333E+06   4.7751333E+06   4.8069130E+06   1.2997542E+04   1.2821555E+05   4.7740119E+06   4.7751333E+06   0.0000000E+00   0.0000000E+00   0.0000000E+00   0.0000000E+00   0.0000000E+00
   5.4712526E-04   4.7729341E+06   4.7729341E+06   4.5986747E+06   1.2662413E+04   1.2604361E+05   4.7716119E+06   4.7729341E+06   0.0000000E+00   0.0000000E+00   0.0000000E+00   0.0000000E+00   0.0000000E+00
   5.8794509E-04   4.7704189E+06   4.7704189E+06   4.3690678E+06   1.2287937E+04   1.2374637E+05   4.7688692E+06   4.7704189E+06   0.0000000E+00   0.0000000E+00   0.0000000E+00   0.0000000E+00   0.0000000E+00
   6.3181040E-04   4.7675464E+06   4.7675464E+06   4.1177964E+06   1.1871648E+04   1.2135492E+05   4.7657398E+06   4.7675464E+06   0.0000000E+00   0.0000000E+00   0.0000000E+00   0.0000000E+00   0.0000000E+00
   6.7894840E-04   4.7642710E+06   4.7642710E+06   3.8452305E+06   1.1411638E+04   1.1891304E+05   4.7621749E+06   4.7642710E+06   0.0000000E+00   0.0000000E+00   0.0000000E+00   0.0000000E+00   0.0000000E+00
   7.2960327E-04   4.7605423E+06   4.7605423E+06   3.5526139E+06   1.0906831E+04   1.1647812E+05   4.7581217E+06   4.7605423E+06   0.0000000E+00   0.0000000E+00   0.0000000E+00   0.0000000E+00   0.0000000E+00
   7.8403738E-04   4.7563059E+06   4.7563059E+06   3.2422878E+06   1.0357304E+04   1.1412074E+05   4.7535229E+06   4.7563059E+06   0.0000000E+00   0.0000000E+00   0.0000000E+00   0.0000000E+00   0.0000000E+00
   8.4253271E-04   4.7515028E+06   4.7515028E+06   2.9179069E+06   9.7646541E+03   1.1192200E+05   4.7483173E+06   4.7515028E+06   0.0000000E+00   0.0000000E+00   0.0000000E+00   0.0000000E+00   0.0000000E+00
   9.0539224E-04   4.7460698E+06   4.7460698E+06   2.5846167E+06   9.1323838E+03   1.0996756E+05   4.7424399E+06   4.7460698E+06   0.0000000E+00   0.0000000E+00   0.0000000E+00   0.0000000E+00   0.0000000E+00
   9.7294159E-04   4.7399398E+06   4.7399398E+06   2.2491425E+06   8.4662682E+03   1.0833719E+05   4.7358225E+06   4.7399398E+06   0.0000000E+00   0.0000000E+00   0.0000000E+00   0.0000000E+00   0.0000000E+00
   1.0455307E-03   4.7330421E+06   4.7330421E+06   1.9197246E+06   7.7746461E+03   1.0708901E+05   4.7283945E+06   4.7330421E+06   0.0000000E+00   0.0000000E+00   0.0000000E+00   0.0000000E+00   0.0000000E+00
   1.1235354E-03   4.7253026E+06   4.7253026E+06   1.6058229E+06   7.0685508E+03   1.0623840E+05   4.7200835E+06   4.7253026E+06   0.0000000E+00   0.0000000E+00   0.0000000E+00   0.0000000E+00   0.0000000E+00
   1.2073600E-03   4.7166448E+06   4.7166448E+06   1.3175122E+06   6.3615778E+03   1.0573283E+05   4.7108159E+06   4.7166448E+06   0.0000000E+00   0.0000000E+00   0.0000000E+00   0.0000000E+00   0.0000000E+00
   1.2974385E-03   4.7069892E+06   4.7069892E+06   1.0645117E+06   5.6693704E+03   1.0542727E+05   4.7005174E+06   4.7069892E+06   0.0000000E+00   0.0000000E+00   0.0000000E+00   0.0000000E+00   0.0000000E+00
   1.3942375E-03   4.6962539E+06   4.6962539E+06   8.5485243E+05   5.0086237E+03   1.0506783E+05   4.6891135E+06   4.6962539E+06   0.0000000E+00   0.0000000E+00   0.0000000E+00   0.0000000E+00   0.0000000E+00
   1.4982586E-03   4.6843541E+06   4.6843541E+06   6.9329652E+05   4.3955548E+03   1.0429621E+05   4.6765288E+06   4.6843541E+06   0.0000000E+00   0.0000000E+00   0.0000000E+00   0.0000000E+00   0.0000000E+00
   1.6100404E-03   4.6712010E+06   4.6712010E+06   5.7978702E+05   3.8439090E+03   1.0268965E+05   4.6626860E+06   4.6712010E+06   0.0000000E+00   0.0000000E+00   0.0000000E+00   0.0000000E+00   0.0000000E+00
   1.7301620E-03   4.6567013E+06   4.6567013E+06   5.0840021E+05   3.3627497E+03   9.9849328E+04   4.6475044E+06   4.6567013E+06   0.0000000E+00   0.0000000E+00   0.0000000E+00   0.0000000E+00   0.0000000E+00
   1.8592456E-03   4.6407553E+06   4.6407553E+06   4.6742160E+05   2.9545142E+03   9.5537276E+04   4.6308977E+06   4.6407553E+06   0.0000000E+00   0.0000000E+00   0.0000000E+00   0.0000000E+00   0.0000000E+00
   1.9979599E-03   4.6232571E+06   4.6232571E+06   4.4114048E+05   2.6140266E+03   8.9835623E+04   4.6127719E+06   4.6232571E+06   0.0000000E+00   0.0000000E+00   0.0000000E+00   0.0000000E+00   0.0000000E+00
   2.1470234E-03   4.6040941E+06   4.6040941E+06   4.1357861E+05   2.3292112E+03   8.3262614E+04   4.5930242E+06   4.6040941E+06   0.0000000E+00   0.0000000E+00   0.0000000E+00   0.0000000E+00   0.0000000E+00
   2.3072081E-03   4.5831491E+06   4.5831491E+06   3.7351943E+05   2.0839585E+03   7.6744104E+04   4.5715425E+06   4.5831491E+06   0.0000000E+00   0.0000000E+00   0.0000000E+00   0.0000000E+00   0.0000000E+00
   2.4793439E-03   4.5603035E+06   4.5603035E+06   3.1900614E+05   1.8628204E+03   7.1344666E+04   4.5482085E+06   4.5603035E+06   0.0000000E+00   0.0000000E+00   0.0000000E+00   0.0000000E+00   0.0000000E+00
   2.6643224E-03   4.5354408E+06   4.5354408E+06   2.5853988E+05   1.6560373E+03   6.7759608E+04   4.5229001E+06   4.5354408E+06   0.0000000E+00   0.0000000E+00   0.0000000E+00   0.0000000E+00   0.0000000E+00
   2.8631017E-03   4.5084487E+06   4.5084487E+06   2.0666183E+05   1.4623820E+03   6.5778472E+04   4.4954956E+06   4.5084487E+06   0.0000000E+00   0.0000000E+00   0.0000000E+00   0.0000000E+00   0.0000000E+00
   3.0767115E-03   4.4792176E+06   4.4792176E+06   1.7450809E+05   1.2874569E+03   6.4157669E+04   4.4658746E+06   4.4792176E+06   0.0000000E+00   0.0000000E+00   0.0000000E+00   0.0000000E+00   0.0000000E+00
   3.3062582E-03   4.4476362E+06   4.4476362E+06   1.6076325E+05   1.1373711E+03   6.1315776E+04   4.4339169E+06   4.4476362E+06   0.0000000E+00   0.0000000E+00   0.0000000E+00   0.0000000E+00   0.0000000E+00
   3.5529310E-03   4.4135845E+06   4.4135845E+06   1.5146508E+05   1.0116652E+03   5.6682215E+04   4.3994991E+06   4.4135845E+06   0.0000000E+00   0.0000000E+00   0.0000000E+00   0.0000000E+00   0.0000000E+00
   3.8180074E-03   4.3769336E+06   4.3769336E+06   1.3243563E+05   9.0184747E+02   5.1537417E+04   4.3624949E+06   4.3769336E+06   0.0000000E+00   0.0000000E+00   0.0000000E+00   0.0000000E+00   0.0000000E+00
   4.1028607E-03   4.3375514E+06   4.3375514E+06   1.0462000E+05   7.9847154E+02   4.7913542E+04   4.3227791E+06   4.3375514E+06   0.0000000E+00   0.0000000E+00   0.0000000E+00   0.0000000E+00   0.0000000E+00
   4.4089662E-03   4.2953124E+06   4.2953124E+06   8.3093879E+04   7.0026386E+02   4.6014184E+04   4.2802347E+06   4.2953124E+06   0.0000000E+00   0.0000000E+00   0.0000000E+00   0.0000000E+00   0.0000000E+00
   4.7379096E-03   4.2500998E+06   4.2500998E+06   7.5574798E+04   6.1342356E+02   4.3571080E+04   4.2347520E+06   4.2500998E+06   0.0000000E+00   0.0000000E+00   0.0000000E+00   0.0000000E+00   0.0000000E+00
   5.0913947E-03   4.2017970E+06   4.2017970E+06   6.9617959E+04   5.4028004E+02   3.9370282E+04   4.1862195E+06   4.2017970E+06   0.0000000E+00   0.0000000E+00   0.0000000E+00   0.0000000E+00   0.0000000E+00
   5.4712526E-03   4.1502837E+06   4.1502837E+06   5.4698464E+04   4.7465715E+02   3.5836625E+04   4.1345188E+06   4.1502837E+06   0.0000000E+00   0.0000000E+00   0.0000000E+00   0.0000000E+00   0.0000000E+00
   5.8794509E-03   4.0954418E+06   4.0954418E+06   4.2780834E+04   4.1323474E+02   3.4362771E+04   4.0795287E+06   4.0954418E+06   0.0000000E+00   0.0000000E+00   0.0000000E+00   0.0000000E+00   0.0000000E+00
   6.3181040E-03   4.0371592E+06   4.0371592E+06   4.0621799E+04   3.6049256E+02   3.1840036E+04   4.0211291E+06   4.0371592E+06   0.0000000E+00   0.0000000E+00   0.0000000E+00   0.0000000E+00   0.0000000E+00
   6.7894840E-03   3.9753215E+06   3.9753215E+06   3.3728836E+04   3.1548402E+02   2.8216336E+04   3.9592029E+06   3.9753215E+06   0.0000000E+00   0.0000000E+00   0.0000000E+00   0.0000000E+00   0.0000000E+00
   7.2960327E-03   3.9098120E+06   3.9098120E+06   2.5996859E+04   2.7306026E+02   2.6694742E+04   3.8936460E+06   3.9098120E+06   0.0000000E+00   0.0000000E+00   0.0000000E+00   0.0000000E+00   0.0000000E+00
   7.8403738E-03   3.8405227E+06   3.8405227E+06   2.5404688E+04   2.3630536E+02   2.4307882E+04   3.8243645E+06   3.8405227E+06   0.0000000E+00   0.0000000E+00   0.0000000E+00   0.0000000E+00   0.0000000E+00
   8.4253271E-03   3.7673471E+06   3.7673471E+06   1.9527700E+04   2.0492605E+02   2.1750194E+04   3.7512417E+06   3.7673471E+06   0.0000000E+00   0.0000000E+00   0.0000000E+00   0.0000000E+00   0.0000000E+00
   9.0539224E-03   3.6901790E+06   3.6901790E+06   1.7861219E+04   1.7658271E+02   2.0304232E+04   3.6741560E+06   3.6901790E+06   0.0000000E+00   0.0000000E+00   0.0000000E+00   0.0000000E+00   0.0000000E+00
   9.7294159E-03   3.6089141E+06   3.6089141E+06   1.4688654E+04   1.5220000E+02   1.7646356E+04   3.5930171E+06   3.6089141E+06   0.0000000E+00   0.0000000E+00   0.0000000E+00   0.0000000E+00   0.0000000E+00
   1.0455307E-02   3.5234511E+06   3.5234511E+06   1.2830059E+04   1.3036484E+02   1.6495486E+04   3.5077306E+06   3.5234511E+06   0.0000000E+00   0.0000000E+00   0.0000000E+00   0.0000000E+00   0.0000000E+00
   1.1235354E-02   3.4336993E+06   3.4336993E+06   1.0139247E+04   1.1191279E+02   1.4312443E+04   3.4181911E+06   3.4336993E+06   0.0000000E+00   0.0000000E+00   0.0000000E+00   0.0000000E+00   0.0000000E+00
   1.2073600E-02   3.3395742E+06   3.3395742E+06   9.3413412E+03   9.5337493E+01   1.3104867E+04   3.3243226E+06   3.3395742E+06   0.0000000E+00   0.0000000E+00   0.0000000E+00   0.0000000E+00   0.0000000E+00
   1.2974385E-02   3.2410103E+06   3.2410103E+06   6.9480508E+03   8.1154769E+01   1.1830479E+04   3.2260586E+06   3.2410103E+06   0.0000000E+00   0.0000000E+00   0.0000000E+00   0.0000000E+00   0.0000000E+00
   1.3942375E-02   3.1379643E+06   3.1379643E+06   6.1334088E+03   6.8940860E+01   1.0233286E+04   3.1233501E+06   3.1379643E+06   0.0000000E+00   0.0000000E+00   0.0000000E+00   0.0000000E+00   0.0000000E+00
   1.4982586E-02   3.0304279E+06   3.0304279E+06   5.5107361E+03   5.8232290E+01   9.2554653E+03   3.0161940E+06   3.0304279E+06   0.0000000E+00   0.0000000E+00   0.0000000E+00   0.0000000E+00   0.0000000E+00
   1.6100404E-02   2.9184434E+06   2.9184434E+06   4.4204486E+03   4.9080262E+01   8.3408274E+03   2.9046276E+06   2.9184434E+06   0.0000000E+00   0.0000000E+00   0.0000000E+00   0.0000000E+00   0.0000000E+00
   1.7301620E-02   2.8021207E+06   2.8021207E+06   3.4840999E+03   4.1198283E+01   7.3580402E+03   2.7887609E+06   2.8021207E+06   0.0000000E+00   0.0000000E+00   0.0000000E+00   0.0000000E+00   0.0000000E+00
   1.8592456E-02   2.6816621E+06   2.6816621E+06   2.8320767E+03   3.4486131E+01   6.4323905E+03   2.6687927E+06   2.6816621E+06   0.0000000E+00   0.0000000E+00   0.0000000E+00   0.0000000E+00   0.0000000E+00
   1.9979597E-02   2.5573897E+06   2.5573897E+06   2.3474880E+03   2.8738348E+01   5.6446959E+03   2.5450448E+06   2.5573897E+06   0.0000000E+00   0.0000000E+00   0.0000000E+00   0.0000000E+00   0.0000000E+00
   2.1470223E-02   2.4297776E+06   2.4297776E+06   1.9589967E+03   2.3836514E+01   4.9552725E+03   2.4179855E+06   2.4297776E+06   0.0000000E+00   0.0000000E+00   0.0000000E+00   0.0000000E+00   0.0000000E+00
   2.3072021E-02   2.2994880E+06   2.2994880E+06   1.6453693E+03   1.9695151E+01   4.3309364E+03   2.2882741E+06   2.2994880E+06   0.0000000E+00   0.0000000E+00   0.0000000E+00   0.0000000E+00   0.0000000E+00
   2.4793152E-02   2.1674087E+06   2.1674087E+06   1.3752541E+03   1.6199416E+01   3.7500618E+03   2.1567928E+06   2.1674087E+06   0.0000000E+00   0.0000000E+00   0.0000000E+00   0.0000000E+00   0.0000000E+00
   2.6642037E-02   2.0346959E+06   2.0346959E+06   1.1130531E+03   1.3266036E+01   3.2367458E+03   2.0246908E+06   2.0346959E+06   0.0000000E+00   0.0000000E+00   0.0000000E+00   0.0000000E+00   0.0000000E+00
   2.8626708E-02   1.9028214E+06   1.9028214E+06   8.6851513E+02   1.0815863E+01   2.8112706E+03   1.8934315E+06   1.9028214E+06   0.0000000E+00   0.0000000E+00   0.0000000E+00   0.0000000E+00   0.0000000E+00
   3.0753264E-02   1.7736228E+06   1.7736228E+06   7.3945645E+02   8.7886169E+00   2.4496541E+03   1.7648426E+06   1.7736228E+06   0.0000000E+00   0.0000000E+00   0.0000000E+00   0.0000000E+00   0.0000000E+00
   3.3022903E-02   1.6493285E+06   1.6493285E+06   5.5583997E+02   7.1257013E+00   2.1205578E+03   1.6411405E+06   1.6493285E+06   0.0000000E+00   0.0000000E+00   0.0000000E+00   0.0000000E+00   0.0000000E+00
   3.5427572E-02   1.5324821E+06   1.5324821E+06   4.6896324E+02   5.7788714E+00   1.8101801E+03   1.5248550E+06   1.5324821E+06   0.0000000E+00   0.0000000E+00   0.0000000E+00   0.0000000E+00   0.0000000E+00
   3.7945939E-02   1.4256476E+06   1.4256476E+06   3.9812040E+02   4.7012330E+00   1.6003217E+03   1.4185367E+06   1.4256476E+06   0.0000000E+00   0.0000000E+00   0.0000000E+00   0.0000000E+00   0.0000000E+00
   4.0543532E-02   1.3308574E+06   1.3308574E+06   3.2113287E+02   3.8514585E+00   1.4333418E+03   1.3242067E+06   1.3308574E+06   0.0000000E+00   0.0000000E+00   0.0000000E+00   0.0000000E+00   0.0000000E+00
   4.3179938E-02   1.2490138E+06   1.2490138E+06   2.5548255E+02   3.1891578E+00   1.2824109E+03   1.2427619E+06   1.2490138E+06   0.0000000E+00   0.0000000E+00   0.0000000E+00   0.0000000E+00   0.0000000E+00
   4.5820067E-02   1.1796494E+06   1.1796494E+06   2.0657325E+02   2.6743329E+00   1.1479311E+03   1.1737363E+06   1.1796494E+06   0.0000000E+00   0.0000000E+00   0.0000000E+00   0.0000000E+00   0.0000000E+00
   4.8441989E-02   1.1212102E+06   1.1212102E+06   1.7368767E+02   2.2716279E+00   1.0332157E+03   1.1155834E+06   1.1212102E+06   0.0000000E+00   0.0000000E+00   0.0000000E+00   0.0000000E+00   0.0000000E+00
   5.1037617E-02   1.0716045E+06   1.0716045E+06   1.5330937E+02   1.9529987E+00   9.3957867E+02   1.0662212E+06   1.0716045E+06   0.0000000E+00   0.0000000E+00   0.0000000E+00   0.0000000E+00   0.0000000E+00
   5.3608844E-02   1.0286722E+06   1.0286722E+06   1.3905442E+02   1.6959984E+00   8.7239328E+02   1.0235000E+06   1.0286722E+06   0.0000000E+00   0.0000000E+00   0.0000000E+00   0.0000000E+00   0.0000000E+00
   5.6163063E-02   9.9044849E+05   9.9044849E+05   1.2485365E+02   1.4851754E+00   8.2265143E+02   9.8546461E+05   9.9044849E+05   0.0000000E+00   0.0000000E+00   0.0000000E+00   0.0000000E+00   0.0000000E+00
   5.8709964E-02   9.5526701E+05   9.5526701E+05   1.0858664E+02   1.3088459E+00   7.8087863E+02   9.5045687E+05   9.5526701E+05   0.0000000E+00   0.0000000E+00   0.0000000E+00   0.0000000E+00   0.0000000E+00
   6.1259717E-02   9.2177971E+05   9.2177971E+05   9.2198664E+01   1.1588875E+00   7.3630197E+02   9.1713538E+05   9.2177971E+05   0.0000000E+00   0.0000000E+00   0.0000000E+00   0.0000000E+00   0.0000000E+00
   6.3822119E-02   8.8894690E+05   8.8894690E+05   7.9517729E+01   1.0294234E+00   6.8588509E+02   8.8446555E+05   8.8894690E+05   0.0000000E+00   0.0000000E+00   0.0000000E+00   0.0000000E+00   0.0000000E+00
   6.6406263E-02   8.5602079E+05   8.5602079E+05   7.1879689E+01   9.1590926E-01   6.3855551E+02   8.5170329E+05   8.5602079E+05   0.0000000E+00   0.0000000E+00   0.0000000E+00   0.0000000E+00   0.0000000E+00
   6.9020482E-02   8.2253011E+05   8.2253011E+05   6.6607699E+01   8.1542307E-01   5.9920974E+02   8.1837966E+05   8.2253011E+05   0.0000000E+00   0.0000000E+00   0.0000000E+00   0.0000000E+00   0.0000000E+00
   7.1672403E-02   7.8826538E+05   7.8826538E+05   6.0771552E+01   7.2577427E-01   5.6694290E+02   7.8428620E+05   7.8826538E+05   0.0000000E+00   0.0000000E+00   0.0000000E+00   0.0000000E+00   0.0000000E+00
   7.4369042E-02   7.5326180E+05   7.5326180E+05   5.3936792E+01   6.4552952E-01   5.3612737E+02   7.4945790E+05   7.5326180E+05   0.0000000E+00   0.0000000E+00   0.0000000E+00   0.0000000E+00   0.0000000E+00
   7.7116914E-02   7.1777572E+05   7.1777572E+05   4.7084297E+01   5.7362445E-01   5.0420740E+02   7.1414977E+05   7.1777572E+05   0.0000000E+00   0.0000000E+00   0.0000000E+00   0.0000000E+00   0.0000000E+00
   7.9922125E-02   6.8225138E+05   6.8225138E+05   4.0987858E+01   5.0918830E-01   4.7258168E+02   6.7880377E+05   6.8225138E+05   0.0000000E+00   0.0000000E+00   0.0000000E+00   0.0000000E+00   0.0000000E+00
   8.2790465E-02   6.4727553E+05   6.4727553E+05   3.5957359E+01   4.5161671E-01   4.4270561E+02   6.4400369E+05   6.4727553E+05   0.0000000E+00   0.0000000E+00   0.0000000E+00   0.0000000E+00   0.0000000E+00
   8.5727477E-02   6.1351899E+05   6.1351899E+05   3.2127157E+01   4.0045610E-01   4.1490915E+02   6.1041693E+05   6.1351899E+05   0.0000000E+00   0.0000000E+00   0.0000000E+00   0.0000000E+00   0.0000000E+00
   8.8738517E-02   5.8166641E+05   5.8166641E+05   2.9192574E+01   3.5533070E-01   3.8693711E+02   5.7872465E+05   5.8166641E+05   0.0000000E+00   0.0000000E+00   0.0000000E+00   0.0000000E+00   0.0000000E+00
   9.1828808E-02   5.5233798E+05   5.5233798E+05   2.5815132E+01   3.1576352E-01   3.5845364E+02   5.4954387E+05   5.5233798E+05   0.0000000E+00   0.0000000E+00   0.0000000E+00   0.0000000E+00   0.0000000E+00
   9.5003475E-02   5.2600913E+05   5.2600913E+05   2.1521899E+01   2.8124591E-01   3.3749534E+02   5.2334762E+05   5.2600913E+05   0.0000000E+00   0.0000000E+00   0.0000000E+00   0.0000000E+00   0.0000000E+00
   9.8267585E-02   5.0293733E+05   5.0293733E+05   1.9653439E+01   2.5132219E-01   3.2476436E+02   5.0039203E+05   5.0293733E+05   0.0000000E+00   0.0000000E+00   0.0000000E+00   0.0000000E+00   0.0000000E+00
   1.0162617E-01   4.8310649E+05   4.8310649E+05   1.8521230E+01   2.2547490E-01   3.0366989E+02   4.8066106E+05   4.8310649E+05   0.0000000E+00   0.0000000E+00   0.0000000E+00   0.0000000E+00   0.0000000E+00
   1.0508425E-01   4.6620031E+05   4.6620031E+05   1.5439223E+01   2.0307146E-01   2.9315989E+02   4.6384002E+05   4.6620031E+05   0.0000000E+00   0.0000000E+00   0.0000000E+00   0.0000000E+00   0.0000000E+00
   1.0864684E-01   4.5161487E+05   4.5161487E+05   1.5109931E+01   1.8352191E-01   2.7856179E+02   4.4932804E+05   4.5161487E+05   0.0000000E+00   0.0000000E+00   0.0000000E+00   0.0000000E+00   0.0000000E+00
   1.1231900E-01   4.3851677E+05   4.3851677E+05   1.3188200E+01   1.6623211E-01   2.7198368E+02   4.3629591E+05   4.3851677E+05   0.0000000E+00   0.0000000E+00   0.0000000E+00   0.0000000E+00   0.0000000E+00
   1.1610580E-01   4.2594691E+05   4.2594691E+05   1.1636417E+01   1.5070908E-01   2.5898853E+02   4.2378938E+05   4.2594691E+05   0.0000000E+00   0.0000000E+00   0.0000000E+00   0.0000000E+00   0.0000000E+00
   1.2001235E-01   4.1296115E+05   4.1296115E+05   1.0983123E+01   1.3648990E-01   2.4814780E+02   4.1086910E+05   4.1296115E+05   0.0000000E+00   0.0000000E+00   0.0000000E+00   0.0000000E+00   0.0000000E+00
   1.2404382E-01   3.9878923E+05   3.9878923E+05   1.0110089E+01   1.2327803E-01   2.3835175E+02   3.9676870E+05   3.9878923E+05   0.0000000E+00   0.0000000E+00   0.0000000E+00   0.0000000E+00   0.0000000E+00
   1.2820542E-01   3.8298379E+05   3.8298379E+05   9.0604938E+00   1.1088469E-01   2.2770755E+02   3.8104309E+05   3.8298379E+05   0.0000000E+00   0.0000000E+00   0.0000000E+00   0.0000000E+00   0.0000000E+00
   1.3250243E-01   3.6552592E+05   3.6552592E+05   8.0573018E+00   9.9244876E-02   2.1641852E+02   3.6367347E+05   3.6552592E+05   0.0000000E+00   0.0000000E+00   0.0000000E+00   0.0000000E+00   0.0000000E+00
   1.3694019E-01   3.4685452E+05   3.4685452E+05   7.2126835E+00   8.8415126E-02   2.0388723E+02   3.4509650E+05   3.4685452E+05   0.0000000E+00   0.0000000E+00   0.0000000E+00   0.0000000E+00   0.0000000E+00
   1.4152411E-01   3.2779681E+05   3.2779681E+05   6.2325861E+00   7.8490052E-02   1.9065597E+02   3.2613521E+05   3.2779681E+05   0.0000000E+00   0.0000000E+00   0.0000000E+00   0.0000000E+00   0.0000000E+00
   1.4625966E-01   3.0939777E+05   3.0939777E+05   5.3744612E+00   6.9577183E-02   1.8049770E+02   3.0782928E+05   3.0939777E+05   0.0000000E+00   0.0000000E+00   0.0000000E+00   0.0000000E+00   0.0000000E+00
   1.5115241E-01   2.9267340E+05   2.9267340E+05   5.0166675E+00   6.1759550E-02   1.6872627E+02   2.9118955E+05   2.9267340E+05   0.0000000E+00   0.0000000E+00   0.0000000E+00   0.0000000E+00   0.0000000E+00
   1.5620801E-01   2.7834203E+05   2.7834203E+05   4.3226770E+00   5.5026948E-02   1.6093309E+02   2.7693071E+05   2.7834203E+05   0.0000000E+00   0.0000000E+00   0.0000000E+00   0.0000000E+00   0.0000000E+00
   1.6143220E-01   2.6660838E+05   2.6660838E+05   3.7904331E+00   4.9299019E-02   1.5239986E+02   2.6525645E+05   2.6660838E+05   0.0000000E+00   0.0000000E+00   0.0000000E+00   0.0000000E+00   0.0000000E+00
   1.6683083E-01   2.5707657E+05   2.5707657E+05   3.4898731E+00   4.4401958E-02   1.4587588E+02   2.5577288E+05   2.5707657E+05   0.0000000E+00   0.0000000E+00   0.0000000E+00   0.0000000E+00   0.0000000E+00
   1.7240988E-01   2.4884288E+05   2.4884288E+05   3.1684992E+00   4.0125010E-02   1.4062591E+02   2.4758085E+05   2.4884288E+05   0.0000000E+00   0.0000000E+00   0.0000000E+00   0.0000000E+00   0.0000000E+00
   1.7817546E-01   2.4076614E+05   2.4076614E+05   2.8412159E+00   3.6259972E-02   1.3596729E+02   2.3954499E+05   2.4076614E+05   0.0000000E+00   0.0000000E+00   0.0000000E+00   0.0000000E+00   0.0000000E+00
   1.8413384E-01   2.3184622E+05   2.3184622E+05   2.5889783E+00   3.2657213E-02   1.3063531E+02   2.3067023E+05   2.3184622E+05   0.0000000E+00   0.0000000E+00   0.0000000E+00   0.0000000E+00   0.0000000E+00
   1.9029147E-01   2.2158244E+05   2.2158244E+05   2.3460900E+00   2.9242389E-02   1.2446235E+02   2.2045845E+05   2.2158244E+05   0.0000000E+00   0.0000000E+00   0.0000000E+00   0.0000000E+00   0.0000000E+00
   1.9665502E-01   2.1016504E+05   2.1016504E+05   2.0630482E+00   2.6022319E-02   1.1718790E+02   2.0909890E+05   2.1016504E+05   0.0000000E+00   0.0000000E+00   0.0000000E+00   0.0000000E+00   0.0000000E+00
   2.0323141E-01   1.9839594E+05   1.9839594E+05   1.8715753E+00   2.3062073E-02   1.1063325E+02   1.9738945E+05   1.9839594E+05   0.0000000E+00   0.0000000E+00   0.0000000E+00   0.0000000E+00   0.0000000E+00
   2.1002783E-01   1.8733977E+05   1.8733977E+05   1.6307105E+00   2.0434041E-02   1.0428974E+02   1.8638932E+05   1.8733977E+05   0.0000000E+00   0.0000000E+00   0.0000000E+00   0.0000000E+00   0.0000000E+00
   2.1705183E-01   1.7783666E+05   1.7783666E+05   1.4521172E+00   1.8174189E-02   9.8701720E+01   1.7693438E+05   1.7783666E+05   0.0000000E+00   0.0000000E+00   0.0000000E+00   0.0000000E+00   0.0000000E+00
   2.2431131E-01   1.7010217E+05   1.7010217E+05   1.3127740E+00   1.6259905E-02   9.3917950E+01   1.6923909E+05   1.7010217E+05   0.0000000E+00   0.0000000E+00   0.0000000E+00   0.0000000E+00   0.0000000E+00
   2.3181466E-01   1.6363078E+05   1.6363078E+05   1.1503202E+00   1.4614885E-02   9.0087390E+01   1.6280050E+05   1.6363078E+05   0.0000000E+00   0.0000000E+00   0.0000000E+00   0.0000000E+00   0.0000000E+00
   2.3957075E-01   1.5748336E+05   1.5748336E+05   1.0476370E+00   1.3145271E-02   8.6606222E+01   1.5668425E+05   1.5748336E+05   0.0000000E+00   0.0000000E+00   0.0000000E+00   0.0000000E+00   0.0000000E+00
   2.4758908E-01   1.5082428E+05   1.5082428E+05   9.3177391E-01   1.1781464E-02   8.2609222E+01   1.5005893E+05   1.5082428E+05   0.0000000E+00   0.0000000E+00   0.0000000E+00   0.0000000E+00   0.0000000E+00
   2.5587982E-01   1.4340059E+05   1.4340059E+05   8.3733279E-01   1.0497267E-02   7.8370434E+01   1.4267289E+05   1.4340059E+05   0.0000000E+00   0.0000000E+00   0.0000000E+00   0.0000000E+00   0.0000000E+00
   2.6445395E-01   1.3565399E+05   1.3565399E+05   7.3514115E-01   9.3127373E-03   7.4026173E+01   1.3496557E+05   1.3565399E+05   0.0000000E+00   0.0000000E+00   0.0000000E+00   0.0000000E+00   0.0000000E+00
   2.7332338E-01   1.2837137E+05   1.2837137E+05   6.5262484E-01   8.2606964E-03   7.0046152E+01   1.2771989E+05   1.2837137E+05   0.0000000E+00   0.0000000E+00   0.0000000E+00   0.0000000E+00   0.0000000E+00
   2.8250107E-01   1.2210213E+05   1.2210213E+05   5.8260481E-01   7.3547133E-03   6.6390187E+01   1.2148245E+05   1.2210213E+05   0.0000000E+00   0.0000000E+00   0.0000000E+00   0.0000000E+00   0.0000000E+00
   2.9200120E-01   1.1676959E+05   1.1676959E+05   5.2386910E-01   6.5757165E-03   6.3447325E+01   1.1617696E+05   1.1676959E+05   0.0000000E+00   0.0000000E+00   0.0000000E+00   0.0000000E+00   0.0000000E+00
   3.0183938E-01   1.1178617E+05   1.1178617E+05   4.6865316E-01   5.8849968E-03   6.0646475E+01   1.1121881E+05   1.1178617E+05   0.0000000E+00   0.0000000E+00   0.0000000E+00   0.0000000E+00   0.0000000E+00
   3.1203288E-01   1.0658228E+05   1.0658228E+05   4.2079797E-01   5.2493556E-03   5.7729409E+01   1.0604132E+05   1.0658228E+05   0.0000000E+00   0.0000000E+00   0.0000000E+00   0.0000000E+00   0.0000000E+00
   3.2260084E-01   1.0108647E+05   1.0108647E+05   3.6829317E-01   4.6619768E-03   5.4678607E+01   1.0057340E+05   1.0108647E+05   0.0000000E+00   0.0000000E+00   0.0000000E+00   0.0000000E+00   0.0000000E+00
   3.3356465E-01   9.5713800E+04   9.5713800E+04   3.2656498E-01   4.1321550E-03   5.1700268E+01   9.5227985E+04   9.5713800E+04   0.0000000E+00   0.0000000E+00   0.0000000E+00   0.0000000E+00   0.0000000E+00
   3.4494827E-01   9.0884116E+04   9.0884116E+04   2.9085920E-01   3.6692173E-03   4.9031540E+01   9.0422806E+04   9.0884116E+04   0.0000000E+00   0.0000000E+00   0.0000000E+00   0.0000000E+00   0.0000000E+00
   3.5677875E-01   8.6581814E+04   8.6581814E+04   2.5915370E-01   3.2655112E-03   4.6649957E+01   8.6142333E+04   8.6581814E+04   0.0000000E+00   0.0000000E+00   0.0000000E+00   0.0000000E+00   0.0000000E+00
   3.6908670E-01   8.2435398E+04   8.2435398E+04   2.2998001E-01   2.9039647E-03   4.4341036E+01   8.2016955E+04   8.2435398E+04   0.0000000E+00   0.0000000E+00   0.0000000E+00   0.0000000E+00   0.0000000E+00
   3.8190701E-01   7.8196584E+04   7.8196584E+04   2.0404833E-01   2.5732676E-03   4.2051666E+01   7.7799653E+04   7.8196584E+04   0.0000000E+00   0.0000000E+00   0.0000000E+00   0.0000000E+00   0.0000000E+00
   3.9527966E-01   7.4006401E+04   7.4006401E+04   1.8073552E-01   2.2746802E-03   3.9741195E+01   7.3630733E+04   7.4006401E+04   0.0000000E+00   0.0000000E+00   0.0000000E+00   0.0000000E+00   0.0000000E+00
   4.0925078E-01   7.0120151E+04   7.0120151E+04   1.5991505E-01   2.0105049E-03   3.7643040E+01   6.9764206E+04   7.0120151E+04   0.0000000E+00   0.0000000E+00   0.0000000E+00   0.0000000E+00   0.0000000E+00
   4.2387385E-01   6.6520014E+04   6.6520014E+04   1.4117306E-01   1.7774282E-03   3.5669315E+01   6.6182340E+04   6.6520014E+04   0.0000000E+00   0.0000000E+00   0.0000000E+00   0.0000000E+00   0.0000000E+00
   4.3921140E-01   6.2993558E+04   6.2993558E+04   1.2448918E-01   1.5675930E-03   3.3738063E+01   6.2673780E+04   6.2993558E+04   0.0000000E+00   0.0000000E+00   0.0000000E+00   0.0000000E+00   0.0000000E+00
   4.5533700E-01   5.9498540E+04   5.9498540E+04   1.0939593E-01   1.3778995E-03   3.1849247E+01   5.9196500E+04   5.9498540E+04   0.0000000E+00   0.0000000E+00   0.0000000E+00   0.0000000E+00   0.0000000E+00
   4.7233792E-01   5.6170499E+04   5.6170499E+04   9.5942125E-02   1.2091320E-03   3.0033978E+01   5.5885350E+04   5.6170499E+04   0.0000000E+00   0.0000000E+00   0.0000000E+00   0.0000000E+00   0.0000000E+00
   4.9031842E-01   5.3017353E+04   5.3017353E+04   8.4041912E-02   1.0589295E-03   2.8318156E+01   5.2748208E+04   5.3017353E+04   0.0000000E+00   0.0000000E+00   0.0000000E+00   0.0000000E+00   0.0000000E+00
   5.0940412E-01   4.9930332E+04   4.9930332E+04   7.3398705E-02   9.2392570E-04   2.6672095E+01   4.9676856E+04   4.9930332E+04   0.0000000E+00   0.0000000E+00   0.0000000E+00   0.0000000E+00   0.0000000E+00
   5.2974755E-01   4.6922624E+04   4.6922624E+04   6.3750889E-02   8.0295434E-04   2.5034394E+01   4.6684414E+04   4.6922624E+04   0.0000000E+00   0.0000000E+00   0.0000000E+00   0.0000000E+00   0.0000000E+00
   5.5153533E-01   4.4036491E+04   4.4036491E+04   5.5217722E-02   6.9515195E-04   2.3479582E+01   4.3812931E+04   4.4036491E+04   0.0000000E+00   0.0000000E+00   0.0000000E+00   0.0000000E+00   0.0000000E+00
   5.7499725E-01   4.1219823E+04   4.1219823E+04   4.7535757E-02   5.9869012E-04   2.1960336E+01   4.1010561E+04   4.1219823E+04   0.0000000E+00   0.0000000E+00   0.0000000E+00   0.0000000E+00   0.0000000E+00
   6.0041762E-01   3.8471128E+04   3.8471128E+04   4.0692974E-02   5.1243452E-04   2.0490572E+01   3.8275819E+04   3.8471128E+04   0.0000000E+00   0.0000000E+00   0.0000000E+00   0.0000000E+00   0.0000000E+00
   6.2814860E-01   3.5797045E+04   3.5797045E+04   3.4600116E-02   4.3565608E-04   1.9058555E+01   3.5615310E+04   3.5797045E+04   0.0000000E+00   0.0000000E+00   0.0000000E+00   0.0000000E+00   0.0000000E+00
   6.5862445E-01   3.3175760E+04   3.3175760E+04   2.9166006E-02   3.6727113E-04   1.7648994E+01   3.3007331E+04   3.3175760E+04   0.0000000E+00   0.0000000E+00   0.0000000E+00   0.0000000E+00   0.0000000E+00
   6.9237320E-01   3.0613231E+04   3.0613231E+04   2.4352109E-02   3.0665945E-04   1.6284263E+01   3.0457811E+04   3.0613231E+04   0.0000000E+00   0.0000000E+00   0.0000000E+00   0.0000000E+00   0.0000000E+00
   7.3001821E-01   2.8103315E+04   2.8103315E+04   2.0109250E-02   2.5324076E-04   1.4940675E+01   2.7960636E+04   2.8103315E+04   0.0000000E+00   0.0000000E+00   0.0000000E+00   0.0000000E+00   0.0000000E+00
   7.7225643E-01   2.5653428E+04   2.5653428E+04   1.6403173E-02   2.0658193E-04   1.3628449E+01   2.5523186E+04   2.5653428E+04   0.0000000E+00   0.0000000E+00   0.0000000E+00   0.0000000E+00   0.0000000E+00
   8.1979728E-01   2.3275526E+04   2.3275526E+04   1.3206528E-02   1.6631714E-04   1.2359455E+01   2.3157356E+04   2.3275526E+04   0.0000000E+00   0.0000000E+00   0.0000000E+00   0.0000000E+00   0.0000000E+00
   8.7325727E-01   2.0991286E+04   2.0991286E+04   1.0496694E-02   1.3219037E-04   1.1146939E+01   2.0884712E+04   2.0991286E+04   0.0000000E+00   0.0000000E+00   0.0000000E+00   0.0000000E+00   0.0000000E+00
   9.3304332E-01   1.8828818E+04   1.8828818E+04   8.2473269E-03   1.0386782E-04   9.9929011E+00   1.8733223E+04   1.8828818E+04   0.0000000E+00   0.0000000E+00   0.0000000E+00   0.0000000E+00   0.0000000E+00
   9.9930201E-01   1.6815272E+04   1.6815272E+04   6.4209650E-03   8.0870914E-05   8.9182719E+00   1.6729899E+04   1.6815272E+04   0.0000000E+00   0.0000000E+00   0.0000000E+00   0.0000000E+00   0.0000000E+00
   1.0719946E+00   1.4969721E+04   1.4969721E+04   4.9672317E-03   6.2559633E-05   7.9392854E+00   1.4893718E+04   1.4969721E+04   0.0000000E+00   0.0000000E+00   0.0000000E+00   0.0000000E+00   0.0000000E+00
   1.1510570E+00   1.3299621E+04   1.3299621E+04   3.8276120E-03   4.8208086E-05   7.0519810E+00   1.3232097E+04   1.3299621E+04   0.0000000E+00   0.0000000E+00   0.0000000E+00   0.0000000E+00   0.0000000E+00
   1.2365357E+00   1.1801022E+04   1.1801022E+04   2.9429663E-03   3.7067731E-05   6.2549508E+00   1.1741106E+04   1.1801022E+04   0.0000000E+00   0.0000000E+00   0.0000000E+00   0.0000000E+00   0.0000000E+00
   1.3286375E+00   1.0462696E+04   1.0462696E+04   2.2599885E-03   2.8465189E-05   5.5456010E+00   1.0409575E+04   1.0462696E+04   0.0000000E+00   0.0000000E+00   0.0000000E+00   0.0000000E+00   0.0000000E+00
   1.4277123E+00   9.2708205E+03   9.2708205E+03   1.7342453E-03   2.1844590E-05   4.9120945E+00   9.2237507E+03   9.2708205E+03   0.0000000E+00   0.0000000E+00   0.0000000E+00   0.0000000E+00   0.0000000E+00
   1.5342155E+00   8.2107230E+03   8.2107230E+03   1.3296962E-03   1.6753844E-05   4.3506209E+00   8.1690354E+03   8.2107230E+03   0.0000000E+00   0.0000000E+00   0.0000000E+00   0.0000000E+00   0.0000000E+00
   1.6486760E+00   7.2687005E+03   7.2687005E+03   1.0203186E-03   1.2843668E-05   3.8514543E+00   7.2317957E+03   7.2687005E+03   0.0000000E+00   0.0000000E+00   0.0000000E+00   0.0000000E+00   0.0000000E+00
   1.7716793E+00   6.4320799E+03   6.4320799E+03   7.8147621E-04   9.8425137E-06   3.4074547E+00   6.3994227E+03   6.4320799E+03   0.0000000E+00   0.0000000E+00   0.0000000E+00   0.0000000E+00   0.0000000E+00
   1.9038603E+00   5.6895049E+03   5.6895049E+03   5.9855714E-04   7.5394950E-06   3.0137607E+00   5.6606180E+03   5.6895049E+03   0.0000000E+00   0.0000000E+00   0.0000000E+00   0.0000000E+00   0.0000000E+00
   2.0459032E+00   5.0307055E+03   5.0307055E+03   4.5829361E-04   5.7731339E-06   2.6642253E+00   5.0051633E+03   5.0307055E+03   0.0000000E+00   0.0000000E+00   0.0000000E+00   0.0000000E+00   0.0000000E+00
   2.1985435E+00   4.4465366E+03   4.4465366E+03   3.5077421E-04   4.4188660E-06   2.3556756E+00   4.4239604E+03   4.4465366E+03   0.0000000E+00   0.0000000E+00   0.0000000E+00   0.0000000E+00   0.0000000E+00
   2.3625721E+00   3.9287772E+03   3.9287772E+03   2.6838457E-04   3.3812932E-06   2.0806117E+00   3.9088298E+03   3.9287772E+03   0.0000000E+00   0.0000000E+00   0.0000000E+00   0.0000000E+00   0.0000000E+00
   2.5388385E+00   3.4700841E+03   3.4700841E+03   2.0527496E-04   2.5863600E-06   1.8374743E+00   3.4524656E+03   3.4700841E+03   0.0000000E+00   0.0000000E+00   0.0000000E+00   0.0000000E+00   0.0000000E+00
   2.7282557E+00   3.0638997E+03   3.0638997E+03   1.5695218E-04   1.9776670E-06   1.6222835E+00   3.0483435E+03   3.0638997E+03   0.0000000E+00   0.0000000E+00   0.0000000E+00   0.0000000E+00   0.0000000E+00
   2.9318049E+00   2.7043652E+03   2.7043652E+03   1.1996474E-04   1.5117209E-06   1.4320378E+00   2.6906344E+03   2.7043652E+03   0.0000000E+00   0.0000000E+00   0.0000000E+00   0.0000000E+00   0.0000000E+00
   3.1505405E+00   2.3862531E+03   2.3862531E+03   9.1723886E-05   1.1551901E-06   1.2636044E+00   2.3741374E+03   2.3862531E+03   0.0000000E+00   0.0000000E+00   0.0000000E+00   0.0000000E+00   0.0000000E+00
   3.3855955E+00   2.1049028E+03   2.1049028E+03   7.0028843E-05   8.8248992E-07   1.1145837E+00   2.0942156E+03   2.1049028E+03   0.0000000E+00   0.0000000E+00   0.0000000E+00   0.0000000E+00   0.0000000E+00
   3.6381875E+00   1.8561618E+03   1.8561618E+03   5.3472338E-05   6.7397813E-07   9.8277983E-01   1.8467376E+03   1.8561618E+03   0.0000000E+00   0.0000000E+00   0.0000000E+00   0.0000000E+00   0.0000000E+00
   3.9096247E+00   1.6363326E+03   1.6363326E+03   4.0819829E-05   5.1458421E-07   8.6639384E-01   1.6280245E+03   1.6363326E+03   0.0000000E+00   0.0000000E+00   0.0000000E+00   0.0000000E+00   0.0000000E+00
   4.2013133E+00   1.4421249E+03   1.4421249E+03   3.1152724E-05   3.9279226E-07   7.6336853E-01   1.4348029E+03   1.4421249E+03   0.0000000E+00   0.0000000E+00   0.0000000E+00   0.0000000E+00   0.0000000E+00
   4.5147642E+00   1.2706126E+03   1.2706126E+03   2.3768879E-05   2.9973843E-07   6.7272867E-01   1.2641614E+03   1.2706126E+03   0.0000000E+00   0.0000000E+00   0.0000000E+00   0.0000000E+00   0.0000000E+00
   4.8516009E+00   1.1191950E+03   1.1191950E+03   1.8144027E-05   2.2867681E-07   5.9256459E-01   1.1135125E+03   1.1191950E+03   0.0000000E+00   0.0000000E+00   0.0000000E+00   0.0000000E+00   0.0000000E+00
   5.2135684E+00   9.8556175E+02   9.8556175E+02   1.3826252E-05   1.7442089E-07   5.2177174E-01   9.8055777E+02   9.8556175E+02   0.0000000E+00   0.0000000E+00   0.0000000E+00   0.0000000E+00   0.0000000E+00
   5.6025414E+00   8.6766181E+02   8.6766181E+02   1.0539923E-05   1.3301088E-07   4.5935024E-01   8.6325645E+02   8.6766181E+02   0.0000000E+00   0.0000000E+00   0.0000000E+00   0.0000000E+00   0.0000000E+00
   6.0205348E+00   7.6367514E+02   7.6367514E+02   8.0319105E-06   1.0141104E-07   4.0427257E-01   7.5979774E+02   7.6367514E+02   0.0000000E+00   0.0000000E+00   0.0000000E+00   0.0000000E+00   0.0000000E+00
   6.4697138E+00   6.7198748E+02   6.7198748E+02   6.1233655E-06   7.7302159E-08   3.5577695E-01   6.6857561E+02   6.7198748E+02   0.0000000E+00   0.0000000E+00   0.0000000E+00   0.0000000E+00   0.0000000E+00
   6.9524051E+00   5.9116785E+02   5.9116785E+02   4.6625190E-06   5.8914057E-08   3.1298712E-01   5.8816632E+02   5.9116785E+02   0.0000000E+00   0.0000000E+00   0.0000000E+00   0.0000000E+00   0.0000000E+00
   7.4711090E+00   5.1994829E+02   5.1994829E+02   3.5518052E-06   4.4893374E-08   2.7524388E-01   5.1730836E+02   5.1994829E+02   0.0000000E+00   0.0000000E+00   0.0000000E+00   0.0000000E+00   0.0000000E+00
   8.0285122E+00   4.5720582E+02   4.5720582E+02   2.7048493E-06   3.4203333E-08   2.4206396E-01   4.5488446E+02   4.5720582E+02   0.0000000E+00   0.0000000E+00   0.0000000E+00   0.0000000E+00   0.0000000E+00
