#           k/h    CDM            baryon         photon         nu             mass_nu        total          no_nu          total_de       Weyl           v_CDM          v_b            v_b-v_c     
   9.8133531E-06   7.4713529E+06   7.4713529E+06   9.9601829E+06   1.4156035E+04   6.7578649E+05   7.4715080E+06   7.4713529E+06   0.0000000E+00   0.0000000E+00   0.0000000E+00   0.0000000E+00   0.0000000E+00
   1.0545506E-05   7.4713514E+06   7.4713514E+06   9.9599301E+06   1.4155811E+04   6.7578032E+05   7.4715065E+06   7.4713514E+06   0.0000000E+00   0.0000000E+00   0.0000000E+00   0.0000000E+00   0.0000000E+00
   1.1332283E-05   7.4713497E+06   7.4713497E+06   9.9596382E+06   1.4155553E+04   6.7577320E+05   7.4715047E+06   7.4713497E+06   0.0000000E+00   0.0000000E+00   0.0000000E+00   0.0000000E+00   0.0000000E+00
   1.2177760E-05   7.4713478E+06   7.4713478E+06   9.9593011E+06   1.4155255E+04   6.7576498E+05   7.4715026E+06   7.4713478E+06   0.0000000E+00   0.0000000E+00   0.0000000E+00   0.0000000E+00   0.0000000E+00
   1.3086317E-05   7.4713456E+06   7.4713456E+06   9.9589118E+06   1.4154911E+04   6.7575548E+05   7.4715002E+06   7.4713456E+06   0.0000000E+00   0.0000000E+00   0.0000000E+00   0.0000000E+00   0.0000000E+00
   1.4062658E-05   7.4713430E+06   7.4713430E+06   9.9584623E+06   1.4154514E+04   6.7574451E+05   7.4714974E+06   7.4713430E+06   0.0000000E+00   0.0000000E+00   0.0000000E+00   0.0000000E+00   0.0000000E+00
   1.5111843E-05   7.4713400E+06   7.4713400E+06   9.9579433E+06   1.4154055E+04   6.7573185E+05   7.4714942E+06   7.4713400E+06   0.0000000E+00   0.0000000E+00   0.0000000E+00   0.0000000E+00   0.0000000E+00
   1.6239305E-05   7.4713366E+06   7.4713366E+06   9.9573440E+06   1.4153525E+04   6.7571723E+05   7.4714905E+06   7.4713366E+06   0.0000000E+00   0.0000000E+00   0.0000000E+00   0.0000000E+00   0.0000000E+00
   1.7450884E-05   7.4713326E+06   7.4713326E+06   9.9566519E+06   1.4152914E+04   6.7570035E+05   7.4714862E+06   7.4713326E+06   0.0000000E+00   0.0000000E+00   0.0000000E+00   0.0000000E+00   0.0000000E+00
   1.8752856E-05   7.4713280E+06   7.4713280E+06   9.9558528E+06   1.4152207E+04   6.7568085E+05   7.4714812E+06   7.4713280E+06   0.0000000E+00   0.0000000E+00   0.0000000E+00   0.0000000E+00   0.0000000E+00
   2.0151966E-05   7.4713227E+06   7.4713227E+06   9.9549300E+06   1.4151392E+04   6.7565835E+05   7.4714755E+06   7.4713227E+06   0.0000000E+00   0.0000000E+00   0.0000000E+00   0.0000000E+00   0.0000000E+00
   2.1655461E-05   7.4713166E+06   7.4713166E+06   9.9538645E+06   1.4150450E+04   6.7563236E+05   7.4714689E+06   7.4713166E+06   0.0000000E+00   0.0000000E+00   0.0000000E+00   0.0000000E+00   0.0000000E+00
   2.3271128E-05   7.4713095E+06   7.4713095E+06   9.9526343E+06   1.4149362E+04   6.7560236E+05   7.4714613E+06   7.4713095E+06   0.0000000E+00   0.0000000E+00   0.0000000E+00   0.0000000E+00   0.0000000E+00
   2.5007336E-05   7.4713014E+06   7.4713014E+06   9.9512138E+06   1.4148106E+04   6.7556772E+05   7.4714525E+06   7.4713014E+06   0.0000000E+00   0.0000000E+00   0.0000000E+00   0.0000000E+00   0.0000000E+00
   2.6873079E-05   7.4712920E+06   7.4712920E+06   9.9495737E+06   1.4146657E+04   6.7552773E+05   7.4714424E+06   7.4712920E+06   0.0000000E+00   0.0000000E+00   0.0000000E+00   0.0000000E+00   0.0000000E+00
   2.8878021E-05   7.4712811E+06   7.4712811E+06   9.9476800E+06   1.4144982E+04   6.7548156E+05   7.4714306E+06   7.4712811E+06   0.0000000E+00   0.0000000E+00   0.0000000E+00   0.0000000E+00   0.0000000E+00
   3.1032547E-05   7.4712685E+06   7.4712685E+06   9.9454937E+06   1.4143049E+04   6.7542826E+05   7.4714171E+06   7.4712685E+06   0.0000000E+00   0.0000000E+00   0.0000000E+00   0.0000000E+00   0.0000000E+00
   3.3347818E-05   7.4712540E+06   7.4712540E+06   9.9429695E+06   1.4140817E+04   6.7536674E+05   7.4714015E+06   7.4712540E+06   0.0000000E+00   0.0000000E+00   0.0000000E+00   0.0000000E+00   0.0000000E+00
   3.5835827E-05   7.4712373E+06   7.4712373E+06   9.9400554E+06   1.4138241E+04   6.7529572E+05   7.4713834E+06   7.4712373E+06   0.0000000E+00   0.0000000E+00   0.0000000E+00   0.0000000E+00   0.0000000E+00
   3.8509460E-05   7.4712180E+06   7.4712180E+06   9.9366913E+06   1.4135266E+04   6.7521376E+05   7.4713626E+06   7.4712180E+06   0.0000000E+00   0.0000000E+00   0.0000000E+00   0.0000000E+00   0.0000000E+00
   4.1382567E-05   7.4711956E+06   7.4711956E+06   9.9328078E+06   1.4131831E+04   6.7511916E+05   7.4713385E+06   7.4711956E+06   0.0000000E+00   0.0000000E+00   0.0000000E+00   0.0000000E+00   0.0000000E+00
   4.4470030E-05   7.4711699E+06   7.4711699E+06   9.9283249E+06   1.4127866E+04   6.7500999E+05   7.4713107E+06   7.4711699E+06   0.0000000E+00   0.0000000E+00   0.0000000E+00   0.0000000E+00   0.0000000E+00
   4.7787843E-05   7.4711401E+06   7.4711401E+06   9.9231507E+06   1.4123289E+04   6.7488403E+05   7.4712786E+06   7.4711401E+06   0.0000000E+00   0.0000000E+00   0.0000000E+00   0.0000000E+00   0.0000000E+00
   5.1353190E-05   7.4711057E+06   7.4711057E+06   9.9171787E+06   1.4118006E+04   6.7473870E+05   7.4712416E+06   7.4711057E+06   0.0000000E+00   0.0000000E+00   0.0000000E+00   0.0000000E+00   0.0000000E+00
   5.5184540E-05   7.4710661E+06   7.4710661E+06   9.9102867E+06   1.4111907E+04   6.7457105E+05   7.4711988E+06   7.4710661E+06   0.0000000E+00   0.0000000E+00   0.0000000E+00   0.0000000E+00   0.0000000E+00
   5.9301739E-05   7.4710202E+06   7.4710202E+06   9.9023335E+06   1.4104869E+04   6.7437768E+05   7.4711494E+06   7.4710202E+06   0.0000000E+00   0.0000000E+00   0.0000000E+00   0.0000000E+00   0.0000000E+00
   6.3726113E-05   7.4709673E+06   7.4709673E+06   9.8931570E+06   1.4096746E+04   6.7415469E+05   7.4710923E+06   7.4709673E+06   0.0000000E+00   0.0000000E+00   0.0000000E+00   0.0000000E+00   0.0000000E+00
   6.8480579E-05   7.4709063E+06   7.4709063E+06   9.8825701E+06   1.4087372E+04   6.7389759E+05   7.4710265E+06   7.4709063E+06   0.0000000E+00   0.0000000E+00   0.0000000E+00   0.0000000E+00   0.0000000E+00
   7.3589767E-05   7.4708357E+06   7.4708357E+06   9.8703580E+06   1.4076556E+04   6.7360125E+05   7.4709505E+06   7.4708357E+06   0.0000000E+00   0.0000000E+00   0.0000000E+00   0.0000000E+00   0.0000000E+00
   7.9080139E-05   7.4707543E+06   7.4707543E+06   9.8562736E+06   1.4064079E+04   6.7325977E+05   7.4708627E+06   7.4707543E+06   0.0000000E+00   0.0000000E+00   0.0000000E+00   0.0000000E+00   0.0000000E+00
   8.4980137E-05   7.4706604E+06   7.4706604E+06   9.8400329E+06   1.4049685E+04   6.7286641E+05   7.4707614E+06   7.4706604E+06   0.0000000E+00   0.0000000E+00   0.0000000E+00   0.0000000E+00   0.0000000E+00
   9.1320320E-05   7.4705519E+06   7.4705519E+06   9.8213103E+06   1.4033085E+04   6.7241345E+05   7.4706444E+06   7.4705519E+06   0.0000000E+00   0.0000000E+00   0.0000000E+00   0.0000000E+00   0.0000000E+00
   9.8133531E-05   7.4704267E+06   7.4704267E+06   9.7997320E+06   1.4013943E+04   6.7189209E+05   7.4705094E+06   7.4704267E+06   0.0000000E+00   0.0000000E+00   0.0000000E+00   0.0000000E+00   0.0000000E+00
   1.0545506E-04   7.4702821E+06   7.4702821E+06   9.7748699E+06   1.3991876E+04   6.7129232E+05   7.4703536E+06   7.4702821E+06   0.0000000E+00   0.0000000E+00   0.0000000E+00   0.0000000E+00   0.0000000E+00
   1.1332283E-04   7.4701153E+06   7.4701153E+06   9.7462345E+06   1.3966443E+04   6.7060276E+05   7.4701738E+06   7.4701153E+06   0.0000000E+00   0.0000000E+00   0.0000000E+00   0.0000000E+00   0.0000000E+00
   1.2177760E-04   7.4699228E+06   7.4699228E+06   9.7132663E+06   1.3937139E+04   6.6981049E+05   7.4699662E+06   7.4699228E+06   0.0000000E+00   0.0000000E+00   0.0000000E+00   0.0000000E+00   0.0000000E+00
   1.3086317E-04   7.4697007E+06   7.4697007E+06   9.6753277E+06   1.3903387E+04   6.6890094E+05   7.4697267E+06   7.4697007E+06   0.0000000E+00   0.0000000E+00   0.0000000E+00   0.0000000E+00   0.0000000E+00
   1.4062658E-04   7.4694444E+06   7.4694444E+06   9.6316927E+06   1.3864528E+04   6.6785771E+05   7.4694504E+06   7.4694444E+06   0.0000000E+00   0.0000000E+00   0.0000000E+00   0.0000000E+00   0.0000000E+00
   1.5111843E-04   7.4691487E+06   7.4691487E+06   9.5815375E+06   1.3819809E+04   6.6666241E+05   7.4691317E+06   7.4691487E+06   0.0000000E+00   0.0000000E+00   0.0000000E+00   0.0000000E+00   0.0000000E+00
   1.6239305E-04   7.4688076E+06   7.4688076E+06   9.5239294E+06   1.3768375E+04   6.6529456E+05   7.4687640E+06   7.4688076E+06   0.0000000E+00   0.0000000E+00   0.0000000E+00   0.0000000E+00   0.0000000E+00
   1.7450884E-04   7.4684142E+06   7.4684142E+06   9.4578164E+06   1.3709254E+04   6.6373148E+05   7.4683400E+06   7.4684142E+06   0.0000000E+00   0.0000000E+00   0.0000000E+00   0.0000000E+00   0.0000000E+00
   1.8752856E-04   7.4679606E+06   7.4679606E+06   9.3820161E+06   1.3641346E+04   6.6194824E+05   7.4678511E+06   7.4679606E+06   0.0000000E+00   0.0000000E+00   0.0000000E+00   0.0000000E+00   0.0000000E+00
   2.0151966E-04   7.4674378E+06   7.4674378E+06   9.2952061E+06   1.3563409E+04   6.5991772E+05   7.4672876E+06   7.4674378E+06   0.0000000E+00   0.0000000E+00   0.0000000E+00   0.0000000E+00   0.0000000E+00
   2.1655461E-04   7.4668352E+06   7.4668352E+06   9.1959162E+06   1.3474049E+04   6.5761075E+05   7.4666382E+06   7.4668352E+06   0.0000000E+00   0.0000000E+00   0.0000000E+00   0.0000000E+00   0.0000000E+00
   2.3271128E-04   7.4661409E+06   7.4661409E+06   9.0825222E+06   1.3371703E+04   6.5499645E+05   7.4658900E+06   7.4661409E+06   0.0000000E+00   0.0000000E+00   0.0000000E+00   0.0000000E+00   0.0000000E+00
   2.5007336E-04   7.4653412E+06   7.4653412E+06   8.9532452E+06   1.3254636E+04   6.5204275E+05   7.4650283E+06   7.4653412E+06   0.0000000E+00   0.0000000E+00   0.0000000E+00   0.0000000E+00   0.0000000E+00
   2.6873079E-04   7.4644206E+06   7.4644206E+06   8.8061566E+06   1.3120926E+04   6.4871720E+05   7.4640364E+06   7.4644206E+06   0.0000000E+00   0.0000000E+00   0.0000000E+00   0.0000000E+00   0.0000000E+00
   2.8878021E-04   7.4633611E+06   7.4633611E+06   8.6391922E+06   1.2968471E+04   6.4498818E+05   7.4628951E+06   7.4633611E+06   0.0000000E+00   0.0000000E+00   0.0000000E+00   0.0000000E+00   0.0000000E+00
   3.1032547E-04   7.4621426E+06   7.4621426E+06   8.4501780E+06   1.2794984E+04   6.4082656E+05   7.4615825E+06   7.4621426E+06   0.0000000E+00   0.0000000E+00   0.0000000E+00   0.0000000E+00   0.0000000E+00
   3.3347818E-04   7.4607419E+06   7.4607419E+06   8.2368729E+06   1.2598016E+04   6.3620785E+05   7.4600740E+06   7.4607419E+06   0.0000000E+00   0.0000000E+00   0.0000000E+00   0.0000000E+00   0.0000000E+00
   3.5835827E-04   7.4591329E+06   7.4591329E+06   7.9970315E+06   1.2374981E+04   6.3111504E+05   7.4583415E+06   7.4591329E+06   0.0000000E+00   0.0000000E+00   0.0000000E+00   0.0000000E+00   0.0000000E+00
   3.8509460E-04   7.4572860E+06   7.4572860E+06   7.7284941E+06   1.2123200E+04   6.2554216E+05   7.4563533E+06   7.4572860E+06   0.0000000E+00   0.0000000E+00   0.0000000E+00   0.0000000E+00   0.0000000E+00
   4.1382567E-04   7.4551679E+06   7.4551679E+06   7.4293087E+06   1.1839976E+04   6.1949847E+05   7.4540738E+06   7.4551679E+06   0.0000000E+00   0.0000000E+00   0.0000000E+00   0.0000000E+00   0.0000000E+00
   4.4470030E-04   7.4527413E+06   7.4527413E+06   7.0978911E+06   1.1522689E+04   6.1301329E+05   7.4514629E+06   7.4527413E+06   0.0000000E+00   0.0000000E+00   0.0000000E+00   0.0000000E+00   0.0000000E+00
   4.7787843E-04   7.4499641E+06   7.4499641E+06   6.7332291E+06   1.1168928E+04   6.0614115E+05   7.4484760E+06   7.4499641E+06   0.0000000E+00   0.0000000E+00   0.0000000E+00   0.0000000E+00   0.0000000E+00
   5.1353190E-04   7.4467900E+06   7.4467900E+06   6.3351317E+06   1.0776671E+04   5.9896670E+05   7.4450635E+06   7.4467900E+06   0.0000000E+00   0.0000000E+00   0.0000000E+00   0.0000000E+00   0.0000000E+00
   5.5184540E-04   7.4431670E+06   7.4431670E+06   5.9045234E+06   1.0344500E+04   5.9160854E+05   7.4411705E+06   7.4431670E+06   0.0000000E+00   0.0000000E+00   0.0000000E+00   0.0000000E+00   0.0000000E+00
   5.9301739E-04   7.4390383E+06   7.4390383E+06   5.4437720E+06   9.8718719E+03   5.8422053E+05   7.4367365E+06   7.4390383E+06   0.0000000E+00   0.0000000E+00   0.0000000E+00   0.0000000E+00   0.0000000E+00
   6.3726113E-04   7.4343415E+06   7.4343415E+06   4.9570313E+06   9.3594271E+03   5.7698865E+05   7.4316958E+06   7.4343415E+06   0.0000000E+00   0.0000000E+00   0.0000000E+00   0.0000000E+00   0.0000000E+00
   6.8480579E-04   7.4290084E+06   7.4290084E+06   4.4505590E+06   8.8093301E+03   5.7012076E+05   7.4259769E+06   7.4290084E+06   0.0000000E+00   0.0000000E+00   0.0000000E+00   0.0000000E+00   0.0000000E+00
   7.3589767E-04   7.4229654E+06   7.4229654E+06   3.9329540E+06   8.2256153E+03   5.6382647E+05   7.4195028E+06   7.4229654E+06   0.0000000E+00   0.0000000E+00   0.0000000E+00   0.0000000E+00   0.0000000E+00
   7.9080139E-04   7.4161333E+06   7.4161333E+06   3.4152277E+06   7.6144955E+03   5.5828389E+05   7.4121914E+06   7.4161333E+06   0.0000000E+00   0.0000000E+00   0.0000000E+00   0.0000000E+00   0.0000000E+00
   8.4980137E-04   7.4084273E+06   7.4084273E+06   2.9106063E+06   6.9845692E+03   5.5359169E+05   7.4039558E+06   7.4084273E+06   0.0000000E+00   0.0000000E+00   0.0000000E+00   0.0000000E+00   0.0000000E+00
   9.1320320E-04   7.3997573E+06   7.3997573E+06   2.4339402E+06   6.3468437E+03   5.4970726E+05   7.3947042E+06   7.3997573E+06   0.0000000E+00   0.0000000E+00   0.0000000E+00   0.0000000E+00   0.0000000E+00
   9.8133531E-04   7.3900278E+06   7.3900278E+06   2.0006101E+06   5.7144706E+03   5.4637749E+05   7.3843407E+06   7.3900278E+06   0.0000000E+00   0.0000000E+00   0.0000000E+00   0.0000000E+00   0.0000000E+00
   1.0545506E-03   7.3791376E+06   7.3791376E+06   1.6248665E+06   5.1020908E+03   5.4307682E+05   7.3727654E+06   7.3791376E+06   0.0000000E+00   0.0000000E+00   0.0000000E+00   0.0000000E+00   0.0000000E+00
   1.1332283E-03   7.3669794E+06   7.3669794E+06   1.3176546E+06   4.5247097E+03   5.3897857E+05   7.3598741E+06   7.3669794E+06   0.0000000E+00   0.0000000E+00   0.0000000E+00   0.0000000E+00   0.0000000E+00
   1.2177760E-03   7.3534395E+06   7.3534395E+06   1.0841755E+06   3.9960962E+03   5.3299612E+05   7.3455578E+06   7.3534395E+06   0.0000000E+00   0.0000000E+00   0.0000000E+00   0.0000000E+00   0.0000000E+00
   1.3086317E-03   7.3383958E+06   7.3383958E+06   9.2169991E+05   3.5268323E+03   5.2393476E+05   7.3297022E+06   7.3383958E+06   0.0000000E+00   0.0000000E+00   0.0000000E+00   0.0000000E+00   0.0000000E+00
   1.4062658E-03   7.3217178E+06   7.3217178E+06   8.1844172E+05   3.1223318E+03   5.1078107E+05   7.3121859E+06   7.3217178E+06   0.0000000E+00   0.0000000E+00   0.0000000E+00   0.0000000E+00   0.0000000E+00
   1.5111843E-03   7.3032644E+06   7.3032644E+06   7.5445398E+05   2.7813640E+03   4.9311134E+05   7.2928797E+06   7.3032644E+06   0.0000000E+00   0.0000000E+00   0.0000000E+00   0.0000000E+00   0.0000000E+00
   1.6239305E-03   7.2828850E+06   7.2828850E+06   7.0531890E+05   2.4957720E+03   4.7151502E+05   7.2716455E+06   7.2828850E+06   0.0000000E+00   0.0000000E+00   0.0000000E+00   0.0000000E+00   0.0000000E+00
   1.7450884E-03   7.2604197E+06   7.2604197E+06   6.4859646E+05   2.2520141E+03   4.4781905E+05   7.2483364E+06   7.2604197E+06   0.0000000E+00   0.0000000E+00   0.0000000E+00   0.0000000E+00   0.0000000E+00
   1.8752856E-03   7.2357027E+06   7.2357027E+06   5.7149104E+05   2.0347079E+03   4.2482556E+05   7.2227985E+06   7.2357027E+06   0.0000000E+00   0.0000000E+00   0.0000000E+00   0.0000000E+00   0.0000000E+00
   2.0151966E-03   7.2085660E+06   7.2085660E+06   4.7639370E+05   1.8314492E+03   4.0535783E+05   7.1948728E+06   7.2085660E+06   0.0000000E+00   0.0000000E+00   0.0000000E+00   0.0000000E+00   0.0000000E+00
   2.1655461E-03   7.1788437E+06   7.1788437E+06   3.8007182E+05   1.6370358E+03   3.9077362E+05   7.1643983E+06   7.1788437E+06   0.0000000E+00   0.0000000E+00   0.0000000E+00   0.0000000E+00   0.0000000E+00
   2.3271128E-03   7.1463732E+06   7.1463732E+06   3.0412257E+05   1.4545676E+03   3.7972910E+05   7.1312123E+06   7.1463732E+06   0.0000000E+00   0.0000000E+00   0.0000000E+00   0.0000000E+00   0.0000000E+00
   2.5007336E-03   7.1109929E+06   7.1109929E+06   2.5993394E+05   1.2917578E+03   3.6845291E+05   7.0951488E+06   7.1109929E+06   0.0000000E+00   0.0000000E+00   0.0000000E+00   0.0000000E+00   0.0000000E+00
   2.6873079E-03   7.0725363E+06   7.0725363E+06   2.3850300E+05   1.1537465E+03   3.5328902E+05   7.0560335E+06   7.0725363E+06   0.0000000E+00   0.0000000E+00   0.0000000E+00   0.0000000E+00   0.0000000E+00
   2.8878021E-03   7.0308257E+06   7.0308257E+06   2.1679672E+05   1.0374494E+03   3.3420857E+05   7.0136804E+06   7.0308257E+06   0.0000000E+00   0.0000000E+00   0.0000000E+00   0.0000000E+00   0.0000000E+00
   3.1032547E-03   6.9856712E+06   6.9856712E+06   1.8013307E+05   9.3319037E+02   3.1558901E+05   6.9678944E+06   6.9856712E+06   0.0000000E+00   0.0000000E+00   0.0000000E+00   0.0000000E+00   0.0000000E+00
   3.3347818E-03   6.9368771E+06   6.9368771E+06   1.3902564E+05   8.3354801E+02   3.0154179E+05   6.9184783E+06   6.9368771E+06   0.0000000E+00   0.0000000E+00   0.0000000E+00   0.0000000E+00   0.0000000E+00
   3.5835827E-03   6.8842478E+06   6.8842478E+06   1.1526812E+05   7.4014810E+02   2.8985741E+05   6.8652403E+06   6.8842478E+06   0.0000000E+00   0.0000000E+00   0.0000000E+00   0.0000000E+00   0.0000000E+00
   3.8509460E-03   6.8275885E+06   6.8275885E+06   1.0877897E+05   6.5875452E+02   2.7426463E+05   6.8079919E+06   6.8275885E+06   0.0000000E+00   0.0000000E+00   0.0000000E+00   0.0000000E+00   0.0000000E+00
   4.1382567E-03   6.7666996E+06   6.7666996E+06   9.6813029E+04   5.8850744E+02   2.5502643E+05   6.7465412E+06   6.7666996E+06   0.0000000E+00   0.0000000E+00   0.0000000E+00   0.0000000E+00   0.0000000E+00
   4.4470030E-03   6.7013795E+06   6.7013795E+06   7.5648186E+04   5.2304541E+02   2.3946992E+05   6.6806958E+06   6.7013795E+06   0.0000000E+00   0.0000000E+00   0.0000000E+00   0.0000000E+00   0.0000000E+00
   4.7787843E-03   6.6314333E+06   6.6314333E+06   6.5958096E+04   4.6206773E+02   2.2684395E+05   6.6102714E+06   6.6314333E+06   0.0000000E+00   0.0000000E+00   0.0000000E+00   0.0000000E+00   0.0000000E+00
   5.1353190E-03   6.5566689E+06   6.5566689E+06   6.2655815E+04   4.0932197E+02   2.0998500E+05   6.5350842E+06   6.5566689E+06   0.0000000E+00   0.0000000E+00   0.0000000E+00   0.0000000E+00   0.0000000E+00
   5.5184540E-03   6.4768919E+06   6.4768919E+06   4.8941047E+04   3.6203278E+02   1.9449347E+05   6.4549387E+06   6.4768919E+06   0.0000000E+00   0.0000000E+00   0.0000000E+00   0.0000000E+00   0.0000000E+00
   5.9301739E-03   6.3919060E+06   6.3919060E+06   4.1886547E+04   3.1857210E+02   1.8284608E+05   6.3696273E+06   6.3919060E+06   0.0000000E+00   0.0000000E+00   0.0000000E+00   0.0000000E+00   0.0000000E+00
   6.3726113E-03   6.3015157E+06   6.3015157E+06   3.7734621E+04   2.8099613E+02   1.6702490E+05   6.2789500E+06   6.3015157E+06   0.0000000E+00   0.0000000E+00   0.0000000E+00   0.0000000E+00   0.0000000E+00
   6.8480579E-03   6.2055199E+06   6.2055199E+06   2.8612271E+04   2.4603782E+02   1.5522378E+05   6.1827239E+06   6.2055199E+06   0.0000000E+00   0.0000000E+00   0.0000000E+00   0.0000000E+00   0.0000000E+00
   7.3589767E-03   6.1037220E+06   6.1037220E+06   2.7515599E+04   2.1504777E+02   1.4259644E+05   6.0807727E+06   6.1037220E+06   0.0000000E+00   0.0000000E+00   0.0000000E+00   0.0000000E+00   0.0000000E+00
   7.9080139E-03   5.9959284E+06   5.9959284E+06   2.0995225E+04   1.8785175E+02   1.3094773E+05   5.9728913E+06   5.9959284E+06   0.0000000E+00   0.0000000E+00   0.0000000E+00   0.0000000E+00   0.0000000E+00
   8.4980137E-03   5.8819430E+06   5.8819430E+06   2.0112217E+04   1.6366194E+02   1.1925282E+05   5.8588690E+06   5.8819430E+06   0.0000000E+00   0.0000000E+00   0.0000000E+00   0.0000000E+00   0.0000000E+00
   9.1320320E-03   5.7615634E+06   5.7615634E+06   1.5252129E+04   1.4191523E+02   1.0913257E+05   5.7385199E+06   5.7615634E+06   0.0000000E+00   0.0000000E+00   0.0000000E+00   0.0000000E+00   0.0000000E+00
   9.8133531E-03   5.6345889E+06   5.6345889E+06   1.3686605E+04   1.2299207E+02   9.8141337E+04   5.6116487E+06   5.6345889E+06   0.0000000E+00   0.0000000E+00   0.0000000E+00   0.0000000E+00   0.0000000E+00
   1.0545506E-02   5.5008221E+06   5.5008221E+06   1.1794571E+04   1.0605607E+02   8.9847824E+04   5.4780482E+06   5.5008221E+06   0.0000000E+00   0.0000000E+00   0.0000000E+00   0.0000000E+00   0.0000000E+00
   1.1332283E-02   5.3600685E+06   5.3600685E+06   9.1733772E+03   9.1266689E+01   8.0869509E+04   5.3375298E+06   5.3600685E+06   0.0000000E+00   0.0000000E+00   0.0000000E+00   0.0000000E+00   0.0000000E+00
   1.2177760E-02   5.2121458E+06   5.2121458E+06   7.9089725E+03   7.8323304E+01   7.2058062E+04   5.1899145E+06   5.2121458E+06   0.0000000E+00   0.0000000E+00   0.0000000E+00   0.0000000E+00   0.0000000E+00
   1.3086317E-02   5.0568909E+06   5.0568909E+06   7.0102208E+03   6.6976147E+01   6.4525926E+04   5.0350319E+06   5.0568909E+06   0.0000000E+00   0.0000000E+00   0.0000000E+00   0.0000000E+00   0.0000000E+00
   1.4062658E-02   4.8941723E+06   4.8941723E+06   6.0058742E+03   5.7005678E+01   5.7849254E+04   4.8727560E+06   4.8941723E+06   0.0000000E+00   0.0000000E+00   0.0000000E+00   0.0000000E+00   0.0000000E+00
   1.5111843E-02   4.7239100E+06   4.7239100E+06   5.0165851E+03   4.8399972E+01   5.1512873E+04   4.7030041E+06   4.7239100E+06   0.0000000E+00   0.0000000E+00   0.0000000E+00   0.0000000E+00   0.0000000E+00
   1.6239305E-02   4.5460988E+06   4.5460988E+06   4.1620004E+03   4.0904564E+01   4.5619711E+04   4.5257702E+06   4.5460988E+06   0.0000000E+00   0.0000000E+00   0.0000000E+00   0.0000000E+00   0.0000000E+00
   1.7450884E-02   4.3608398E+06   4.3608398E+06   3.4406350E+03   3.4447820E+01   4.0103057E+04   4.3411521E+06   4.3608398E+06   0.0000000E+00   0.0000000E+00   0.0000000E+00   0.0000000E+00   0.0000000E+00
   1.8752856E-02   4.1683807E+06   4.1683807E+06   2.7142973E+03   2.8877815E+01   3.5147507E+04   4.1493977E+06   4.1683807E+06   0.0000000E+00   0.0000000E+00   0.0000000E+00   0.0000000E+00   0.0000000E+00
   2.0151965E-02   3.9691652E+06   3.9691652E+06   2.1411320E+03   2.4089383E+01   3.0986649E+04   3.9509439E+06   3.9691652E+06   0.0000000E+00   0.0000000E+00   0.0000000E+00   0.0000000E+00   0.0000000E+00
   2.1655454E-02   3.7638884E+06   3.7638884E+06   1.9075561E+03   2.0004188E+01   2.7052148E+04   3.7464836E+06   3.7638884E+06   0.0000000E+00   0.0000000E+00   0.0000000E+00   0.0000000E+00   0.0000000E+00
   2.3271088E-02   3.5535626E+06   3.5535626E+06   1.4604742E+03   1.6529152E+01   2.3316160E+04   3.5370212E+06   3.5535626E+06   0.0000000E+00   0.0000000E+00   0.0000000E+00   0.0000000E+00   0.0000000E+00
   2.5007140E-02   3.3395855E+06   3.3395855E+06   1.2735937E+03   1.3580914E+01   2.0256275E+04   3.3239462E+06   3.3395855E+06   0.0000000E+00   0.0000000E+00   0.0000000E+00   0.0000000E+00   0.0000000E+00
   2.6872238E-02   3.1238173E+06   3.1238173E+06   9.6691983E+02   1.1101737E+01   1.7486711E+04   3.1091080E+06   3.1238173E+06   0.0000000E+00   0.0000000E+00   0.0000000E+00   0.0000000E+00   0.0000000E+00
   2.8874860E-02   2.9086636E+06   2.9086636E+06   7.6640316E+02   9.0308710E+00   1.4915421E+04   2.8948996E+06   2.9086636E+06   0.0000000E+00   0.0000000E+00   0.0000000E+00   0.0000000E+00   0.0000000E+00
   3.1022052E-02   2.6971648E+06   2.6971648E+06   6.1906965E+02   7.3126360E+00   1.2732992E+04   2.6843445E+06   2.6971648E+06   0.0000000E+00   0.0000000E+00   0.0000000E+00   0.0000000E+00   0.0000000E+00
   3.3316813E-02   2.4930547E+06   2.4930547E+06   4.9243724E+02   5.9022541E+00   1.0900707E+04   2.4811570E+06   2.4930547E+06   0.0000000E+00   0.0000000E+00   0.0000000E+00   0.0000000E+00   0.0000000E+00
   3.5753922E-02   2.3006813E+06   2.3006813E+06   4.0516297E+02   4.7584935E+00   9.3754695E+03   2.2896624E+06   2.3006813E+06   0.0000000E+00   0.0000000E+00   0.0000000E+00   0.0000000E+00   0.0000000E+00
   3.8315400E-02   2.1245963E+06   2.1245963E+06   3.4602869E+02   3.8471940E+00   8.0012641E+03   2.1143886E+06   2.1245963E+06   0.0000000E+00   0.0000000E+00   0.0000000E+00   0.0000000E+00   0.0000000E+00
   4.0969043E-02   1.9686842E+06   1.9686842E+06   2.5872501E+02   3.1308503E+00   6.8966072E+03   1.9591994E+06   1.9686842E+06   0.0000000E+00   0.0000000E+00   0.0000000E+00   0.0000000E+00   0.0000000E+00
   4.3673841E-02   1.8350789E+06   1.8350789E+06   2.2494496E+02   2.5750506E+00   6.0842028E+03   1.8262166E+06   1.8350789E+06   0.0000000E+00   0.0000000E+00   0.0000000E+00   0.0000000E+00   0.0000000E+00
   4.6391141E-02   1.7235379E+06   1.7235379E+06   1.8170033E+02   2.1473494E+00   5.3323061E+03   1.7151972E+06   1.7235379E+06   0.0000000E+00   0.0000000E+00   0.0000000E+00   0.0000000E+00   0.0000000E+00
   4.9094339E-02   1.6317296E+06   1.6317296E+06   1.5341992E+02   1.8163551E+00   4.8439631E+03   1.6238194E+06   1.6317296E+06   0.0000000E+00   0.0000000E+00   0.0000000E+00   0.0000000E+00   0.0000000E+00
   5.1771532E-02   1.5561355E+06   1.5561355E+06   1.3620495E+02   1.5581083E+00   4.3611807E+03   1.5485804E+06   1.5561355E+06   0.0000000E+00   0.0000000E+00   0.0000000E+00   0.0000000E+00   0.0000000E+00
   5.4422363E-02   1.4929344E+06   1.4929344E+06   1.1113700E+02   1.3521127E+00   4.0271226E+03   1.4856767E+06   1.4929344E+06   0.0000000E+00   0.0000000E+00   0.0000000E+00   0.0000000E+00   0.0000000E+00
   5.7053292E-02   1.4385465E+06   1.4385465E+06   1.0415139E+02   1.1848254E+00   3.7322260E+03   1.4315451E+06   1.4385465E+06   0.0000000E+00   0.0000000E+00   0.0000000E+00   0.0000000E+00   0.0000000E+00
   5.9673881E-02   1.3898647E+06   1.3898647E+06   8.7979941E+01   1.0459513E+00   3.4566541E+03   1.3830934E+06   1.3898647E+06   0.0000000E+00   0.0000000E+00   0.0000000E+00   0.0000000E+00   0.0000000E+00
   6.2294576E-02   1.3443153E+06   1.3443153E+06   7.8514210E+01   9.2802748E-01   3.2604642E+03   1.3377601E+06   1.3443153E+06   0.0000000E+00   0.0000000E+00   0.0000000E+00   0.0000000E+00   0.0000000E+00
   6.4925608E-02   1.2998506E+06   1.2998506E+06   7.2269091E+01   8.2618336E-01   3.0323361E+03   1.2935072E+06   1.2998506E+06   0.0000000E+00   0.0000000E+00   0.0000000E+00   0.0000000E+00   0.0000000E+00
   6.7576539E-02   1.2549269E+06   1.2549269E+06   6.0598568E+01   7.3650671E-01   2.8563180E+03   1.2487981E+06   1.2549269E+06   0.0000000E+00   0.0000000E+00   0.0000000E+00   0.0000000E+00   0.0000000E+00
   7.0256152E-02   1.2084839E+06   1.2084839E+06   5.8099873E+01   6.5674016E-01   2.6752111E+03   1.2025781E+06   1.2084839E+06   0.0000000E+00   0.0000000E+00   0.0000000E+00   0.0000000E+00   0.0000000E+00
   7.2972477E-02   1.1599295E+06   1.1599295E+06   4.7848984E+01   5.8508454E-01   2.4955744E+03   1.1542575E+06   1.1599295E+06   0.0000000E+00   0.0000000E+00   0.0000000E+00   0.0000000E+00   0.0000000E+00
   7.5732892E-02   1.1091222E+06   1.1091222E+06   4.5865296E+01   5.2031813E-01   2.3407892E+03   1.1036957E+06   1.1091222E+06   0.0000000E+00   0.0000000E+00   0.0000000E+00   0.0000000E+00   0.0000000E+00
   7.8544227E-02   1.0563453E+06   1.0563453E+06   3.7480790E+01   4.6172922E-01   2.1688496E+03   1.0511744E+06   1.0563453E+06   0.0000000E+00   0.0000000E+00   0.0000000E+00   0.0000000E+00   0.0000000E+00
   8.1412867E-02   1.0022653E+06   1.0022653E+06   3.6028737E+01   4.0876815E-01   2.0164011E+03   9.9735673E+05   1.0022653E+06   0.0000000E+00   0.0000000E+00   0.0000000E+00   0.0000000E+00   0.0000000E+00
   8.4344848E-02   9.4786868E+05   9.4786868E+05   2.9782356E+01   3.6114638E-01   1.8774697E+03   9.4322447E+05   9.4786868E+05   0.0000000E+00   0.0000000E+00   0.0000000E+00   0.0000000E+00   0.0000000E+00
   8.7345933E-02   8.9437359E+05   8.9437359E+05   2.6036287E+01   3.1864379E-01   1.7246482E+03   8.8998967E+05   8.9437359E+05   0.0000000E+00   0.0000000E+00   0.0000000E+00   0.0000000E+00   0.0000000E+00
   9.0421678E-02   8.4311542E+05   8.4311542E+05   2.4049256E+01   2.8104823E-01   1.5953258E+03   8.3898118E+05   8.4311542E+05   0.0000000E+00   0.0000000E+00   0.0000000E+00   0.0000000E+00   0.0000000E+00
   9.3577487E-02   7.9541039E+05   7.9541039E+05   2.1514847E+01   2.4812317E-01   1.4833852E+03   7.9150867E+05   7.9541039E+05   0.0000000E+00   0.0000000E+00   0.0000000E+00   0.0000000E+00   0.0000000E+00
   9.6818656E-02   7.5240516E+05   7.5240516E+05   1.8988604E+01   2.1962501E-01   1.3823690E+03   7.4871317E+05   7.5240516E+05   0.0000000E+00   0.0000000E+00   0.0000000E+00   0.0000000E+00   0.0000000E+00
   1.0015041E-01   7.1492612E+05   7.1492612E+05   1.6906283E+01   1.9520372E-01   1.2922019E+03   7.1141694E+05   7.1492612E+05   0.0000000E+00   0.0000000E+00   0.0000000E+00   0.0000000E+00   0.0000000E+00
   1.0357793E-01   6.8334639E+05   6.8334639E+05   1.5074289E+01   1.7443998E-01   1.2130546E+03   6.7999123E+05   6.8334639E+05   0.0000000E+00   0.0000000E+00   0.0000000E+00   0.0000000E+00   0.0000000E+00
   1.0710638E-01   6.5749190E+05   6.5749190E+05   1.3001963E+01   1.5681370E-01   1.1482255E+03   6.5426280E+05   6.5749190E+05   0.0000000E+00   0.0000000E+00   0.0000000E+00   0.0000000E+00   0.0000000E+00
   1.1074092E-01   6.3660853E+05   6.3660853E+05   1.1513791E+01   1.4179088E-01   1.1029858E+03   6.3348118E+05   6.3660853E+05   0.0000000E+00   0.0000000E+00   0.0000000E+00   0.0000000E+00   0.0000000E+00
   1.1448674E-01   6.1940862E+05   6.1940862E+05   1.1135427E+01   1.2881377E-01   1.0572197E+03   6.1636503E+05   6.1940862E+05   0.0000000E+00   0.0000000E+00   0.0000000E+00   0.0000000E+00   0.0000000E+00
   1.1834905E-01   6.0420708E+05   6.0420708E+05   9.5308206E+00   1.1733329E-01   1.0184613E+03   6.0123751E+05   6.0420708E+05   0.0000000E+00   0.0000000E+00   0.0000000E+00   0.0000000E+00   0.0000000E+00
   1.2233310E-01   5.8914338E+05   5.8914338E+05   9.2100847E+00   1.0688426E-01   9.7964163E+02   5.8624722E+05   5.8914338E+05   0.0000000E+00   0.0000000E+00   0.0000000E+00   0.0000000E+00   0.0000000E+00
   1.2644419E-01   5.7246792E+05   5.7246792E+05   8.2837902E+00   9.7105554E-02   9.4526305E+02   5.6965316E+05   5.7246792E+05   0.0000000E+00   0.0000000E+00   0.0000000E+00   0.0000000E+00   0.0000000E+00
   1.3068765E-01   5.5285155E+05   5.5285155E+05   7.2663511E+00   8.7770560E-02   9.0295448E+02   5.5013273E+05   5.5285155E+05   0.0000000E+00   0.0000000E+00   0.0000000E+00   0.0000000E+00   0.0000000E+00
   1.3506891E-01   5.2965994E+05   5.2965994E+05   6.4726867E+00   7.8788327E-02   8.5570405E+02   5.2705471E+05   5.2965994E+05   0.0000000E+00   0.0000000E+00   0.0000000E+00   0.0000000E+00   0.0000000E+00
   1.3959344E-01   5.0312582E+05   5.0312582E+05   5.8318912E+00   7.0191425E-02   8.0561734E+02   5.0065069E+05   5.0312582E+05   0.0000000E+00   0.0000000E+00   0.0000000E+00   0.0000000E+00   0.0000000E+00
   1.4426677E-01   4.7435794E+05   4.7435794E+05   5.3452920E+00   6.2115226E-02   7.5157766E+02   4.7202396E+05   4.7435794E+05   0.0000000E+00   0.0000000E+00   0.0000000E+00   0.0000000E+00   0.0000000E+00
   1.4909453E-01   4.4515035E+05   4.4515035E+05   4.5249462E+00   5.4730054E-02   6.9660201E+02   4.4295975E+05   4.4515035E+05   0.0000000E+00   0.0000000E+00   0.0000000E+00   0.0000000E+00   0.0000000E+00
   1.5408242E-01   4.1759941E+05   4.1759941E+05   4.0741755E+00   4.8189122E-02   6.5048385E+02   4.1554410E+05   4.1759941E+05   0.0000000E+00   0.0000000E+00   0.0000000E+00   0.0000000E+00   0.0000000E+00
   1.5923620E-01   3.9359292E+05   3.9359292E+05   3.4630451E+00   4.2591023E-02   6.0772720E+02   3.9165551E+05   3.9359292E+05   0.0000000E+00   0.0000000E+00   0.0000000E+00   0.0000000E+00   0.0000000E+00
   1.6456178E-01   3.7429133E+05   3.7429133E+05   3.0939992E+00   3.7930702E-02   5.7236791E+02   3.7244870E+05   3.7429133E+05   0.0000000E+00   0.0000000E+00   0.0000000E+00   0.0000000E+00   0.0000000E+00
   1.7006513E-01   3.5975505E+05   3.5975505E+05   2.7966389E+00   3.4093562E-02   5.4609792E+02   3.5798377E+05   3.5975505E+05   0.0000000E+00   0.0000000E+00   0.0000000E+00   0.0000000E+00   0.0000000E+00
   1.7575236E-01   3.4886307E+05   3.4886307E+05   2.5145034E+00   3.0888071E-02   5.2674818E+02   3.4714522E+05   3.4886307E+05   0.0000000E+00   0.0000000E+00   0.0000000E+00   0.0000000E+00   0.0000000E+00
   1.8162972E-01   3.3960247E+05   3.3960247E+05   2.3622286E+00   2.8088573E-02   5.1035920E+02   3.3793005E+05   3.3960247E+05   0.0000000E+00   0.0000000E+00   0.0000000E+00   0.0000000E+00   0.0000000E+00
   1.8770361E-01   3.2969164E+05   3.2969164E+05   2.1229165E+00   2.5491000E-02   4.9103000E+02   3.2806787E+05   3.2969164E+05   0.0000000E+00   0.0000000E+00   0.0000000E+00   0.0000000E+00   0.0000000E+00
   1.9398062E-01   3.1736198E+05   3.1736198E+05   1.9606838E+00   2.2966696E-02   4.7059197E+02   3.1579879E+05   3.1736198E+05   0.0000000E+00   0.0000000E+00   0.0000000E+00   0.0000000E+00   0.0000000E+00
   2.0046754E-01   3.0201826E+05   3.0201826E+05   1.7390104E+00   2.0485715E-02   4.4565255E+02   3.0053052E+05   3.0201826E+05   0.0000000E+00   0.0000000E+00   0.0000000E+00   0.0000000E+00   0.0000000E+00
   2.0717141E-01   2.8448743E+05   2.8448743E+05   1.5392996E+00   1.8105588E-02   4.1738285E+02   2.8308594E+05   2.8448743E+05   0.0000000E+00   0.0000000E+00   0.0000000E+00   0.0000000E+00   0.0000000E+00
   2.1409955E-01   2.6668799E+05   2.6668799E+05   1.3266076E+00   1.5929014E-02   3.8894604E+02   2.6537408E+05   2.6668799E+05   0.0000000E+00   0.0000000E+00   0.0000000E+00   0.0000000E+00   0.0000000E+00
   2.2125961E-01   2.5079095E+05   2.5079095E+05   1.1659750E+00   1.4047032E-02   3.6487009E+02   2.4955527E+05   2.5079095E+05   0.0000000E+00   0.0000000E+00   0.0000000E+00   0.0000000E+00   0.0000000E+00
   2.2865963E-01   2.3820934E+05   2.3820934E+05   1.0242659E+00   1.2494247E-02   3.4451761E+02   2.3703558E+05   2.3820934E+05   0.0000000E+00   0.0000000E+00   0.0000000E+00   0.0000000E+00   0.0000000E+00
   2.3630808E-01   2.2890683E+05   2.2890683E+05   9.2595680E-01   1.1226471E-02   3.2971000E+02   2.2777883E+05   2.2890683E+05   0.0000000E+00   0.0000000E+00   0.0000000E+00   0.0000000E+00   0.0000000E+00
   2.4421395E-01   2.2143003E+05   2.2143003E+05   8.3855015E-01   1.0149173E-02   3.1796295E+02   2.2033881E+05   2.2143003E+05   0.0000000E+00   0.0000000E+00   0.0000000E+00   0.0000000E+00   0.0000000E+00
   2.5238682E-01   2.1372226E+05   2.1372226E+05   7.7460957E-01   9.1601115E-03   3.0570007E+02   2.1266896E+05   2.1372226E+05   0.0000000E+00   0.0000000E+00   0.0000000E+00   0.0000000E+00   0.0000000E+00
   2.6083695E-01   2.0431281E+05   2.0431281E+05   6.7963687E-01   8.1989980E-03   2.9135390E+02   2.0330584E+05   2.0431281E+05   0.0000000E+00   0.0000000E+00   0.0000000E+00   0.0000000E+00   0.0000000E+00
   2.6957541E-01   1.9317365E+05   1.9317365E+05   5.9982753E-01   7.2669187E-03   2.7446860E+02   1.9222152E+05   1.9317365E+05   0.0000000E+00   0.0000000E+00   0.0000000E+00   0.0000000E+00   0.0000000E+00
   2.7861417E-01   1.8165521E+05   1.8165521E+05   5.3325333E-01   6.4078389E-03   2.5739842E+02   1.8075982E+05   1.8165521E+05   0.0000000E+00   0.0000000E+00   0.0000000E+00   0.0000000E+00   0.0000000E+00
   2.8796624E-01   1.7148174E+05   1.7148174E+05   4.7177987E-01   5.6672717E-03   2.4209180E+02   1.7063645E+05   1.7148174E+05   0.0000000E+00   0.0000000E+00   0.0000000E+00   0.0000000E+00   0.0000000E+00
   2.9764586E-01   1.6348179E+05   1.6348179E+05   4.2426559E-01   5.0547552E-03   2.3025743E+02   1.6267591E+05   1.6348179E+05   0.0000000E+00   0.0000000E+00   0.0000000E+00   0.0000000E+00   0.0000000E+00
   3.0766866E-01   1.5701692E+05   1.5701692E+05   3.8075880E-01   4.5380615E-03   2.2057223E+02   1.5624288E+05   1.5701692E+05   0.0000000E+00   0.0000000E+00   0.0000000E+00   0.0000000E+00   0.0000000E+00
   3.1805190E-01   1.5060174E+05   1.5060174E+05   3.3728989E-01   4.0700043E-03   2.1106390E+02   1.4985929E+05   1.5060174E+05   0.0000000E+00   0.0000000E+00   0.0000000E+00   0.0000000E+00   0.0000000E+00
   3.2881474E-01   1.4322380E+05   1.4322380E+05   3.0186622E-01   3.6224279E-03   2.0020737E+02   1.4251770E+05   1.4322380E+05   0.0000000E+00   0.0000000E+00   0.0000000E+00   0.0000000E+00   0.0000000E+00
   3.3997849E-01   1.3518551E+05   1.3518551E+05   2.6559154E-01   3.2014564E-03   1.8860151E+02   1.3451902E+05   1.3518551E+05   0.0000000E+00   0.0000000E+00   0.0000000E+00   0.0000000E+00   0.0000000E+00
   3.5156706E-01   1.2765571E+05   1.2765571E+05   2.3644725E-01   2.8289737E-03   1.7773116E+02   1.2702632E+05   1.2765571E+05   0.0000000E+00   0.0000000E+00   0.0000000E+00   0.0000000E+00   0.0000000E+00
   3.6360734E-01   1.2137781E+05   1.2137781E+05   2.0978915E-01   2.5140561E-03   1.6872651E+02   1.2077935E+05   1.2137781E+05   0.0000000E+00   0.0000000E+00   0.0000000E+00   0.0000000E+00   0.0000000E+00
   3.7612975E-01   1.1592197E+05   1.1592197E+05   1.8700224E-01   2.2423508E-03   1.6079281E+02   1.1535040E+05   1.1592197E+05   0.0000000E+00   0.0000000E+00   0.0000000E+00   0.0000000E+00   0.0000000E+00
   3.8916892E-01   1.1032185E+05   1.1032185E+05   1.6663292E-01   1.9928313E-03   1.5275803E+02   1.0977788E+05   1.1032185E+05   0.0000000E+00   0.0000000E+00   0.0000000E+00   0.0000000E+00   0.0000000E+00
   4.0276446E-01   1.0429569E+05   1.0429569E+05   1.4642549E-01   1.7597916E-03   1.4419243E+02   1.0378142E+05   1.0429569E+05   0.0000000E+00   0.0000000E+00   0.0000000E+00   0.0000000E+00   0.0000000E+00
   4.1696195E-01   9.8471576E+04   9.8471576E+04   1.2918393E-01   1.5512758E-03   1.3588713E+02   9.7986013E+04   9.8471576E+04   0.0000000E+00   0.0000000E+00   0.0000000E+00   0.0000000E+00   0.0000000E+00
   4.3181422E-01   9.3357993E+04   9.3357993E+04   1.1418038E-01   1.3709804E-03   1.2866770E+02   9.2897635E+04   9.3357993E+04   0.0000000E+00   0.0000000E+00   0.0000000E+00   0.0000000E+00   0.0000000E+00
   4.4738285E-01   8.8619612E+04   8.8619612E+04   1.0106733E-01   1.2118283E-03   1.2198882E+02   8.8182611E+04   8.8619612E+04   0.0000000E+00   0.0000000E+00   0.0000000E+00   0.0000000E+00   0.0000000E+00
   4.6374021E-01   8.3748597E+04   8.3748597E+04   8.8800349E-02   1.0660144E-03   1.1513183E+02   8.3335608E+04   8.3748597E+04   0.0000000E+00   0.0000000E+00   0.0000000E+00   0.0000000E+00   0.0000000E+00
   4.8097191E-01   7.8909556E+04   7.8909556E+04   7.7768677E-02   9.3409894E-04   1.0832827E+02   7.8520423E+04   7.8909556E+04   0.0000000E+00   0.0000000E+00   0.0000000E+00   0.0000000E+00   0.0000000E+00
   4.9918004E-01   7.4464861E+04   7.4464861E+04   6.8186957E-02   8.1828985E-04   1.0209863E+02   7.4097640E+04   7.4464861E+04   0.0000000E+00   0.0000000E+00   0.0000000E+00   0.0000000E+00   0.0000000E+00
   5.1848734E-01   7.0229346E+04   7.0229346E+04   5.9555605E-02   7.1519285E-04   9.6200108E+01   6.9883006E+04   7.0229346E+04   0.0000000E+00   0.0000000E+00   0.0000000E+00   0.0000000E+00   0.0000000E+00
   5.3904253E-01   6.5974281E+04   6.5974281E+04   5.1808334E-02   6.2168952E-04   9.0285186E+01   6.5648921E+04   6.5974281E+04   0.0000000E+00   0.0000000E+00   0.0000000E+00   0.0000000E+00   0.0000000E+00
   5.6102717E-01   6.1893314E+04   6.1893314E+04   4.4862298E-02   5.3844458E-04   8.4601115E+01   6.1588075E+04   6.1893314E+04   0.0000000E+00   0.0000000E+00   0.0000000E+00   0.0000000E+00   0.0000000E+00
   5.8466451E-01   5.7993266E+04   5.7993266E+04   3.8684042E-02   4.6452205E-04   7.9201257E+01   5.7707257E+04   5.7993266E+04   0.0000000E+00   0.0000000E+00   0.0000000E+00   0.0000000E+00   0.0000000E+00
   6.1023046E-01   5.4129499E+04   5.4129499E+04   3.3148014E-02   3.9805518E-04   7.3847805E+01   5.3862541E+04   5.4129499E+04   0.0000000E+00   0.0000000E+00   0.0000000E+00   0.0000000E+00   0.0000000E+00
   6.3806681E-01   5.0395799E+04   5.0395799E+04   2.8232919E-02   3.3895842E-04   6.8699069E+01   5.0147252E+04   5.0395799E+04   0.0000000E+00   0.0000000E+00   0.0000000E+00   0.0000000E+00   0.0000000E+00
   6.6859588E-01   4.6742292E+04   4.6742292E+04   2.3845831E-02   2.8633674E-04   6.3658262E+01   4.6511761E+04   4.6742292E+04   0.0000000E+00   0.0000000E+00   0.0000000E+00   0.0000000E+00   0.0000000E+00
   7.0233379E-01   4.3165615E+04   4.3165615E+04   1.9956942E-02   2.3964407E-04   5.8738570E+01   4.2952722E+04   4.3165615E+04   0.0000000E+00   0.0000000E+00   0.0000000E+00   0.0000000E+00   0.0000000E+00
   7.3989594E-01   3.9668248E+04   3.9668248E+04   1.6524676E-02   1.9842983E-04   5.3944515E+01   3.9472601E+04   3.9668248E+04   0.0000000E+00   0.0000000E+00   0.0000000E+00   0.0000000E+00   0.0000000E+00
   7.8198287E-01   3.6252609E+04   3.6252609E+04   1.3520001E-02   1.6235669E-04   4.9258591E+01   3.6073807E+04   3.6252609E+04   0.0000000E+00   0.0000000E+00   0.0000000E+00   0.0000000E+00   0.0000000E+00
   8.2932975E-01   3.2931224E+04   3.2931224E+04   1.0918993E-02   1.3112346E-04   4.4711033E+01   3.2768801E+04   3.2931224E+04   0.0000000E+00   0.0000000E+00   0.0000000E+00   0.0000000E+00   0.0000000E+00
   8.8260918E-01   2.9733385E+04   2.9733385E+04   8.7043430E-03   1.0453549E-04   4.0341246E+01   2.9586733E+04   2.9733385E+04   0.0000000E+00   0.0000000E+00   0.0000000E+00   0.0000000E+00   0.0000000E+00
   9.4230793E-01   2.6695016E+04   2.6695016E+04   6.8559388E-03   8.2336804E-05   3.6202303E+01   2.6563349E+04   2.6695016E+04   0.0000000E+00   0.0000000E+00   0.0000000E+00   0.0000000E+00   0.0000000E+00
   1.0086476E+00   2.3854557E+04   2.3854557E+04   5.3470009E-03   6.4216949E-05   3.2329605E+01   2.3736899E+04   2.3854557E+04   0.0000000E+00   0.0000000E+00   0.0000000E+00   0.0000000E+00   0.0000000E+00
   1.0816254E+00   2.1242139E+04   2.1242139E+04   4.1405540E-03   4.9730830E-05   2.8770705E+01   2.1137365E+04   2.1242139E+04   0.0000000E+00   0.0000000E+00   0.0000000E+00   0.0000000E+00   0.0000000E+00
   1.1611660E+00   1.8872410E+04   1.8872410E+04   3.1918459E-03   3.8338309E-05   2.5552551E+01   1.8779324E+04   1.8872410E+04   0.0000000E+00   0.0000000E+00   0.0000000E+00   0.0000000E+00   0.0000000E+00
   1.2472772E+00   1.6743266E+04   1.6743266E+04   2.4545475E-03   2.9479092E-05   2.2661161E+01   1.6660681E+04   1.6743266E+04   0.0000000E+00   0.0000000E+00   0.0000000E+00   0.0000000E+00   0.0000000E+00
   1.3401266E+00   1.4840950E+04   1.4840950E+04   1.8848159E-03   2.2636062E-05   2.0076363E+01   1.4767748E+04   1.4840950E+04   0.0000000E+00   0.0000000E+00   0.0000000E+00   0.0000000E+00   0.0000000E+00
   1.4400379E+00   1.3146809E+04   1.3146809E+04   1.4458170E-03   1.7366396E-05   1.7781325E+01   1.3081963E+04   1.3146809E+04   0.0000000E+00   0.0000000E+00   0.0000000E+00   0.0000000E+00   0.0000000E+00
   1.5474538E+00   1.1640336E+04   1.1640336E+04   1.1085365E-03   1.3316697E-05   1.5738038E+01   1.1582921E+04   1.1640336E+04   0.0000000E+00   0.0000000E+00   0.0000000E+00   0.0000000E+00   0.0000000E+00
   1.6629000E+00   1.0302081E+04   1.0302081E+04   8.4957558E-04   1.0206523E-05   1.3926433E+01   1.0251266E+04   1.0302081E+04   0.0000000E+00   0.0000000E+00   0.0000000E+00   0.0000000E+00   0.0000000E+00
   1.7869640E+00   9.1139652E+03   9.1139652E+03   6.5084613E-04   7.8193586E-06   1.2318872E+01   9.0690105E+03   9.1139652E+03   0.0000000E+00   0.0000000E+00   0.0000000E+00   0.0000000E+00   0.0000000E+00
   1.9202852E+00   8.0597609E+03   8.0597609E+03   4.9841223E-04   5.9886264E-06   1.0891039E+01   8.0200059E+03   8.0597609E+03   0.0000000E+00   0.0000000E+00   0.0000000E+00   0.0000000E+00   0.0000000E+00
   2.0635535E+00   7.1247913E+03   7.1247913E+03   3.8153552E-04   4.5845955E-06   9.6262663E+00   7.0896481E+03   7.1247913E+03   0.0000000E+00   0.0000000E+00   0.0000000E+00   0.0000000E+00   0.0000000E+00
   2.2175107E+00   6.2959978E+03   6.2959978E+03   2.9196051E-04   3.5084678E-06   8.5063008E+00   6.2649426E+03   6.2959978E+03   0.0000000E+00   0.0000000E+00   0.0000000E+00   0.0000000E+00   0.0000000E+00
   2.3829544E+00   5.5616419E+03   5.5616419E+03   2.2334520E-04   2.6841674E-06   7.5126083E+00   5.5342089E+03   5.5616419E+03   0.0000000E+00   0.0000000E+00   0.0000000E+00   0.0000000E+00   0.0000000E+00
   2.5607414E+00   4.9112484E+03   4.9112484E+03   1.7083446E-04   2.0527464E-06   6.6337031E+00   4.8870234E+03   4.9112484E+03   0.0000000E+00   0.0000000E+00   0.0000000E+00   0.0000000E+00   0.0000000E+00
   2.7517928E+00   4.3354678E+03   4.3354678E+03   1.3056454E-04   1.5694215E-06   5.8555086E+00   4.3140828E+03   4.3354678E+03   0.0000000E+00   0.0000000E+00   0.0000000E+00   0.0000000E+00   0.0000000E+00
   2.9570981E+00   3.8259507E+03   3.8259507E+03   9.9771094E-05   1.1994951E-06   5.1669295E+00   3.8070790E+03   3.8259507E+03   0.0000000E+00   0.0000000E+00   0.0000000E+00   0.0000000E+00   0.0000000E+00
   3.1777207E+00   3.3752510E+03   3.3752510E+03   7.6215532E-05   9.1652379E-07   4.5578939E+00   3.3586023E+03   3.3752510E+03   0.0000000E+00   0.0000000E+00   0.0000000E+00   0.0000000E+00   0.0000000E+00
   3.4148036E+00   2.9767334E+03   2.9767334E+03   5.8181952E-05   7.0009409E-07   4.0195467E+00   2.9620504E+03   2.9767334E+03   0.0000000E+00   0.0000000E+00   0.0000000E+00   0.0000000E+00   0.0000000E+00
   3.6695747E+00   2.6244886E+03   2.6244886E+03   4.4430548E-05   5.3462862E-07   3.5438482E+00   2.6115431E+03   2.6244886E+03   0.0000000E+00   0.0000000E+00   0.0000000E+00   0.0000000E+00   0.0000000E+00
   3.9433537E+00   2.3132573E+03   2.3132573E+03   3.3926954E-05   4.0817468E-07   3.1232837E+00   2.3018470E+03   2.3132573E+03   0.0000000E+00   0.0000000E+00   0.0000000E+00   0.0000000E+00   0.0000000E+00
   4.2375587E+00   2.0383612E+03   2.0383612E+03   2.5886583E-05   3.1155302E-07   2.7519970E+00   2.0283068E+03   2.0383612E+03   0.0000000E+00   0.0000000E+00   0.0000000E+00   0.0000000E+00   0.0000000E+00
   4.5537138E+00   1.7956414E+03   1.7956414E+03   1.9747083E-05   2.3774547E-07   2.4242102E+00   1.7867843E+03   1.7956414E+03   0.0000000E+00   0.0000000E+00   0.0000000E+00   0.0000000E+00   0.0000000E+00
   4.8934565E+00   1.5814030E+03   1.5814030E+03   1.5058618E-05   1.8138325E-07   2.1350670E+00   1.5736026E+03   1.5814030E+03   0.0000000E+00   0.0000000E+00   0.0000000E+00   0.0000000E+00   0.0000000E+00
   5.2585466E+00   1.3923650E+03   1.3923650E+03   1.1483293E-05   1.3835882E-07   1.8797302E+00   1.3854970E+03   1.3923650E+03   0.0000000E+00   0.0000000E+00   0.0000000E+00   0.0000000E+00   0.0000000E+00
   5.6508754E+00   1.2256152E+03   1.2256152E+03   8.7526306E-06   1.0551953E-07   1.6545847E+00   1.2195697E+03   1.2256152E+03   0.0000000E+00   0.0000000E+00   0.0000000E+00   0.0000000E+00   0.0000000E+00
   6.0724749E+00   1.0785706E+03   1.0785706E+03   6.6699893E-06   8.0460977E-08   1.4560191E+00   1.0732504E+03   1.0785706E+03   0.0000000E+00   0.0000000E+00   0.0000000E+00   0.0000000E+00   0.0000000E+00
   6.5255291E+00   9.4894085E+02   9.4894085E+02   5.0817119E-06   6.1344303E-08   1.2809893E+00   9.4426010E+02   9.4894085E+02   0.0000000E+00   0.0000000E+00   0.0000000E+00   0.0000000E+00   0.0000000E+00
   7.0123846E+00   8.3469629E+02   8.3469629E+02   3.8700731E-06   4.6763445E-08   1.1267681E+00   8.3057907E+02   8.3469629E+02   0.0000000E+00   0.0000000E+00   0.0000000E+00   0.0000000E+00   0.0000000E+00
   7.5355634E+00   7.3403899E+02   7.3403899E+02   2.9497338E-06   3.5644402E-08   9.9092197E-01   7.3041827E+02   7.3403899E+02   0.0000000E+00   0.0000000E+00   0.0000000E+00   0.0000000E+00   0.0000000E+00
   8.0977754E+00   6.4537704E+02   6.4537704E+02   2.2444888E-06   2.7167241E-08   8.7118247E-01   6.4219366E+02   6.4537704E+02   0.0000000E+00   0.0000000E+00   0.0000000E+00   0.0000000E+00   0.0000000E+00
