#           k/h    CDM            baryon         photon         nu             mass_nu        total          no_nu          total_de       Weyl           v_CDM          v_b            v_b-v_c     
   9.9178712E-06   2.1618883E+07   2.1618883E+07   2.8810854E+07   1.8042026E+04   3.1047230E+07   2.1618895E+07   2.1618883E+07   0.0000000E+00   0.0000000E+00   0.0000000E+00   0.0000000E+00   0.0000000E+00
   1.0657822E-05   2.1618877E+07   2.1618877E+07   2.8808630E+07   1.8041134E+04   3.1046400E+07   2.1618889E+07   2.1618877E+07   0.0000000E+00   0.0000000E+00   0.0000000E+00   0.0000000E+00   0.0000000E+00
   1.1452979E-05   2.1618871E+07   2.1618871E+07   2.8806063E+07   1.8040104E+04   3.1045441E+07   2.1618883E+07   2.1618871E+07   0.0000000E+00   0.0000000E+00   0.0000000E+00   0.0000000E+00   0.0000000E+00
   1.2307461E-05   2.1618864E+07   2.1618864E+07   2.8803098E+07   1.8038915E+04   3.1044334E+07   2.1618875E+07   2.1618864E+07   0.0000000E+00   0.0000000E+00   0.0000000E+00   0.0000000E+00   0.0000000E+00
   1.3225694E-05   2.1618856E+07   2.1618856E+07   2.8799675E+07   1.8037542E+04   3.1043057E+07   2.1618866E+07   2.1618856E+07   0.0000000E+00   0.0000000E+00   0.0000000E+00   0.0000000E+00   0.0000000E+00
   1.4212434E-05   2.1618846E+07   2.1618846E+07   2.8795722E+07   1.8035957E+04   3.1041581E+07   2.1618856E+07   2.1618846E+07   0.0000000E+00   0.0000000E+00   0.0000000E+00   0.0000000E+00   0.0000000E+00
   1.5272793E-05   2.1618835E+07   2.1618835E+07   2.8791158E+07   1.8034126E+04   3.1039878E+07   2.1618845E+07   2.1618835E+07   0.0000000E+00   0.0000000E+00   0.0000000E+00   0.0000000E+00   0.0000000E+00
   1.6412263E-05   2.1618822E+07   2.1618822E+07   2.8785889E+07   1.8032012E+04   3.1037911E+07   2.1618832E+07   2.1618822E+07   0.0000000E+00   0.0000000E+00   0.0000000E+00   0.0000000E+00   0.0000000E+00
   1.7636746E-05   2.1618808E+07   2.1618808E+07   2.8779805E+07   1.8029571E+04   3.1035641E+07   2.1618816E+07   2.1618808E+07   0.0000000E+00   0.0000000E+00   0.0000000E+00   0.0000000E+00   0.0000000E+00
   1.8952585E-05   2.1618791E+07   2.1618791E+07   2.8772781E+07   1.8026753E+04   3.1033020E+07   2.1618799E+07   2.1618791E+07   0.0000000E+00   0.0000000E+00   0.0000000E+00   0.0000000E+00   0.0000000E+00
   2.0366597E-05   2.1618771E+07   2.1618771E+07   2.8764672E+07   1.8023500E+04   3.1029994E+07   2.1618778E+07   2.1618771E+07   0.0000000E+00   0.0000000E+00   0.0000000E+00   0.0000000E+00   0.0000000E+00
   2.1886104E-05   2.1618748E+07   2.1618748E+07   2.8755310E+07   1.8019743E+04   3.1026501E+07   2.1618754E+07   2.1618748E+07   0.0000000E+00   0.0000000E+00   0.0000000E+00   0.0000000E+00   0.0000000E+00
   2.3518979E-05   2.1618722E+07   2.1618722E+07   2.8744503E+07   1.8015407E+04   3.1022470E+07   2.1618727E+07   2.1618722E+07   0.0000000E+00   0.0000000E+00   0.0000000E+00   0.0000000E+00   0.0000000E+00
   2.5273679E-05   2.1618692E+07   2.1618692E+07   2.8732027E+07   1.8010400E+04   3.1017817E+07   2.1618696E+07   2.1618692E+07   0.0000000E+00   0.0000000E+00   0.0000000E+00   0.0000000E+00   0.0000000E+00
   2.7159293E-05   2.1618657E+07   2.1618657E+07   2.8717627E+07   1.8004621E+04   3.1012447E+07   2.1618659E+07   2.1618657E+07   0.0000000E+00   0.0000000E+00   0.0000000E+00   0.0000000E+00   0.0000000E+00
   2.9185589E-05   2.1618616E+07   2.1618616E+07   2.8701006E+07   1.7997949E+04   3.1006251E+07   2.1618617E+07   2.1618616E+07   0.0000000E+00   0.0000000E+00   0.0000000E+00   0.0000000E+00   0.0000000E+00
   3.1363062E-05   2.1618570E+07   2.1618570E+07   2.8681823E+07   1.7990248E+04   3.0999101E+07   2.1618569E+07   2.1618570E+07   0.0000000E+00   0.0000000E+00   0.0000000E+00   0.0000000E+00   0.0000000E+00
   3.3702992E-05   2.1618516E+07   2.1618516E+07   2.8659686E+07   1.7981360E+04   3.0990853E+07   2.1618513E+07   2.1618516E+07   0.0000000E+00   0.0000000E+00   0.0000000E+00   0.0000000E+00   0.0000000E+00
   3.6217499E-05   2.1618454E+07   2.1618454E+07   2.8634142E+07   1.7971102E+04   3.0981339E+07   2.1618448E+07   2.1618454E+07   0.0000000E+00   0.0000000E+00   0.0000000E+00   0.0000000E+00   0.0000000E+00
   3.8919608E-05   2.1618382E+07   2.1618382E+07   2.8604671E+07   1.7959265E+04   3.0970365E+07   2.1618373E+07   2.1618382E+07   0.0000000E+00   0.0000000E+00   0.0000000E+00   0.0000000E+00   0.0000000E+00
   4.1823316E-05   2.1618300E+07   2.1618300E+07   2.8570673E+07   1.7945606E+04   3.0957712E+07   2.1618287E+07   2.1618300E+07   0.0000000E+00   0.0000000E+00   0.0000000E+00   0.0000000E+00   0.0000000E+00
   4.4943663E-05   2.1618204E+07   2.1618204E+07   2.8531458E+07   1.7929847E+04   3.0943126E+07   2.1618188E+07   2.1618204E+07   0.0000000E+00   0.0000000E+00   0.0000000E+00   0.0000000E+00   0.0000000E+00
   4.8296812E-05   2.1618094E+07   2.1618094E+07   2.8486236E+07   1.7911668E+04   3.0926314E+07   2.1618073E+07   2.1618094E+07   0.0000000E+00   0.0000000E+00   0.0000000E+00   0.0000000E+00   0.0000000E+00
   5.1900132E-05   2.1617966E+07   2.1617966E+07   2.8434096E+07   1.7890701E+04   3.0906945E+07   2.1617940E+07   2.1617966E+07   0.0000000E+00   0.0000000E+00   0.0000000E+00   0.0000000E+00   0.0000000E+00
   5.5772288E-05   2.1617819E+07   2.1617819E+07   2.8373995E+07   1.7866522E+04   3.0884636E+07   2.1617787E+07   2.1617819E+07   0.0000000E+00   0.0000000E+00   0.0000000E+00   0.0000000E+00   0.0000000E+00
   5.9933337E-05   2.1617650E+07   2.1617650E+07   2.8304738E+07   1.7838646E+04   3.0858952E+07   2.1617610E+07   2.1617650E+07   0.0000000E+00   0.0000000E+00   0.0000000E+00   0.0000000E+00   0.0000000E+00
   6.4404834E-05   2.1617454E+07   2.1617454E+07   2.8224954E+07   1.7806516E+04   3.0829396E+07   2.1617406E+07   2.1617454E+07   0.0000000E+00   0.0000000E+00   0.0000000E+00   0.0000000E+00   0.0000000E+00
   6.9209938E-05   2.1617228E+07   2.1617228E+07   2.8133078E+07   1.7769492E+04   3.0795403E+07   2.1617171E+07   2.1617228E+07   0.0000000E+00   0.0000000E+00   0.0000000E+00   0.0000000E+00   0.0000000E+00
   7.4373541E-05   2.1616967E+07   2.1616967E+07   2.8027325E+07   1.7726843E+04   3.0756332E+07   2.1616899E+07   2.1616967E+07   0.0000000E+00   0.0000000E+00   0.0000000E+00   0.0000000E+00   0.0000000E+00
   7.9922390E-05   2.1616666E+07   2.1616666E+07   2.7905659E+07   1.7677736E+04   3.0711457E+07   2.1616585E+07   2.1616666E+07   0.0000000E+00   0.0000000E+00   0.0000000E+00   0.0000000E+00   0.0000000E+00
   8.5885226E-05   2.1616318E+07   2.1616318E+07   2.7765768E+07   1.7621215E+04   3.0659957E+07   2.1616223E+07   2.1616318E+07   0.0000000E+00   0.0000000E+00   0.0000000E+00   0.0000000E+00   0.0000000E+00
   9.2292936E-05   2.1615917E+07   2.1615917E+07   2.7605027E+07   1.7556195E+04   3.0600915E+07   2.1615806E+07   2.1615917E+07   0.0000000E+00   0.0000000E+00   0.0000000E+00   0.0000000E+00   0.0000000E+00
   9.9178712E-05   2.1615455E+07   2.1615455E+07   2.7420475E+07   1.7481445E+04   3.0533301E+07   2.1615324E+07   2.1615455E+07   0.0000000E+00   0.0000000E+00   0.0000000E+00   0.0000000E+00   0.0000000E+00
   1.0657822E-04   2.1614922E+07   2.1614922E+07   2.7208773E+07   1.7395565E+04   3.0455971E+07   2.1614769E+07   2.1614922E+07   0.0000000E+00   0.0000000E+00   0.0000000E+00   0.0000000E+00   0.0000000E+00
   1.1452979E-04   2.1614307E+07   2.1614307E+07   2.6966180E+07   1.7296977E+04   3.0367664E+07   2.1614128E+07   2.1614307E+07   0.0000000E+00   0.0000000E+00   0.0000000E+00   0.0000000E+00   0.0000000E+00
   1.2307461E-04   2.1613598E+07   2.1613598E+07   2.6688523E+07   1.7183905E+04   3.0266999E+07   2.1613389E+07   2.1613598E+07   0.0000000E+00   0.0000000E+00   0.0000000E+00   0.0000000E+00   0.0000000E+00
   1.3225694E-04   2.1612781E+07   2.1612781E+07   2.6371173E+07   1.7054359E+04   3.0152480E+07   2.1612538E+07   2.1612781E+07   0.0000000E+00   0.0000000E+00   0.0000000E+00   0.0000000E+00   0.0000000E+00
   1.4212434E-04   2.1611839E+07   2.1611839E+07   2.6009043E+07   1.6906121E+04   3.0022507E+07   2.1611557E+07   2.1611839E+07   0.0000000E+00   0.0000000E+00   0.0000000E+00   0.0000000E+00   0.0000000E+00
   1.5272793E-04   2.1610754E+07   2.1610754E+07   2.5596581E+07   1.6736734E+04   2.9875402E+07   2.1610427E+07   2.1610754E+07   0.0000000E+00   0.0000000E+00   0.0000000E+00   0.0000000E+00   0.0000000E+00
   1.6412263E-04   2.1609505E+07   2.1609505E+07   2.5127809E+07   1.6543498E+04   2.9709436E+07   2.1609126E+07   2.1609505E+07   0.0000000E+00   0.0000000E+00   0.0000000E+00   0.0000000E+00   0.0000000E+00
   1.7636746E-04   2.1608068E+07   2.1608068E+07   2.4596371E+07   1.6323474E+04   2.9522890E+07   2.1607628E+07   2.1608068E+07   0.0000000E+00   0.0000000E+00   0.0000000E+00   0.0000000E+00   0.0000000E+00
   1.8952585E-04   2.1606414E+07   2.1606414E+07   2.3995641E+07   1.6073499E+04   2.9314119E+07   2.1605904E+07   2.1606414E+07   0.0000000E+00   0.0000000E+00   0.0000000E+00   0.0000000E+00   0.0000000E+00
   2.0366597E-04   2.1604512E+07   2.1604512E+07   2.3318873E+07   1.5790216E+04   2.9081660E+07   2.1603923E+07   2.1604512E+07   0.0000000E+00   0.0000000E+00   0.0000000E+00   0.0000000E+00   0.0000000E+00
   2.1886104E-04   2.1602327E+07   2.1602327E+07   2.2559430E+07   1.5470133E+04   2.8824358E+07   2.1601645E+07   2.1602327E+07   0.0000000E+00   0.0000000E+00   0.0000000E+00   0.0000000E+00   0.0000000E+00
   2.3518979E-04   2.1599818E+07   2.1599818E+07   2.1711093E+07   1.5109700E+04   2.8541540E+07   2.1599030E+07   2.1599818E+07   0.0000000E+00   0.0000000E+00   0.0000000E+00   0.0000000E+00   0.0000000E+00
   2.5273679E-04   2.1596938E+07   2.1596938E+07   2.0768486E+07   1.4705432E+04   2.8233213E+07   2.1596030E+07   2.1596938E+07   0.0000000E+00   0.0000000E+00   0.0000000E+00   0.0000000E+00   0.0000000E+00
   2.7159293E-04   2.1593638E+07   2.1593638E+07   1.9727610E+07   1.4254070E+04   2.7900319E+07   2.1592589E+07   2.1593638E+07   0.0000000E+00   0.0000000E+00   0.0000000E+00   0.0000000E+00   0.0000000E+00
   2.9185589E-04   2.1589859E+07   2.1589859E+07   1.8586524E+07   1.3752802E+04   2.7545004E+07   2.1588649E+07   2.1589859E+07   0.0000000E+00   0.0000000E+00   0.0000000E+00   0.0000000E+00   0.0000000E+00
   3.1363062E-04   2.1585535E+07   2.1585535E+07   1.7346153E+07   1.3199533E+04   2.7170906E+07   2.1584142E+07   2.1585535E+07   0.0000000E+00   0.0000000E+00   0.0000000E+00   0.0000000E+00   0.0000000E+00
   3.3702992E-04   2.1580596E+07   2.1580596E+07   1.6011224E+07   1.2593229E+04   2.6783431E+07   2.1578991E+07   2.1580596E+07   0.0000000E+00   0.0000000E+00   0.0000000E+00   0.0000000E+00   0.0000000E+00
   3.6217499E-04   2.1574960E+07   2.1574960E+07   1.4591272E+07   1.1934316E+04   2.6389952E+07   2.1573115E+07   2.1574960E+07   0.0000000E+00   0.0000000E+00   0.0000000E+00   0.0000000E+00   0.0000000E+00
   3.8919608E-04   2.1568540E+07   2.1568540E+07   1.3101652E+07   1.1225133E+04   2.5999866E+07   2.1566419E+07   2.1568540E+07   0.0000000E+00   0.0000000E+00   0.0000000E+00   0.0000000E+00   0.0000000E+00
   4.1823316E-04   2.1561237E+07   2.1561237E+07   1.1564388E+07   1.0470401E+04   2.5624403E+07   2.1558802E+07   2.1561237E+07   0.0000000E+00   0.0000000E+00   0.0000000E+00   0.0000000E+00   0.0000000E+00
   4.4943663E-04   2.1552945E+07   2.1552945E+07   1.0008684E+07   9.6776691E+03   2.5276074E+07   2.1550152E+07   2.1552945E+07   0.0000000E+00   0.0000000E+00   0.0000000E+00   0.0000000E+00   0.0000000E+00
   4.8296812E-04   2.1543547E+07   2.1543547E+07   8.4707938E+06   8.8576604E+03   2.4967604E+07   2.1540347E+07   2.1543547E+07   0.0000000E+00   0.0000000E+00   0.0000000E+00   0.0000000E+00   0.0000000E+00
   5.1900132E-04   2.1532915E+07   2.1532915E+07   6.9929222E+06   8.0244076E+03   2.4710272E+07   2.1529253E+07   2.1532915E+07   0.0000000E+00   0.0000000E+00   0.0000000E+00   0.0000000E+00   0.0000000E+00
   5.5772288E-04   2.1520908E+07   2.1520908E+07   5.6208024E+06   7.1950528E+03   2.4511632E+07   2.1516725E+07   2.1520908E+07   0.0000000E+00   0.0000000E+00   0.0000000E+00   0.0000000E+00   0.0000000E+00
   5.9933337E-04   2.1507374E+07   2.1507374E+07   4.3996762E+06   6.3891634E+03   2.4372778E+07   2.1502604E+07   2.1507374E+07   0.0000000E+00   0.0000000E+00   0.0000000E+00   0.0000000E+00   0.0000000E+00
   6.4404834E-04   2.1492147E+07   2.1492147E+07   3.3686416E+06   5.6274336E+03   2.4285605E+07   2.1486717E+07   2.1492147E+07   0.0000000E+00   0.0000000E+00   0.0000000E+00   0.0000000E+00   0.0000000E+00
   6.9209938E-04   2.1475041E+07   2.1475041E+07   2.5537859E+06   4.9297147E+03   2.4230899E+07   2.1468873E+07   2.1475041E+07   0.0000000E+00   0.0000000E+00   0.0000000E+00   0.0000000E+00   0.0000000E+00
   7.4373541E-04   2.1455853E+07   2.1455853E+07   1.9612097E+06   4.3124612E+03   2.4178452E+07   2.1448865E+07   2.1455853E+07   0.0000000E+00   0.0000000E+00   0.0000000E+00   0.0000000E+00   0.0000000E+00
   7.9922390E-04   2.1434357E+07   2.1434357E+07   1.5718788E+06   3.7859133E+03   2.4090552E+07   2.1426461E+07   2.1434357E+07   0.0000000E+00   0.0000000E+00   0.0000000E+00   0.0000000E+00   0.0000000E+00
   8.5885226E-04   2.1410302E+07   2.1410302E+07   1.3409279E+06   3.3516333E+03   2.3929784E+07   2.1401406E+07   2.1410302E+07   0.0000000E+00   0.0000000E+00   0.0000000E+00   0.0000000E+00   0.0000000E+00
   9.2292936E-04   2.1383409E+07   2.1383409E+07   1.2040391E+06   3.0012813E+03   2.3670615E+07   2.1373420E+07   2.1383409E+07   0.0000000E+00   0.0000000E+00   0.0000000E+00   0.0000000E+00   0.0000000E+00
   9.9178712E-04   2.1353372E+07   2.1353372E+07   1.0920879E+06   2.7175892E+03   2.3311679E+07   2.1342198E+07   2.1353372E+07   0.0000000E+00   0.0000000E+00   0.0000000E+00   0.0000000E+00   0.0000000E+00
   1.0657822E-03   2.1319861E+07   2.1319861E+07   9.5185868E+05   2.4781295E+03   2.2882537E+07   2.1307412E+07   2.1319861E+07   0.0000000E+00   0.0000000E+00   0.0000000E+00   0.0000000E+00   0.0000000E+00
   1.1452979E-03   2.1282525E+07   2.1282525E+07   7.6567443E+05   2.2614913E+03   2.2437146E+07   2.1268715E+07   2.1282525E+07   0.0000000E+00   0.0000000E+00   0.0000000E+00   0.0000000E+00   0.0000000E+00
   1.2307461E-03   2.1240998E+07   2.1240998E+07   5.5864370E+05   2.0539798E+03   2.2029735E+07   2.1225750E+07   2.1240998E+07   0.0000000E+00   0.0000000E+00   0.0000000E+00   0.0000000E+00   0.0000000E+00
   1.3225694E-03   2.1194906E+07   2.1194906E+07   3.8347152E+05   1.8536043E+03   2.1680011E+07   2.1178152E+07   2.1194906E+07   0.0000000E+00   0.0000000E+00   0.0000000E+00   0.0000000E+00   0.0000000E+00
   1.4212434E-03   2.1143864E+07   2.1143864E+07   2.8392672E+05   1.6682284E+03   2.1350564E+07   2.1125550E+07   2.1143864E+07   0.0000000E+00   0.0000000E+00   0.0000000E+00   0.0000000E+00   0.0000000E+00
   1.5272793E-03   2.1087477E+07   2.1087477E+07   2.5753419E+05   1.5075458E+03   2.0965836E+07   2.1067560E+07   2.1087477E+07   0.0000000E+00   0.0000000E+00   0.0000000E+00   0.0000000E+00   0.0000000E+00
   1.6412263E-03   2.1025329E+07   2.1025329E+07   2.5138978E+05   1.3735478E+03   2.0478102E+07   2.1003780E+07   2.1025329E+07   0.0000000E+00   0.0000000E+00   0.0000000E+00   0.0000000E+00   0.0000000E+00
   1.7636746E-03   2.0956986E+07   2.0956986E+07   2.0839875E+05   1.2575758E+03   1.9929563E+07   2.0933785E+07   2.0956986E+07   0.0000000E+00   0.0000000E+00   0.0000000E+00   0.0000000E+00   0.0000000E+00
   1.8952585E-03   2.0882001E+07   2.0882001E+07   1.2858807E+05   1.1482628E+03   1.9424355E+07   2.0857134E+07   2.0882001E+07   0.0000000E+00   0.0000000E+00   0.0000000E+00   0.0000000E+00   0.0000000E+00
   2.0366597E-03   2.0799920E+07   2.0799920E+07   6.9838871E+04   1.0431292E+03   1.9000089E+07   2.0773375E+07   2.0799920E+07   0.0000000E+00   0.0000000E+00   0.0000000E+00   0.0000000E+00   0.0000000E+00
   2.1886104E-03   2.0710284E+07   2.0710284E+07   6.6448322E+04   9.4913959E+02   1.8556723E+07   2.0682047E+07   2.0710284E+07   0.0000000E+00   0.0000000E+00   0.0000000E+00   0.0000000E+00   0.0000000E+00
   2.3518979E-03   2.0612620E+07   2.0612620E+07   7.3910356E+04   8.6971706E+02   1.8001829E+07   2.0582673E+07   2.0612620E+07   0.0000000E+00   0.0000000E+00   0.0000000E+00   0.0000000E+00   0.0000000E+00
   2.5273679E-03   2.0506432E+07   2.0506432E+07   4.6615589E+04   7.9794916E+02   1.7419903E+07   2.0474751E+07   2.0506432E+07   0.0000000E+00   0.0000000E+00   0.0000000E+00   0.0000000E+00   0.0000000E+00
   2.7159293E-03   2.0391214E+07   2.0391214E+07   2.1559534E+04   7.2871077E+02   1.6904781E+07   2.0357773E+07   2.0391214E+07   0.0000000E+00   0.0000000E+00   0.0000000E+00   0.0000000E+00   0.0000000E+00
   2.9185589E-03   2.0266453E+07   2.0266453E+07   2.6678114E+04   6.6593963E+02   1.6347590E+07   2.0231226E+07   2.0266453E+07   0.0000000E+00   0.0000000E+00   0.0000000E+00   0.0000000E+00   0.0000000E+00
   3.1363062E-03   2.0131621E+07   2.0131621E+07   1.6989013E+04   6.0964206E+02   1.5721219E+07   2.0094590E+07   2.0131621E+07   0.0000000E+00   0.0000000E+00   0.0000000E+00   0.0000000E+00   0.0000000E+00
   3.3702992E-03   1.9986178E+07   1.9986178E+07   4.7039489E+03   5.5569078E+02   1.5149914E+07   1.9947330E+07   1.9986178E+07   0.0000000E+00   0.0000000E+00   0.0000000E+00   0.0000000E+00   0.0000000E+00
   3.6217499E-03   1.9829581E+07   1.9829581E+07   1.2541927E+04   5.0687352E+02   1.4520221E+07   1.9788912E+07   1.9829581E+07   0.0000000E+00   0.0000000E+00   0.0000000E+00   0.0000000E+00   0.0000000E+00
   3.8919608E-03   1.9661279E+07   1.9661279E+07   1.8454333E+02   4.6186847E+02   1.3869237E+07   1.9618801E+07   1.9661279E+07   0.0000000E+00   0.0000000E+00   0.0000000E+00   0.0000000E+00   0.0000000E+00
   4.1823316E-03   1.9480728E+07   1.9480728E+07   2.7151447E+03   4.1915480E+02   1.3259812E+07   1.9436472E+07   1.9480728E+07   0.0000000E+00   0.0000000E+00   0.0000000E+00   0.0000000E+00   0.0000000E+00
   4.4943663E-03   1.9287399E+07   1.9287399E+07   -4.7279614E+02   3.8036765E+02   1.2588882E+07   1.9241428E+07   1.9287399E+07   0.0000000E+00   0.0000000E+00   0.0000000E+00   0.0000000E+00   0.0000000E+00
   4.8296812E-03   1.9080787E+07   1.9080787E+07   5.0935617E+01   3.4381135E+02   1.1971981E+07   1.9033182E+07   1.9080787E+07   0.0000000E+00   0.0000000E+00   0.0000000E+00   0.0000000E+00   0.0000000E+00
   5.1900132E-03   1.8860397E+07   1.8860397E+07   -3.3748584E+03   3.1072322E+02   1.1319588E+07   1.8811238E+07   1.8860397E+07   0.0000000E+00   0.0000000E+00   0.0000000E+00   0.0000000E+00   0.0000000E+00
   5.5772288E-03   1.8625734E+07   1.8625734E+07   -4.8476731E+01   2.8012497E+02   1.0684487E+07   1.8575084E+07   1.8625734E+07   0.0000000E+00   0.0000000E+00   0.0000000E+00   0.0000000E+00   0.0000000E+00
   5.9933337E-03   1.8376294E+07   1.8376294E+07   -3.5023903E+03   2.5176120E+02   1.0053482E+07   1.8324235E+07   1.8376294E+07   0.0000000E+00   0.0000000E+00   0.0000000E+00   0.0000000E+00   0.0000000E+00
   6.4404834E-03   1.8111581E+07   1.8111581E+07   -2.7919026E+03   2.2568404E+02   9.4109106E+06   1.8058240E+07   1.8111581E+07   0.0000000E+00   0.0000000E+00   0.0000000E+00   0.0000000E+00   0.0000000E+00
   6.9209938E-03   1.7831138E+07   1.7831138E+07   -1.5150505E+03   2.0173819E+02   8.8016698E+06   1.7776658E+07   1.7831138E+07   0.0000000E+00   0.0000000E+00   0.0000000E+00   0.0000000E+00   0.0000000E+00
   7.4373541E-03   1.7534529E+07   1.7534529E+07   -1.5632683E+03   1.7987024E+02   8.2081220E+06   1.7479042E+07   1.7534529E+07   0.0000000E+00   0.0000000E+00   0.0000000E+00   0.0000000E+00   0.0000000E+00
   7.9922390E-03   1.7221320E+07   1.7221320E+07   -2.2900777E+03   1.5987802E+02   7.6219904E+06   1.7164969E+07   1.7221320E+07   0.0000000E+00   0.0000000E+00   0.0000000E+00   0.0000000E+00   0.0000000E+00
   8.5885226E-03   1.6891077E+07   1.6891077E+07   -2.3388102E+03   1.4168459E+02   7.0497882E+06   1.6834027E+07   1.6891077E+07   0.0000000E+00   0.0000000E+00   0.0000000E+00   0.0000000E+00   0.0000000E+00
   9.2292936E-03   1.6543396E+07   1.6543396E+07   -2.0999822E+03   1.2516210E+02   6.5000528E+06   1.6485820E+07   1.6543396E+07   0.0000000E+00   0.0000000E+00   0.0000000E+00   0.0000000E+00   0.0000000E+00
   9.9178712E-03   1.6177893E+07   1.6177893E+07   -1.7733116E+03   1.1022200E+02   5.9703723E+06   1.6119967E+07   1.6177893E+07   0.0000000E+00   0.0000000E+00   0.0000000E+00   0.0000000E+00   0.0000000E+00
   1.0657822E-02   1.5794200E+07   1.5794200E+07   -1.2721031E+03   9.6712131E+01   5.4608374E+06   1.5736110E+07   1.5794200E+07   0.0000000E+00   0.0000000E+00   0.0000000E+00   0.0000000E+00   0.0000000E+00
   1.1452979E-02   1.5391993E+07   1.5391993E+07   -1.0531584E+03   8.4586878E+01   4.9731704E+06   1.5333940E+07   1.5391993E+07   0.0000000E+00   0.0000000E+00   0.0000000E+00   0.0000000E+00   0.0000000E+00
   1.2307461E-02   1.4971000E+07   1.4971000E+07   -1.3443152E+03   7.3697527E+01   4.5132547E+06   1.4913174E+07   1.4971000E+07   0.0000000E+00   0.0000000E+00   0.0000000E+00   0.0000000E+00   0.0000000E+00
   1.3225694E-02   1.4531016E+07   1.4531016E+07   -9.0625996E+02   6.3961921E+01   4.0832550E+06   1.4473627E+07   1.4531016E+07   0.0000000E+00   0.0000000E+00   0.0000000E+00   0.0000000E+00   0.0000000E+00
   1.4212434E-02   1.4071955E+07   1.4071955E+07   -9.6990276E+02   5.5307080E+01   3.6704352E+06   1.4015204E+07   1.4071955E+07   0.0000000E+00   0.0000000E+00   0.0000000E+00   0.0000000E+00   0.0000000E+00
   1.5272793E-02   1.3593878E+07   1.3593878E+07   -6.4047462E+02   4.7619995E+01   3.2893249E+06   1.3537974E+07   1.3593878E+07   0.0000000E+00   0.0000000E+00   0.0000000E+00   0.0000000E+00   0.0000000E+00
   1.6412263E-02   1.3097067E+07   1.3097067E+07   -6.3602750E+02   4.0831367E+01   2.9339126E+06   1.3042212E+07   1.3097067E+07   0.0000000E+00   0.0000000E+00   0.0000000E+00   0.0000000E+00   0.0000000E+00
   1.7636746E-02   1.2582092E+07   1.2582092E+07   -5.7683578E+02   3.4856685E+01   2.6029988E+06   1.2528491E+07   1.2582092E+07   0.0000000E+00   0.0000000E+00   0.0000000E+00   0.0000000E+00   0.0000000E+00
   1.8952585E-02   1.2049917E+07   1.2049917E+07   -4.6562500E+02   2.9618154E+01   2.2971263E+06   1.1997763E+07   1.2049917E+07   0.0000000E+00   0.0000000E+00   0.0000000E+00   0.0000000E+00   0.0000000E+00
   2.0366595E-02   1.1502007E+07   1.1502007E+07   -3.5983036E+02   2.5049825E+01   2.0156349E+06   1.1451487E+07   1.1502007E+07   0.0000000E+00   0.0000000E+00   0.0000000E+00   0.0000000E+00   0.0000000E+00
   2.1886093E-02   1.0940462E+07   1.0940462E+07   -3.6466108E+02   2.1082259E+01   1.7592547E+06   1.0891748E+07   1.0940462E+07   0.0000000E+00   0.0000000E+00   0.0000000E+00   0.0000000E+00   0.0000000E+00
   2.3518916E-02   1.0368157E+07   1.0368157E+07   -2.4874942E+02   1.7653156E+01   1.5281056E+06   1.0321405E+07   1.0368157E+07   0.0000000E+00   0.0000000E+00   0.0000000E+00   0.0000000E+00   0.0000000E+00
   2.5273381E-02   9.7888966E+06   9.7888966E+06   -2.4131680E+02   1.4707678E+01   1.3196693E+06   9.7442391E+06   9.7888966E+06   0.0000000E+00   0.0000000E+00   0.0000000E+00   0.0000000E+00   0.0000000E+00
   2.7158063E-02   9.2075845E+06   9.2075845E+06   -2.0801754E+02   1.2193534E+01   1.1328095E+06   9.1651249E+06   9.2075845E+06   0.0000000E+00   0.0000000E+00   0.0000000E+00   0.0000000E+00   0.0000000E+00
   2.9181130E-02   8.6304135E+06   8.6304135E+06   -1.5137020E+02   1.0063227E+01   9.6747750E+05   8.5902199E+06   8.6304135E+06   0.0000000E+00   0.0000000E+00   0.0000000E+00   0.0000000E+00   0.0000000E+00
   3.1348749E-02   8.0650744E+06   8.0650744E+06   -1.2339402E+02   8.2738132E+00   8.2133779E+05   8.0271717E+06   8.0650744E+06   0.0000000E+00   0.0000000E+00   0.0000000E+00   0.0000000E+00   0.0000000E+00
   3.3662049E-02   7.5208665E+06   7.5208665E+06   -1.0342304E+02   6.7857326E+00   6.9690128E+05   7.4852280E+06   7.5208665E+06   0.0000000E+00   0.0000000E+00   0.0000000E+00   0.0000000E+00   0.0000000E+00
   3.6112672E-02   7.0083884E+06   7.0083884E+06   -9.6897941E+01   5.5649246E+00   5.8962567E+05   6.9749288E+06   7.0083884E+06   0.0000000E+00   0.0000000E+00   0.0000000E+00   0.0000000E+00   0.0000000E+00
   3.8678701E-02   6.5383171E+06   6.5383171E+06   -7.9740777E+01   4.5779522E+00   4.9987430E+05   6.5068917E+06   6.5383171E+06   0.0000000E+00   0.0000000E+00   0.0000000E+00   0.0000000E+00   0.0000000E+00
   4.1324889E-02   6.1190989E+06   6.1190989E+06   -6.3558461E+01   3.7916766E+00   4.2617263E+05   6.0895137E+06   6.1190989E+06   0.0000000E+00   0.0000000E+00   0.0000000E+00   0.0000000E+00   0.0000000E+00
   4.4010072E-02   5.7544506E+06   5.7544506E+06   -4.8702925E+01   3.1719756E+00   3.6625768E+05   5.7264836E+06   5.7544506E+06   0.0000000E+00   0.0000000E+00   0.0000000E+00   0.0000000E+00   0.0000000E+00
   4.6698655E-02   5.4423597E+06   5.4423597E+06   -3.7632345E+01   2.6849992E+00   3.1774139E+05   5.4157900E+06   5.4423597E+06   0.0000000E+00   0.0000000E+00   0.0000000E+00   0.0000000E+00   0.0000000E+00
   4.9368502E-02   5.1762846E+06   5.1762846E+06   -3.1920241E+01   2.3002731E+00   2.7837129E+05   5.1509147E+06   5.1762846E+06   0.0000000E+00   0.0000000E+00   0.0000000E+00   0.0000000E+00   0.0000000E+00
   5.2011541E-02   4.9474604E+06   4.9474604E+06   -2.9309756E+01   1.9923770E+00   2.4616542E+05   4.9231291E+06   4.9474604E+06   0.0000000E+00   0.0000000E+00   0.0000000E+00   0.0000000E+00   0.0000000E+00
   5.4629802E-02   4.7468743E+06   4.7468743E+06   -2.7258284E+01   1.7416109E+00   2.1944394E+05   4.7234594E+06   4.7468743E+06   0.0000000E+00   0.0000000E+00   0.0000000E+00   0.0000000E+00   0.0000000E+00
   5.7230862E-02   4.5663737E+06   4.5663737E+06   -2.5068549E+01   1.5335237E+00   1.9684659E+05   4.5437892E+06   4.5663737E+06   0.0000000E+00   0.0000000E+00   0.0000000E+00   0.0000000E+00   0.0000000E+00
   5.9824605E-02   4.3990954E+06   4.3990954E+06   -2.2807705E+01   1.3576372E+00   1.7734527E+05   4.3772864E+06   4.3990954E+06   0.0000000E+00   0.0000000E+00   0.0000000E+00   0.0000000E+00   0.0000000E+00
   6.2421389E-02   4.2395447E+06   4.2395447E+06   -2.0463739E+01   1.2063822E+00   1.6022107E+05   4.2184817E+06   4.2395447E+06   0.0000000E+00   0.0000000E+00   0.0000000E+00   0.0000000E+00   0.0000000E+00
   6.5031180E-02   4.0835448E+06   4.0835448E+06   -1.7844095E+01   1.0743898E+00   1.4496545E+05   4.0632173E+06   4.0835448E+06   0.0000000E+00   0.0000000E+00   0.0000000E+00   0.0000000E+00   0.0000000E+00
   6.7663231E-02   3.9281551E+06   3.9281551E+06   -1.4818813E+01   9.5786316E-01   1.3117609E+05   3.9085664E+06   3.9281551E+06   0.0000000E+00   0.0000000E+00   0.0000000E+00   0.0000000E+00   0.0000000E+00
   7.0326018E-02   3.7715922E+06   3.7715922E+06   -1.1909779E+01   8.5407186E-01   1.1854455E+05   3.7527534E+06   3.7715922E+06   0.0000000E+00   0.0000000E+00   0.0000000E+00   0.0000000E+00   0.0000000E+00
   7.3027298E-02   3.6131504E+06   3.6131504E+06   -1.0563228E+01   7.6109266E-01   1.0693498E+05   3.5950758E+06   3.6131504E+06   0.0000000E+00   0.0000000E+00   0.0000000E+00   0.0000000E+00   0.0000000E+00
   7.5774210E-02   3.4531112E+06   3.4531112E+06   -1.1014362E+01   6.7758333E-01   9.6407771E+04   3.4358130E+06   3.4531112E+06   0.0000000E+00   0.0000000E+00   0.0000000E+00   0.0000000E+00   0.0000000E+00
   7.8573381E-02   3.2926255E+06   3.2926255E+06   -9.9836929E+00   6.0255726E-01   8.6925690E+04   3.2761098E+06   3.2926255E+06   0.0000000E+00   0.0000000E+00   0.0000000E+00   0.0000000E+00   0.0000000E+00
   8.1431027E-02   3.1335570E+06   3.1335570E+06   -7.5076221E+00   5.3534142E-01   7.8111222E+04   3.1178202E+06   3.1335570E+06   0.0000000E+00   0.0000000E+00   0.0000000E+00   0.0000000E+00   0.0000000E+00
   8.4353040E-02   2.9782775E+06   2.9782775E+06   -8.0956527E+00   4.7538635E-01   7.0218313E+04   2.9633035E+06   2.9782775E+06   0.0000000E+00   0.0000000E+00   0.0000000E+00   0.0000000E+00   0.0000000E+00
   8.7345061E-02   2.8294141E+06   2.8294141E+06   -6.3427070E+00   4.2222791E-01   6.3015667E+04   2.8151734E+06   2.8294141E+06   0.0000000E+00   0.0000000E+00   0.0000000E+00   0.0000000E+00   0.0000000E+00
   9.0412544E-02   2.6895566E+06   2.6895566E+06   -5.2128902E+00   3.7542278E-01   5.6735678E+04   2.6760063E+06   2.6895566E+06   0.0000000E+00   0.0000000E+00   0.0000000E+00   0.0000000E+00   0.0000000E+00
   9.3560804E-02   2.5609410E+06   2.5609410E+06   -4.8207766E+00   3.3449672E-01   5.1150445E+04   2.5480266E+06   2.5609410E+06   0.0000000E+00   0.0000000E+00   0.0000000E+00   0.0000000E+00   0.0000000E+00
   9.6795063E-02   2.4451387E+06   2.4451387E+06   -4.2992228E+00   2.9893052E-01   4.6208276E+04   2.4327973E+06   2.4451387E+06   0.0000000E+00   0.0000000E+00   0.0000000E+00   0.0000000E+00   0.0000000E+00
   1.0012048E-01   2.3427884E+06   2.3427884E+06   -4.1256908E+00   2.6814185E-01   4.1882027E+04   2.3309537E+06   2.3427884E+06   0.0000000E+00   0.0000000E+00   0.0000000E+00   0.0000000E+00   0.0000000E+00
   1.0354217E-01   2.2534125E+06   2.2534125E+06   -4.0511578E+00   2.4148495E-01   3.8201696E+04   2.2420204E+06   2.2534125E+06   0.0000000E+00   0.0000000E+00   0.0000000E+00   0.0000000E+00   0.0000000E+00
   1.0706526E-01   2.1753631E+06   2.1753631E+06   -3.0702439E+00   2.1829797E-01   3.4892836E+04   2.1643574E+06   2.1753631E+06   0.0000000E+00   0.0000000E+00   0.0000000E+00   0.0000000E+00   0.0000000E+00
   1.1069486E-01   2.1059301E+06   2.1059301E+06   -3.1653997E+00   1.9791493E-01   3.2040614E+04   2.0952682E+06   2.1059301E+06   0.0000000E+00   0.0000000E+00   0.0000000E+00   0.0000000E+00   0.0000000E+00
   1.1443610E-01   2.0416313E+06   2.0416313E+06   -3.0432298E+00   1.7971537E-01   2.9393505E+04   2.0312881E+06   2.0416313E+06   0.0000000E+00   0.0000000E+00   0.0000000E+00   0.0000000E+00   0.0000000E+00
   1.1829416E-01   1.9786702E+06   1.9786702E+06   -2.7472642E+00   1.6316132E-01   2.6982885E+04   1.9686396E+06   1.9786702E+06   0.0000000E+00   0.0000000E+00   0.0000000E+00   0.0000000E+00   0.0000000E+00
   1.2227425E-01   1.9135161E+06   1.9135161E+06   -2.3951527E+00   1.4783599E-01   2.4741434E+04   1.9038101E+06   1.9135161E+06   0.0000000E+00   0.0000000E+00   0.0000000E+00   0.0000000E+00   0.0000000E+00
   1.2638162E-01   1.8435193E+06   1.8435193E+06   -1.9113969E+00   1.3346908E-01   2.2558850E+04   1.8341631E+06   1.8435193E+06   0.0000000E+00   0.0000000E+00   0.0000000E+00   0.0000000E+00   0.0000000E+00
   1.3062159E-01   1.7674438E+06   1.7674438E+06   -1.9702310E+00   1.1993197E-01   2.0504122E+04   1.7584689E+06   1.7674438E+06   0.0000000E+00   0.0000000E+00   0.0000000E+00   0.0000000E+00   0.0000000E+00
   1.3499954E-01   1.6857848E+06   1.6857848E+06   -1.7432183E+00   1.0722889E-01   1.8513420E+04   1.6772202E+06   1.6857848E+06   0.0000000E+00   0.0000000E+00   0.0000000E+00   0.0000000E+00   0.0000000E+00
   1.3952089E-01   1.6007576E+06   1.6007576E+06   -1.5625124E+00   9.5454331E-02   1.6663439E+04   1.5926211E+06   1.6007576E+06   0.0000000E+00   0.0000000E+00   0.0000000E+00   0.0000000E+00   0.0000000E+00
   1.4419117E-01   1.5158926E+06   1.5158926E+06   -1.2547283E+00   8.4744025E-02   1.4960686E+04   1.5081841E+06   1.5158926E+06   0.0000000E+00   0.0000000E+00   0.0000000E+00   0.0000000E+00   0.0000000E+00
   1.4901594E-01   1.4352644E+06   1.4352644E+06   -1.2397345E+00   7.5216208E-02   1.3398242E+04   1.4279628E+06   1.4352644E+06   0.0000000E+00   0.0000000E+00   0.0000000E+00   0.0000000E+00   0.0000000E+00
   1.5400089E-01   1.3624912E+06   1.3624912E+06   -9.8782620E-01   6.6925411E-02   1.2051270E+04   1.3555569E+06   1.3624912E+06   0.0000000E+00   0.0000000E+00   0.0000000E+00   0.0000000E+00   0.0000000E+00
   1.5915175E-01   1.2997439E+06   1.2997439E+06   -8.9219199E-01   5.9826559E-02   1.0895655E+04   1.2931265E+06   1.2997439E+06   0.0000000E+00   0.0000000E+00   0.0000000E+00   0.0000000E+00   0.0000000E+00
   1.6447438E-01   1.2470621E+06   1.2470621E+06   -8.6552868E-01   5.3779827E-02   9.9075878E+03   1.2407106E+06   1.2470621E+06   0.0000000E+00   0.0000000E+00   0.0000000E+00   0.0000000E+00   0.0000000E+00
   1.6997475E-01   1.2022419E+06   1.2022419E+06   -7.2931817E-01   4.8567484E-02   9.0636312E+03   1.1961166E+06   1.2022419E+06   0.0000000E+00   0.0000000E+00   0.0000000E+00   0.0000000E+00   0.0000000E+00
   1.7565893E-01   1.1614282E+06   1.1614282E+06   -6.8099679E-01   4.3948390E-02   8.3001508E+03   1.1555089E+06   1.1614282E+06   0.0000000E+00   0.0000000E+00   0.0000000E+00   0.0000000E+00   0.0000000E+00
   1.8153316E-01   1.1203136E+06   1.1203136E+06   -5.8283323E-01   3.9710929E-02   7.5837304E+03   1.1146021E+06   1.1203136E+06   0.0000000E+00   0.0000000E+00   0.0000000E+00   0.0000000E+00   0.0000000E+00
   1.8760383E-01   1.0755976E+06   1.0755976E+06   -5.9114731E-01   3.5718637E-02   6.9033854E+03   1.0701125E+06   1.0755976E+06   0.0000000E+00   0.0000000E+00   0.0000000E+00   0.0000000E+00   0.0000000E+00
   1.9387750E-01   1.0261766E+06   1.0261766E+06   -5.0009668E-01   3.1930569E-02   6.2401815E+03   1.0209421E+06   1.0261766E+06   0.0000000E+00   0.0000000E+00   0.0000000E+00   0.0000000E+00   0.0000000E+00
   2.0036097E-01   9.7354817E+05   9.7354817E+05   -4.4693756E-01   2.8387176E-02   5.6157308E+03   9.6858085E+05   9.7354817E+05   0.0000000E+00   0.0000000E+00   0.0000000E+00   0.0000000E+00   0.0000000E+00
   2.0706129E-01   9.2115668E+05   9.2115668E+05   -4.0263232E-01   2.5169658E-02   5.0464645E+03   9.1645554E+05   9.2115668E+05   0.0000000E+00   0.0000000E+00   0.0000000E+00   0.0000000E+00   0.0000000E+00
   2.1398580E-01   8.7285600E+05   8.7285600E+05   -3.5893223E-01   2.2346893E-02   4.5341439E+03   8.6840033E+05   8.7285600E+05   0.0000000E+00   0.0000000E+00   0.0000000E+00   0.0000000E+00   0.0000000E+00
   2.2114216E-01   8.3112267E+05   8.3112267E+05   -3.1157382E-01   1.9933418E-02   4.1003983E+03   8.2687912E+05   8.3112267E+05   0.0000000E+00   0.0000000E+00   0.0000000E+00   0.0000000E+00   0.0000000E+00
   2.2853847E-01   7.9588702E+05   7.9588702E+05   -2.7964209E-01   1.7878490E-02   3.7223067E+03   7.9182254E+05   7.9588702E+05   0.0000000E+00   0.0000000E+00   0.0000000E+00   0.0000000E+00   0.0000000E+00
   2.3618323E-01   7.6464732E+05   7.6464732E+05   -2.4505639E-01   1.6086427E-02   3.3964965E+03   7.6074163E+05   7.6464732E+05   0.0000000E+00   0.0000000E+00   0.0000000E+00   0.0000000E+00   0.0000000E+00
   2.4408551E-01   7.3390092E+05   7.3390092E+05   -2.3056748E-01   1.4459902E-02   3.0972350E+03   7.3015159E+05   7.3390092E+05   0.0000000E+00   0.0000000E+00   0.0000000E+00   0.0000000E+00   0.0000000E+00
   2.5225499E-01   7.0114681E+05   7.0114681E+05   -1.9878515E-01   1.2938994E-02   2.8118726E+03   6.9756419E+05   7.0114681E+05   0.0000000E+00   0.0000000E+00   0.0000000E+00   0.0000000E+00   0.0000000E+00
   2.6070204E-01   6.6626737E+05   6.6626737E+05   -1.8201464E-01   1.1517289E-02   2.5394215E+03   6.6286242E+05   6.6626737E+05   0.0000000E+00   0.0000000E+00   0.0000000E+00   0.0000000E+00   0.0000000E+00
   2.6943785E-01   6.3137323E+05   6.3137323E+05   -1.5476308E-01   1.0223106E-02   2.2889725E+03   6.2814611E+05   6.3137323E+05   0.0000000E+00   0.0000000E+00   0.0000000E+00   0.0000000E+00   0.0000000E+00
   2.7847455E-01   5.9916529E+05   5.9916529E+05   -1.3853711E-01   9.0860286E-03   2.0658060E+03   5.9610235E+05   5.9916529E+05   0.0000000E+00   0.0000000E+00   0.0000000E+00   0.0000000E+00   0.0000000E+00
   2.8782537E-01   5.7094892E+05   5.7094892E+05   -1.2825991E-01   8.1070362E-03   1.8735559E+03   5.6802983E+05   5.7094892E+05   0.0000000E+00   0.0000000E+00   0.0000000E+00   0.0000000E+00   0.0000000E+00
   2.9750477E-01   5.4578786E+05   5.4578786E+05   -1.1422494E-01   7.2549351E-03   1.7055440E+03   5.4299705E+05   5.4578786E+05   0.0000000E+00   0.0000000E+00   0.0000000E+00   0.0000000E+00   0.0000000E+00
   3.0752866E-01   5.2146784E+05   5.2146784E+05   -1.0250545E-01   6.4885108E-03   1.5508845E+03   5.1880106E+05   5.2146784E+05   0.0000000E+00   0.0000000E+00   0.0000000E+00   0.0000000E+00   0.0000000E+00
   3.1791464E-01   4.9644646E+05   4.9644646E+05   -9.1558296E-02   5.7817701E-03   1.4071406E+03   4.9390735E+05   4.9644646E+05   0.0000000E+00   0.0000000E+00   0.0000000E+00   0.0000000E+00   0.0000000E+00
   3.2868225E-01   4.7105228E+05   4.7105228E+05   -7.9730982E-02   5.1341951E-03   1.2733233E+03   4.6864279E+05   4.7105228E+05   0.0000000E+00   0.0000000E+00   0.0000000E+00   0.0000000E+00   0.0000000E+00
   3.3985330E-01   4.4684556E+05   4.4684556E+05   -7.1455950E-02   4.5568594E-03   1.1511707E+03   4.4455965E+05   4.4684556E+05   0.0000000E+00   0.0000000E+00   0.0000000E+00   0.0000000E+00   0.0000000E+00
   3.5145224E-01   4.2485027E+05   4.2485027E+05   -6.3187485E-02   4.0520358E-03   1.0445930E+03   4.2267667E+05   4.2485027E+05   0.0000000E+00   0.0000000E+00   0.0000000E+00   0.0000000E+00   0.0000000E+00
   3.6350663E-01   4.0455151E+05   4.0455151E+05   -5.6820607E-02   3.6075100E-03   9.4902838E+02   4.0248157E+05   4.0455151E+05   0.0000000E+00   0.0000000E+00   0.0000000E+00   0.0000000E+00   0.0000000E+00
   3.7604772E-01   3.8470166E+05   3.8470166E+05   -4.9935338E-02   3.2060501E-03   8.6164780E+02   3.8273311E+05   3.8470166E+05   0.0000000E+00   0.0000000E+00   0.0000000E+00   0.0000000E+00   0.0000000E+00
   3.8911110E-01   3.6485393E+05   3.6485393E+05   -4.4765570E-02   2.8405811E-03   7.8117370E+02   3.6298680E+05   3.6485393E+05   0.0000000E+00   0.0000000E+00   0.0000000E+00   0.0000000E+00   0.0000000E+00
   4.0273757E-01   3.4567589E+05   3.4567589E+05   -3.9424334E-02   2.5127913E-03   7.0742779E+02   3.4390676E+05   3.4567589E+05   0.0000000E+00   0.0000000E+00   0.0000000E+00   0.0000000E+00   0.0000000E+00
   4.1697418E-01   3.2776967E+05   3.2776967E+05   -3.4722331E-02   2.2230459E-03   6.4109961E+02   3.2609205E+05   3.2776967E+05   0.0000000E+00   0.0000000E+00   0.0000000E+00   0.0000000E+00   0.0000000E+00
   4.3187552E-01   3.1080685E+05   3.1080685E+05   -3.0684944E-02   1.9653572E-03   5.8139780E+02   3.0921595E+05   3.1080685E+05   0.0000000E+00   0.0000000E+00   0.0000000E+00   0.0000000E+00   0.0000000E+00
   4.4750539E-01   2.9419612E+05   2.9419612E+05   -2.7161685E-02   1.7328831E-03   5.2676899E+02   2.9269014E+05   2.9419612E+05   0.0000000E+00   0.0000000E+00   0.0000000E+00   0.0000000E+00   0.0000000E+00
   4.6393890E-01   2.7800769E+05   2.7800769E+05   -2.3820576E-02   1.5238346E-03   4.7643978E+02   2.7658449E+05   2.7800769E+05   0.0000000E+00   0.0000000E+00   0.0000000E+00   0.0000000E+00   0.0000000E+00
   4.8126511E-01   2.6258713E+05   2.6258713E+05   -2.0925207E-02   1.3377475E-03   4.3102495E+02   2.6124279E+05   2.6258713E+05   0.0000000E+00   0.0000000E+00   0.0000000E+00   0.0000000E+00   0.0000000E+00
   4.9959046E-01   2.4779307E+05   2.4779307E+05   -1.8369354E-02   1.1716171E-03   3.8957014E+02   2.4652441E+05   2.4779307E+05   0.0000000E+00   0.0000000E+00   0.0000000E+00   0.0000000E+00   0.0000000E+00
   5.1904320E-01   2.3335881E+05   2.3335881E+05   -1.6007655E-02   1.0223724E-03   3.5143654E+02   2.3216397E+05   2.3335881E+05   0.0000000E+00   0.0000000E+00   0.0000000E+00   0.0000000E+00   0.0000000E+00
   5.3977908E-01   2.1938336E+05   2.1938336E+05   -1.3938300E-02   8.8881900E-04   3.1666096E+02   2.1826002E+05   2.1938336E+05   0.0000000E+00   0.0000000E+00   0.0000000E+00   0.0000000E+00   0.0000000E+00
   5.6198867E-01   2.0589051E+05   2.0589051E+05   -1.2065454E-02   7.6962274E-04   2.8480217E+02   2.0483622E+05   2.0589051E+05   0.0000000E+00   0.0000000E+00   0.0000000E+00   0.0000000E+00   0.0000000E+00
   5.8590664E-01   1.9272749E+05   1.9272749E+05   -1.0398053E-02   6.6288122E-04   2.5542384E+02   1.9174055E+05   1.9272749E+05   0.0000000E+00   0.0000000E+00   0.0000000E+00   0.0000000E+00   0.0000000E+00
   6.1182334E-01   1.7991061E+05   1.7991061E+05   -8.9046055E-03   5.6755170E-04   2.2856119E+02   1.7898926E+05   1.7991061E+05   0.0000000E+00   0.0000000E+00   0.0000000E+00   0.0000000E+00   0.0000000E+00
   6.4009844E-01   1.6740693E+05   1.6740693E+05   -7.5720691E-03   4.8253471E-04   2.0379472E+02   1.6654958E+05   1.6740693E+05   0.0000000E+00   0.0000000E+00   0.0000000E+00   0.0000000E+00   0.0000000E+00
   6.7117536E-01   1.5516743E+05   1.5516743E+05   -6.3854596E-03   4.0684104E-04   1.8097244E+02   1.5437273E+05   1.5516743E+05   0.0000000E+00   0.0000000E+00   0.0000000E+00   0.0000000E+00   0.0000000E+00
   7.0559317E-01   1.4318918E+05   1.4318918E+05   -5.3330652E-03   3.3973797E-04   1.6000018E+02   1.4245580E+05   1.4318918E+05   0.0000000E+00   0.0000000E+00   0.0000000E+00   0.0000000E+00   0.0000000E+00
   7.4398789E-01   1.3146075E+05   1.3146075E+05   -4.3977016E-03   2.8057710E-04   1.4073234E+02   1.3078742E+05   1.3146075E+05   0.0000000E+00   0.0000000E+00   0.0000000E+00   0.0000000E+00   0.0000000E+00
   7.8706998E-01   1.2000845E+05   1.2000845E+05   -3.5934041E-03   2.2888485E-04   1.2302523E+02   1.1939375E+05   1.2000845E+05   0.0000000E+00   0.0000000E+00   0.0000000E+00   0.0000000E+00   0.0000000E+00
   8.3556146E-01   1.0889214E+05   1.0889214E+05   -2.8956055E-03   1.8429378E-04   1.0698459E+02   1.0833436E+05   1.0889214E+05   0.0000000E+00   0.0000000E+00   0.0000000E+00   0.0000000E+00   0.0000000E+00
   8.9008809E-01   9.8213073E+04   9.8213073E+04   -2.3021278E-03   1.4649506E-04   9.2523193E+01   9.7709976E+04   9.8213073E+04   0.0000000E+00   0.0000000E+00   0.0000000E+00   0.0000000E+00   0.0000000E+00
   9.5106087E-01   8.8103047E+04   8.8103047E+04   -1.8094518E-03   1.1511400E-04   7.9715800E+01   8.7651725E+04   8.8103047E+04   0.0000000E+00   0.0000000E+00   0.0000000E+00   0.0000000E+00   0.0000000E+00
   1.0186258E+00   7.8689648E+04   7.8689648E+04   -1.4094458E-03   8.9635427E-05   6.8530816E+01   7.8286537E+04   7.8689648E+04   0.0000000E+00   0.0000000E+00   0.0000000E+00   0.0000000E+00   0.0000000E+00
   1.0927419E+00   7.0061424E+04   7.0061424E+04   -1.0913862E-03   6.9354437E-05   5.8887437E+01   6.9702504E+04   7.0061424E+04   0.0000000E+00   0.0000000E+00   0.0000000E+00   0.0000000E+00   0.0000000E+00
   1.1733448E+00   6.2252682E+04   6.2252682E+04   -8.4042262E-04   5.3452719E-05   5.0649457E+01   6.1933759E+04   6.2252682E+04   0.0000000E+00   0.0000000E+00   0.0000000E+00   0.0000000E+00   0.0000000E+00
   1.2604838E+00   5.5245249E+04   5.5245249E+04   -6.4653509E-04   4.1107186E-05   4.3645218E+01   5.4962220E+04   5.5245249E+04   0.0000000E+00   0.0000000E+00   0.0000000E+00   0.0000000E+00   0.0000000E+00
   1.3543716E+00   4.8986280E+04   4.8986280E+04   -4.9672210E-04   3.1573833E-05   3.7696437E+01   4.8735312E+04   4.8986280E+04   0.0000000E+00   0.0000000E+00   0.0000000E+00   0.0000000E+00   0.0000000E+00
   1.4553662E+00   4.3411273E+04   4.3411273E+04   -3.8083698E-04   2.4233726E-05   3.2628516E+01   4.3188864E+04   4.3411273E+04   0.0000000E+00   0.0000000E+00   0.0000000E+00   0.0000000E+00   0.0000000E+00
   1.5639326E+00   3.8451970E+04   3.8451970E+04   -2.9249125E-04   1.8589907E-05   2.8302199E+01   3.8254966E+04   3.8451970E+04   0.0000000E+00   0.0000000E+00   0.0000000E+00   0.0000000E+00   0.0000000E+00
   1.6806103E+00   3.4044234E+04   3.4044234E+04   -2.2432357E-04   1.4253998E-05   2.4597193E+01   3.3869811E+04   3.4044234E+04   0.0000000E+00   0.0000000E+00   0.0000000E+00   0.0000000E+00   0.0000000E+00
   1.8059961E+00   3.0129160E+04   3.0129160E+04   -1.7195150E-04   1.0924802E-05   2.1415012E+01   2.9974794E+04   3.0129160E+04   0.0000000E+00   0.0000000E+00   0.0000000E+00   0.0000000E+00   0.0000000E+00
   1.9407374E+00   2.6653621E+04   2.6653621E+04   -1.3174778E-04   8.3699217E-06   1.8672569E+01   2.6517061E+04   2.6653621E+04   0.0000000E+00   0.0000000E+00   0.0000000E+00   0.0000000E+00   0.0000000E+00
   2.0855316E+00   2.3569771E+04   2.3569771E+04   -1.0093133E-04   6.4100069E-06   1.6302911E+01   2.3449011E+04   2.3569771E+04   0.0000000E+00   0.0000000E+00   0.0000000E+00   0.0000000E+00   0.0000000E+00
   2.2411285E+00   2.0834905E+04   2.0834905E+04   -7.7176036E-05   4.9072516E-06   1.4250920E+01   2.0728155E+04   2.0834905E+04   0.0000000E+00   0.0000000E+00   0.0000000E+00   0.0000000E+00   0.0000000E+00
   2.4083343E+00   1.8410614E+04   1.8410614E+04   -5.9096932E-05   3.7554870E-06   1.2469227E+01   1.8316285E+04   1.8410614E+04   0.0000000E+00   0.0000000E+00   0.0000000E+00   0.0000000E+00   0.0000000E+00
   2.5880149E+00   1.6262628E+04   1.6262628E+04   -4.5213668E-05   2.8730485E-06   1.0919924E+01   1.6179304E+04   1.6262628E+04   0.0000000E+00   0.0000000E+00   0.0000000E+00   0.0000000E+00   0.0000000E+00
   2.7811010E+00   1.4360306E+04   1.4360306E+04   -3.4577820E-05   2.1972292E-06   9.5708526E+00   1.4286729E+04   1.4360306E+04   0.0000000E+00   0.0000000E+00   0.0000000E+00   0.0000000E+00   0.0000000E+00
   2.9885929E+00   1.2676270E+04   1.2676270E+04   -2.6424186E-05   1.6798631E-06   8.3927400E+00   1.2611321E+04   1.2676270E+04   0.0000000E+00   0.0000000E+00   0.0000000E+00   0.0000000E+00   0.0000000E+00
   3.2115654E+00   1.1186089E+04   1.1186089E+04   -2.0216556E-05   1.2839204E-06   7.3638421E+00   1.1128775E+04   1.1186089E+04   0.0000000E+00   0.0000000E+00   0.0000000E+00   0.0000000E+00   0.0000000E+00
   3.4511733E+00   9.8679775E+03   9.8679775E+03   -1.5430181E-05   9.8102507E-07   6.4632513E+00   9.8174168E+03   9.8679775E+03   0.0000000E+00   0.0000000E+00   0.0000000E+00   0.0000000E+00   0.0000000E+00
   3.7086578E+00   8.7025196E+03   8.7025196E+03   -1.1779544E-05   7.4937452E-07   5.6754023E+00   8.6579303E+03   8.7025196E+03   0.0000000E+00   0.0000000E+00   0.0000000E+00   0.0000000E+00   0.0000000E+00
   3.9853527E+00   7.6724246E+03   7.6724246E+03   -8.9973354E-06   5.7227485E-07   4.9846582E+00   7.6331132E+03   7.6724246E+03   0.0000000E+00   0.0000000E+00   0.0000000E+00   0.0000000E+00   0.0000000E+00
   4.2826912E+00   6.7623029E+03   6.7623029E+03   -6.8748397E-06   4.3692106E-07   4.3787907E+00   6.7276547E+03   6.7623029E+03   0.0000000E+00   0.0000000E+00   0.0000000E+00   0.0000000E+00   0.0000000E+00
   4.6022135E+00   5.9584660E+03   5.9584660E+03   -5.2393537E-06   3.3350374E-07   3.8472145E+00   5.9279363E+03   5.9584660E+03   0.0000000E+00   0.0000000E+00   0.0000000E+00   0.0000000E+00   0.0000000E+00
   4.9455747E+00   5.2487453E+03   5.2487453E+03   -3.9971796E-06   2.5450775E-07   3.3805939E+00   5.2218520E+03   5.2487453E+03   0.0000000E+00   0.0000000E+00   0.0000000E+00   0.0000000E+00   0.0000000E+00
   5.3145533E+00   4.6223299E+03   4.6223299E+03   -3.0507799E-06   1.9418411E-07   2.9707693E+00   4.5986462E+03   4.6223299E+03   0.0000000E+00   0.0000000E+00   0.0000000E+00   0.0000000E+00   0.0000000E+00
   5.7110606E+00   4.0696202E+03   4.0696202E+03   -2.3246842E-06   1.4813114E-07   2.6105962E+00   4.0487684E+03   4.0696202E+03   0.0000000E+00   0.0000000E+00   0.0000000E+00   0.0000000E+00   0.0000000E+00
   6.1371504E+00   3.5820964E+03   3.5820964E+03   -1.7713571E-06   1.1298079E-07   2.2941701E+00   3.5637425E+03   3.5820964E+03   0.0000000E+00   0.0000000E+00   0.0000000E+00   0.0000000E+00   0.0000000E+00
   6.5950298E+00   3.1522014E+03   3.1522014E+03   -1.3496173E-06   8.6158629E-08   2.0160190E+00   3.1360503E+03   3.1522014E+03   0.0000000E+00   0.0000000E+00   0.0000000E+00   0.0000000E+00   0.0000000E+00
   7.0870707E+00   2.7732351E+03   2.7732351E+03   -1.0282657E-06   6.5695891E-08   1.7714958E+00   2.7590257E+03   2.7732351E+03   0.0000000E+00   0.0000000E+00   0.0000000E+00   0.0000000E+00   0.0000000E+00
   7.6158216E+00   2.4392600E+03   2.4392600E+03   -7.8339549E-07   5.0087747E-08   1.5566034E+00   2.4267617E+03   2.4392600E+03   0.0000000E+00   0.0000000E+00   0.0000000E+00   0.0000000E+00   0.0000000E+00
   8.1840216E+00   2.1450166E+03   2.1450166E+03   -5.9635564E-07   3.8184867E-08   1.3676079E+00   2.1340260E+03   2.1450166E+03   0.0000000E+00   0.0000000E+00   0.0000000E+00   0.0000000E+00   0.0000000E+00
