#           k/h    CDM            baryon         photon         nu             mass_nu        total          no_nu          total_de       Weyl           v_CDM          v_b            v_b-v_c     
   1.1020290E-05   1.0707593E+06   1.0707593E+06   1.4276402E+06   9.7338144E+03   1.5414329E+03   1.0711520E+06   1.0707593E+06   0.0000000E+00   0.0000000E+00   0.0000000E+00   0.0000000E+00   0.0000000E+00
   1.1842490E-05   1.0707592E+06   1.0707592E+06   1.4276340E+06   9.7337869E+03   1.5414161E+03   1.0711519E+06   1.0707592E+06   0.0000000E+00   0.0000000E+00   0.0000000E+00   0.0000000E+00   0.0000000E+00
   1.2726032E-05   1.0707591E+06   1.0707591E+06   1.4276269E+06   9.7337553E+03   1.5413966E+03   1.0711517E+06   1.0707591E+06   0.0000000E+00   0.0000000E+00   0.0000000E+00   0.0000000E+00   0.0000000E+00
   1.3675494E-05   1.0707590E+06   1.0707590E+06   1.4276187E+06   9.7337187E+03   1.5413742E+03   1.0711516E+06   1.0707590E+06   0.0000000E+00   0.0000000E+00   0.0000000E+00   0.0000000E+00   0.0000000E+00
   1.4695793E-05   1.0707588E+06   1.0707588E+06   1.4276092E+06   9.7336765E+03   1.5413483E+03   1.0711514E+06   1.0707588E+06   0.0000000E+00   0.0000000E+00   0.0000000E+00   0.0000000E+00   0.0000000E+00
   1.5792214E-05   1.0707586E+06   1.0707586E+06   1.4275982E+06   9.7336277E+03   1.5413184E+03   1.0711512E+06   1.0707586E+06   0.0000000E+00   0.0000000E+00   0.0000000E+00   0.0000000E+00   0.0000000E+00
   1.6970437E-05   1.0707584E+06   1.0707584E+06   1.4275856E+06   9.7335714E+03   1.5412838E+03   1.0711509E+06   1.0707584E+06   0.0000000E+00   0.0000000E+00   0.0000000E+00   0.0000000E+00   0.0000000E+00
   1.8236564E-05   1.0707581E+06   1.0707581E+06   1.4275710E+06   9.7335063E+03   1.5412440E+03   1.0711506E+06   1.0707581E+06   0.0000000E+00   0.0000000E+00   0.0000000E+00   0.0000000E+00   0.0000000E+00
   1.9597155E-05   1.0707578E+06   1.0707578E+06   1.4275541E+06   9.7334312E+03   1.5411979E+03   1.0711503E+06   1.0707578E+06   0.0000000E+00   0.0000000E+00   0.0000000E+00   0.0000000E+00   0.0000000E+00
   2.1059256E-05   1.0707575E+06   1.0707575E+06   1.4275346E+06   9.7333445E+03   1.5411447E+03   1.0711499E+06   1.0707575E+06   0.0000000E+00   0.0000000E+00   0.0000000E+00   0.0000000E+00   0.0000000E+00
   2.2630441E-05   1.0707571E+06   1.0707571E+06   1.4275121E+06   9.7332443E+03   1.5410833E+03   1.0711495E+06   1.0707571E+06   0.0000000E+00   0.0000000E+00   0.0000000E+00   0.0000000E+00   0.0000000E+00
   2.4318849E-05   1.0707567E+06   1.0707567E+06   1.4274861E+06   9.7331287E+03   1.5410124E+03   1.0711490E+06   1.0707567E+06   0.0000000E+00   0.0000000E+00   0.0000000E+00   0.0000000E+00   0.0000000E+00
   2.6133226E-05   1.0707561E+06   1.0707561E+06   1.4274561E+06   9.7329951E+03   1.5409304E+03   1.0711484E+06   1.0707561E+06   0.0000000E+00   0.0000000E+00   0.0000000E+00   0.0000000E+00   0.0000000E+00
   2.8082969E-05   1.0707555E+06   1.0707555E+06   1.4274214E+06   9.7328409E+03   1.5408359E+03   1.0711477E+06   1.0707555E+06   0.0000000E+00   0.0000000E+00   0.0000000E+00   0.0000000E+00   0.0000000E+00
   3.0178178E-05   1.0707549E+06   1.0707549E+06   1.4273814E+06   9.7326628E+03   1.5407267E+03   1.0711469E+06   1.0707549E+06   0.0000000E+00   0.0000000E+00   0.0000000E+00   0.0000000E+00   0.0000000E+00
   3.2429707E-05   1.0707541E+06   1.0707541E+06   1.4273352E+06   9.7324572E+03   1.5406006E+03   1.0711460E+06   1.0707541E+06   0.0000000E+00   0.0000000E+00   0.0000000E+00   0.0000000E+00   0.0000000E+00
   3.4849217E-05   1.0707531E+06   1.0707531E+06   1.4272818E+06   9.7322197E+03   1.5404549E+03   1.0711450E+06   1.0707531E+06   0.0000000E+00   0.0000000E+00   0.0000000E+00   0.0000000E+00   0.0000000E+00
   3.7449241E-05   1.0707521E+06   1.0707521E+06   1.4272202E+06   9.7319455E+03   1.5402868E+03   1.0711438E+06   1.0707521E+06   0.0000000E+00   0.0000000E+00   0.0000000E+00   0.0000000E+00   0.0000000E+00
   4.0243248E-05   1.0707508E+06   1.0707508E+06   1.4271490E+06   9.7316288E+03   1.5400926E+03   1.0711424E+06   1.0707508E+06   0.0000000E+00   0.0000000E+00   0.0000000E+00   0.0000000E+00   0.0000000E+00
   4.3245709E-05   1.0707494E+06   1.0707494E+06   1.4270668E+06   9.7312632E+03   1.5398685E+03   1.0711408E+06   1.0707494E+06   0.0000000E+00   0.0000000E+00   0.0000000E+00   0.0000000E+00   0.0000000E+00
   4.6472177E-05   1.0707478E+06   1.0707478E+06   1.4269719E+06   9.7308410E+03   1.5396096E+03   1.0711390E+06   1.0707478E+06   0.0000000E+00   0.0000000E+00   0.0000000E+00   0.0000000E+00   0.0000000E+00
   4.9939365E-05   1.0707459E+06   1.0707459E+06   1.4268624E+06   9.7303534E+03   1.5393107E+03   1.0711368E+06   1.0707459E+06   0.0000000E+00   0.0000000E+00   0.0000000E+00   0.0000000E+00   0.0000000E+00
   5.3665233E-05   1.0707437E+06   1.0707437E+06   1.4267359E+06   9.7297904E+03   1.5389656E+03   1.0711344E+06   1.0707437E+06   0.0000000E+00   0.0000000E+00   0.0000000E+00   0.0000000E+00   0.0000000E+00
   5.7669080E-05   1.0707412E+06   1.0707412E+06   1.4265898E+06   9.7291403E+03   1.5385672E+03   1.0711315E+06   1.0707412E+06   0.0000000E+00   0.0000000E+00   0.0000000E+00   0.0000000E+00   0.0000000E+00
   6.1971644E-05   1.0707383E+06   1.0707383E+06   1.4264211E+06   9.7283897E+03   1.5381072E+03   1.0711283E+06   1.0707383E+06   0.0000000E+00   0.0000000E+00   0.0000000E+00   0.0000000E+00   0.0000000E+00
   6.6595214E-05   1.0707349E+06   1.0707349E+06   1.4262263E+06   9.7275229E+03   1.5375761E+03   1.0711245E+06   1.0707349E+06   0.0000000E+00   0.0000000E+00   0.0000000E+00   0.0000000E+00   0.0000000E+00
   7.1563738E-05   1.0707310E+06   1.0707310E+06   1.4260014E+06   9.7265221E+03   1.5369630E+03   1.0711201E+06   1.0707310E+06   0.0000000E+00   0.0000000E+00   0.0000000E+00   0.0000000E+00   0.0000000E+00
   7.6902954E-05   1.0707265E+06   1.0707265E+06   1.4257418E+06   9.7253664E+03   1.5362552E+03   1.0711150E+06   1.0707265E+06   0.0000000E+00   0.0000000E+00   0.0000000E+00   0.0000000E+00   0.0000000E+00
   8.2640516E-05   1.0707214E+06   1.0707214E+06   1.4254420E+06   9.7240321E+03   1.5354382E+03   1.0711092E+06   1.0707214E+06   0.0000000E+00   0.0000000E+00   0.0000000E+00   0.0000000E+00   0.0000000E+00
   8.8806145E-05   1.0707154E+06   1.0707154E+06   1.4250959E+06   9.7224916E+03   1.5344951E+03   1.0711025E+06   1.0707154E+06   0.0000000E+00   0.0000000E+00   0.0000000E+00   0.0000000E+00   0.0000000E+00
   9.5431779E-05   1.0707085E+06   1.0707085E+06   1.4246963E+06   9.7207128E+03   1.5334065E+03   1.0710947E+06   1.0707085E+06   0.0000000E+00   0.0000000E+00   0.0000000E+00   0.0000000E+00   0.0000000E+00
   1.0255174E-04   1.0707005E+06   1.0707005E+06   1.4242350E+06   9.7186592E+03   1.5321502E+03   1.0710857E+06   1.0707005E+06   0.0000000E+00   0.0000000E+00   0.0000000E+00   0.0000000E+00   0.0000000E+00
   1.1020290E-04   1.0706913E+06   1.0706913E+06   1.4237024E+06   9.7162882E+03   1.5307003E+03   1.0710753E+06   1.0706913E+06   0.0000000E+00   0.0000000E+00   0.0000000E+00   0.0000000E+00   0.0000000E+00
   1.1842490E-04   1.0706806E+06   1.0706806E+06   1.4230877E+06   9.7135511E+03   1.5290273E+03   1.0710633E+06   1.0706806E+06   0.0000000E+00   0.0000000E+00   0.0000000E+00   0.0000000E+00   0.0000000E+00
   1.2726032E-04   1.0706684E+06   1.0706684E+06   1.4223781E+06   9.7103912E+03   1.5270970E+03   1.0710495E+06   1.0706684E+06   0.0000000E+00   0.0000000E+00   0.0000000E+00   0.0000000E+00   0.0000000E+00
   1.3675494E-04   1.0706542E+06   1.0706542E+06   1.4215591E+06   9.7067436E+03   1.5248701E+03   1.0710335E+06   1.0706542E+06   0.0000000E+00   0.0000000E+00   0.0000000E+00   0.0000000E+00   0.0000000E+00
   1.4695793E-04   1.0706378E+06   1.0706378E+06   1.4206138E+06   9.7025332E+03   1.5223015E+03   1.0710151E+06   1.0706378E+06   0.0000000E+00   0.0000000E+00   0.0000000E+00   0.0000000E+00   0.0000000E+00
   1.5792214E-04   1.0706189E+06   1.0706189E+06   1.4195230E+06   9.6976734E+03   1.5193394E+03   1.0709938E+06   1.0706189E+06   0.0000000E+00   0.0000000E+00   0.0000000E+00   0.0000000E+00   0.0000000E+00
   1.6970437E-04   1.0705971E+06   1.0705971E+06   1.4182642E+06   9.6920645E+03   1.5159239E+03   1.0709692E+06   1.0705971E+06   0.0000000E+00   0.0000000E+00   0.0000000E+00   0.0000000E+00   0.0000000E+00
   1.8236564E-04   1.0705719E+06   1.0705719E+06   1.4168119E+06   9.6855917E+03   1.5119869E+03   1.0709408E+06   1.0705719E+06   0.0000000E+00   0.0000000E+00   0.0000000E+00   0.0000000E+00   0.0000000E+00
   1.9597155E-04   1.0705428E+06   1.0705428E+06   1.4151365E+06   9.6781225E+03   1.5074497E+03   1.0709081E+06   1.0705428E+06   0.0000000E+00   0.0000000E+00   0.0000000E+00   0.0000000E+00   0.0000000E+00
   2.1059256E-04   1.0705093E+06   1.0705093E+06   1.4132041E+06   9.6695047E+03   1.5022228E+03   1.0708703E+06   1.0705093E+06   0.0000000E+00   0.0000000E+00   0.0000000E+00   0.0000000E+00   0.0000000E+00
   2.2630441E-04   1.0704705E+06   1.0704705E+06   1.4109755E+06   9.6595628E+03   1.4962033E+03   1.0708267E+06   1.0704705E+06   0.0000000E+00   0.0000000E+00   0.0000000E+00   0.0000000E+00   0.0000000E+00
   2.4318849E-04   1.0704258E+06   1.0704258E+06   1.4084061E+06   9.6480953E+03   1.4892742E+03   1.0707763E+06   1.0704258E+06   0.0000000E+00   0.0000000E+00   0.0000000E+00   0.0000000E+00   0.0000000E+00
   2.6133226E-04   1.0703742E+06   1.0703742E+06   1.4054442E+06   9.6348704E+03   1.4813018E+03   1.0707182E+06   1.0703742E+06   0.0000000E+00   0.0000000E+00   0.0000000E+00   0.0000000E+00   0.0000000E+00
   2.8082969E-04   1.0703146E+06   1.0703146E+06   1.4020310E+06   9.6196218E+03   1.4721344E+03   1.0706511E+06   1.0703146E+06   0.0000000E+00   0.0000000E+00   0.0000000E+00   0.0000000E+00   0.0000000E+00
   3.0178178E-04   1.0702459E+06   1.0702459E+06   1.3980990E+06   9.6020441E+03   1.4615999E+03   1.0705737E+06   1.0702459E+06   0.0000000E+00   0.0000000E+00   0.0000000E+00   0.0000000E+00   0.0000000E+00
   3.2429707E-04   1.0701666E+06   1.0701666E+06   1.3935710E+06   9.5817871E+03   1.4495037E+03   1.0704845E+06   1.0701666E+06   0.0000000E+00   0.0000000E+00   0.0000000E+00   0.0000000E+00   0.0000000E+00
   3.4849217E-04   1.0700751E+06   1.0700751E+06   1.3883588E+06   9.5584496E+03   1.4356266E+03   1.0703815E+06   1.0700751E+06   0.0000000E+00   0.0000000E+00   0.0000000E+00   0.0000000E+00   0.0000000E+00
   3.7449241E-04   1.0699695E+06   1.0699695E+06   1.3823622E+06   9.5315732E+03   1.4197229E+03   1.0702628E+06   1.0699695E+06   0.0000000E+00   0.0000000E+00   0.0000000E+00   0.0000000E+00   0.0000000E+00
   4.0243248E-04   1.0698478E+06   1.0698478E+06   1.3754670E+06   9.5006343E+03   1.4015186E+03   1.0701259E+06   1.0698478E+06   0.0000000E+00   0.0000000E+00   0.0000000E+00   0.0000000E+00   0.0000000E+00
   4.3245709E-04   1.0697075E+06   1.0697075E+06   1.3675438E+06   9.4650361E+03   1.3807098E+03   1.0699680E+06   1.0697075E+06   0.0000000E+00   0.0000000E+00   0.0000000E+00   0.0000000E+00   0.0000000E+00
   4.6472177E-04   1.0695457E+06   1.0695457E+06   1.3584465E+06   9.4240999E+03   1.3569625E+03   1.0697862E+06   1.0695457E+06   0.0000000E+00   0.0000000E+00   0.0000000E+00   0.0000000E+00   0.0000000E+00
   4.9939365E-04   1.0693592E+06   1.0693592E+06   1.3480102E+06   9.3770562E+03   1.3299130E+03   1.0695766E+06   1.0693592E+06   0.0000000E+00   0.0000000E+00   0.0000000E+00   0.0000000E+00   0.0000000E+00
   5.3665233E-04   1.0691444E+06   1.0691444E+06   1.3360503E+06   9.3230342E+03   1.2991697E+03   1.0693353E+06   1.0691444E+06   0.0000000E+00   0.0000000E+00   0.0000000E+00   0.0000000E+00   0.0000000E+00
   5.7669080E-04   1.0688970E+06   1.0688970E+06   1.3223607E+06   9.2610527E+03   1.2643182E+03   1.0690576E+06   1.0688970E+06   0.0000000E+00   0.0000000E+00   0.0000000E+00   0.0000000E+00   0.0000000E+00
   6.1971644E-04   1.0686122E+06   1.0686122E+06   1.3067128E+06   9.1900106E+03   1.2249281E+03   1.0687379E+06   1.0686122E+06   0.0000000E+00   0.0000000E+00   0.0000000E+00   0.0000000E+00   0.0000000E+00
   6.6595214E-04   1.0682844E+06   1.0682844E+06   1.2888550E+06   9.1086779E+03   1.1805652E+03   1.0683704E+06   1.0682844E+06   0.0000000E+00   0.0000000E+00   0.0000000E+00   0.0000000E+00   0.0000000E+00
   7.1563738E-04   1.0679074E+06   1.0679074E+06   1.2685131E+06   9.0156890E+03   1.1308089E+03   1.0679480E+06   1.0679074E+06   0.0000000E+00   0.0000000E+00   0.0000000E+00   0.0000000E+00   0.0000000E+00
   7.6902954E-04   1.0674742E+06   1.0674742E+06   1.2453912E+06   8.9095387E+03   1.0752762E+03   1.0674629E+06   1.0674742E+06   0.0000000E+00   0.0000000E+00   0.0000000E+00   0.0000000E+00   0.0000000E+00
   8.2640516E-04   1.0669765E+06   1.0669765E+06   1.2191748E+06   8.7885820E+03   1.0136553E+03   1.0669063E+06   1.0669765E+06   0.0000000E+00   0.0000000E+00   0.0000000E+00   0.0000000E+00   0.0000000E+00
   8.8806145E-04   1.0664053E+06   1.0664053E+06   1.1895356E+06   8.6510403E+03   9.4574961E+02   1.0662682E+06   1.0664053E+06   0.0000000E+00   0.0000000E+00   0.0000000E+00   0.0000000E+00   0.0000000E+00
   9.5431779E-04   1.0657505E+06   1.0657505E+06   1.1561393E+06   8.4950159E+03   8.7153534E+02   1.0655375E+06   1.0657505E+06   0.0000000E+00   0.0000000E+00   0.0000000E+00   0.0000000E+00   0.0000000E+00
   1.0255174E-03   1.0650004E+06   1.0650004E+06   1.1186564E+06   8.3185188E+03   7.9123323E+02   1.0647018E+06   1.0650004E+06   0.0000000E+00   0.0000000E+00   0.0000000E+00   0.0000000E+00   0.0000000E+00
   1.1020290E-03   1.0641423E+06   1.0641423E+06   1.0767781E+06   8.1195073E+03   7.0539642E+02   1.0637475E+06   1.0641423E+06   0.0000000E+00   0.0000000E+00   0.0000000E+00   0.0000000E+00   0.0000000E+00
   1.1842490E-03   1.0631619E+06   1.0631619E+06   1.0302368E+06   7.8959493E+03   6.1501348E+02   1.0626593E+06   1.0631619E+06   0.0000000E+00   0.0000000E+00   0.0000000E+00   0.0000000E+00   0.0000000E+00
   1.2726032E-03   1.0620437E+06   1.0620437E+06   9.7883323E+05   7.6459070E+03   5.2162370E+02   1.0614209E+06   1.0620437E+06   0.0000000E+00   0.0000000E+00   0.0000000E+00   0.0000000E+00   0.0000000E+00
   1.3675494E-03   1.0607705E+06   1.0607705E+06   9.2247022E+05   7.3676514E+03   4.2743713E+02   1.0600144E+06   1.0607705E+06   0.0000000E+00   0.0000000E+00   0.0000000E+00   0.0000000E+00   0.0000000E+00
   1.4695793E-03   1.0593236E+06   1.0593236E+06   8.6119359E+05   7.0598092E+03   3.3544569E+02   1.0584208E+06   1.0593236E+06   0.0000000E+00   0.0000000E+00   0.0000000E+00   0.0000000E+00   0.0000000E+00
   1.5792214E-03   1.0576831E+06   1.0576831E+06   7.9523940E+05   6.7215486E+03   2.4950289E+02   1.0566200E+06   1.0576831E+06   0.0000000E+00   0.0000000E+00   0.0000000E+00   0.0000000E+00   0.0000000E+00
   1.6970437E-03   1.0558277E+06   1.0558277E+06   7.2508567E+05   6.3528006E+03   1.7433786E+02   1.0545909E+06   1.0558277E+06   0.0000000E+00   0.0000000E+00   0.0000000E+00   0.0000000E+00   0.0000000E+00
   1.8236564E-03   1.0537351E+06   1.0537351E+06   6.5150437E+05   5.9545148E+03   1.1545630E+02   1.0523122E+06   1.0537351E+06   0.0000000E+00   0.0000000E+00   0.0000000E+00   0.0000000E+00   0.0000000E+00
   1.9597155E-03   1.0513824E+06   1.0513824E+06   5.7560698E+05   5.5289362E+03   7.8867108E+01   1.0497624E+06   1.0513824E+06   0.0000000E+00   0.0000000E+00   0.0000000E+00   0.0000000E+00   0.0000000E+00
   2.1059256E-03   1.0487459E+06   1.0487459E+06   4.9887312E+05   5.0798806E+03   7.0564858E+01   1.0469203E+06   1.0487459E+06   0.0000000E+00   0.0000000E+00   0.0000000E+00   0.0000000E+00   0.0000000E+00
   2.2630441E-03   1.0458024E+06   1.0458024E+06   4.2314812E+05   4.6129714E+03   9.5701929E+01   1.0437657E+06   1.0458024E+06   0.0000000E+00   0.0000000E+00   0.0000000E+00   0.0000000E+00   0.0000000E+00
   2.4318849E-03   1.0425287E+06   1.0425287E+06   3.5059165E+05   4.1357834E+03   1.5741305E+02   1.0402800E+06   1.0425287E+06   0.0000000E+00   0.0000000E+00   0.0000000E+00   0.0000000E+00   0.0000000E+00
   2.6133226E-03   1.0389028E+06   1.0389028E+06   2.8355832E+05   3.6578213E+03   2.5532652E+02   1.0364459E+06   1.0389028E+06   0.0000000E+00   0.0000000E+00   0.0000000E+00   0.0000000E+00   0.0000000E+00
   2.8082969E-03   1.0349035E+06   1.0349035E+06   2.2439373E+05   3.1902472E+03   3.8392796E+02   1.0322482E+06   1.0349035E+06   0.0000000E+00   0.0000000E+00   0.0000000E+00   0.0000000E+00   0.0000000E+00
   3.0178178E-03   1.0305111E+06   1.0305111E+06   1.7514066E+05   2.7452707E+03   5.3114470E+02   1.0276727E+06   1.0305111E+06   0.0000000E+00   0.0000000E+00   0.0000000E+00   0.0000000E+00   0.0000000E+00
   3.2429707E-03   1.0257062E+06   1.0257062E+06   1.3717186E+05   2.3351418E+03   6.7777478E+02   1.0227061E+06   1.0257062E+06   0.0000000E+00   0.0000000E+00   0.0000000E+00   0.0000000E+00   0.0000000E+00
   3.4849217E-03   1.0204700E+06   1.0204700E+06   1.1080171E+05   1.9707494E+03   7.9862185E+02   1.0173338E+06   1.0204700E+06   0.0000000E+00   0.0000000E+00   0.0000000E+00   0.0000000E+00   0.0000000E+00
   3.7449241E-03   1.0147824E+06   1.0147824E+06   9.4975380E+04   1.6599476E+03   8.6625310E+02   1.0115380E+06   1.0147824E+06   0.0000000E+00   0.0000000E+00   0.0000000E+00   0.0000000E+00   0.0000000E+00
   4.0243248E-03   1.0086210E+06   1.0086210E+06   8.7177974E+04   1.4058945E+03   8.5790491E+02   1.0052960E+06   1.0086210E+06   0.0000000E+00   0.0000000E+00   0.0000000E+00   0.0000000E+00   0.0000000E+00
   4.3245709E-03   1.0019597E+06   1.0019597E+06   8.3721575E+04   1.2058754E+03   7.6490747E+02   9.9857793E+05   1.0019597E+06   0.0000000E+00   0.0000000E+00   0.0000000E+00   0.0000000E+00   0.0000000E+00
   4.6472177E-03   9.9476759E+05   9.9476759E+05   8.0512562E+04   1.0512026E+03   6.0194220E+02   9.9134676E+05   9.9476759E+05   0.0000000E+00   0.0000000E+00   0.0000000E+00   0.0000000E+00   0.0000000E+00
   4.9939365E-03   9.8700978E+05   9.8700978E+05   7.4235850E+04   9.2871401E+02   4.1093791E+02   9.8355948E+05   9.8700978E+05   0.0000000E+00   0.0000000E+00   0.0000000E+00   0.0000000E+00   0.0000000E+00
   5.3665233E-03   9.7864854E+05   9.7864854E+05   6.3614222E+04   8.2399013E+02   2.5304879E+02   9.7517116E+05   9.7864854E+05   0.0000000E+00   0.0000000E+00   0.0000000E+00   0.0000000E+00   0.0000000E+00
   5.7669080E-03   9.6964622E+05   9.6964622E+05   5.0106901E+04   7.2561040E+02   1.8479415E+02   9.6614014E+05   9.6964622E+05   0.0000000E+00   0.0000000E+00   0.0000000E+00   0.0000000E+00   0.0000000E+00
   6.1971644E-03   9.5996853E+05   9.5996853E+05   3.7341192E+04   6.2880265E+02   2.2380522E+02   9.5643294E+05   9.5996853E+05   0.0000000E+00   0.0000000E+00   0.0000000E+00   0.0000000E+00   0.0000000E+00
   6.6595214E-03   9.4958571E+05   9.4958571E+05   2.9040266E+04   5.3630969E+02   3.2434332E+02   9.4602505E+05   9.4958571E+05   0.0000000E+00   0.0000000E+00   0.0000000E+00   0.0000000E+00   0.0000000E+00
   7.1563738E-03   9.3847096E+05   9.3847096E+05   2.6325006E+04   4.5510565E+02   3.9195284E+02   9.3489628E+05   9.3847096E+05   0.0000000E+00   0.0000000E+00   0.0000000E+00   0.0000000E+00   0.0000000E+00
   7.6902954E-03   9.2659643E+05   9.2659643E+05   2.6448521E+04   3.9016518E+02   3.5033258E+02   9.2302220E+05   9.2659643E+05   0.0000000E+00   0.0000000E+00   0.0000000E+00   0.0000000E+00   0.0000000E+00
   8.2640516E-03   9.1392938E+05   9.1392938E+05   2.4842922E+04   3.3962359E+02   2.2117538E+02   9.1036769E+05   9.1392938E+05   0.0000000E+00   0.0000000E+00   0.0000000E+00   0.0000000E+00   0.0000000E+00
   8.8806145E-03   9.0043242E+05   9.0043242E+05   1.9617615E+04   2.9611795E+02   1.2538985E+02   8.9688937E+05   9.0043242E+05   0.0000000E+00   0.0000000E+00   0.0000000E+00   0.0000000E+00   0.0000000E+00
   9.5431779E-03   8.8606848E+05   8.8606848E+05   1.3883190E+04   2.5405229E+02   1.5403513E+02   8.8254657E+05   8.8606848E+05   0.0000000E+00   0.0000000E+00   0.0000000E+00   0.0000000E+00   0.0000000E+00
   1.0255174E-02   8.7080520E+05   8.7080520E+05   1.1801422E+04   2.1497381E+02   2.3145349E+02   8.6730958E+05   8.7080520E+05   0.0000000E+00   0.0000000E+00   0.0000000E+00   0.0000000E+00   0.0000000E+00
   1.1020290E-02   8.5461286E+05   8.5461286E+05   1.2302595E+04   1.8341031E+02   2.0344081E+02   8.5115376E+05   8.5461286E+05   0.0000000E+00   0.0000000E+00   0.0000000E+00   0.0000000E+00   0.0000000E+00
   1.1842490E-02   8.3745859E+05   8.3745859E+05   1.0673968E+04   1.5847123E+02   1.0073478E+02   8.3404659E+05   8.3745859E+05   0.0000000E+00   0.0000000E+00   0.0000000E+00   0.0000000E+00   0.0000000E+00
   1.2726032E-02   8.1930755E+05   8.1930755E+05   7.2529061E+03   1.3530759E+02   1.0450225E+02   8.1594874E+05   8.1930755E+05   0.0000000E+00   0.0000000E+00   0.0000000E+00   0.0000000E+00   0.0000000E+00
   1.3675494E-02   8.0013026E+05   8.0013026E+05   6.4936413E+03   1.1406169E+02   1.6284225E+02   7.9682915E+05   8.0013026E+05   0.0000000E+00   0.0000000E+00   0.0000000E+00   0.0000000E+00   0.0000000E+00
   1.4695793E-02   7.7990259E+05   7.7990259E+05   6.6043350E+03   9.7432712E+01   9.8504734E+01   7.7666678E+05   7.7990259E+05   0.0000000E+00   0.0000000E+00   0.0000000E+00   0.0000000E+00   0.0000000E+00
   1.5792214E-02   7.5860188E+05   7.5860188E+05   4.5026230E+03   8.2905223E+01   7.0645412E+01   7.5544015E+05   7.5860188E+05   0.0000000E+00   0.0000000E+00   0.0000000E+00   0.0000000E+00   0.0000000E+00
   1.6970437E-02   7.3621431E+05   7.3621431E+05   4.0001393E+03   6.9563385E+01   1.1940743E+02   7.3313300E+05   7.3621431E+05   0.0000000E+00   0.0000000E+00   0.0000000E+00   0.0000000E+00   0.0000000E+00
   1.8236564E-02   7.1273910E+05   7.1273910E+05   3.7732159E+03   5.9192631E+01   5.5893233E+01   7.0974365E+05   7.1273910E+05   0.0000000E+00   0.0000000E+00   0.0000000E+00   0.0000000E+00   0.0000000E+00
   1.9597155E-02   6.8818760E+05   6.8818760E+05   2.5330226E+03   4.9588101E+01   8.1169124E+01   6.8528549E+05   6.8818760E+05   0.0000000E+00   0.0000000E+00   0.0000000E+00   0.0000000E+00   0.0000000E+00
   2.1059255E-02   6.6259382E+05   6.6259382E+05   2.6867631E+03   4.1743745E+01   5.9735895E+01   6.5979114E+05   6.6259382E+05   0.0000000E+00   0.0000000E+00   0.0000000E+00   0.0000000E+00   0.0000000E+00
   2.2630437E-02   6.3601695E+05   6.3601695E+05   1.7656320E+03   3.4923230E+01   5.9699814E+01   6.3331884E+05   6.3601695E+05   0.0000000E+00   0.0000000E+00   0.0000000E+00   0.0000000E+00   0.0000000E+00
   2.4318822E-02   6.0854999E+05   6.0854999E+05   1.8288119E+03   2.9200975E+01   4.6137142E+01   6.0596230E+05   6.0854999E+05   0.0000000E+00   0.0000000E+00   0.0000000E+00   0.0000000E+00   0.0000000E+00
   2.6133086E-02   5.8032688E+05   5.8032688E+05   1.2537634E+03   2.4228602E+01   5.6231092E+01   5.7785350E+05   5.8032688E+05   0.0000000E+00   0.0000000E+00   0.0000000E+00   0.0000000E+00   0.0000000E+00
   2.8082350E-02   5.5153188E+05   5.5153188E+05   1.1387757E+03   2.0198185E+01   2.9474247E+01   5.4917672E+05   5.5153188E+05   0.0000000E+00   0.0000000E+00   0.0000000E+00   0.0000000E+00   0.0000000E+00
   3.0175771E-02   5.2240930E+05   5.2240930E+05   9.8827089E+02   1.6618826E+01   4.3548860E+01   5.2017469E+05   5.2240930E+05   0.0000000E+00   0.0000000E+00   0.0000000E+00   0.0000000E+00   0.0000000E+00
   3.2421456E-02   4.9327773E+05   4.9327773E+05   7.0284384E+02   1.3704969E+01   3.8896168E+01   4.9116419E+05   4.9327773E+05   0.0000000E+00   0.0000000E+00   0.0000000E+00   0.0000000E+00   0.0000000E+00
   3.4824095E-02   4.6454380E+05   4.6454380E+05   5.7480825E+02   1.1286805E+01   2.5299610E+01   4.6255088E+05   4.6454380E+05   0.0000000E+00   0.0000000E+00   0.0000000E+00   0.0000000E+00   0.0000000E+00
   3.7380927E-02   4.3670952E+05   4.3670952E+05   5.1386984E+02   9.2510292E+00   2.1978230E+01   4.3483378E+05   4.3670952E+05   0.0000000E+00   0.0000000E+00   0.0000000E+00   0.0000000E+00   0.0000000E+00
   4.0076741E-02   4.1034934E+05   4.1034934E+05   4.4273652E+02   7.5783482E+00   2.3117451E+01   4.0858492E+05   4.1034934E+05   0.0000000E+00   0.0000000E+00   0.0000000E+00   0.0000000E+00   0.0000000E+00
   4.2880998E-02   3.8602997E+05   3.8602997E+05   3.6539535E+02   6.2294891E+00   2.3645248E+01   3.8436856E+05   3.8602997E+05   0.0000000E+00   0.0000000E+00   0.0000000E+00   0.0000000E+00   0.0000000E+00
   4.5751487E-02   3.6417668E+05   3.6417668E+05   2.9573011E+02   5.1528697E+00   2.3147521E+01   3.6260816E+05   3.6417668E+05   0.0000000E+00   0.0000000E+00   0.0000000E+00   0.0000000E+00   0.0000000E+00
   4.8645162E-02   3.4495361E+05   3.4495361E+05   2.3859771E+02   4.2985169E+00   2.2043834E+01   3.4346695E+05   3.4495361E+05   0.0000000E+00   0.0000000E+00   0.0000000E+00   0.0000000E+00   0.0000000E+00
   5.1529712E-02   3.2824177E+05   3.2824177E+05   1.9411696E+02   3.6230231E+00   2.0368469E+01   3.2682634E+05   3.2824177E+05   0.0000000E+00   0.0000000E+00   0.0000000E+00   0.0000000E+00   0.0000000E+00
   5.4388505E-02   3.1372000E+05   3.1372000E+05   1.6113633E+02   3.0867039E+00   1.8179623E+01   3.1236654E+05   3.1372000E+05   0.0000000E+00   0.0000000E+00   0.0000000E+00   0.0000000E+00   0.0000000E+00
   5.7218423E-02   3.0097798E+05   3.0097798E+05   1.3766315E+02   2.6564235E+00   1.5819557E+01   2.9967896E+05   3.0097798E+05   0.0000000E+00   0.0000000E+00   0.0000000E+00   0.0000000E+00   0.0000000E+00
   6.0024889E-02   2.8960128E+05   2.8960128E+05   1.2106143E+02   2.3062256E+00   1.3857332E+01   2.8835095E+05   2.8960128E+05   0.0000000E+00   0.0000000E+00   0.0000000E+00   0.0000000E+00   0.0000000E+00
   6.2817508E-02   2.7921561E+05   2.7921561E+05   1.0910875E+02   2.0162336E+00   1.2651806E+01   2.7800978E+05   2.7921561E+05   0.0000000E+00   0.0000000E+00   0.0000000E+00   0.0000000E+00   0.0000000E+00
   6.5607311E-02   2.6950347E+05   2.6950347E+05   1.0035581E+02   1.7734566E+00   1.2047891E+01   2.6833926E+05   2.6950347E+05   0.0000000E+00   0.0000000E+00   0.0000000E+00   0.0000000E+00   0.0000000E+00
   6.8405318E-02   2.6020727E+05   2.6020727E+05   9.3215881E+01   1.5683058E+00   1.1817816E+01   2.5908294E+05   2.6020727E+05   0.0000000E+00   0.0000000E+00   0.0000000E+00   0.0000000E+00   0.0000000E+00
   7.1221925E-02   2.5112785E+05   2.5112785E+05   8.5713063E+01   1.3929446E+00   1.1875034E+01   2.5004252E+05   2.5112785E+05   0.0000000E+00   0.0000000E+00   0.0000000E+00   0.0000000E+00   0.0000000E+00
   7.4066700E-02   2.4212192E+05   2.4212192E+05   7.6700052E+01   1.2414266E+00   1.2085473E+01   2.4107531E+05   2.4212192E+05   0.0000000E+00   0.0000000E+00   0.0000000E+00   0.0000000E+00   0.0000000E+00
   7.6948400E-02   2.3309947E+05   2.3309947E+05   6.6705103E+01   1.1090829E+00   1.2195221E+01   2.3209169E+05   2.3309947E+05   0.0000000E+00   0.0000000E+00   0.0000000E+00   0.0000000E+00   0.0000000E+00
   7.9875051E-02   2.2402122E+05   2.2402122E+05   5.7172173E+01   9.9278028E-01   1.1954299E+01   2.2305254E+05   2.2402122E+05   0.0000000E+00   0.0000000E+00   0.0000000E+00   0.0000000E+00   0.0000000E+00
   8.2854070E-02   2.1489525E+05   2.1489525E+05   4.9163294E+01   8.9003606E-01   1.1360369E+01   2.1396590E+05   2.1489525E+05   0.0000000E+00   0.0000000E+00   0.0000000E+00   0.0000000E+00   0.0000000E+00
   8.5892371E-02   2.0577219E+05   2.0577219E+05   4.2873302E+01   7.9860213E-01   1.0614832E+01   2.0488217E+05   2.0577219E+05   0.0000000E+00   0.0000000E+00   0.0000000E+00   0.0000000E+00   0.0000000E+00
   8.8996471E-02   1.9673833E+05   1.9673833E+05   3.7973305E+01   7.1681274E-01   9.9020099E+00   1.9588727E+05   1.9673833E+05   0.0000000E+00   0.0000000E+00   0.0000000E+00   0.0000000E+00   0.0000000E+00
   9.2172577E-02   1.8790626E+05   1.8790626E+05   3.4088970E+01   6.4336027E-01   9.3114486E+00   1.8709332E+05   1.8790626E+05   0.0000000E+00   0.0000000E+00   0.0000000E+00   0.0000000E+00   0.0000000E+00
   9.5426656E-02   1.7940293E+05   1.7940293E+05   3.1001476E+01   5.7721921E-01   8.8302117E+00   1.7862670E+05   1.7940293E+05   0.0000000E+00   0.0000000E+00   0.0000000E+00   0.0000000E+00   0.0000000E+00
   9.8764501E-02   1.7135538E+05   1.7135538E+05   2.8571549E+01   5.1768540E-01   8.3585620E+00   1.7061389E+05   1.7135538E+05   0.0000000E+00   0.0000000E+00   0.0000000E+00   0.0000000E+00   0.0000000E+00
   1.0219178E-01   1.6387512E+05   1.6387512E+05   2.6512735E+01   4.6419616E-01   7.7728664E+00   1.6316593E+05   1.6387512E+05   0.0000000E+00   0.0000000E+00   0.0000000E+00   0.0000000E+00   0.0000000E+00
   1.0571407E-01   1.5704238E+05   1.5704238E+05   2.4218396E+01   4.1621463E-01   7.0321753E+00   1.5636271E+05   1.5704238E+05   0.0000000E+00   0.0000000E+00   0.0000000E+00   0.0000000E+00   0.0000000E+00
   1.0933690E-01   1.5089227E+05   1.5089227E+05   2.1058336E+01   3.7321465E-01   6.3417469E+00   1.5023916E+05   1.5089227E+05   0.0000000E+00   0.0000000E+00   0.0000000E+00   0.0000000E+00   0.0000000E+00
   1.1306577E-01   1.4540476E+05   1.4540476E+05   1.7451292E+01   3.3468218E-01   6.1443022E+00   1.4477536E+05   1.4540476E+05   0.0000000E+00   0.0000000E+00   0.0000000E+00   0.0000000E+00   0.0000000E+00
   1.1690619E-01   1.4050106E+05   1.4050106E+05   1.5365391E+01   3.0022347E-01   6.4853697E+00   1.3989284E+05   1.4050106E+05   0.0000000E+00   0.0000000E+00   0.0000000E+00   0.0000000E+00   0.0000000E+00
   1.2086365E-01   1.3604816E+05   1.3604816E+05   1.5405929E+01   2.6963664E-01   6.4276724E+00   1.3545918E+05   1.3604816E+05   0.0000000E+00   0.0000000E+00   0.0000000E+00   0.0000000E+00   0.0000000E+00
   1.2494371E-01   1.3187257E+05   1.3187257E+05   1.4170524E+01   2.4255943E-01   5.6668790E+00   1.3130163E+05   1.3187257E+05   0.0000000E+00   0.0000000E+00   0.0000000E+00   0.0000000E+00   0.0000000E+00
   1.2915195E-01   1.2778298E+05   1.2778298E+05   1.1531799E+01   2.1832656E-01   5.6845031E+00   1.2722972E+05   1.2778298E+05   0.0000000E+00   0.0000000E+00   0.0000000E+00   0.0000000E+00   0.0000000E+00
   1.3349398E-01   1.2359963E+05   1.2359963E+05   1.1570352E+01   1.9670884E-01   5.6163108E+00   1.2306446E+05   1.2359963E+05   0.0000000E+00   0.0000000E+00   0.0000000E+00   0.0000000E+00   0.0000000E+00
   1.3797549E-01   1.1918600E+05   1.1918600E+05   9.8562879E+00   1.7734363E-01   5.0278081E+00   1.1866990E+05   1.1918600E+05   0.0000000E+00   0.0000000E+00   0.0000000E+00   0.0000000E+00   0.0000000E+00
   1.4260223E-01   1.1447692E+05   1.1447692E+05   9.1076664E+00   1.5974437E-01   5.3226406E+00   1.1398119E+05   1.1447692E+05   0.0000000E+00   0.0000000E+00   0.0000000E+00   0.0000000E+00   0.0000000E+00
   1.4738001E-01   1.0949613E+05   1.0949613E+05   7.9534333E+00   1.4395863E-01   4.5825638E+00   1.0902196E+05   1.0949613E+05   0.0000000E+00   0.0000000E+00   0.0000000E+00   0.0000000E+00   0.0000000E+00
   1.5231470E-01   1.0435696E+05   1.0435696E+05   7.4888793E+00   1.2944888E-01   4.7178303E+00   1.0390502E+05   1.0435696E+05   0.0000000E+00   0.0000000E+00   0.0000000E+00   0.0000000E+00   0.0000000E+00
   1.5741226E-01   9.9242385E+04   9.9242385E+04   6.0652973E+00   1.1628250E-01   4.3825109E+00   9.8812578E+04   9.9242385E+04   0.0000000E+00   0.0000000E+00   0.0000000E+00   0.0000000E+00   0.0000000E+00
   1.6267875E-01   9.4365439E+04   9.4365439E+04   5.8622511E+00   1.0432201E-01   3.9521038E+00   9.3956737E+04   9.4365439E+04   0.0000000E+00   0.0000000E+00   0.0000000E+00   0.0000000E+00   0.0000000E+00
   1.6812029E-01   8.9916683E+04   8.9916683E+04   5.3202725E+00   9.3429782E-02   3.9675595E+00   8.9527237E+04   8.9916683E+04   0.0000000E+00   0.0000000E+00   0.0000000E+00   0.0000000E+00   0.0000000E+00
   1.7374312E-01   8.6011186E+04   8.6011186E+04   4.5182406E+00   8.3624266E-02   3.9143689E+00   8.5638642E+04   8.6011186E+04   0.0000000E+00   0.0000000E+00   0.0000000E+00   0.0000000E+00   0.0000000E+00
   1.7955359E-01   8.2650980E+04   8.2650980E+04   3.9334820E+00   7.4890576E-02   3.6596374E+00   8.2292980E+04   8.2650980E+04   0.0000000E+00   0.0000000E+00   0.0000000E+00   0.0000000E+00   0.0000000E+00
   1.8555816E-01   7.9717740E+04   7.9717740E+04   3.5423323E+00   6.7100864E-02   3.4796065E+00   7.9372435E+04   7.9717740E+04   0.0000000E+00   0.0000000E+00   0.0000000E+00   0.0000000E+00   0.0000000E+00
   1.9176345E-01   7.7003550E+04   7.7003550E+04   3.2146530E+00   6.0185192E-02   3.3534412E+00   7.6669993E+04   7.7003550E+04   0.0000000E+00   0.0000000E+00   0.0000000E+00   0.0000000E+00   0.0000000E+00
   1.9817622E-01   7.4275428E+04   7.4275428E+04   2.9092721E+00   5.4036040E-02   3.2467526E+00   7.3953680E+04   7.4275428E+04   0.0000000E+00   0.0000000E+00   0.0000000E+00   0.0000000E+00   0.0000000E+00
   2.0480345E-01   7.1355136E+04   7.1355136E+04   2.6584199E+00   4.8528447E-02   3.1575008E+00   7.1046031E+04   7.1355136E+04   0.0000000E+00   0.0000000E+00   0.0000000E+00   0.0000000E+00   0.0000000E+00
   2.1165229E-01   6.8185384E+04   6.8185384E+04   2.4824455E+00   4.3563293E-02   3.0141553E+00   6.7890004E+04   6.8185384E+04   0.0000000E+00   0.0000000E+00   0.0000000E+00   0.0000000E+00   0.0000000E+00
   2.1873018E-01   6.4853069E+04   6.4853069E+04   2.2413473E+00   3.9062506E-02   2.7578512E+00   6.4572119E+04   6.4853069E+04   0.0000000E+00   0.0000000E+00   0.0000000E+00   0.0000000E+00   0.0000000E+00
   2.2604483E-01   6.1553361E+04   6.1553361E+04   1.8738982E+00   3.4964411E-02   2.6110379E+00   6.1286700E+04   6.1553361E+04   0.0000000E+00   0.0000000E+00   0.0000000E+00   0.0000000E+00   0.0000000E+00
   2.3360429E-01   5.8503216E+04   5.8503216E+04   1.7470048E+00   3.1245878E-02   2.5836994E+00   5.8249765E+04   5.8503216E+04   0.0000000E+00   0.0000000E+00   0.0000000E+00   0.0000000E+00   0.0000000E+00
   2.4141701E-01   5.5839653E+04   5.5839653E+04   1.5132968E+00   2.7921640E-02   2.3658056E+00   5.5597737E+04   5.5839653E+04   0.0000000E+00   0.0000000E+00   0.0000000E+00   0.0000000E+00   0.0000000E+00
   2.4949186E-01   5.3552608E+04   5.3552608E+04   1.4125489E+00   2.4954662E-02   2.3283162E+00   5.3320596E+04   5.3552608E+04   0.0000000E+00   0.0000000E+00   0.0000000E+00   0.0000000E+00   0.0000000E+00
   2.5783829E-01   5.1491851E+04   5.1491851E+04   1.2140705E+00   2.2327569E-02   2.2130000E+00   5.1268763E+04   5.1491851E+04   0.0000000E+00   0.0000000E+00   0.0000000E+00   0.0000000E+00   0.0000000E+00
   2.6646632E-01   4.9451266E+04   4.9451266E+04   1.1026194E+00   1.9992508E-02   2.1011021E+00   4.9237017E+04   4.9451266E+04   0.0000000E+00   0.0000000E+00   0.0000000E+00   0.0000000E+00   0.0000000E+00
   2.7538667E-01   4.7287457E+04   4.7287457E+04   1.0071069E+00   1.7900437E-02   2.0193221E+00   4.7082579E+04   4.7287457E+04   0.0000000E+00   0.0000000E+00   0.0000000E+00   0.0000000E+00   0.0000000E+00
   2.8461090E-01   4.5001500E+04   4.5001500E+04   9.0128581E-01   1.6011983E-02   1.9226641E+00   4.4806525E+04   4.5001500E+04   0.0000000E+00   0.0000000E+00   0.0000000E+00   0.0000000E+00   0.0000000E+00
   2.9415147E-01   4.2727753E+04   4.2727753E+04   7.9607053E-01   1.4299970E-02   1.8352951E+00   4.2542626E+04   4.2727753E+04   0.0000000E+00   0.0000000E+00   0.0000000E+00   0.0000000E+00   0.0000000E+00
   3.0402195E-01   4.0631988E+04   4.0631988E+04   6.9736948E-01   1.2758363E-02   1.7445949E+00   4.0455940E+04   4.0631988E+04   0.0000000E+00   0.0000000E+00   0.0000000E+00   0.0000000E+00   0.0000000E+00
   3.1423714E-01   3.8788588E+04   3.8788588E+04   6.2329971E-01   1.1381054E-02   1.6656597E+00   3.8620525E+04   3.8788588E+04   0.0000000E+00   0.0000000E+00   0.0000000E+00   0.0000000E+00   0.0000000E+00
   3.2481327E-01   3.7130168E+04   3.7130168E+04   5.7199943E-01   1.0157718E-02   1.5820995E+00   3.6969289E+04   3.7130168E+04   0.0000000E+00   0.0000000E+00   0.0000000E+00   0.0000000E+00   0.0000000E+00
   3.3576826E-01   3.5512466E+04   3.5512466E+04   4.9888276E-01   9.0679741E-03   1.5326043E+00   3.5358595E+04   3.5512466E+04   0.0000000E+00   0.0000000E+00   0.0000000E+00   0.0000000E+00   0.0000000E+00
   3.4712192E-01   3.3841272E+04   3.3841272E+04   4.5320869E-01   8.0925365E-03   1.4415977E+00   3.3694641E+04   3.3841272E+04   0.0000000E+00   0.0000000E+00   0.0000000E+00   0.0000000E+00   0.0000000E+00
   3.5889633E-01   3.2147610E+04   3.2147610E+04   4.0353116E-01   7.2126489E-03   1.3652471E+00   3.2008317E+04   3.2147610E+04   0.0000000E+00   0.0000000E+00   0.0000000E+00   0.0000000E+00   0.0000000E+00
   3.7111618E-01   3.0539793E+04   3.0539793E+04   3.5695993E-01   6.4181395E-03   1.3139003E+00   3.0407465E+04   3.0539793E+04   0.0000000E+00   0.0000000E+00   0.0000000E+00   0.0000000E+00   0.0000000E+00
   3.8380921E-01   2.9082066E+04   2.9082066E+04   3.1835263E-01   5.7091020E-03   1.2412952E+00   2.8956054E+04   2.9082066E+04   0.0000000E+00   0.0000000E+00   0.0000000E+00   0.0000000E+00   0.0000000E+00
   3.9700680E-01   2.7730552E+04   2.7730552E+04   2.8337052E-01   5.0770972E-03   1.1776994E+00   2.7610394E+04   2.7730552E+04   0.0000000E+00   0.0000000E+00   0.0000000E+00   0.0000000E+00   0.0000000E+00
   4.1074454E-01   2.6396560E+04   2.6396560E+04   2.4953486E-01   4.5123363E-03   1.1244591E+00   2.6282182E+04   2.6396560E+04   0.0000000E+00   0.0000000E+00   0.0000000E+00   0.0000000E+00   0.0000000E+00
   4.2506314E-01   2.5056002E+04   2.5056002E+04   2.2312534E-01   4.0047963E-03   1.0704919E+00   2.4947432E+04   2.5056002E+04   0.0000000E+00   0.0000000E+00   0.0000000E+00   0.0000000E+00   0.0000000E+00
   4.4000937E-01   2.3764043E+04   2.3764043E+04   1.9742581E-01   3.5484219E-03   1.0140591E+00   2.3661071E+04   2.3764043E+04   0.0000000E+00   0.0000000E+00   0.0000000E+00   0.0000000E+00   0.0000000E+00
   4.5563730E-01   2.2562055E+04   2.2562055E+04   1.7471980E-01   3.1394449E-03   9.6616493E-01   2.2464291E+04   2.2562055E+04   0.0000000E+00   0.0000000E+00   0.0000000E+00   0.0000000E+00   0.0000000E+00
   4.7200989E-01   2.1418349E+04   2.1418349E+04   1.5438560E-01   2.7747626E-03   9.1320671E-01   2.1325540E+04   2.1418349E+04   0.0000000E+00   0.0000000E+00   0.0000000E+00   0.0000000E+00   0.0000000E+00
   4.8920097E-01   2.0288970E+04   2.0288970E+04   1.3576026E-01   2.4478764E-03   8.6018477E-01   2.0201054E+04   2.0288970E+04   0.0000000E+00   0.0000000E+00   0.0000000E+00   0.0000000E+00   0.0000000E+00
   5.0729768E-01   1.9186843E+04   1.9186843E+04   1.1933377E-01   2.1539304E-03   8.1929427E-01   1.9103703E+04   1.9186843E+04   0.0000000E+00   0.0000000E+00   0.0000000E+00   0.0000000E+00   0.0000000E+00
   5.2640379E-01   1.8139715E+04   1.8139715E+04   1.0483436E-01   1.8905115E-03   7.7829198E-01   1.8061111E+04   1.8139715E+04   0.0000000E+00   0.0000000E+00   0.0000000E+00   0.0000000E+00   0.0000000E+00
   5.4664372E-01   1.7130824E+04   1.7130824E+04   9.2001765E-02   1.6552082E-03   7.2713656E-01   1.7056593E+04   1.7130824E+04   0.0000000E+00   0.0000000E+00   0.0000000E+00   0.0000000E+00   0.0000000E+00
   5.6816795E-01   1.6140535E+04   1.6140535E+04   8.0229103E-02   1.4439202E-03   6.9047885E-01   1.6070594E+04   1.6140535E+04   0.0000000E+00   0.0000000E+00   0.0000000E+00   0.0000000E+00   0.0000000E+00
   5.9115985E-01   1.5181945E+04   1.5181945E+04   6.9626676E-02   1.2547235E-03   6.4195529E-01   1.5116158E+04   1.5181945E+04   0.0000000E+00   0.0000000E+00   0.0000000E+00   0.0000000E+00   0.0000000E+00
   6.1584447E-01   1.4254144E+04   1.4254144E+04   6.0254600E-02   1.0852674E-03   6.0631337E-01   1.4192377E+04   1.4254144E+04   0.0000000E+00   0.0000000E+00   0.0000000E+00   0.0000000E+00   0.0000000E+00
   6.4249964E-01   1.3344545E+04   1.3344545E+04   5.1835043E-02   9.3343739E-04   5.6843851E-01   1.3286719E+04   1.3344545E+04   0.0000000E+00   0.0000000E+00   0.0000000E+00   0.0000000E+00   0.0000000E+00
   6.7146947E-01   1.2457993E+04   1.2457993E+04   4.4306804E-02   7.9797977E-04   5.2760195E-01   1.2404009E+04   1.2457993E+04   0.0000000E+00   0.0000000E+00   0.0000000E+00   0.0000000E+00   0.0000000E+00
   7.0317969E-01   1.1589832E+04   1.1589832E+04   3.7578330E-02   6.7695911E-04   4.8972681E-01   1.1539610E+04   1.1589832E+04   0.0000000E+00   0.0000000E+00   0.0000000E+00   0.0000000E+00   0.0000000E+00
   7.3815262E-01   1.0738052E+04   1.0738052E+04   3.1594026E-02   5.6910923E-04   4.5534963E-01   1.0691520E+04   1.0738052E+04   0.0000000E+00   0.0000000E+00   0.0000000E+00   0.0000000E+00   0.0000000E+00
   7.7701621E-01   9.9024511E+03   9.9024511E+03   2.6297029E-02   4.7360911E-04   4.2225558E-01   9.8595405E+03   9.9024511E+03   0.0000000E+00   0.0000000E+00   0.0000000E+00   0.0000000E+00   0.0000000E+00
   8.2049600E-01   9.0831752E+03   9.0831752E+03   2.1632081E-02   3.8960338E-04   3.8497565E-01   9.0438147E+03   9.0831752E+03   0.0000000E+00   0.0000000E+00   0.0000000E+00   0.0000000E+00   0.0000000E+00
   8.6937323E-01   8.2830863E+03   8.2830863E+03   1.7570338E-02   3.1648591E-04   3.5195812E-01   8.2471927E+03   8.2830863E+03   0.0000000E+00   0.0000000E+00   0.0000000E+00   0.0000000E+00   0.0000000E+00
   9.2439416E-01   7.5080215E+03   7.5080215E+03   1.4086770E-02   2.5372960E-04   3.1911013E-01   7.4754865E+03   7.5080215E+03   0.0000000E+00   0.0000000E+00   0.0000000E+00   0.0000000E+00   0.0000000E+00
   9.8614093E-01   6.7663723E+03   6.7663723E+03   1.1155227E-02   2.0092229E-04   2.8629683E-01   6.7370510E+03   6.7663723E+03   0.0000000E+00   0.0000000E+00   0.0000000E+00   0.0000000E+00   0.0000000E+00
   1.0549255E+00   6.0677189E+03   6.0677189E+03   8.7413845E-03   1.5743221E-04   2.5864579E-01   6.0414251E+03   6.0677189E+03   0.0000000E+00   0.0000000E+00   0.0000000E+00   0.0000000E+00   0.0000000E+00
   1.1307955E+00   5.4204195E+03   5.4204195E+03   6.7961477E-03   1.2240891E-04   2.3041493E-01   5.3969307E+03   5.4204195E+03   0.0000000E+00   0.0000000E+00   0.0000000E+00   0.0000000E+00   0.0000000E+00
   1.2136726E+00   4.8295031E+03   4.8295031E+03   5.2564911E-03   9.4671446E-05   2.0565309E-01   4.8085749E+03   4.8295031E+03   0.0000000E+00   0.0000000E+00   0.0000000E+00   0.0000000E+00   0.0000000E+00
   1.3035299E+00   4.2958006E+03   4.2958006E+03   4.0531965E-03   7.2998736E-05   1.8267196E-01   4.2771852E+03   4.2958006E+03   0.0000000E+00   0.0000000E+00   0.0000000E+00   0.0000000E+00   0.0000000E+00
   1.4004989E+00   3.8169618E+03   3.8169618E+03   3.1199458E-03   5.6191689E-05   1.6237958E-01   3.8004214E+03   3.8169618E+03   0.0000000E+00   0.0000000E+00   0.0000000E+00   0.0000000E+00   0.0000000E+00
   1.5048839E+00   3.3890169E+03   3.3890169E+03   2.3991736E-03   4.3210447E-05   1.4393851E-01   3.3743308E+03   3.3890169E+03   0.0000000E+00   0.0000000E+00   0.0000000E+00   0.0000000E+00   0.0000000E+00
   1.6171273E+00   3.0072849E+03   3.0072849E+03   1.8436526E-03   3.3204172E-05   1.2829614E-01   2.9942530E+03   3.0072849E+03   0.0000000E+00   0.0000000E+00   0.0000000E+00   0.0000000E+00   0.0000000E+00
   1.7377686E+00   2.6671996E+03   2.6671996E+03   1.4160033E-03   2.5503555E-05   1.1344192E-01   2.6556415E+03   2.6671996E+03   0.0000000E+00   0.0000000E+00   0.0000000E+00   0.0000000E+00   0.0000000E+00
   1.8674175E+00   2.3644376E+03   2.3644376E+03   1.0870185E-03   1.9578238E-05   1.0042302E-01   2.3541915E+03   2.3644376E+03   0.0000000E+00   0.0000000E+00   0.0000000E+00   0.0000000E+00   0.0000000E+00
   2.0067411E+00   2.0950929E+03   2.0950929E+03   8.3408901E-04   1.5023675E-05   8.8509030E-02   2.0860139E+03   2.0950929E+03   0.0000000E+00   0.0000000E+00   0.0000000E+00   0.0000000E+00   0.0000000E+00
   2.1564596E+00   1.8556081E+03   1.8556081E+03   6.3972688E-04   1.1522530E-05   7.8660923E-02   1.8475670E+03   1.8556081E+03   0.0000000E+00   0.0000000E+00   0.0000000E+00   0.0000000E+00   0.0000000E+00
   2.3173484E+00   1.6427989E+03   1.6427989E+03   4.9044716E-04   8.8338316E-06   6.9825682E-02   1.6356799E+03   1.6427989E+03   0.0000000E+00   0.0000000E+00   0.0000000E+00   0.0000000E+00   0.0000000E+00
   2.4902407E+00   1.4537953E+03   1.4537953E+03   3.7584662E-04   6.7697708E-06   6.1628396E-02   1.4474953E+03   1.4537953E+03   0.0000000E+00   0.0000000E+00   0.0000000E+00   0.0000000E+00   0.0000000E+00
   2.6760321E+00   1.2860209E+03   1.2860209E+03   2.8790868E-04   5.1857403E-06   5.4728645E-02   1.2804480E+03   1.2860209E+03   0.0000000E+00   0.0000000E+00   0.0000000E+00   0.0000000E+00   0.0000000E+00
   2.8756851E+00   1.1371671E+03   1.1371671E+03   2.2046063E-04   3.9711382E-06   4.8184661E-02   1.1322393E+03   1.1371671E+03   0.0000000E+00   0.0000000E+00   0.0000000E+00   0.0000000E+00   0.0000000E+00
   3.0902337E+00   1.0051648E+03   1.0051648E+03   1.6874993E-04   3.0397051E-06   4.2651036E-02   1.0008090E+03   1.0051648E+03   0.0000000E+00   0.0000000E+00   0.0000000E+00   0.0000000E+00   0.0000000E+00
   3.3207893E+00   8.8816140E+02   8.8816140E+02   1.2912128E-04   2.3258726E-06   3.7727184E-02   8.8431261E+02   8.8816140E+02   0.0000000E+00   0.0000000E+00   0.0000000E+00   0.0000000E+00   0.0000000E+00
   3.5685462E+00   7.8449987E+02   7.8449987E+02   9.8763337E-05   1.7791370E-06   3.3252356E-02   7.8110029E+02   7.8449987E+02   0.0000000E+00   0.0000000E+00   0.0000000E+00   0.0000000E+00   0.0000000E+00
   3.8347877E+00   6.9269938E+02   6.9269938E+02   7.5564348E-05   1.3603816E-06   2.9450383E-02   6.8969761E+02   6.9269938E+02   0.0000000E+00   0.0000000E+00   0.0000000E+00   0.0000000E+00   0.0000000E+00
   4.1208929E+00   6.1143749E+02   6.1143749E+02   5.7738497E-05   1.0399325E-06   2.5922797E-02   6.0878786E+02   6.1143749E+02   0.0000000E+00   0.0000000E+00   0.0000000E+00   0.0000000E+00   0.0000000E+00
   4.4283437E+00   5.3953408E+02   5.3953408E+02   4.4115213E-05   7.9467795E-07   2.2931791E-02   5.3719604E+02   5.3953408E+02   0.0000000E+00   0.0000000E+00   0.0000000E+00   0.0000000E+00   0.0000000E+00
   4.7587328E+00   4.7593686E+02   4.7593686E+02   3.3697498E-05   6.0707876E-07   2.0225914E-02   4.7387441E+02   4.7593686E+02   0.0000000E+00   0.0000000E+00   0.0000000E+00   0.0000000E+00   0.0000000E+00
   5.1137716E+00   4.1970808E+02   4.1970808E+02   2.5732620E-05   4.6364502E-07   1.7770008E-02   4.1788930E+02   4.1970808E+02   0.0000000E+00   0.0000000E+00   0.0000000E+00   0.0000000E+00   0.0000000E+00
   5.4952989E+00   3.7001270E+02   3.7001270E+02   1.9644731E-05   3.5399417E-07   1.5669888E-02   3.6840927E+02   3.7001270E+02   0.0000000E+00   0.0000000E+00   0.0000000E+00   0.0000000E+00   0.0000000E+00
   5.9052913E+00   3.2610755E+02   3.2610755E+02   1.4992879E-05   2.7018188E-07   1.3848188E-02   3.2469438E+02   3.2610755E+02   0.0000000E+00   0.0000000E+00   0.0000000E+00   0.0000000E+00   0.0000000E+00
   6.3458722E+00   2.8733166E+02   2.8733166E+02   1.1439434E-05   2.0617505E-07   1.2213288E-02   2.8608652E+02   2.8733166E+02   0.0000000E+00   0.0000000E+00   0.0000000E+00   0.0000000E+00   0.0000000E+00
   6.8193240E+00   2.5309750E+02   2.5309750E+02   8.7258260E-06   1.5728931E-07   1.0756416E-02   2.5200072E+02   2.5309750E+02   0.0000000E+00   0.0000000E+00   0.0000000E+00   0.0000000E+00   0.0000000E+00
   7.3280989E+00   2.2288313E+02   2.2288313E+02   6.6579475E-06   1.1996420E-07   9.4675153E-03   2.2191728E+02   2.2288313E+02   0.0000000E+00   0.0000000E+00   0.0000000E+00   0.0000000E+00   0.0000000E+00
   7.8748325E+00   1.9622513E+02   1.9622513E+02   5.0740429E-06   9.1478326E-08   8.3141574E-03   1.9537480E+02   1.9622513E+02   0.0000000E+00   0.0000000E+00   0.0000000E+00   0.0000000E+00   0.0000000E+00
   8.4623566E+00   1.7271224E+02   1.7271224E+02   3.8670761E-06   6.9738801E-08   7.3084169E-03   1.7196380E+02   1.7271224E+02   0.0000000E+00   0.0000000E+00   0.0000000E+00   0.0000000E+00   0.0000000E+00
