#           k/h    CDM            baryon         photon         nu             mass_nu        total          no_nu          total_de       Weyl           v_CDM          v_b            v_b-v_c     
   1.0799290E-05   1.8488538E+07   1.8488538E+07   2.4639106E+07   1.1356449E+04   2.6752127E+07   1.8488545E+07   1.8488538E+07   0.0000000E+00   0.0000000E+00   0.0000000E+00   0.0000000E+00   0.0000000E+00
   1.1605001E-05   1.8488534E+07   1.8488534E+07   2.4637201E+07   1.1355883E+04   2.6751518E+07   1.8488541E+07   1.8488534E+07   0.0000000E+00   0.0000000E+00   0.0000000E+00   0.0000000E+00   0.0000000E+00
   1.2470825E-05   1.8488530E+07   1.8488530E+07   2.4635001E+07   1.1355229E+04   2.6750816E+07   1.8488537E+07   1.8488530E+07   0.0000000E+00   0.0000000E+00   0.0000000E+00   0.0000000E+00   0.0000000E+00
   1.3401247E-05   1.8488525E+07   1.8488525E+07   2.4632461E+07   1.1354475E+04   2.6750005E+07   1.8488532E+07   1.8488525E+07   0.0000000E+00   0.0000000E+00   0.0000000E+00   0.0000000E+00   0.0000000E+00
   1.4401085E-05   1.8488519E+07   1.8488519E+07   2.4629529E+07   1.1353603E+04   2.6749069E+07   1.8488526E+07   1.8488519E+07   0.0000000E+00   0.0000000E+00   0.0000000E+00   0.0000000E+00   0.0000000E+00
   1.5475518E-05   1.8488513E+07   1.8488513E+07   2.4626143E+07   1.1352597E+04   2.6747987E+07   1.8488519E+07   1.8488513E+07   0.0000000E+00   0.0000000E+00   0.0000000E+00   0.0000000E+00   0.0000000E+00
   1.6630113E-05   1.8488505E+07   1.8488505E+07   2.4622233E+07   1.1351435E+04   2.6746739E+07   1.8488511E+07   1.8488505E+07   0.0000000E+00   0.0000000E+00   0.0000000E+00   0.0000000E+00   0.0000000E+00
   1.7870850E-05   1.8488496E+07   1.8488496E+07   2.4617719E+07   1.1350093E+04   2.6745298E+07   1.8488502E+07   1.8488496E+07   0.0000000E+00   0.0000000E+00   0.0000000E+00   0.0000000E+00   0.0000000E+00
   1.9204155E-05   1.8488486E+07   1.8488486E+07   2.4612507E+07   1.1348544E+04   2.6743634E+07   1.8488491E+07   1.8488486E+07   0.0000000E+00   0.0000000E+00   0.0000000E+00   0.0000000E+00   0.0000000E+00
   2.0636935E-05   1.8488475E+07   1.8488475E+07   2.4606490E+07   1.1346756E+04   2.6741714E+07   1.8488479E+07   1.8488475E+07   0.0000000E+00   0.0000000E+00   0.0000000E+00   0.0000000E+00   0.0000000E+00
   2.2176612E-05   1.8488461E+07   1.8488461E+07   2.4599543E+07   1.1344691E+04   2.6739496E+07   1.8488465E+07   1.8488461E+07   0.0000000E+00   0.0000000E+00   0.0000000E+00   0.0000000E+00   0.0000000E+00
   2.3831161E-05   1.8488445E+07   1.8488445E+07   2.4591523E+07   1.1342307E+04   2.6736937E+07   1.8488449E+07   1.8488445E+07   0.0000000E+00   0.0000000E+00   0.0000000E+00   0.0000000E+00   0.0000000E+00
   2.5609152E-05   1.8488427E+07   1.8488427E+07   2.4582264E+07   1.1339555E+04   2.6733983E+07   1.8488430E+07   1.8488427E+07   0.0000000E+00   0.0000000E+00   0.0000000E+00   0.0000000E+00   0.0000000E+00
   2.7519795E-05   1.8488407E+07   1.8488407E+07   2.4571577E+07   1.1336378E+04   2.6730574E+07   1.8488409E+07   1.8488407E+07   0.0000000E+00   0.0000000E+00   0.0000000E+00   0.0000000E+00   0.0000000E+00
   2.9572988E-05   1.8488383E+07   1.8488383E+07   2.4559241E+07   1.1332710E+04   2.6726639E+07   1.8488384E+07   1.8488383E+07   0.0000000E+00   0.0000000E+00   0.0000000E+00   0.0000000E+00   0.0000000E+00
   3.1779364E-05   1.8488355E+07   1.8488355E+07   2.4545002E+07   1.1328476E+04   2.6722099E+07   1.8488355E+07   1.8488355E+07   0.0000000E+00   0.0000000E+00   0.0000000E+00   0.0000000E+00   0.0000000E+00
   3.4150353E-05   1.8488323E+07   1.8488323E+07   2.4528569E+07   1.1323588E+04   2.6716860E+07   1.8488321E+07   1.8488323E+07   0.0000000E+00   0.0000000E+00   0.0000000E+00   0.0000000E+00   0.0000000E+00
   3.6698237E-05   1.8488286E+07   1.8488286E+07   2.4509606E+07   1.1317948E+04   2.6710817E+07   1.8488283E+07   1.8488286E+07   0.0000000E+00   0.0000000E+00   0.0000000E+00   0.0000000E+00   0.0000000E+00
   3.9436213E-05   1.8488243E+07   1.8488243E+07   2.4487724E+07   1.1311438E+04   2.6703846E+07   1.8488238E+07   1.8488243E+07   0.0000000E+00   0.0000000E+00   0.0000000E+00   0.0000000E+00   0.0000000E+00
   4.2378463E-05   1.8488194E+07   1.8488194E+07   2.4462477E+07   1.1303925E+04   2.6695806E+07   1.8488187E+07   1.8488194E+07   0.0000000E+00   0.0000000E+00   0.0000000E+00   0.0000000E+00   0.0000000E+00
   4.5540228E-05   1.8488137E+07   1.8488137E+07   2.4433353E+07   1.1295257E+04   2.6686537E+07   1.8488128E+07   1.8488137E+07   0.0000000E+00   0.0000000E+00   0.0000000E+00   0.0000000E+00   0.0000000E+00
   4.8937886E-05   1.8488071E+07   1.8488071E+07   2.4399761E+07   1.1285256E+04   2.6675851E+07   1.8488060E+07   1.8488071E+07   0.0000000E+00   0.0000000E+00   0.0000000E+00   0.0000000E+00   0.0000000E+00
   5.2589035E-05   1.8487995E+07   1.8487995E+07   2.4361022E+07   1.1273719E+04   2.6663535E+07   1.8487981E+07   1.8487995E+07   0.0000000E+00   0.0000000E+00   0.0000000E+00   0.0000000E+00   0.0000000E+00
   5.6512589E-05   1.8487907E+07   1.8487907E+07   2.4316359E+07   1.1260413E+04   2.6649347E+07   1.8487890E+07   1.8487907E+07   0.0000000E+00   0.0000000E+00   0.0000000E+00   0.0000000E+00   0.0000000E+00
   6.0728870E-05   1.8487806E+07   1.8487806E+07   2.4264876E+07   1.1245069E+04   2.6633007E+07   1.8487784E+07   1.8487806E+07   0.0000000E+00   0.0000000E+00   0.0000000E+00   0.0000000E+00   0.0000000E+00
   6.5259719E-05   1.8487689E+07   1.8487689E+07   2.4205551E+07   1.1227380E+04   2.6614195E+07   1.8487663E+07   1.8487689E+07   0.0000000E+00   0.0000000E+00   0.0000000E+00   0.0000000E+00   0.0000000E+00
   7.0128605E-05   1.8487554E+07   1.8487554E+07   2.4137210E+07   1.1206990E+04   2.6592550E+07   1.8487523E+07   1.8487554E+07   0.0000000E+00   0.0000000E+00   0.0000000E+00   0.0000000E+00   0.0000000E+00
   7.5360748E-05   1.8487399E+07   1.8487399E+07   2.4058514E+07   1.1183496E+04   2.6567658E+07   1.8487361E+07   1.8487399E+07   0.0000000E+00   0.0000000E+00   0.0000000E+00   0.0000000E+00   0.0000000E+00
   8.0983250E-05   1.8487219E+07   1.8487219E+07   2.3967933E+07   1.1156433E+04   2.6539051E+07   1.8487175E+07   1.8487219E+07   0.0000000E+00   0.0000000E+00   0.0000000E+00   0.0000000E+00   0.0000000E+00
   8.7025234E-05   1.8487012E+07   1.8487012E+07   2.3863725E+07   1.1125272E+04   2.6506197E+07   1.8486959E+07   1.8487012E+07   0.0000000E+00   0.0000000E+00   0.0000000E+00   0.0000000E+00   0.0000000E+00
   9.3517998E-05   1.8486772E+07   1.8486772E+07   2.3743910E+07   1.1089408E+04   2.6468501E+07   1.8486711E+07   1.8486772E+07   0.0000000E+00   0.0000000E+00   0.0000000E+00   0.0000000E+00   0.0000000E+00
   1.0049517E-04   1.8486496E+07   1.8486496E+07   2.3606244E+07   1.1048153E+04   2.6425291E+07   1.8486424E+07   1.8486496E+07   0.0000000E+00   0.0000000E+00   0.0000000E+00   0.0000000E+00   0.0000000E+00
   1.0799290E-04   1.8486178E+07   1.8486178E+07   2.3448190E+07   1.1000725E+04   2.6375818E+07   1.8486093E+07   1.8486178E+07   0.0000000E+00   0.0000000E+00   0.0000000E+00   0.0000000E+00   0.0000000E+00
   1.1605001E-04   1.8485811E+07   1.8485811E+07   2.3266894E+07   1.0946238E+04   2.6319251E+07   1.8485711E+07   1.8485811E+07   0.0000000E+00   0.0000000E+00   0.0000000E+00   0.0000000E+00   0.0000000E+00
   1.2470825E-04   1.8485387E+07   1.8485387E+07   2.3059155E+07   1.0883691E+04   2.6254671E+07   1.8485271E+07   1.8485387E+07   0.0000000E+00   0.0000000E+00   0.0000000E+00   0.0000000E+00   0.0000000E+00
   1.3401247E-04   1.8484899E+07   1.8484899E+07   2.2821405E+07   1.0811960E+04   2.6181077E+07   1.8484764E+07   1.8484899E+07   0.0000000E+00   0.0000000E+00   0.0000000E+00   0.0000000E+00   0.0000000E+00
   1.4401085E-04   1.8484336E+07   1.8484336E+07   2.2549688E+07   1.0729783E+04   2.6097387E+07   1.8484179E+07   1.8484336E+07   0.0000000E+00   0.0000000E+00   0.0000000E+00   0.0000000E+00   0.0000000E+00
   1.5475518E-04   1.8483687E+07   1.8483687E+07   2.2239657E+07   1.0635756E+04   2.6002445E+07   1.8483504E+07   1.8483687E+07   0.0000000E+00   0.0000000E+00   0.0000000E+00   0.0000000E+00   0.0000000E+00
   1.6630113E-04   1.8482940E+07   1.8482940E+07   2.1886571E+07   1.0528324E+04   2.5895043E+07   1.8482728E+07   1.8482940E+07   0.0000000E+00   0.0000000E+00   0.0000000E+00   0.0000000E+00   0.0000000E+00
   1.7870850E-04   1.8482079E+07   1.8482079E+07   2.1485327E+07   1.0405779E+04   2.5773943E+07   1.8481833E+07   1.8482079E+07   0.0000000E+00   0.0000000E+00   0.0000000E+00   0.0000000E+00   0.0000000E+00
   1.9204155E-04   1.8481089E+07   1.8481089E+07   2.1030506E+07   1.0266263E+04   2.5637921E+07   1.8480804E+07   1.8481089E+07   0.0000000E+00   0.0000000E+00   0.0000000E+00   0.0000000E+00   0.0000000E+00
   2.0636935E-04   1.8479949E+07   1.8479949E+07   2.0516463E+07   1.0107776E+04   2.5485818E+07   1.8479619E+07   1.8479949E+07   0.0000000E+00   0.0000000E+00   0.0000000E+00   0.0000000E+00   0.0000000E+00
   2.2176612E-04   1.8478638E+07   1.8478638E+07   1.9937459E+07   9.9282000E+03   2.5316617E+07   1.8478256E+07   1.8478638E+07   0.0000000E+00   0.0000000E+00   0.0000000E+00   0.0000000E+00   0.0000000E+00
   2.3831161E-04   1.8477131E+07   1.8477131E+07   1.9287859E+07   9.7253334E+03   2.5129544E+07   1.8476690E+07   1.8477131E+07   0.0000000E+00   0.0000000E+00   0.0000000E+00   0.0000000E+00   0.0000000E+00
   2.5609152E-04   1.8475400E+07   1.8475400E+07   1.8562399E+07   9.4969422E+03   2.4924188E+07   1.8474890E+07   1.8475400E+07   0.0000000E+00   0.0000000E+00   0.0000000E+00   0.0000000E+00   0.0000000E+00
   2.7519795E-04   1.8473414E+07   1.8473414E+07   1.7756551E+07   9.2408380E+03   2.4700660E+07   1.8472825E+07   1.8473414E+07   0.0000000E+00   0.0000000E+00   0.0000000E+00   0.0000000E+00   0.0000000E+00
   2.9572988E-04   1.8471136E+07   1.8471136E+07   1.6866983E+07   8.9549824E+03   2.4459765E+07   1.8470457E+07   1.8471136E+07   0.0000000E+00   0.0000000E+00   0.0000000E+00   0.0000000E+00   0.0000000E+00
   3.1779364E-04   1.8468526E+07   1.8468526E+07   1.5892143E+07   8.6376255E+03   2.4203208E+07   1.8467743E+07   1.8468526E+07   0.0000000E+00   0.0000000E+00   0.0000000E+00   0.0000000E+00   0.0000000E+00
   3.4150353E-04   1.8465539E+07   1.8465539E+07   1.4832953E+07   8.2874818E+03   2.3933798E+07   1.8464637E+07   1.8465539E+07   0.0000000E+00   0.0000000E+00   0.0000000E+00   0.0000000E+00   0.0000000E+00
   3.6698237E-04   1.8462126E+07   1.8462126E+07   1.3693605E+07   7.9039465E+03   2.3655634E+07   1.8461087E+07   1.8462126E+07   0.0000000E+00   0.0000000E+00   0.0000000E+00   0.0000000E+00   0.0000000E+00
   3.9436213E-04   1.8458228E+07   1.8458228E+07   1.2482421E+07   7.4873497E+03   2.3374237E+07   1.8457034E+07   1.8458228E+07   0.0000000E+00   0.0000000E+00   0.0000000E+00   0.0000000E+00   0.0000000E+00
   4.2378463E-04   1.8453786E+07   1.8453786E+07   1.1212704E+07   7.0392419E+03   2.3096562E+07   1.8452412E+07   1.8453786E+07   0.0000000E+00   0.0000000E+00   0.0000000E+00   0.0000000E+00   0.0000000E+00
   4.5540228E-04   1.8448729E+07   1.8448729E+07   9.9034504E+06   6.5626902E+03   2.2830820E+07   1.8447151E+07   1.8448729E+07   0.0000000E+00   0.0000000E+00   0.0000000E+00   0.0000000E+00   0.0000000E+00
   4.8937886E-04   1.8442982E+07   1.8442982E+07   8.5797628E+06   6.0625573E+03   2.2586011E+07   1.8441172E+07   1.8442982E+07   0.0000000E+00   0.0000000E+00   0.0000000E+00   0.0000000E+00   0.0000000E+00
   5.2589035E-04   1.8436462E+07   1.8436462E+07   7.2726990E+06   5.5457120E+03   2.2371082E+07   1.8434388E+07   1.8436462E+07   0.0000000E+00   0.0000000E+00   0.0000000E+00   0.0000000E+00   0.0000000E+00
   5.6512589E-04   1.8429078E+07   1.8429078E+07   6.0182880E+06   5.0211063E+03   2.2193634E+07   1.8426704E+07   1.8429078E+07   0.0000000E+00   0.0000000E+00   0.0000000E+00   0.0000000E+00   0.0000000E+00
   6.0728870E-04   1.8420730E+07   1.8420730E+07   4.8554055E+06   4.4996345E+03   2.2058181E+07   1.8418017E+07   1.8420730E+07   0.0000000E+00   0.0000000E+00   0.0000000E+00   0.0000000E+00   0.0000000E+00
   6.5259719E-04   1.8411308E+07   1.8411308E+07   3.8222874E+06   3.9936821E+03   2.1964112E+07   1.8408214E+07   1.8411308E+07   0.0000000E+00   0.0000000E+00   0.0000000E+00   0.0000000E+00   0.0000000E+00
   7.0128605E-04   1.8400693E+07   1.8400693E+07   2.9516668E+06   3.5162859E+03   2.1903716E+07   1.8397169E+07   1.8400693E+07   0.0000000E+00   0.0000000E+00   0.0000000E+00   0.0000000E+00   0.0000000E+00
   7.5360748E-04   1.8388751E+07   1.8388751E+07   2.2649178E+06   3.0798713E+03   2.1860929E+07   1.8384747E+07   1.8388751E+07   0.0000000E+00   0.0000000E+00   0.0000000E+00   0.0000000E+00   0.0000000E+00
   8.0983250E-04   1.8375336E+07   1.8375336E+07   1.7661800E+06   2.6946292E+03   2.1811714E+07   1.8370795E+07   1.8375336E+07   0.0000000E+00   0.0000000E+00   0.0000000E+00   0.0000000E+00   0.0000000E+00
   8.7025234E-04   1.8360282E+07   1.8360282E+07   1.4381441E+06   2.3667448E+03   2.1727089E+07   1.8355148E+07   1.8360282E+07   0.0000000E+00   0.0000000E+00   0.0000000E+00   0.0000000E+00   0.0000000E+00
   9.3517998E-04   1.8343408E+07   1.8343408E+07   1.2417426E+06   2.0968756E+03   2.1579391E+07   1.8337619E+07   1.8343408E+07   0.0000000E+00   0.0000000E+00   0.0000000E+00   0.0000000E+00   0.0000000E+00
   1.0049517E-03   1.8324511E+07   1.8324511E+07   1.1219316E+06   1.8794440E+03   2.1351243E+07   1.8318005E+07   1.8324511E+07   0.0000000E+00   0.0000000E+00   0.0000000E+00   0.0000000E+00   0.0000000E+00
   1.0799290E-03   1.8303369E+07   1.8303369E+07   1.0204561E+06   1.7033411E+03   2.1044605E+07   1.8296084E+07   1.8303369E+07   0.0000000E+00   0.0000000E+00   0.0000000E+00   0.0000000E+00   0.0000000E+00
   1.1605001E-03   1.8279741E+07   1.8279741E+07   8.9351922E+05   1.5543912E+03   2.0685041E+07   1.8271615E+07   1.8279741E+07   0.0000000E+00   0.0000000E+00   0.0000000E+00   0.0000000E+00   0.0000000E+00
   1.2470825E-03   1.8253369E+07   1.8253369E+07   7.2805547E+05   1.4192868E+03   2.0315348E+07   1.8244342E+07   1.8253369E+07   0.0000000E+00   0.0000000E+00   0.0000000E+00   0.0000000E+00   0.0000000E+00
   1.3401247E-03   1.8223982E+07   1.8223982E+07   5.4695890E+05   1.2897522E+03   1.9975889E+07   1.8214001E+07   1.8223982E+07   0.0000000E+00   0.0000000E+00   0.0000000E+00   0.0000000E+00   0.0000000E+00
   1.4401085E-03   1.8191300E+07   1.8191300E+07   3.9508351E+05   1.1648802E+03   1.9678001E+07   1.8180317E+07   1.8191300E+07   0.0000000E+00   0.0000000E+00   0.0000000E+00   0.0000000E+00   0.0000000E+00
   1.5475518E-03   1.8155032E+07   1.8155032E+07   3.0778941E+05   1.0497358E+03   1.9388899E+07   1.8143006E+07   1.8155032E+07   0.0000000E+00   0.0000000E+00   0.0000000E+00   0.0000000E+00   0.0000000E+00
   1.6630113E-03   1.8114875E+07   1.8114875E+07   2.8038563E+05   9.5017937E+02   1.9049956E+07   1.8101774E+07   1.8114875E+07   0.0000000E+00   0.0000000E+00   0.0000000E+00   0.0000000E+00   0.0000000E+00
   1.7870850E-03   1.8070510E+07   1.8070510E+07   2.6707413E+05   8.6702118E+02   1.8629405E+07   1.8056308E+07   1.8070510E+07   0.0000000E+00   0.0000000E+00   0.0000000E+00   0.0000000E+00   0.0000000E+00
   1.9204155E-03   1.8021600E+07   1.8021600E+07   2.2193036E+05   7.9457969E+02   1.8166457E+07   1.8006278E+07   1.8021600E+07   0.0000000E+00   0.0000000E+00   0.0000000E+00   0.0000000E+00   0.0000000E+00
   2.0636935E-03   1.7967795E+07   1.7967795E+07   1.4902454E+05   7.2598438E+02   1.7741572E+07   1.7951339E+07   1.7967795E+07   0.0000000E+00   0.0000000E+00   0.0000000E+00   0.0000000E+00   0.0000000E+00
   2.2176612E-03   1.7908735E+07   1.7908735E+07   9.8030252E+04   6.6021844E+02   1.7374698E+07   1.7891133E+07   1.7908735E+07   0.0000000E+00   0.0000000E+00   0.0000000E+00   0.0000000E+00   0.0000000E+00
   2.3831161E-03   1.7844052E+07   1.7844052E+07   9.3452938E+04   6.0179258E+02   1.6981806E+07   1.7825290E+07   1.7844052E+07   0.0000000E+00   0.0000000E+00   0.0000000E+00   0.0000000E+00   0.0000000E+00
   2.5609152E-03   1.7773362E+07   1.7773362E+07   9.4295108E+04   5.5240982E+02   1.6499542E+07   1.7753422E+07   1.7773362E+07   0.0000000E+00   0.0000000E+00   0.0000000E+00   0.0000000E+00   0.0000000E+00
   2.7519795E-03   1.7696260E+07   1.7696260E+07   6.5735574E+04   5.0747780E+02   1.6003565E+07   1.7675121E+07   1.7696260E+07   0.0000000E+00   0.0000000E+00   0.0000000E+00   0.0000000E+00   0.0000000E+00
   2.9572988E-03   1.7612327E+07   1.7612327E+07   4.2597162E+04   4.6416081E+02   1.5557515E+07   1.7589965E+07   1.7612327E+07   0.0000000E+00   0.0000000E+00   0.0000000E+00   0.0000000E+00   0.0000000E+00
   3.1779364E-03   1.7521131E+07   1.7521131E+07   4.4417066E+04   4.2506785E+02   1.5068596E+07   1.7497522E+07   1.7521131E+07   0.0000000E+00   0.0000000E+00   0.0000000E+00   0.0000000E+00   0.0000000E+00
   3.4150353E-03   1.7422225E+07   1.7422225E+07   3.2623362E+04   3.8985407E+02   1.4528531E+07   1.7397350E+07   1.7422225E+07   0.0000000E+00   0.0000000E+00   0.0000000E+00   0.0000000E+00   0.0000000E+00
   3.6698237E-03   1.7315145E+07   1.7315145E+07   2.1408331E+04   3.5610237E+02   1.4027906E+07   1.7288987E+07   1.7315145E+07   0.0000000E+00   0.0000000E+00   0.0000000E+00   0.0000000E+00   0.0000000E+00
   3.9436213E-03   1.7199417E+07   1.7199417E+07   2.5074684E+04   3.2562725E+02   1.3472355E+07   1.7171966E+07   1.7199417E+07   0.0000000E+00   0.0000000E+00   0.0000000E+00   0.0000000E+00   0.0000000E+00
   4.2378463E-03   1.7074552E+07   1.7074552E+07   1.2288358E+04   2.9732121E+02   1.2909336E+07   1.7045806E+07   1.7074552E+07   0.0000000E+00   0.0000000E+00   0.0000000E+00   0.0000000E+00   0.0000000E+00
   4.5540228E-03   1.6940057E+07   1.6940057E+07   1.4126660E+04   2.7058967E+02   1.2364739E+07   1.6910029E+07   1.6940057E+07   0.0000000E+00   0.0000000E+00   0.0000000E+00   0.0000000E+00   0.0000000E+00
   4.8937886E-03   1.6795440E+07   1.6795440E+07   8.7846256E+03   2.4619946E+02   1.1775252E+07   1.6764159E+07   1.6795440E+07   0.0000000E+00   0.0000000E+00   0.0000000E+00   0.0000000E+00   0.0000000E+00
   5.2589035E-03   1.6640214E+07   1.6640214E+07   8.6994204E+03   2.2316989E+02   1.1223103E+07   1.6607726E+07   1.6640214E+07   0.0000000E+00   0.0000000E+00   0.0000000E+00   0.0000000E+00   0.0000000E+00
   5.6512589E-03   1.6473892E+07   1.6473892E+07   4.3546398E+03   2.0221322E+02   1.0646487E+07   1.6440246E+07   1.6473892E+07   0.0000000E+00   0.0000000E+00   0.0000000E+00   0.0000000E+00   0.0000000E+00
   6.0728870E-03   1.6295983E+07   1.6295983E+07   6.1086248E+03   1.8286386E+02   1.0074534E+07   1.6261215E+07   1.6295983E+07   0.0000000E+00   0.0000000E+00   0.0000000E+00   0.0000000E+00   0.0000000E+00
   6.5259719E-03   1.6105977E+07   1.6105977E+07   2.8431258E+03   1.6485529E+02   9.5118035E+06   1.6070134E+07   1.6105977E+07   0.0000000E+00   0.0000000E+00   0.0000000E+00   0.0000000E+00   0.0000000E+00
   7.0128605E-03   1.5903361E+07   1.5903361E+07   2.0496440E+03   1.4826582E+02   8.9331166E+06   1.5866515E+07   1.5903361E+07   0.0000000E+00   0.0000000E+00   0.0000000E+00   0.0000000E+00   0.0000000E+00
   7.5360748E-03   1.5687631E+07   1.5687631E+07   2.5988417E+03   1.3296686E+02   8.3791414E+06   1.5649875E+07   1.5687631E+07   0.0000000E+00   0.0000000E+00   0.0000000E+00   0.0000000E+00   0.0000000E+00
   8.0983250E-03   1.5458297E+07   1.5458297E+07   2.2474430E+03   1.1895910E+02   7.8383541E+06   1.5419718E+07   1.5458297E+07   0.0000000E+00   0.0000000E+00   0.0000000E+00   0.0000000E+00   0.0000000E+00
   8.7025234E-03   1.5214866E+07   1.5214866E+07   1.3047133E+03   1.0610633E+02   7.3052548E+06   1.5175553E+07   1.5214866E+07   0.0000000E+00   0.0000000E+00   0.0000000E+00   0.0000000E+00   0.0000000E+00
   9.3517998E-03   1.4956833E+07   1.4956833E+07   7.0961804E+02   9.4366684E+01   6.7817952E+06   1.4916893E+07   1.4956833E+07   0.0000000E+00   0.0000000E+00   0.0000000E+00   0.0000000E+00   0.0000000E+00
   1.0049517E-02   1.4683705E+07   1.4683705E+07   5.5704336E+02   8.3670185E+01   6.2752547E+06   1.4643252E+07   1.4683705E+07   0.0000000E+00   0.0000000E+00   0.0000000E+00   0.0000000E+00   0.0000000E+00
   1.0799290E-02   1.4395002E+07   1.4395002E+07   5.2756479E+02   7.3959602E+01   5.7854441E+06   1.4354156E+07   1.4395002E+07   0.0000000E+00   0.0000000E+00   0.0000000E+00   0.0000000E+00   0.0000000E+00
   1.1605001E-02   1.4090255E+07   1.4090255E+07   5.7035150E+02   6.5153371E+01   5.3112524E+06   1.4049139E+07   1.4090255E+07   0.0000000E+00   0.0000000E+00   0.0000000E+00   0.0000000E+00   0.0000000E+00
   1.2470825E-02   1.3769019E+07   1.3769019E+07   3.3848203E+02   5.7204747E+01   4.8570772E+06   1.3727772E+07   1.3769019E+07   0.0000000E+00   0.0000000E+00   0.0000000E+00   0.0000000E+00   0.0000000E+00
   1.3401247E-02   1.3430898E+07   1.3430898E+07   -6.0102928E+01   5.0045653E+01   4.4277754E+06   1.3389652E+07   1.3430898E+07   0.0000000E+00   0.0000000E+00   0.0000000E+00   0.0000000E+00   0.0000000E+00
   1.4401085E-02   1.3075549E+07   1.3075549E+07   2.2904380E+02   4.3616382E+01   4.0201281E+06   1.3034448E+07   1.3075549E+07   0.0000000E+00   0.0000000E+00   0.0000000E+00   0.0000000E+00   0.0000000E+00
   1.5475518E-02   1.2702726E+07   1.2702726E+07   -7.0263382E+01   3.7876341E+01   3.6315001E+06   1.2661914E+07   1.2702726E+07   0.0000000E+00   0.0000000E+00   0.0000000E+00   0.0000000E+00   0.0000000E+00
   1.6630113E-02   1.2312316E+07   1.2312316E+07   1.1953403E+02   3.2757786E+01   3.2675595E+06   1.2271940E+07   1.2312316E+07   0.0000000E+00   0.0000000E+00   0.0000000E+00   0.0000000E+00   0.0000000E+00
   1.7870850E-02   1.1904395E+07   1.1904395E+07   4.3063000E+01   2.8216823E+01   2.9280957E+06   1.1864601E+07   1.1904395E+07   0.0000000E+00   0.0000000E+00   0.0000000E+00   0.0000000E+00   0.0000000E+00
   1.9204155E-02   1.1479289E+07   1.1479289E+07   -1.9885847E+01   2.4200986E+01   2.6102906E+06   1.1440225E+07   1.1479289E+07   0.0000000E+00   0.0000000E+00   0.0000000E+00   0.0000000E+00   0.0000000E+00
   2.0636935E-02   1.1037667E+07   1.1037667E+07   -1.9862885E+01   2.0666021E+01   2.3150250E+06   1.0999475E+07   1.1037667E+07   0.0000000E+00   0.0000000E+00   0.0000000E+00   0.0000000E+00   0.0000000E+00
   2.2176609E-02   1.0580632E+07   1.0580632E+07   1.1540400E+01   1.7568382E+01   2.0426124E+06   1.0543451E+07   1.0580632E+07   0.0000000E+00   0.0000000E+00   0.0000000E+00   0.0000000E+00   0.0000000E+00
   2.3831139E-02   1.0109839E+07   1.0109839E+07   -1.7279240E+01   1.4865340E+01   1.7923307E+06   1.0073798E+07   1.0109839E+07   0.0000000E+00   0.0000000E+00   0.0000000E+00   0.0000000E+00   0.0000000E+00
   2.5609038E-02   9.6276150E+06   9.6276150E+06   -2.1177649E+01   1.2517682E+01   1.5658568E+06   9.5928338E+06   9.6276150E+06   0.0000000E+00   0.0000000E+00   0.0000000E+00   0.0000000E+00   0.0000000E+00
   2.7519281E-02   9.1371025E+06   9.1371025E+06   -3.7004554E+01   1.0491804E+01   1.3593710E+06   9.1036845E+06   9.1371025E+06   0.0000000E+00   0.0000000E+00   0.0000000E+00   0.0000000E+00   0.0000000E+00
   2.9570955E-02   8.6424178E+06   8.6424178E+06   -2.9427755E+01   8.7532392E+00   1.1741964E+06   8.6104481E+06   8.6424178E+06   0.0000000E+00   0.0000000E+00   0.0000000E+00   0.0000000E+00   0.0000000E+00
   3.1772295E-02   8.1488537E+06   8.1488537E+06   -3.0869289E+01   7.2719328E+00   1.0097233E+06   8.1183933E+06   8.1488537E+06   0.0000000E+00   0.0000000E+00   0.0000000E+00   0.0000000E+00   0.0000000E+00
   3.4128526E-02   7.6631014E+06   7.6631014E+06   -5.5500679E+00   6.0210480E+00   8.6468738E+05   7.6341812E+06   7.6631014E+06   0.0000000E+00   0.0000000E+00   0.0000000E+00   0.0000000E+00   0.0000000E+00
   3.6638075E-02   7.1933629E+06   7.1933629E+06   -2.4951092E+01   4.9758233E+00   7.3798266E+05   7.1659775E+06   7.1933629E+06   0.0000000E+00   0.0000000E+00   0.0000000E+00   0.0000000E+00   0.0000000E+00
   3.9287634E-02   6.7490117E+06   6.7490117E+06   -1.4508320E+01   4.1140581E+00   6.2927022E+05   6.7231145E+06   6.7490117E+06   0.0000000E+00   0.0000000E+00   0.0000000E+00   0.0000000E+00   0.0000000E+00
   4.2048825E-02   6.3393511E+06   6.3393511E+06   -1.0318837E+01   3.4136424E+00   5.3797255E+05   6.3148539E+06   6.3393511E+06   0.0000000E+00   0.0000000E+00   0.0000000E+00   0.0000000E+00   0.0000000E+00
   4.4880854E-02   5.9714614E+06   5.9714614E+06   -1.1600537E+01   2.8521377E+00   4.6237845E+05   5.9482419E+06   5.9714614E+06   0.0000000E+00   0.0000000E+00   0.0000000E+00   0.0000000E+00   0.0000000E+00
   4.7740589E-02   5.6481603E+06   5.6481603E+06   -1.2463533E+01   2.4060618E+00   4.0056901E+05   5.6260784E+06   5.6481603E+06   0.0000000E+00   0.0000000E+00   0.0000000E+00   0.0000000E+00   0.0000000E+00
   5.0594374E-02   5.3675045E+06   5.3675045E+06   -1.0909262E+01   2.0520515E+00   3.5013182E+05   5.3464206E+06   5.3675045E+06   0.0000000E+00   0.0000000E+00   0.0000000E+00   0.0000000E+00   0.0000000E+00
   5.3423893E-02   5.1240621E+06   5.1240621E+06   -8.7859115E+00   1.7690832E+00   3.0871404E+05   5.1038517E+06   5.1240621E+06   0.0000000E+00   0.0000000E+00   0.0000000E+00   0.0000000E+00   0.0000000E+00
   5.6224690E-02   4.9108279E+06   4.9108279E+06   -7.2292425E+00   1.5399929E+00   2.7433559E+05   4.8913888E+06   4.9108279E+06   0.0000000E+00   0.0000000E+00   0.0000000E+00   0.0000000E+00   0.0000000E+00
   5.9001362E-02   4.7207104E+06   4.7207104E+06   -6.0121944E+00   1.3515304E+00   2.4538558E+05   4.7019646E+06   4.7207104E+06   0.0000000E+00   0.0000000E+00   0.0000000E+00   0.0000000E+00   0.0000000E+00
   6.1763077E-02   4.5473216E+06   4.5473216E+06   -4.8431210E+00   1.1937777E+00   2.2061468E+05   4.5292134E+06   4.5473216E+06   0.0000000E+00   0.0000000E+00   0.0000000E+00   0.0000000E+00   0.0000000E+00
   6.4520667E-02   4.3852730E+06   4.3852730E+06   -3.7392889E+00   1.0595231E+00   1.9908725E+05   4.3677659E+06   4.3852730E+06   0.0000000E+00   0.0000000E+00   0.0000000E+00   0.0000000E+00   0.0000000E+00
   6.7285071E-02   4.2302292E+06   4.2302292E+06   -2.8250310E+00   9.4357743E-01   1.8011047E+05   4.2133024E+06   4.2302292E+06   0.0000000E+00   0.0000000E+00   0.0000000E+00   0.0000000E+00   0.0000000E+00
   7.0066655E-02   4.0788743E+06   4.0788743E+06   -2.2223037E+00   8.4215805E-01   1.6316400E+05   4.0625192E+06   4.0788743E+06   0.0000000E+00   0.0000000E+00   0.0000000E+00   0.0000000E+00   0.0000000E+00
   7.2874982E-02   3.9288578E+06   3.9288578E+06   -2.0421224E+00   7.5250775E-01   1.4786303E+05   3.9130741E+06   3.9288578E+06   0.0000000E+00   0.0000000E+00   0.0000000E+00   0.0000000E+00   0.0000000E+00
   7.5718799E-02   3.7787411E+06   3.7787411E+06   -2.4313249E+00   6.7264076E-01   1.3395692E+05   3.7635339E+06   3.7787411E+06   0.0000000E+00   0.0000000E+00   0.0000000E+00   0.0000000E+00   0.0000000E+00
   7.8606125E-02   3.6279419E+06   3.6279419E+06   -3.2474528E+00   6.0112833E-01   1.2131326E+05   3.6133178E+06   3.6279419E+06   0.0000000E+00   0.0000000E+00   0.0000000E+00   0.0000000E+00   0.0000000E+00
   8.1544356E-02   3.4766662E+06   3.4766662E+06   -3.1469426E+00   5.3692166E-01   1.0982933E+05   3.4626307E+06   3.4766662E+06   0.0000000E+00   0.0000000E+00   0.0000000E+00   0.0000000E+00   0.0000000E+00
   8.4540384E-02   3.3258170E+06   3.3258170E+06   -1.2834502E+00   4.7924726E-01   9.9251470E+04   3.3123717E+06   3.3258170E+06   0.0000000E+00   0.0000000E+00   0.0000000E+00   0.0000000E+00   0.0000000E+00
   8.7600693E-02   3.1768691E+06   3.1768691E+06   -1.5683022E+00   4.2753962E-01   8.9491265E+04   3.1640090E+06   3.1768691E+06   0.0000000E+00   0.0000000E+00   0.0000000E+00   0.0000000E+00   0.0000000E+00
   9.0731451E-02   3.0317033E+06   3.0317033E+06   -1.6961247E+00   3.8132822E-01   8.0834090E+04   3.0194158E+06   3.0317033E+06   0.0000000E+00   0.0000000E+00   0.0000000E+00   0.0000000E+00   0.0000000E+00
   9.3938584E-02   2.8924017E+06   2.8924017E+06   -1.3835996E+00   3.4022603E-01   7.2869148E+04   2.8806652E+06   2.8924017E+06   0.0000000E+00   0.0000000E+00   0.0000000E+00   0.0000000E+00   0.0000000E+00
   9.7227835E-02   2.7610073E+06   2.7610073E+06   -8.5978977E-01   3.0386323E-01   6.5853088E+04   2.7497918E+06   2.7610073E+06   0.0000000E+00   0.0000000E+00   0.0000000E+00   0.0000000E+00   0.0000000E+00
   1.0060482E-01   2.6392671E+06   2.6392671E+06   -1.1595659E+00   2.7185966E-01   5.9586673E+04   2.6285352E+06   2.6392671E+06   0.0000000E+00   0.0000000E+00   0.0000000E+00   0.0000000E+00   0.0000000E+00
   1.0407506E-01   2.5283781E+06   2.5283781E+06   -1.1782016E+00   2.4382275E-01   5.4023632E+04   2.5180872E+06   2.5283781E+06   0.0000000E+00   0.0000000E+00   0.0000000E+00   0.0000000E+00   0.0000000E+00
   1.0764403E-01   2.4287704E+06   2.4287704E+06   -9.4215127E-01   2.1931415E-01   4.9131864E+04   2.4188760E+06   2.4287704E+06   0.0000000E+00   0.0000000E+00   0.0000000E+00   0.0000000E+00   0.0000000E+00
   1.1131717E-01   2.3399619E+06   2.3399619E+06   -5.4292243E-01   1.9787725E-01   4.4794868E+04   2.3304211E+06   2.3399619E+06   0.0000000E+00   0.0000000E+00   0.0000000E+00   0.0000000E+00   0.0000000E+00
   1.1509991E-01   2.2605196E+06   2.2605196E+06   -8.8620730E-01   1.7904181E-01   4.0941795E+04   2.2512952E+06   2.2605196E+06   0.0000000E+00   0.0000000E+00   0.0000000E+00   0.0000000E+00   0.0000000E+00
   1.1899770E-01   2.1881587E+06   2.1881587E+06   -4.6113085E-01   1.6234071E-01   3.7555193E+04   2.1792228E+06   2.1881587E+06   0.0000000E+00   0.0000000E+00   0.0000000E+00   0.0000000E+00   0.0000000E+00
   1.2301601E-01   2.1199902E+06   2.1199902E+06   -7.1610550E-01   1.4734375E-01   3.4459273E+04   2.1113264E+06   2.1199902E+06   0.0000000E+00   0.0000000E+00   0.0000000E+00   0.0000000E+00   0.0000000E+00
   1.2716036E-01   2.0529071E+06   2.0529071E+06   -7.0509800E-01   1.3368339E-01   3.1589400E+04   2.0445117E+06   2.0529071E+06   0.0000000E+00   0.0000000E+00   0.0000000E+00   0.0000000E+00   0.0000000E+00
   1.3143629E-01   1.9840685E+06   1.9840685E+06   -5.1174778E-01   1.2106984E-01   2.8912435E+04   1.9759494E+06   1.9840685E+06   0.0000000E+00   0.0000000E+00   0.0000000E+00   0.0000000E+00   0.0000000E+00
   1.3584942E-01   1.9114065E+06   1.9114065E+06   -3.2476861E-01   1.0931323E-01   2.6347067E+04   1.9035799E+06   1.9114065E+06   0.0000000E+00   0.0000000E+00   0.0000000E+00   0.0000000E+00   0.0000000E+00
   1.4040542E-01   1.8340560E+06   1.8340560E+06   -5.0863726E-01   9.8317870E-02   2.3941814E+04   1.8265418E+06   1.8340560E+06   0.0000000E+00   0.0000000E+00   0.0000000E+00   0.0000000E+00   0.0000000E+00
   1.4511002E-01   1.7525982E+06   1.7525982E+06   -3.3008420E-01   8.8074994E-02   2.1652276E+04   1.7454138E+06   1.7525982E+06   0.0000000E+00   0.0000000E+00   0.0000000E+00   0.0000000E+00   0.0000000E+00
   1.4996903E-01   1.6690210E+06   1.6690210E+06   -2.5684216E-01   7.8633830E-02   1.9524697E+04   1.6621756E+06   1.6690210E+06   0.0000000E+00   0.0000000E+00   0.0000000E+00   0.0000000E+00   0.0000000E+00
   1.5498834E-01   1.5863493E+06   1.5863493E+06   -2.7241015E-01   7.0068278E-02   1.7557118E+04   1.5798398E+06   1.5863493E+06   0.0000000E+00   0.0000000E+00   0.0000000E+00   0.0000000E+00   0.0000000E+00
   1.6017390E-01   1.5079745E+06   1.5079745E+06   -3.1976900E-01   6.2438581E-02   1.5819194E+04   1.5017837E+06   1.5079745E+06   0.0000000E+00   0.0000000E+00   0.0000000E+00   0.0000000E+00   0.0000000E+00
   1.6553176E-01   1.4368050E+06   1.4368050E+06   -2.8032285E-01   5.5761349E-02   1.4250774E+04   1.4309038E+06   1.4368050E+06   0.0000000E+00   0.0000000E+00   0.0000000E+00   0.0000000E+00   0.0000000E+00
   1.7106809E-01   1.3744494E+06   1.3744494E+06   -2.2814235E-01   4.9986544E-02   1.2904540E+04   1.3688019E+06   1.3744494E+06   0.0000000E+00   0.0000000E+00   0.0000000E+00   0.0000000E+00   0.0000000E+00
   1.7678913E-01   1.3206817E+06   1.3206817E+06   -2.2653514E-01   4.5002213E-02   1.1743099E+04   1.3152530E+06   1.3206817E+06   0.0000000E+00   0.0000000E+00   0.0000000E+00   0.0000000E+00   0.0000000E+00
   1.8270127E-01   1.2734121E+06   1.2734121E+06   -1.7600520E-01   4.0649676E-02   1.0724731E+04   1.2681758E+06   1.2734121E+06   0.0000000E+00   0.0000000E+00   0.0000000E+00   0.0000000E+00   0.0000000E+00
   1.8881102E-01   1.2292561E+06   1.2292561E+06   -1.8839596E-01   3.6759102E-02   9.7950743E+03   1.2241996E+06   1.2292561E+06   0.0000000E+00   0.0000000E+00   0.0000000E+00   0.0000000E+00   0.0000000E+00
   1.9512507E-01   1.1846009E+06   1.1846009E+06   -1.7467296E-01   3.3185786E-02   8.9373085E+03   1.1797264E+06   1.1846009E+06   0.0000000E+00   0.0000000E+00   0.0000000E+00   0.0000000E+00   0.0000000E+00
   2.0165026E-01   1.1368486E+06   1.1368486E+06   -1.1811488E-01   2.9839268E-02   8.1250958E+03   1.1321692E+06   1.1368486E+06   0.0000000E+00   0.0000000E+00   0.0000000E+00   0.0000000E+00   0.0000000E+00
   2.0839366E-01   1.0853747E+06   1.0853747E+06   -1.3795164E-01   2.6694584E-02   7.3411441E+03   1.0809058E+06   1.0853747E+06   0.0000000E+00   0.0000000E+00   0.0000000E+00   0.0000000E+00   0.0000000E+00
   2.1536257E-01   1.0317671E+06   1.0317671E+06   -1.2020444E-01   2.3780092E-02   6.6071740E+03   1.0275177E+06   1.0317671E+06   0.0000000E+00   0.0000000E+00   0.0000000E+00   0.0000000E+00   0.0000000E+00
   2.2256459E-01   9.7914632E+05   9.7914632E+05   -9.9971915E-02   2.1147390E-02   5.9414177E+03   9.7511256E+05   9.7914632E+05   0.0000000E+00   0.0000000E+00   0.0000000E+00   0.0000000E+00   0.0000000E+00
   2.3000763E-01   9.3076660E+05   9.3076660E+05   -8.1786228E-02   1.8835326E-02   5.3461081E+03   9.2693118E+05   9.3076660E+05   0.0000000E+00   0.0000000E+00   0.0000000E+00   0.0000000E+00   0.0000000E+00
   2.3769999E-01   8.8848766E+05   8.8848766E+05   -7.1426051E-02   1.6843124E-02   4.8341956E+03   8.8482559E+05   8.8848766E+05   0.0000000E+00   0.0000000E+00   0.0000000E+00   0.0000000E+00   0.0000000E+00
   2.4565039E-01   8.5187886E+05   8.5187886E+05   -7.5563657E-02   1.5125778E-02   4.3945103E+03   8.4836689E+05   8.5187886E+05   0.0000000E+00   0.0000000E+00   0.0000000E+00   0.0000000E+00   0.0000000E+00
   2.5386809E-01   8.1849166E+05   8.1849166E+05   -6.6747589E-02   1.3611028E-02   3.9988533E+03   8.1511662E+05   8.1849166E+05   0.0000000E+00   0.0000000E+00   0.0000000E+00   0.0000000E+00   0.0000000E+00
   2.6236292E-01   7.8524658E+05   7.8524658E+05   -5.8027395E-02   1.2230187E-02   3.6369799E+03   7.8200798E+05   7.8524658E+05   0.0000000E+00   0.0000000E+00   0.0000000E+00   0.0000000E+00   0.0000000E+00
   2.7114541E-01   7.5019894E+05   7.5019894E+05   -4.6112593E-02   1.0944399E-02   3.2950742E+03   7.4710430E+05   7.5019894E+05   0.0000000E+00   0.0000000E+00   0.0000000E+00   0.0000000E+00   0.0000000E+00
   2.8022685E-01   7.1361105E+05   7.1361105E+05   -3.9874826E-02   9.7519580E-03   2.9726428E+03   7.1066682E+05   7.1361105E+05   0.0000000E+00   0.0000000E+00   0.0000000E+00   0.0000000E+00   0.0000000E+00
   2.8961947E-01   6.7759221E+05   6.7759221E+05   -4.1759014E-02   8.6732804E-03   2.6757120E+03   6.7479611E+05   6.7759221E+05   0.0000000E+00   0.0000000E+00   0.0000000E+00   0.0000000E+00   0.0000000E+00
   2.9933652E-01   6.4449191E+05   6.4449191E+05   -3.4155714E-02   7.7259341E-03   2.4148404E+03   6.4183198E+05   6.4449191E+05   0.0000000E+00   0.0000000E+00   0.0000000E+00   0.0000000E+00   0.0000000E+00
   3.0939249E-01   6.1517080E+05   6.1517080E+05   -3.2920256E-02   6.9047307E-03   2.1876661E+03   6.1263150E+05   6.1517080E+05   0.0000000E+00   0.0000000E+00   0.0000000E+00   0.0000000E+00   0.0000000E+00
   3.1980323E-01   5.8846806E+05   5.8846806E+05   -2.9076578E-02   6.1832127E-03   1.9865030E+03   5.8603864E+05   5.8846806E+05   0.0000000E+00   0.0000000E+00   0.0000000E+00   0.0000000E+00   0.0000000E+00
   3.3058624E-01   5.6230850E+05   5.6230850E+05   -2.4487604E-02   5.5304711E-03   1.8031464E+03   5.5998677E+05   5.6230850E+05   0.0000000E+00   0.0000000E+00   0.0000000E+00   0.0000000E+00   0.0000000E+00
   3.4176087E-01   5.3551088E+05   5.3551088E+05   -2.2371415E-02   4.9297274E-03   1.6308160E+03   5.3329952E+05   5.3551088E+05   0.0000000E+00   0.0000000E+00   0.0000000E+00   0.0000000E+00   0.0000000E+00
   3.5334864E-01   5.0866987E+05   5.0866987E+05   -1.9633337E-02   4.3820952E-03   1.4709240E+03   5.0656909E+05   5.0866987E+05   0.0000000E+00   0.0000000E+00   0.0000000E+00   0.0000000E+00   0.0000000E+00
   3.6537364E-01   4.8329697E+05   4.8329697E+05   -1.8435038E-02   3.8951697E-03   1.3285568E+03   4.8130076E+05   4.8329697E+05   0.0000000E+00   0.0000000E+00   0.0000000E+00   0.0000000E+00   0.0000000E+00
   3.7786290E-01   4.6013458E+05   4.6013458E+05   -1.5954869E-02   3.4680838E-03   1.2029102E+03   4.5823384E+05   4.6013458E+05   0.0000000E+00   0.0000000E+00   0.0000000E+00   0.0000000E+00   0.0000000E+00
   3.9084695E-01   4.3845956E+05   4.3845956E+05   -1.4226505E-02   3.0893822E-03   1.0896165E+03   4.3664816E+05   4.3845956E+05   0.0000000E+00   0.0000000E+00   0.0000000E+00   0.0000000E+00   0.0000000E+00
   4.0436045E-01   4.1709886E+05   4.1709886E+05   -1.2240717E-02   2.7462765E-03   9.8617144E+02   4.1537555E+05   4.1709886E+05   0.0000000E+00   0.0000000E+00   0.0000000E+00   0.0000000E+00   0.0000000E+00
   4.1844297E-01   3.9584077E+05   3.9584077E+05   -1.1052031E-02   2.4344301E-03   8.9006882E+02   3.9420515E+05   3.9584077E+05   0.0000000E+00   0.0000000E+00   0.0000000E+00   0.0000000E+00   0.0000000E+00
   4.3313995E-01   3.7544290E+05   3.7544290E+05   -9.7674081E-03   2.1554326E-03   8.0372339E+02   3.7389143E+05   3.7544290E+05   0.0000000E+00   0.0000000E+00   0.0000000E+00   0.0000000E+00   0.0000000E+00
   4.4850390E-01   3.5635878E+05   3.5635878E+05   -8.6244366E-03   1.9084168E-03   7.2603866E+02   3.5488605E+05   3.5635878E+05   0.0000000E+00   0.0000000E+00   0.0000000E+00   0.0000000E+00   0.0000000E+00
   4.6459590E-01   3.3811550E+05   3.3811550E+05   -7.7019449E-03   1.6876874E-03   6.5602214E+02   3.3671806E+05   3.3811550E+05   0.0000000E+00   0.0000000E+00   0.0000000E+00   0.0000000E+00   0.0000000E+00
   4.8148750E-01   3.2019170E+05   3.2019170E+05   -6.7913307E-03   1.4883339E-03   5.9155057E+02   3.1886824E+05   3.2019170E+05   0.0000000E+00   0.0000000E+00   0.0000000E+00   0.0000000E+00   0.0000000E+00
   4.9926310E-01   3.0278749E+05   3.0278749E+05   -6.0709726E-03   1.3092141E-03   5.3267345E+02   3.0153588E+05   3.0278749E+05   0.0000000E+00   0.0000000E+00   0.0000000E+00   0.0000000E+00   0.0000000E+00
   5.1802307E-01   2.8620286E+05   2.8620286E+05   -5.3050436E-03   1.1496596E-03   4.7958007E+02   2.8501973E+05   2.8620286E+05   0.0000000E+00   0.0000000E+00   0.0000000E+00   0.0000000E+00   0.0000000E+00
   5.3788770E-01   2.7019571E+05   2.7019571E+05   -4.6637665E-03   1.0068322E-03   4.3118586E+02   2.6907868E+05   2.7019571E+05   0.0000000E+00   0.0000000E+00   0.0000000E+00   0.0000000E+00   0.0000000E+00
   5.5900227E-01   2.5454948E+05   2.5454948E+05   -4.0658107E-03   8.7834686E-04   3.8687070E+02   2.5349708E+05   2.5454948E+05   0.0000000E+00   0.0000000E+00   0.0000000E+00   0.0000000E+00   0.0000000E+00
   5.8154368E-01   2.3941252E+05   2.3941252E+05   -3.5287904E-03   7.6341783E-04   3.4666951E+02   2.3842264E+05   2.3941252E+05   0.0000000E+00   0.0000000E+00   0.0000000E+00   0.0000000E+00   0.0000000E+00
   6.0572888E-01   2.2474343E+05   2.2474343E+05   -3.0716676E-03   6.6064708E-04   3.0971992E+02   2.2381415E+05   2.2474343E+05   0.0000000E+00   0.0000000E+00   0.0000000E+00   0.0000000E+00   0.0000000E+00
   6.3182551E-01   2.1039785E+05   2.1039785E+05   -2.6411071E-03   5.6851659E-04   2.7604567E+02   2.0952784E+05   2.1039785E+05   0.0000000E+00   0.0000000E+00   0.0000000E+00   0.0000000E+00   0.0000000E+00
   6.6016499E-01   1.9641762E+05   1.9641762E+05   -2.2609123E-03   4.8620901E-04   2.4525287E+02   1.9560538E+05   1.9641762E+05   0.0000000E+00   0.0000000E+00   0.0000000E+00   0.0000000E+00   0.0000000E+00
   6.9115755E-01   1.8273705E+05   1.8273705E+05   -1.9231671E-03   4.1273749E-04   2.1697779E+02   1.8198135E+05   1.8273705E+05   0.0000000E+00   0.0000000E+00   0.0000000E+00   0.0000000E+00   0.0000000E+00
   7.2530727E-01   1.6932752E+05   1.6932752E+05   -1.6190742E-03   3.4732204E-04   1.9107353E+02   1.6862724E+05   1.6932752E+05   0.0000000E+00   0.0000000E+00   0.0000000E+00   0.0000000E+00   0.0000000E+00
   7.6322218E-01   1.5617850E+05   1.5617850E+05   -1.3507035E-03   2.8934458E-04   1.6738661E+02   1.5553257E+05   1.5617850E+05   0.0000000E+00   0.0000000E+00   0.0000000E+00   0.0000000E+00   0.0000000E+00
   8.0560916E-01   1.4329175E+05   1.4329175E+05   -1.1133782E-03   2.3829482E-04   1.4581451E+02   1.4269910E+05   1.4329175E+05   0.0000000E+00   0.0000000E+00   0.0000000E+00   0.0000000E+00   0.0000000E+00
   8.5323757E-01   1.3070598E+05   1.3070598E+05   -9.0641308E-04   1.9379670E-04   1.2621314E+02   1.3016535E+05   1.3070598E+05   0.0000000E+00   0.0000000E+00   0.0000000E+00   0.0000000E+00   0.0000000E+00
   9.0685572E-01   1.1850594E+05   1.1850594E+05   -7.2849719E-04   1.5556027E-04   1.0859526E+02   1.1801576E+05   1.1850594E+05   0.0000000E+00   0.0000000E+00   0.0000000E+00   0.0000000E+00   0.0000000E+00
   9.6706567E-01   1.0681914E+05   1.0681914E+05   -5.7840232E-04   1.2331426E-04   9.2967758E+01   1.0637728E+05   1.0681914E+05   0.0000000E+00   0.0000000E+00   0.0000000E+00   0.0000000E+00   0.0000000E+00
   1.0342108E+00   9.5795529E+04   9.5795529E+04   -4.5412634E-04   9.6704410E-05   7.9316657E+01   9.5399258E+04   9.5795529E+04   0.0000000E+00   0.0000000E+00   0.0000000E+00   0.0000000E+00   0.0000000E+00
   1.1083647E+00   8.5568725E+04   8.5568725E+04   -3.5391812E-04   7.5215053E-05   6.7571552E+01   8.5214748E+04   8.5568725E+04   0.0000000E+00   0.0000000E+00   0.0000000E+00   0.0000000E+00   0.0000000E+00
   1.1894552E+00   7.6223134E+04   7.6223134E+04   -2.7288502E-04   5.8181122E-05   5.7579276E+01   7.5907809E+04   7.6223134E+04   0.0000000E+00   0.0000000E+00   0.0000000E+00   0.0000000E+00   0.0000000E+00
   1.2774420E+00   6.7779195E+04   6.7779195E+04   -2.1098581E-04   4.4858317E-05   4.9159432E+01   6.7498795E+04   6.7779195E+04   0.0000000E+00   0.0000000E+00   0.0000000E+00   0.0000000E+00   0.0000000E+00
   1.3724338E+00   6.0203058E+04   6.0203058E+04   -1.6260200E-04   3.4522177E-05   4.2073674E+01   5.9953995E+04   6.0203058E+04   0.0000000E+00   0.0000000E+00   0.0000000E+00   0.0000000E+00   0.0000000E+00
   1.4747120E+00   5.3433579E+04   5.3433579E+04   -1.2515156E-04   2.6539623E-05   3.6115997E+01   5.3212517E+04   5.3433579E+04   0.0000000E+00   0.0000000E+00   0.0000000E+00   0.0000000E+00   0.0000000E+00
   1.5846996E+00   4.7397818E+04   4.7397818E+04   -9.3383517E-05   2.0388653E-05   3.1089706E+01   4.7201724E+04   4.7397818E+04   0.0000000E+00   0.0000000E+00   0.0000000E+00   0.0000000E+00   0.0000000E+00
   1.7029200E+00   4.2022581E+04   4.2022581E+04   -7.3889476E-05   1.5655006E-05   2.6831811E+01   4.1848723E+04   4.2022581E+04   0.0000000E+00   0.0000000E+00   0.0000000E+00   0.0000000E+00   0.0000000E+00
   1.8299686E+00   3.7239645E+04   3.7239645E+04   -5.6767033E-05   1.2014594E-05   2.3214443E+01   3.7085574E+04   3.7239645E+04   0.0000000E+00   0.0000000E+00   0.0000000E+00   0.0000000E+00   0.0000000E+00
   1.9664981E+00   3.2986333E+04   3.2986333E+04   -4.3575631E-05   9.2166635E-06   2.0128650E+01   3.2849857E+04   3.2986333E+04   0.0000000E+00   0.0000000E+00   0.0000000E+00   0.0000000E+00   0.0000000E+00
   2.1132141E+00   2.9206233E+04   2.9206233E+04   -3.3430043E-05   7.0672579E-06   1.7488992E+01   2.9085395E+04   2.9206233E+04   0.0000000E+00   0.0000000E+00   0.0000000E+00   0.0000000E+00   0.0000000E+00
   2.2708764E+00   2.5848581E+04   2.5848581E+04   -2.5771997E-05   5.4169148E-06   1.5222708E+01   2.5741635E+04   2.5848581E+04   0.0000000E+00   0.0000000E+00   0.0000000E+00   0.0000000E+00   0.0000000E+00
   2.4403016E+00   2.2867677E+04   2.2867677E+04   -1.9601979E-05   4.1503016E-06   1.3270269E+01   2.2773064E+04   2.2867677E+04   0.0000000E+00   0.0000000E+00   0.0000000E+00   0.0000000E+00   0.0000000E+00
   2.6223672E+00   2.0222632E+04   2.0222632E+04   -1.5032899E-05   3.1786633E-06   1.1583575E+01   2.0138962E+04   2.0222632E+04   0.0000000E+00   0.0000000E+00   0.0000000E+00   0.0000000E+00   0.0000000E+00
   2.8180163E+00   1.7876760E+04   1.7876760E+04   -1.1515756E-05   2.4336040E-06   1.0124345E+01   1.7802795E+04   1.7876760E+04   0.0000000E+00   0.0000000E+00   0.0000000E+00   0.0000000E+00   0.0000000E+00
   3.0282624E+00   1.5797206E+04   1.5797206E+04   -8.8165503E-06   1.8625159E-06   8.8580076E+00   1.5731845E+04   1.5797206E+04   0.0000000E+00   0.0000000E+00   0.0000000E+00   0.0000000E+00   0.0000000E+00
   3.2541945E+00   1.3954583E+04   1.3954583E+04   -6.7398942E-06   1.4249720E-06   7.7565097E+00   1.3896846E+04   1.3954583E+04   0.0000000E+00   0.0000000E+00   0.0000000E+00   0.0000000E+00   0.0000000E+00
   3.4969829E+00   1.2322625E+04   1.2322625E+04   -5.1619965E-06   1.0898582E-06   6.7972257E+00   1.2271639E+04   1.2322625E+04   0.0000000E+00   0.0000000E+00   0.0000000E+00   0.0000000E+00   0.0000000E+00
   3.7578852E+00   1.0877868E+04   1.0877868E+04   -3.9421323E-06   8.3330030E-07   5.9598221E+00   1.0832860E+04   1.0877868E+04   0.0000000E+00   0.0000000E+00   0.0000000E+00   0.0000000E+00   0.0000000E+00
   4.0382528E+00   9.5993720E+03   9.5993720E+03   -3.0121872E-06   6.3694272E-07   5.2291280E+00   9.5596542E+03   9.5993720E+03   0.0000000E+00   0.0000000E+00   0.0000000E+00   0.0000000E+00   0.0000000E+00
   4.3395381E+00   8.4684598E+03   8.4684598E+03   -2.3024978E-06   4.8671925E-07   4.5897747E+00   8.4334211E+03   8.4684598E+03   0.0000000E+00   0.0000000E+00   0.0000000E+00   0.0000000E+00   0.0000000E+00
   4.6633016E+00   7.4684855E+03   7.4684855E+03   -1.7558427E-06   3.7182734E-07   4.0298768E+00   7.4375841E+03   7.4684855E+03   0.0000000E+00   0.0000000E+00   0.0000000E+00   0.0000000E+00   0.0000000E+00
   5.0112204E+00   6.5846233E+03   6.5846233E+03   -1.3420859E-06   2.8398344E-07   3.5393568E+00   6.5573789E+03   6.5846233E+03   0.0000000E+00   0.0000000E+00   0.0000000E+00   0.0000000E+00   0.0000000E+00
   5.3850967E+00   5.8036771E+03   5.8036771E+03   -1.0248703E-06   2.1684215E-07   3.1091441E+00   5.7796639E+03   5.8036771E+03   0.0000000E+00   0.0000000E+00   0.0000000E+00   0.0000000E+00   0.0000000E+00
   5.7868670E+00   5.1139086E+03   5.1139086E+03   -7.8358438E-07   1.6553807E-07   2.7317252E+00   5.0927494E+03   5.1139086E+03   0.0000000E+00   0.0000000E+00   0.0000000E+00   0.0000000E+00   0.0000000E+00
   6.2186126E+00   4.5048823E+03   4.5048823E+03   -5.9533783E-07   1.2634705E-07   2.4002687E+00   4.4862430E+03   4.5048823E+03   0.0000000E+00   0.0000000E+00   0.0000000E+00   0.0000000E+00   0.0000000E+00
   6.6825698E+00   3.9673265E+03   3.9673265E+03   -4.5515551E-07   9.6416338E-08   2.1092676E+00   3.9509114E+03   3.9673265E+03   0.0000000E+00   0.0000000E+00   0.0000000E+00   0.0000000E+00   0.0000000E+00
   7.1811418E+00   3.4930077E+03   3.4930077E+03   -3.4630647E-07   7.3564072E-08   1.8536065E+00   3.4785550E+03   3.4930077E+03   0.0000000E+00   0.0000000E+00   0.0000000E+00   0.0000000E+00   0.0000000E+00
   7.7169112E+00   3.0746183E+03   3.0746183E+03   -2.6443529E-07   5.6119968E-08   1.6289807E+00   3.0618967E+03   3.0746183E+03   0.0000000E+00   0.0000000E+00   0.0000000E+00   0.0000000E+00   0.0000000E+00
   8.2926532E+00   2.7056760E+03   2.7056760E+03   -2.0131513E-07   4.2807488E-08   1.4314361E+00   2.6944810E+03   2.7056760E+03   0.0000000E+00   0.0000000E+00   0.0000000E+00   0.0000000E+00   0.0000000E+00
