#           k/h    CDM            baryon         photon         nu             mass_nu        total          no_nu          total_de       Weyl           v_CDM          v_b            v_b-v_c     
   9.7005824E-06   2.4063562E+06   2.4063562E+06   3.2083505E+06   2.6502664E+04   7.4058474E+03   2.4072738E+06   2.4063562E+06   0.0000000E+00   0.0000000E+00   0.0000000E+00   0.0000000E+00   0.0000000E+00
   1.0424322E-05   2.4063558E+06   2.4063558E+06   3.2083307E+06   2.6502560E+04   7.4057661E+03   2.4072734E+06   2.4063558E+06   0.0000000E+00   0.0000000E+00   0.0000000E+00   0.0000000E+00   0.0000000E+00
   1.1202058E-05   2.4063554E+06   2.4063554E+06   3.2083079E+06   2.6502439E+04   7.4056723E+03   2.4072728E+06   2.4063554E+06   0.0000000E+00   0.0000000E+00   0.0000000E+00   0.0000000E+00   0.0000000E+00
   1.2037819E-05   2.4063548E+06   2.4063548E+06   3.2082815E+06   2.6502301E+04   7.4055640E+03   2.4072722E+06   2.4063548E+06   0.0000000E+00   0.0000000E+00   0.0000000E+00   0.0000000E+00   0.0000000E+00
   1.2935935E-05   2.4063542E+06   2.4063542E+06   3.2082510E+06   2.6502140E+04   7.4054389E+03   2.4072715E+06   2.4063542E+06   0.0000000E+00   0.0000000E+00   0.0000000E+00   0.0000000E+00   0.0000000E+00
   1.3901057E-05   2.4063535E+06   2.4063535E+06   3.2082158E+06   2.6501955E+04   7.4052945E+03   2.4072707E+06   2.4063535E+06   0.0000000E+00   0.0000000E+00   0.0000000E+00   0.0000000E+00   0.0000000E+00
   1.4938184E-05   2.4063527E+06   2.4063527E+06   3.2081751E+06   2.6501741E+04   7.4051277E+03   2.4072698E+06   2.4063527E+06   0.0000000E+00   0.0000000E+00   0.0000000E+00   0.0000000E+00   0.0000000E+00
   1.6052690E-05   2.4063517E+06   2.4063517E+06   3.2081282E+06   2.6501494E+04   7.4049351E+03   2.4072687E+06   2.4063517E+06   0.0000000E+00   0.0000000E+00   0.0000000E+00   0.0000000E+00   0.0000000E+00
   1.7250346E-05   2.4063506E+06   2.4063506E+06   3.2080740E+06   2.6501209E+04   7.4047127E+03   2.4072674E+06   2.4063506E+06   0.0000000E+00   0.0000000E+00   0.0000000E+00   0.0000000E+00   0.0000000E+00
   1.8537357E-05   2.4063493E+06   2.4063493E+06   3.2080114E+06   2.6500880E+04   7.4044559E+03   2.4072660E+06   2.4063493E+06   0.0000000E+00   0.0000000E+00   0.0000000E+00   0.0000000E+00   0.0000000E+00
   1.9920389E-05   2.4063479E+06   2.4063479E+06   3.2079391E+06   2.6500499E+04   7.4041593E+03   2.4072643E+06   2.4063479E+06   0.0000000E+00   0.0000000E+00   0.0000000E+00   0.0000000E+00   0.0000000E+00
   2.1406606E-05   2.4063462E+06   2.4063462E+06   3.2078556E+06   2.6500060E+04   7.4038169E+03   2.4072624E+06   2.4063462E+06   0.0000000E+00   0.0000000E+00   0.0000000E+00   0.0000000E+00   0.0000000E+00
   2.3003706E-05   2.4063442E+06   2.4063442E+06   3.2077592E+06   2.6499553E+04   7.4034214E+03   2.4072602E+06   2.4063442E+06   0.0000000E+00   0.0000000E+00   0.0000000E+00   0.0000000E+00   0.0000000E+00
   2.4719963E-05   2.4063419E+06   2.4063419E+06   3.2076479E+06   2.6498968E+04   7.4029648E+03   2.4072576E+06   2.4063419E+06   0.0000000E+00   0.0000000E+00   0.0000000E+00   0.0000000E+00   0.0000000E+00
   2.6564265E-05   2.4063393E+06   2.4063393E+06   3.2075194E+06   2.6498291E+04   7.4024375E+03   2.4072546E+06   2.4063393E+06   0.0000000E+00   0.0000000E+00   0.0000000E+00   0.0000000E+00   0.0000000E+00
   2.8546168E-05   2.4063363E+06   2.4063363E+06   3.2073710E+06   2.6497511E+04   7.4018287E+03   2.4072512E+06   2.4063363E+06   0.0000000E+00   0.0000000E+00   0.0000000E+00   0.0000000E+00   0.0000000E+00
   3.0675935E-05   2.4063328E+06   2.4063328E+06   3.2071996E+06   2.6496609E+04   7.4011257E+03   2.4072472E+06   2.4063328E+06   0.0000000E+00   0.0000000E+00   0.0000000E+00   0.0000000E+00   0.0000000E+00
   3.2964600E-05   2.4063288E+06   2.4063288E+06   3.2070017E+06   2.6495568E+04   7.4003140E+03   2.4072427E+06   2.4063288E+06   0.0000000E+00   0.0000000E+00   0.0000000E+00   0.0000000E+00   0.0000000E+00
   3.5424017E-05   2.4063241E+06   2.4063241E+06   3.2067732E+06   2.6494366E+04   7.3993767E+03   2.4072374E+06   2.4063241E+06   0.0000000E+00   0.0000000E+00   0.0000000E+00   0.0000000E+00   0.0000000E+00
   3.8066926E-05   2.4063187E+06   2.4063187E+06   3.2065093E+06   2.6492977E+04   7.3982945E+03   2.4072313E+06   2.4063187E+06   0.0000000E+00   0.0000000E+00   0.0000000E+00   0.0000000E+00   0.0000000E+00
   4.0907017E-05   2.4063125E+06   2.4063125E+06   3.2062046E+06   2.6491374E+04   7.3970450E+03   2.4072243E+06   2.4063125E+06   0.0000000E+00   0.0000000E+00   0.0000000E+00   0.0000000E+00   0.0000000E+00
   4.3959001E-05   2.4063053E+06   2.4063053E+06   3.2058528E+06   2.6489523E+04   7.3956024E+03   2.4072161E+06   2.4063053E+06   0.0000000E+00   0.0000000E+00   0.0000000E+00   0.0000000E+00   0.0000000E+00
   4.7238686E-05   2.4062971E+06   2.4062971E+06   3.2054466E+06   2.6487386E+04   7.3939368E+03   2.4072068E+06   2.4062971E+06   0.0000000E+00   0.0000000E+00   0.0000000E+00   0.0000000E+00   0.0000000E+00
   5.0763062E-05   2.4062875E+06   2.4062875E+06   3.2049775E+06   2.6484918E+04   7.3920140E+03   2.4071959E+06   2.4062875E+06   0.0000000E+00   0.0000000E+00   0.0000000E+00   0.0000000E+00   0.0000000E+00
   5.4550384E-05   2.4062765E+06   2.4062765E+06   3.2044360E+06   2.6482068E+04   7.3897940E+03   2.4071834E+06   2.4062765E+06   0.0000000E+00   0.0000000E+00   0.0000000E+00   0.0000000E+00   0.0000000E+00
   5.8620269E-05   2.4062637E+06   2.4062637E+06   3.2038107E+06   2.6478778E+04   7.3872314E+03   2.4071690E+06   2.4062637E+06   0.0000000E+00   0.0000000E+00   0.0000000E+00   0.0000000E+00   0.0000000E+00
   6.2993800E-05   2.4062490E+06   2.4062490E+06   3.2030888E+06   2.6474979E+04   7.3842732E+03   2.4071523E+06   2.4062490E+06   0.0000000E+00   0.0000000E+00   0.0000000E+00   0.0000000E+00   0.0000000E+00
   6.7693631E-05   2.4062320E+06   2.4062320E+06   3.2022553E+06   2.6470592E+04   7.3808586E+03   2.4071330E+06   2.4062320E+06   0.0000000E+00   0.0000000E+00   0.0000000E+00   0.0000000E+00   0.0000000E+00
   7.2744106E-05   2.4062124E+06   2.4062124E+06   3.2012930E+06   2.6465528E+04   7.3769174E+03   2.4071108E+06   2.4062124E+06   0.0000000E+00   0.0000000E+00   0.0000000E+00   0.0000000E+00   0.0000000E+00
   7.8171386E-05   2.4061897E+06   2.4061897E+06   3.2001822E+06   2.6459681E+04   7.3723689E+03   2.4070851E+06   2.4061897E+06   0.0000000E+00   0.0000000E+00   0.0000000E+00   0.0000000E+00   0.0000000E+00
   8.4003583E-05   2.4061636E+06   2.4061636E+06   3.1988999E+06   2.6452930E+04   7.3671198E+03   2.4070554E+06   2.4061636E+06   0.0000000E+00   0.0000000E+00   0.0000000E+00   0.0000000E+00   0.0000000E+00
   9.0270908E-05   2.4061334E+06   2.4061334E+06   3.1974196E+06   2.6445137E+04   7.3610630E+03   2.4070212E+06   2.4061334E+06   0.0000000E+00   0.0000000E+00   0.0000000E+00   0.0000000E+00   0.0000000E+00
   9.7005824E-05   2.4060985E+06   2.4060985E+06   3.1957110E+06   2.6436141E+04   7.3540749E+03   2.4069816E+06   2.4060985E+06   0.0000000E+00   0.0000000E+00   0.0000000E+00   0.0000000E+00   0.0000000E+00
   1.0424322E-04   2.4060582E+06   2.4060582E+06   3.1937390E+06   2.6425756E+04   7.3460135E+03   2.4069360E+06   2.4060582E+06   0.0000000E+00   0.0000000E+00   0.0000000E+00   0.0000000E+00   0.0000000E+00
   1.1202058E-04   2.4060117E+06   2.4060117E+06   3.1914632E+06   2.6413770E+04   7.3367154E+03   2.4068833E+06   2.4060117E+06   0.0000000E+00   0.0000000E+00   0.0000000E+00   0.0000000E+00   0.0000000E+00
   1.2037819E-04   2.4059580E+06   2.4059580E+06   3.1888370E+06   2.6399935E+04   7.3259928E+03   2.4068224E+06   2.4059580E+06   0.0000000E+00   0.0000000E+00   0.0000000E+00   0.0000000E+00   0.0000000E+00
   1.2935935E-04   2.4058961E+06   2.4058961E+06   3.1858067E+06   2.6383968E+04   7.3136302E+03   2.4067522E+06   2.4058961E+06   0.0000000E+00   0.0000000E+00   0.0000000E+00   0.0000000E+00   0.0000000E+00
   1.3901057E-04   2.4058245E+06   2.4058245E+06   3.1823108E+06   2.6365542E+04   7.2993803E+03   2.4066711E+06   2.4058245E+06   0.0000000E+00   0.0000000E+00   0.0000000E+00   0.0000000E+00   0.0000000E+00
   1.4938184E-04   2.4057419E+06   2.4057419E+06   3.1782781E+06   2.6344281E+04   7.2829596E+03   2.4065775E+06   2.4057419E+06   0.0000000E+00   0.0000000E+00   0.0000000E+00   0.0000000E+00   0.0000000E+00
   1.6052690E-04   2.4056466E+06   2.4056466E+06   3.1736270E+06   2.6319752E+04   7.2640437E+03   2.4064695E+06   2.4056466E+06   0.0000000E+00   0.0000000E+00   0.0000000E+00   0.0000000E+00   0.0000000E+00
   1.7250346E-04   2.4055365E+06   2.4055365E+06   3.1682638E+06   2.6291456E+04   7.2422617E+03   2.4063448E+06   2.4055365E+06   0.0000000E+00   0.0000000E+00   0.0000000E+00   0.0000000E+00   0.0000000E+00
   1.8537357E-04   2.4054095E+06   2.4054095E+06   3.1620809E+06   2.6258820E+04   7.2171904E+03   2.4062009E+06   2.4054095E+06   0.0000000E+00   0.0000000E+00   0.0000000E+00   0.0000000E+00   0.0000000E+00
   1.9920389E-04   2.4052629E+06   2.4052629E+06   3.1549548E+06   2.6221185E+04   7.1883478E+03   2.4060348E+06   2.4052629E+06   0.0000000E+00   0.0000000E+00   0.0000000E+00   0.0000000E+00   0.0000000E+00
   2.1406606E-04   2.4050938E+06   2.4050938E+06   3.1467440E+06   2.6177796E+04   7.1551862E+03   2.4058431E+06   2.4050938E+06   0.0000000E+00   0.0000000E+00   0.0000000E+00   0.0000000E+00   0.0000000E+00
   2.3003706E-04   2.4048986E+06   2.4048986E+06   3.1372869E+06   2.6127785E+04   7.1170851E+03   2.4056221E+06   2.4048986E+06   0.0000000E+00   0.0000000E+00   0.0000000E+00   0.0000000E+00   0.0000000E+00
   2.4719963E-04   2.4046734E+06   2.4046734E+06   3.1263985E+06   2.6070157E+04   7.0733433E+03   2.4053670E+06   2.4046734E+06   0.0000000E+00   0.0000000E+00   0.0000000E+00   0.0000000E+00   0.0000000E+00
   2.6564265E-04   2.4044136E+06   2.4044136E+06   3.1138680E+06   2.6003777E+04   7.0231719E+03   2.4050729E+06   2.4044136E+06   0.0000000E+00   0.0000000E+00   0.0000000E+00   0.0000000E+00   0.0000000E+00
   2.8546168E-04   2.4041140E+06   2.4041140E+06   3.0994555E+06   2.5927343E+04   6.9656871E+03   2.4047336E+06   2.4041140E+06   0.0000000E+00   0.0000000E+00   0.0000000E+00   0.0000000E+00   0.0000000E+00
   3.0675935E-04   2.4037685E+06   2.4037685E+06   3.0828886E+06   2.5839372E+04   6.8999042E+03   2.4043426E+06   2.4037685E+06   0.0000000E+00   0.0000000E+00   0.0000000E+00   0.0000000E+00   0.0000000E+00
   3.2964600E-04   2.4033701E+06   2.4033701E+06   3.0638590E+06   2.5738175E+04   6.8247335E+03   2.4038918E+06   2.4033701E+06   0.0000000E+00   0.0000000E+00   0.0000000E+00   0.0000000E+00   0.0000000E+00
   3.5424017E-04   2.4029109E+06   2.4029109E+06   3.0420185E+06   2.5621835E+04   6.7389786E+03   2.4033723E+06   2.4029109E+06   0.0000000E+00   0.0000000E+00   0.0000000E+00   0.0000000E+00   0.0000000E+00
   3.8066926E-04   2.4023819E+06   2.4023819E+06   3.0169760E+06   2.5488176E+04   6.6413393E+03   2.4027740E+06   2.4023819E+06   0.0000000E+00   0.0000000E+00   0.0000000E+00   0.0000000E+00   0.0000000E+00
   4.0907017E-04   2.4017724E+06   2.4017724E+06   2.9882939E+06   2.5334743E+04   6.5304201E+03   2.4020850E+06   2.4017724E+06   0.0000000E+00   0.0000000E+00   0.0000000E+00   0.0000000E+00   0.0000000E+00
   4.3959001E-04   2.4010706E+06   2.4010706E+06   2.9554853E+06   2.5158774E+04   6.4047477E+03   2.4012921E+06   2.4010706E+06   0.0000000E+00   0.0000000E+00   0.0000000E+00   0.0000000E+00   0.0000000E+00
   4.7238686E-04   2.4002628E+06   2.4002628E+06   2.9180122E+06   2.4957172E+04   6.2627994E+03   2.4003798E+06   2.4002628E+06   0.0000000E+00   0.0000000E+00   0.0000000E+00   0.0000000E+00   0.0000000E+00
   5.0763062E-04   2.3993336E+06   2.3993336E+06   2.8752850E+06   2.4726491E+04   6.1030474E+03   2.3993310E+06   2.3993336E+06   0.0000000E+00   0.0000000E+00   0.0000000E+00   0.0000000E+00   0.0000000E+00
   5.4550384E-04   2.3982652E+06   2.3982652E+06   2.8266641E+06   2.4462910E+04   5.9240228E+03   2.3981259E+06   2.3982652E+06   0.0000000E+00   0.0000000E+00   0.0000000E+00   0.0000000E+00   0.0000000E+00
   5.8620269E-04   2.3970376E+06   2.3970376E+06   2.7714643E+06   2.4162234E+04   5.7244053E+03   2.3967424E+06   2.3970376E+06   0.0000000E+00   0.0000000E+00   0.0000000E+00   0.0000000E+00   0.0000000E+00
   6.2993800E-04   2.3956282E+06   2.3956282E+06   2.7089633E+06   2.3819898E+04   5.5031445E+03   2.3951554E+06   2.3956282E+06   0.0000000E+00   0.0000000E+00   0.0000000E+00   0.0000000E+00   0.0000000E+00
   6.7693631E-04   2.3940115E+06   2.3940115E+06   2.6384157E+06   2.3430987E+04   5.2596200E+03   2.3933369E+06   2.3940115E+06   0.0000000E+00   0.0000000E+00   0.0000000E+00   0.0000000E+00   0.0000000E+00
   7.2744106E-04   2.3921588E+06   2.3921588E+06   2.5590733E+06   2.2990294E+04   4.9938458E+03   2.3912554E+06   2.3921588E+06   0.0000000E+00   0.0000000E+00   0.0000000E+00   0.0000000E+00   0.0000000E+00
   7.8171386E-04   2.3900380E+06   2.3900380E+06   2.4702150E+06   2.2492400E+04   4.7067249E+03   2.3888761E+06   2.3900380E+06   0.0000000E+00   0.0000000E+00   0.0000000E+00   0.0000000E+00   0.0000000E+00
   8.4003583E-04   2.3876135E+06   2.3876135E+06   2.3711872E+06   2.1931807E+04   4.4003547E+03   2.3861604E+06   2.3876135E+06   0.0000000E+00   0.0000000E+00   0.0000000E+00   0.0000000E+00   0.0000000E+00
   9.0270908E-04   2.3848460E+06   2.3848460E+06   2.2614565E+06   2.1303123E+04   4.0783791E+03   2.3830661E+06   2.3848460E+06   0.0000000E+00   0.0000000E+00   0.0000000E+00   0.0000000E+00   0.0000000E+00
   9.7005824E-04   2.3816921E+06   2.3816921E+06   2.1406779E+06   2.0601319E+04   3.7463708E+03   2.3795473E+06   2.3816921E+06   0.0000000E+00   0.0000000E+00   0.0000000E+00   0.0000000E+00   0.0000000E+00
   1.0424322E-03   2.3781048E+06   2.3781048E+06   2.0087781E+06   1.9822071E+04   3.4122126E+03   2.3755545E+06   2.3781048E+06   0.0000000E+00   0.0000000E+00   0.0000000E+00   0.0000000E+00   0.0000000E+00
   1.1202058E-03   2.3740331E+06   2.3740331E+06   1.8660545E+06   1.8962189E+04   3.0864201E+03   2.3710352E+06   2.3740331E+06   0.0000000E+00   0.0000000E+00   0.0000000E+00   0.0000000E+00   0.0000000E+00
   1.2037819E-03   2.3694229E+06   2.3694229E+06   1.7132861E+06   1.8020151E+04   2.7823182E+03   2.3659342E+06   2.3694229E+06   0.0000000E+00   0.0000000E+00   0.0000000E+00   0.0000000E+00   0.0000000E+00
   1.2935935E-03   2.3642168E+06   2.3642168E+06   1.5518509E+06   1.6996734E+04   2.5159426E+03   2.3601946E+06   2.3642168E+06   0.0000000E+00   0.0000000E+00   0.0000000E+00   0.0000000E+00   0.0000000E+00
   1.3901057E-03   2.3583554E+06   2.3583554E+06   1.3838367E+06   1.5895715E+04   2.3054920E+03   2.3537587E+06   2.3583554E+06   0.0000000E+00   0.0000000E+00   0.0000000E+00   0.0000000E+00   0.0000000E+00
   1.4938184E-03   2.3517778E+06   2.3517778E+06   1.2121275E+06   1.4724611E+04   2.1701228E+03   2.3465697E+06   2.3517778E+06   0.0000000E+00   0.0000000E+00   0.0000000E+00   0.0000000E+00   0.0000000E+00
   1.6052690E-03   2.3444230E+06   2.3444230E+06   1.0404362E+06   1.3495379E+04   2.1278622E+03   2.3385727E+06   2.3444230E+06   0.0000000E+00   0.0000000E+00   0.0000000E+00   0.0000000E+00   0.0000000E+00
   1.7250346E-03   2.3362309E+06   2.3362309E+06   8.7325010E+05   1.2224954E+04   2.1924664E+03   2.3297167E+06   2.3362309E+06   0.0000000E+00   0.0000000E+00   0.0000000E+00   0.0000000E+00   0.0000000E+00
   1.8537357E-03   2.3271439E+06   2.3271439E+06   7.1564535E+05   1.0935464E+04   2.3692003E+03   2.3199559E+06   2.3271439E+06   0.0000000E+00   0.0000000E+00   0.0000000E+00   0.0000000E+00   0.0000000E+00
   1.9920389E-03   2.3171076E+06   2.3171076E+06   5.7293014E+05   9.6539186E+03   2.6498344E+03   2.3092505E+06   2.3171076E+06   0.0000000E+00   0.0000000E+00   0.0000000E+00   0.0000000E+00   0.0000000E+00
   2.1406606E-03   2.3060720E+06   2.3060720E+06   4.5009064E+05   8.4111350E+03   3.0076811E+03   2.2975672E+06   2.3060720E+06   0.0000000E+00   0.0000000E+00   0.0000000E+00   0.0000000E+00   0.0000000E+00
   2.3003706E-03   2.2939908E+06   2.2939908E+06   3.5104874E+05   7.2397113E+03   3.3942297E+03   2.2848780E+06   2.2939908E+06   0.0000000E+00   0.0000000E+00   0.0000000E+00   0.0000000E+00   0.0000000E+00
   2.4719963E-03   2.2808214E+06   2.2808214E+06   2.7780570E+05   6.1709398E+03   3.7397516E+03   2.2711578E+06   2.2808214E+06   0.0000000E+00   0.0000000E+00   0.0000000E+00   0.0000000E+00   0.0000000E+00
   2.6564265E-03   2.2665221E+06   2.2665221E+06   2.2963812E+05   5.2308056E+03   3.9607697E+03   2.2563800E+06   2.2665221E+06   0.0000000E+00   0.0000000E+00   0.0000000E+00   0.0000000E+00   0.0000000E+00
   2.8546168E-03   2.2510496E+06   2.2510496E+06   2.0261709E+05   4.4355646E+03   3.9768357E+03   2.2405112E+06   2.2510496E+06   0.0000000E+00   0.0000000E+00   0.0000000E+00   0.0000000E+00   0.0000000E+00
   3.0675935E-03   2.2343555E+06   2.2343555E+06   1.8979394E+05   3.7878620E+03   3.7366781E+03   2.2235055E+06   2.2343555E+06   0.0000000E+00   0.0000000E+00   0.0000000E+00   0.0000000E+00   0.0000000E+00
   3.2964600E-03   2.2163840E+06   2.2163840E+06   1.8236000E+05   3.2747717E+03   3.2486685E+03   2.2053004E+06   2.2163840E+06   0.0000000E+00   0.0000000E+00   0.0000000E+00   0.0000000E+00   0.0000000E+00
   3.5424017E-03   2.1970706E+06   2.1970706E+06   1.7184680E+05   2.8692515E+03   2.6030671E+03   2.1858158E+06   2.1970706E+06   0.0000000E+00   0.0000000E+00   0.0000000E+00   0.0000000E+00   0.0000000E+00
   3.8066926E-03   2.1763446E+06   2.1763446E+06   1.5293074E+05   2.5359530E+03   1.9667888E+03   2.1649597E+06   2.1763446E+06   0.0000000E+00   0.0000000E+00   0.0000000E+00   0.0000000E+00   0.0000000E+00
   4.0907017E-03   2.1541348E+06   2.1541348E+06   1.2573807E+05   2.2408013E+03   1.5327095E+03   2.1426393E+06   2.1541348E+06   0.0000000E+00   0.0000000E+00   0.0000000E+00   0.0000000E+00   0.0000000E+00
   4.3959001E-03   2.1303764E+06   2.1303764E+06   9.6085158E+04   1.9614439E+03   1.4243679E+03   2.1187748E+06   2.1303764E+06   0.0000000E+00   0.0000000E+00   0.0000000E+00   0.0000000E+00   0.0000000E+00
   4.7238686E-03   2.1050174E+06   2.1050174E+06   7.2489244E+04   1.6935843E+03   1.5967700E+03   2.0933117E+06   2.1050174E+06   0.0000000E+00   0.0000000E+00   0.0000000E+00   0.0000000E+00   0.0000000E+00
   5.0763062E-03   2.0780181E+06   2.0780181E+06   6.0591379E+04   1.4483739E+03   1.8161811E+03   2.0662211E+06   2.0780181E+06   0.0000000E+00   0.0000000E+00   0.0000000E+00   0.0000000E+00   0.0000000E+00
   5.4550384E-03   2.0493447E+06   2.0493447E+06   5.8390501E+04   1.2403237E+03   1.7946953E+03   2.0374866E+06   2.0493447E+06   0.0000000E+00   0.0000000E+00   0.0000000E+00   0.0000000E+00   0.0000000E+00
   5.8620269E-03   2.0189602E+06   2.0189602E+06   5.7075501E+04   1.0728345E+03   1.4422308E+03   2.0070847E+06   2.0189602E+06   0.0000000E+00   0.0000000E+00   0.0000000E+00   0.0000000E+00   0.0000000E+00
   6.2993800E-03   1.9868194E+06   1.9868194E+06   4.8945443E+04   9.3360087E+02   1.0125238E+03   1.9749698E+06   1.9868194E+06   0.0000000E+00   0.0000000E+00   0.0000000E+00   0.0000000E+00   0.0000000E+00
   6.7693631E-03   1.9528763E+06   1.9528763E+06   3.5884214E+04   8.0624814E+02   8.8003030E+02   1.9410833E+06   1.9528763E+06   0.0000000E+00   0.0000000E+00   0.0000000E+00   0.0000000E+00   0.0000000E+00
   7.2744106E-03   1.9170959E+06   1.9170959E+06   2.7279613E+04   6.8710880E+02   1.0548080E+03   1.9053774E+06   1.9170959E+06   0.0000000E+00   0.0000000E+00   0.0000000E+00   0.0000000E+00   0.0000000E+00
   7.8171386E-03   1.8794552E+06   1.8794552E+06   2.6683787E+04   5.8537721E+02   1.0902556E+03   1.8678279E+06   1.8794552E+06   0.0000000E+00   0.0000000E+00   0.0000000E+00   0.0000000E+00   0.0000000E+00
   8.4003583E-03   1.8399298E+06   1.8399298E+06   2.5756931E+04   5.0414427E+02   7.7009740E+02   1.8284198E+06   1.8399298E+06   0.0000000E+00   0.0000000E+00   0.0000000E+00   0.0000000E+00   0.0000000E+00
   9.0270908E-03   1.7984871E+06   1.7984871E+06   1.8948419E+04   4.3252626E+02   5.6599858E+02   1.7871284E+06   1.7984871E+06   0.0000000E+00   0.0000000E+00   0.0000000E+00   0.0000000E+00   0.0000000E+00
   9.7005824E-03   1.7551016E+06   1.7551016E+06   1.4257240E+04   3.6520497E+02   7.2479455E+02   1.7439257E+06   1.7551016E+06   0.0000000E+00   0.0000000E+00   0.0000000E+00   0.0000000E+00   0.0000000E+00
   1.0424322E-02   1.7097614E+06   1.7097614E+06   1.4917746E+04   3.1017868E+02   6.6156355E+02   1.6987907E+06   1.7097614E+06   0.0000000E+00   0.0000000E+00   0.0000000E+00   0.0000000E+00   0.0000000E+00
   1.1202058E-02   1.6624511E+06   1.6624511E+06   1.1944311E+04   2.6562044E+02   3.9752569E+02   1.6517029E+06   1.6624511E+06   0.0000000E+00   0.0000000E+00   0.0000000E+00   0.0000000E+00   0.0000000E+00
   1.2037819E-02   1.6131542E+06   1.6131542E+06   8.5627681E+03   2.2310847E+02   5.1167777E+02   1.6026529E+06   1.6131542E+06   0.0000000E+00   0.0000000E+00   0.0000000E+00   0.0000000E+00   0.0000000E+00
   1.2935935E-02   1.5618729E+06   1.5618729E+06   9.0919674E+03   1.8825938E+02   4.2835369E+02   1.5516492E+06   1.5618729E+06   0.0000000E+00   0.0000000E+00   0.0000000E+00   0.0000000E+00   0.0000000E+00
   1.3901057E-02   1.5086157E+06   1.5086157E+06   6.2304582E+03   1.5944163E+02   3.0480348E+02   1.4986878E+06   1.5086157E+06   0.0000000E+00   0.0000000E+00   0.0000000E+00   0.0000000E+00   0.0000000E+00
   1.4938184E-02   1.4534037E+06   1.4534037E+06   5.9342838E+03   1.3296082E+02   3.8253329E+02   1.4437899E+06   1.4534037E+06   0.0000000E+00   0.0000000E+00   0.0000000E+00   0.0000000E+00   0.0000000E+00
   1.6052690E-02   1.3962846E+06   1.3962846E+06   4.5595259E+03   1.1199879E+02   2.2601192E+02   1.3870112E+06   1.3962846E+06   0.0000000E+00   0.0000000E+00   0.0000000E+00   0.0000000E+00   0.0000000E+00
   1.7250346E-02   1.3373309E+06   1.3373309E+06   4.0772636E+03   9.3059438E+01   2.9339322E+02   1.3284116E+06   1.3373309E+06   0.0000000E+00   0.0000000E+00   0.0000000E+00   0.0000000E+00   0.0000000E+00
   1.8537357E-02   1.2766580E+06   1.2766580E+06   2.9876775E+03   7.7679378E+01   1.9061655E+02   1.2681157E+06   1.2766580E+06   0.0000000E+00   0.0000000E+00   0.0000000E+00   0.0000000E+00   0.0000000E+00
   1.9920388E-02   1.2144310E+06   1.2144310E+06   2.9420060E+03   6.4338147E+01   1.9405981E+02   1.2062772E+06   1.2144310E+06   0.0000000E+00   0.0000000E+00   0.0000000E+00   0.0000000E+00   0.0000000E+00
   2.1406602E-02   1.1508815E+06   1.1508815E+06   2.0096358E+03   5.3074537E+01   1.9295650E+02   1.1431345E+06   1.1508815E+06   0.0000000E+00   0.0000000E+00   0.0000000E+00   0.0000000E+00   0.0000000E+00
   2.3003681E-02   1.0863227E+06   1.0863227E+06   1.7215355E+03   4.3799487E+01   1.2305169E+02   1.0789904E+06   1.0863227E+06   0.0000000E+00   0.0000000E+00   0.0000000E+00   0.0000000E+00   0.0000000E+00
   2.4719834E-02   1.0211647E+06   1.0211647E+06   1.5837236E+03   3.5888900E+01   1.1548967E+02   1.0142573E+06   1.0211647E+06   0.0000000E+00   0.0000000E+00   0.0000000E+00   0.0000000E+00   0.0000000E+00
   2.6563692E-02   9.5593253E+05   9.5593253E+05   1.2516535E+03   2.9230721E+01   1.2619860E+02   9.4945339E+05   9.5593253E+05   0.0000000E+00   0.0000000E+00   0.0000000E+00   0.0000000E+00   0.0000000E+00
   2.8543934E-02   8.9128389E+05   8.9128389E+05   9.4396345E+02   2.3758669E+01   1.1643667E+02   8.8523188E+05   8.9128389E+05   0.0000000E+00   0.0000000E+00   0.0000000E+00   0.0000000E+00   0.0000000E+00
   3.0668265E-02   8.2802729E+05   8.2802729E+05   7.3159221E+02   1.9250640E+01   1.0051874E+02   8.2239607E+05   8.2802729E+05   0.0000000E+00   0.0000000E+00   0.0000000E+00   0.0000000E+00   0.0000000E+00
   3.2941204E-02   7.6713541E+05   7.6713541E+05   5.8696148E+02   1.5539501E+01   8.8868871E+01   7.6191117E+05   7.6713541E+05   0.0000000E+00   0.0000000E+00   0.0000000E+00   0.0000000E+00   0.0000000E+00
   3.5360284E-02   7.0972966E+05   7.0972966E+05   4.8989431E+02   1.2525985E+01   7.9648416E+01   7.0489030E+05   7.0972966E+05   0.0000000E+00   0.0000000E+00   0.0000000E+00   0.0000000E+00   0.0000000E+00
   3.7911318E-02   6.5699007E+05   6.5699007E+05   4.2373967E+02   1.0115018E+01   6.6960268E+01   6.5250551E+05   6.5699007E+05   0.0000000E+00   0.0000000E+00   0.0000000E+00   0.0000000E+00   0.0000000E+00
   4.0565610E-02   6.0994830E+05   6.0994830E+05   3.5483331E+02   8.2123982E+00   4.8856583E+01   6.0578098E+05   6.0994830E+05   0.0000000E+00   0.0000000E+00   0.0000000E+00   0.0000000E+00   0.0000000E+00
   4.3283293E-02   5.6920255E+05   5.6920255E+05   2.6741424E+02   6.7233534E+00   3.6416396E+01   5.6531049E+05   5.6920255E+05   0.0000000E+00   0.0000000E+00   0.0000000E+00   0.0000000E+00   0.0000000E+00
   4.6023522E-02   5.3471678E+05   5.3471678E+05   1.9847478E+02   5.5606882E+00   3.7844173E+01   5.3105805E+05   5.3471678E+05   0.0000000E+00   0.0000000E+00   0.0000000E+00   0.0000000E+00   0.0000000E+00
   4.8755479E-02   5.0585755E+05   5.0585755E+05   1.7262004E+02   4.6559793E+00   4.2452651E+01   5.0239432E+05   5.0585755E+05   0.0000000E+00   0.0000000E+00   0.0000000E+00   0.0000000E+00   0.0000000E+00
   5.1463183E-02   4.8162981E+05   4.8162981E+05   1.6496643E+02   3.9511840E+00   3.9743751E+01   4.7833083E+05   4.8162981E+05   0.0000000E+00   0.0000000E+00   0.0000000E+00   0.0000000E+00   0.0000000E+00
   5.4143512E-02   4.6093875E+05   4.6093875E+05   1.4932242E+02   3.3943241E+00   3.2294652E+01   4.5778017E+05   4.6093875E+05   0.0000000E+00   0.0000000E+00   0.0000000E+00   0.0000000E+00   0.0000000E+00
   5.6801512E-02   4.4276223E+05   4.4276223E+05   1.2417456E+02   2.9441936E+00   2.6705083E+01   4.3972714E+05   4.4276223E+05   0.0000000E+00   0.0000000E+00   0.0000000E+00   0.0000000E+00   0.0000000E+00
   5.9446240E-02   4.2622760E+05   4.2622760E+05   9.9726616E+01   2.5724904E+00   2.5598884E+01   4.2330494E+05   4.2622760E+05   0.0000000E+00   0.0000000E+00   0.0000000E+00   0.0000000E+00   0.0000000E+00
   6.2088133E-02   4.1063118E+05   4.1063118E+05   8.3812035E+01   2.2607133E+00   2.7435305E+01   4.0781469E+05   4.1063118E+05   0.0000000E+00   0.0000000E+00   0.0000000E+00   0.0000000E+00   0.0000000E+00
   6.4737636E-02   3.9543393E+05   3.9543393E+05   7.7508785E+01   1.9958509E+00   2.8971459E+01   3.9272103E+05   3.9543393E+05   0.0000000E+00   0.0000000E+00   0.0000000E+00   0.0000000E+00   0.0000000E+00
   6.7404602E-02   3.8025044E+05   3.8025044E+05   7.5968696E+01   1.7683130E+00   2.7517548E+01   3.7764114E+05   3.8025044E+05   0.0000000E+00   0.0000000E+00   0.0000000E+00   0.0000000E+00   0.0000000E+00
   7.0098107E-02   3.6483772E+05   3.6483772E+05   7.1761786E+01   1.5707294E+00   2.2886065E+01   3.6233368E+05   3.6483772E+05   0.0000000E+00   0.0000000E+00   0.0000000E+00   0.0000000E+00   0.0000000E+00
   7.2826453E-02   3.4908467E+05   3.4908467E+05   6.0607522E+01   1.3967661E+00   1.8248600E+01   3.4668832E+05   3.4908467E+05   0.0000000E+00   0.0000000E+00   0.0000000E+00   0.0000000E+00   0.0000000E+00
   7.5597254E-02   3.3300094E+05   3.3300094E+05   4.6766185E+01   1.2414358E+00   1.7698174E+01   3.3071463E+05   3.3300094E+05   0.0000000E+00   0.0000000E+00   0.0000000E+00   0.0000000E+00   0.0000000E+00
   7.8417539E-02   3.1670344E+05   3.1670344E+05   4.0046479E+01   1.1022731E+00   2.0637921E+01   3.1452869E+05   3.1670344E+05   0.0000000E+00   0.0000000E+00   0.0000000E+00   0.0000000E+00   0.0000000E+00
   8.1293864E-02   3.0039879E+05   3.0039879E+05   4.1379922E+01   9.7881743E-01   2.0547382E+01   2.9833572E+05   3.0039879E+05   0.0000000E+00   0.0000000E+00   0.0000000E+00   0.0000000E+00   0.0000000E+00
   8.4232406E-02   2.8436059E+05   2.8436059E+05   3.7923752E+01   8.6974670E-01   1.5654051E+01   2.8240741E+05   2.8436059E+05   0.0000000E+00   0.0000000E+00   0.0000000E+00   0.0000000E+00   0.0000000E+00
   8.7239045E-02   2.6890115E+05   2.6890115E+05   2.8086909E+01   7.7200077E-01   1.4609205E+01   2.6705395E+05   2.6890115E+05   0.0000000E+00   0.0000000E+00   0.0000000E+00   0.0000000E+00   0.0000000E+00
   9.0319437E-02   2.5433826E+05   2.5433826E+05   2.7050995E+01   6.8473758E-01   1.6627418E+01   2.5259089E+05   2.5433826E+05   0.0000000E+00   0.0000000E+00   0.0000000E+00   0.0000000E+00   0.0000000E+00
   9.3479070E-02   2.4095858E+05   2.4095858E+05   2.5527943E+01   6.0862880E-01   1.3089755E+01   2.3930297E+05   2.4095858E+05   0.0000000E+00   0.0000000E+00   0.0000000E+00   0.0000000E+00   0.0000000E+00
   9.6723311E-02   2.2898086E+05   2.2898086E+05   1.9233131E+01   5.4134780E-01   1.3645481E+01   2.2740741E+05   2.2898086E+05   0.0000000E+00   0.0000000E+00   0.0000000E+00   0.0000000E+00   0.0000000E+00
   1.0005745E-01   2.1852257E+05   2.1852257E+05   2.0896037E+01   4.8275234E-01   1.2349886E+01   2.1702085E+05   2.1852257E+05   0.0000000E+00   0.0000000E+00   0.0000000E+00   0.0000000E+00   0.0000000E+00
   1.0348671E-01   2.0957514E+05   2.0957514E+05   1.5206936E+01   4.3147508E-01   1.1972871E+01   2.0813478E+05   2.0957514E+05   0.0000000E+00   0.0000000E+00   0.0000000E+00   0.0000000E+00   0.0000000E+00
   1.0701631E-01   2.0199252E+05   2.0199252E+05   1.6889215E+01   3.8683009E-01   1.1126202E+01   2.0060417E+05   2.0199252E+05   0.0000000E+00   0.0000000E+00   0.0000000E+00   0.0000000E+00   0.0000000E+00
   1.1065146E-01   1.9549776E+05   1.9549776E+05   1.2783158E+01   3.4762069E-01   1.1869140E+01   1.9415396E+05   1.9549776E+05   0.0000000E+00   0.0000000E+00   0.0000000E+00   0.0000000E+00   0.0000000E+00
   1.1439738E-01   1.8970999E+05   1.8970999E+05   1.2602640E+01   3.1346276E-01   9.4589444E+00   1.8840588E+05   1.8970999E+05   0.0000000E+00   0.0000000E+00   0.0000000E+00   0.0000000E+00   0.0000000E+00
   1.1825931E-01   1.8419175E+05   1.8419175E+05   1.2335647E+01   2.8257714E-01   1.0655745E+01   1.8292549E+05   1.8419175E+05   0.0000000E+00   0.0000000E+00   0.0000000E+00   0.0000000E+00   0.0000000E+00
   1.2224253E-01   1.7851255E+05   1.7851255E+05   1.0170231E+01   2.5497117E-01   1.0552168E+01   1.7728526E+05   1.7851255E+05   0.0000000E+00   0.0000000E+00   0.0000000E+00   0.0000000E+00   0.0000000E+00
   1.2635238E-01   1.7232001E+05   1.7232001E+05   8.7632024E+00   2.2976308E-01   9.5989809E+00   1.7113523E+05   1.7232001E+05   0.0000000E+00   0.0000000E+00   0.0000000E+00   0.0000000E+00   0.0000000E+00
   1.3059423E-01   1.6540618E+05   1.6540618E+05   7.9393194E+00   2.0655208E-01   8.8329642E+00   1.6426888E+05   1.6540618E+05   0.0000000E+00   0.0000000E+00   0.0000000E+00   0.0000000E+00   0.0000000E+00
   1.3497352E-01   1.5775416E+05   1.5775416E+05   7.1975103E+00   1.8501505E-01   8.3624777E+00   1.5666942E+05   1.5775416E+05   0.0000000E+00   0.0000000E+00   0.0000000E+00   0.0000000E+00   0.0000000E+00
   1.3949575E-01   1.4955087E+05   1.4955087E+05   6.4157762E+00   1.6522238E-01   7.7298869E+00   1.4852249E+05   1.4955087E+05   0.0000000E+00   0.0000000E+00   0.0000000E+00   0.0000000E+00   0.0000000E+00
   1.4416649E-01   1.4115630E+05   1.4115630E+05   5.5838695E+00   1.4706347E-01   7.3311631E+00   1.4018561E+05   1.4115630E+05   0.0000000E+00   0.0000000E+00   0.0000000E+00   0.0000000E+00   0.0000000E+00
   1.4899139E-01   1.3302878E+05   1.3302878E+05   4.8118344E+00   1.3065895E-01   7.1527102E+00   1.3211393E+05   1.3302878E+05   0.0000000E+00   0.0000000E+00   0.0000000E+00   0.0000000E+00   0.0000000E+00
   1.5397617E-01   1.2561724E+05   1.2561724E+05   4.3825913E+00   1.1609856E-01   7.0794325E+00   1.2475333E+05   1.2561724E+05   0.0000000E+00   0.0000000E+00   0.0000000E+00   0.0000000E+00   0.0000000E+00
   1.5912662E-01   1.1924440E+05   1.1924440E+05   4.3081590E+00   1.0337763E-01   6.6527676E+00   1.1842429E+05   1.1924440E+05   0.0000000E+00   0.0000000E+00   0.0000000E+00   0.0000000E+00   0.0000000E+00
   1.6444867E-01   1.1401269E+05   1.1401269E+05   3.7291171E+00   9.2372197E-02   5.8512660E+00   1.1322853E+05   1.1401269E+05   0.0000000E+00   0.0000000E+00   0.0000000E+00   0.0000000E+00   0.0000000E+00
   1.6994830E-01   1.0976557E+05   1.0976557E+05   3.1204011E+00   8.2804712E-02   5.9828351E+00   1.0901061E+05   1.0976557E+05   0.0000000E+00   0.0000000E+00   0.0000000E+00   0.0000000E+00   0.0000000E+00
   1.7563166E-01   1.0612545E+05   1.0612545E+05   3.1563303E+00   7.4462451E-02   5.5147570E+00   1.0539550E+05   1.0612545E+05   0.0000000E+00   0.0000000E+00   0.0000000E+00   0.0000000E+00   0.0000000E+00
   1.8150499E-01   1.0260695E+05   1.0260695E+05   2.5944670E+00   6.6990768E-02   5.6329533E+00   1.0190118E+05   1.0260695E+05   0.0000000E+00   0.0000000E+00   0.0000000E+00   0.0000000E+00   0.0000000E+00
   1.8757472E-01   9.8776189E+04   9.8776189E+04   2.4113194E+00   6.0204231E-02   5.0534848E+00   9.8096749E+04   9.8776189E+04   0.0000000E+00   0.0000000E+00   0.0000000E+00   0.0000000E+00   0.0000000E+00
   1.9384741E-01   9.4402528E+04   9.4402528E+04   2.2977000E+00   5.3895784E-02   5.0149222E+00   9.3753159E+04   9.4402528E+04   0.0000000E+00   0.0000000E+00   0.0000000E+00   0.0000000E+00   0.0000000E+00
   2.0032988E-01   8.9541800E+04   8.9541800E+04   2.0038277E+00   4.8054719E-02   4.8636103E+00   8.8925852E+04   8.9541800E+04   0.0000000E+00   0.0000000E+00   0.0000000E+00   0.0000000E+00   0.0000000E+00
   2.0702913E-01   8.4508280E+04   8.4508280E+04   1.7457437E+00   4.2705343E-02   4.5447681E+00   8.3926943E+04   8.4508280E+04   0.0000000E+00   0.0000000E+00   0.0000000E+00   0.0000000E+00   0.0000000E+00
   2.1395248E-01   7.9735425E+04   7.9735425E+04   1.5554716E+00   3.7909783E-02   4.2308150E+00   7.9186912E+04   7.9735425E+04   0.0000000E+00   0.0000000E+00   0.0000000E+00   0.0000000E+00   0.0000000E+00
   2.2110754E-01   7.5578390E+04   7.5578390E+04   1.3865884E+00   3.3708109E-02   3.9270700E+00   7.5058463E+04   7.5578390E+04   0.0000000E+00   0.0000000E+00   0.0000000E+00   0.0000000E+00   0.0000000E+00
   2.2850230E-01   7.2148776E+04   7.2148776E+04   1.1849512E+00   3.0076264E-02   3.6844541E+00   7.1652434E+04   7.2148776E+04   0.0000000E+00   0.0000000E+00   0.0000000E+00   0.0000000E+00   0.0000000E+00
   2.3614518E-01   6.9268443E+04   6.9268443E+04   1.0502877E+00   2.6915106E-02   3.6773648E+00   6.8791908E+04   6.9268443E+04   0.0000000E+00   0.0000000E+00   0.0000000E+00   0.0000000E+00   0.0000000E+00
   2.4404508E-01   6.6575460E+04   6.6575460E+04   1.0004070E+00   2.4121139E-02   3.4989135E+00   6.6117444E+04   6.6575460E+04   0.0000000E+00   0.0000000E+00   0.0000000E+00   0.0000000E+00   0.0000000E+00
   2.5221150E-01   6.3731385E+04   6.3731385E+04   8.5093931E-01   2.1583235E-02   3.3971991E+00   6.3292928E+04   6.3731385E+04   0.0000000E+00   0.0000000E+00   0.0000000E+00   0.0000000E+00   0.0000000E+00
   2.6065459E-01   6.0611669E+04   6.0611669E+04   7.6543165E-01   1.9249007E-02   3.1355836E+00   6.0194669E+04   6.0611669E+04   0.0000000E+00   0.0000000E+00   0.0000000E+00   0.0000000E+00   0.0000000E+00
   2.6938527E-01   5.7359517E+04   5.7359517E+04   6.9963203E-01   1.7109983E-02   2.9905319E+00   5.6964887E+04   5.7359517E+04   0.0000000E+00   0.0000000E+00   0.0000000E+00   0.0000000E+00   0.0000000E+00
   2.7841533E-01   5.4264137E+04   5.4264137E+04   6.2127458E-01   1.5194792E-02   2.8348129E+00   5.3890798E+04   5.4264137E+04   0.0000000E+00   0.0000000E+00   0.0000000E+00   0.0000000E+00   0.0000000E+00
   2.8775760E-01   5.1544997E+04   5.1544997E+04   5.4403479E-01   1.3515260E-02   2.6663362E+00   5.1190362E+04   5.1544997E+04   0.0000000E+00   0.0000000E+00   0.0000000E+00   0.0000000E+00   0.0000000E+00
   2.9742608E-01   4.9199069E+04   4.9199069E+04   4.7536372E-01   1.2049684E-02   2.5692880E+00   4.8860571E+04   4.9199069E+04   0.0000000E+00   0.0000000E+00   0.0000000E+00   0.0000000E+00   0.0000000E+00
   3.0743611E-01   4.7027970E+04   4.7027970E+04   4.3713542E-01   1.0754955E-02   2.4707046E+00   4.6704406E+04   4.7027970E+04   0.0000000E+00   0.0000000E+00   0.0000000E+00   0.0000000E+00   0.0000000E+00
   3.1780463E-01   4.4819680E+04   4.4819680E+04   3.7956865E-01   9.5869443E-03   2.3248653E+00   4.4511307E+04   4.4819680E+04   0.0000000E+00   0.0000000E+00   0.0000000E+00   0.0000000E+00   0.0000000E+00
   3.2855039E-01   4.2525133E+04   4.2525133E+04   3.4562198E-01   8.5220431E-03   2.1893674E+00   4.2232544E+04   4.2525133E+04   0.0000000E+00   0.0000000E+00   0.0000000E+00   0.0000000E+00   0.0000000E+00
   3.3969425E-01   4.0271000E+04   4.0271000E+04   3.0663854E-01   7.5613436E-03   2.0928207E+00   3.9993919E+04   4.0271000E+04   0.0000000E+00   0.0000000E+00   0.0000000E+00   0.0000000E+00   0.0000000E+00
   3.5125955E-01   3.8205391E+04   3.8205391E+04   2.7179533E-01   6.7107628E-03   1.9874281E+00   3.7942520E+04   3.8205391E+04   0.0000000E+00   0.0000000E+00   0.0000000E+00   0.0000000E+00   0.0000000E+00
   3.6327251E-01   3.6342103E+04   3.6342103E+04   2.3831131E-01   5.9614591E-03   1.8913060E+00   3.6092050E+04   3.6342103E+04   0.0000000E+00   0.0000000E+00   0.0000000E+00   0.0000000E+00   0.0000000E+00
   3.7576278E-01   3.4568378E+04   3.4568378E+04   2.1296447E-01   5.2948795E-03   1.8083236E+00   3.4330528E+04   3.4568378E+04   0.0000000E+00   0.0000000E+00   0.0000000E+00   0.0000000E+00   0.0000000E+00
   3.8876401E-01   3.2792510E+04   3.2792510E+04   1.8736956E-01   4.6937678E-03   1.7038760E+00   3.2566877E+04   3.2792510E+04   0.0000000E+00   0.0000000E+00   0.0000000E+00   0.0000000E+00   0.0000000E+00
   4.0231466E-01   3.1041998E+04   3.1041998E+04   1.6547225E-01   4.1523488E-03   1.6151669E+00   3.0828408E+04   3.1041998E+04   0.0000000E+00   0.0000000E+00   0.0000000E+00   0.0000000E+00   0.0000000E+00
   4.1645892E-01   2.9395214E+04   2.9395214E+04   1.4673468E-01   3.6699625E-03   1.5243012E+00   2.9192954E+04   2.9395214E+04   0.0000000E+00   0.0000000E+00   0.0000000E+00   0.0000000E+00   0.0000000E+00
   4.3124788E-01   2.7859470E+04   2.7859470E+04   1.3040208E-01   3.2419379E-03   1.4470743E+00   2.7667776E+04   2.7859470E+04   0.0000000E+00   0.0000000E+00   0.0000000E+00   0.0000000E+00   0.0000000E+00
   4.4674102E-01   2.6374946E+04   2.6374946E+04   1.1505305E-01   2.8597785E-03   1.3639904E+00   2.6193465E+04   2.6374946E+04   0.0000000E+00   0.0000000E+00   0.0000000E+00   0.0000000E+00   0.0000000E+00
   4.6300805E-01   2.4917665E+04   2.4917665E+04   1.0104169E-01   2.5158730E-03   1.2920809E+00   2.4746210E+04   2.4917665E+04   0.0000000E+00   0.0000000E+00   0.0000000E+00   0.0000000E+00   0.0000000E+00
   4.8013132E-01   2.3520124E+04   2.3520124E+04   8.8468877E-02   2.2087323E-03   1.2217277E+00   2.3358285E+04   2.3520124E+04   0.0000000E+00   0.0000000E+00   0.0000000E+00   0.0000000E+00   0.0000000E+00
   4.9820877E-01   2.2191736E+04   2.2191736E+04   7.7469400E-02   1.9350890E-03   1.1440029E+00   2.2039038E+04   2.2191736E+04   0.0000000E+00   0.0000000E+00   0.0000000E+00   0.0000000E+00   0.0000000E+00
   5.1735792E-01   2.0903956E+04   2.0903956E+04   6.7863798E-02   1.6904176E-03   1.0837120E+00   2.0760118E+04   2.0903956E+04   0.0000000E+00   0.0000000E+00   0.0000000E+00   0.0000000E+00   0.0000000E+00
   5.3772083E-01   1.9651822E+04   1.9651822E+04   5.9024760E-02   1.4714318E-03   1.0035978E+00   1.9516599E+04   1.9651822E+04   0.0000000E+00   0.0000000E+00   0.0000000E+00   0.0000000E+00   0.0000000E+00
   5.5947058E-01   1.8446675E+04   1.8446675E+04   5.1117928E-02   1.2753281E-03   9.5199598E-01   1.8319744E+04   1.8446675E+04   0.0000000E+00   0.0000000E+00   0.0000000E+00   0.0000000E+00   0.0000000E+00
   5.8281962E-01   1.7277585E+04   1.7277585E+04   4.4138257E-02   1.1009116E-03   8.9088335E-01   1.7158698E+04   1.7277585E+04   0.0000000E+00   0.0000000E+00   0.0000000E+00   0.0000000E+00   0.0000000E+00
   6.0803015E-01   1.6138619E+04   1.6138619E+04   3.7885531E-02   9.4490953E-04   8.2473073E-01   1.6027569E+04   1.6138619E+04   0.0000000E+00   0.0000000E+00   0.0000000E+00   0.0000000E+00   0.0000000E+00
   6.3542695E-01   1.5031614E+04   1.5031614E+04   3.2311516E-02   8.0563775E-04   7.7451733E-01   1.4928181E+04   1.5031614E+04   0.0000000E+00   0.0000000E+00   0.0000000E+00   0.0000000E+00   0.0000000E+00
   6.6541183E-01   1.3950161E+04   1.3950161E+04   2.7346333E-02   6.8176179E-04   7.2601977E-01   1.3854169E+04   1.3950161E+04   0.0000000E+00   0.0000000E+00   0.0000000E+00   0.0000000E+00   0.0000000E+00
   6.9847792E-01   1.2893624E+04   1.2893624E+04   2.2933448E-02   5.7190087E-04   6.6699216E-01   1.2804902E+04   1.2893624E+04   0.0000000E+00   0.0000000E+00   0.0000000E+00   0.0000000E+00   0.0000000E+00
   7.3521828E-01   1.1860191E+04   1.1860191E+04   1.9041289E-02   4.7485709E-04   6.1227984E-01   1.1778580E+04   1.1860191E+04   0.0000000E+00   0.0000000E+00   0.0000000E+00   0.0000000E+00   0.0000000E+00
   7.7631874E-01   1.0850913E+04   1.0850913E+04   1.5625038E-02   3.8962352E-04   5.5894897E-01   1.0776247E+04   1.0850913E+04   0.0000000E+00   0.0000000E+00   0.0000000E+00   0.0000000E+00   0.0000000E+00
   8.2251884E-01   9.8688297E+03   9.8688297E+03   1.2659321E-02   3.1567331E-04   5.0808903E-01   9.8009210E+03   9.8688297E+03   0.0000000E+00   0.0000000E+00   0.0000000E+00   0.0000000E+00   0.0000000E+00
   8.7452671E-01   8.9207477E+03   8.9207477E+03   1.0122518E-02   2.5240021E-04   4.6341195E-01   8.8593627E+03   8.9207477E+03   0.0000000E+00   0.0000000E+00   0.0000000E+00   0.0000000E+00   0.0000000E+00
   9.3289705E-01   8.0166817E+03   8.0166817E+03   7.9938531E-03   1.9930660E-04   4.1804960E-01   7.9615177E+03   8.0166817E+03   0.0000000E+00   0.0000000E+00   0.0000000E+00   0.0000000E+00   0.0000000E+00
   9.9792965E-01   7.1682222E+03   7.1682222E+03   6.2465744E-03   1.5577070E-04   3.6877707E-01   7.1188964E+03   7.1682222E+03   0.0000000E+00   0.0000000E+00   0.0000000E+00   0.0000000E+00   0.0000000E+00
   1.0696728E+00   6.3851386E+03   6.3851386E+03   4.8428022E-03   1.2075508E-04   3.3009988E-01   6.3412013E+03   6.3851386E+03   0.0000000E+00   0.0000000E+00   0.0000000E+00   0.0000000E+00   0.0000000E+00
   1.1480528E+00   5.6727437E+03   5.6727437E+03   3.7350598E-03   9.3141593E-05   2.9163292E-01   5.6337084E+03   5.6727437E+03   0.0000000E+00   0.0000000E+00   0.0000000E+00   0.0000000E+00   0.0000000E+00
   1.2330424E+00   5.0316508E+03   5.0316508E+03   2.8719788E-03   7.1616969E-05   2.5872755E-01   4.9970269E+03   5.0316508E+03   0.0000000E+00   0.0000000E+00   0.0000000E+00   0.0000000E+00   0.0000000E+00
   1.3247635E+00   4.4586220E+03   4.4586220E+03   2.2047001E-03   5.4976574E-05   2.3007485E-01   4.4279412E+03   4.4586220E+03   0.0000000E+00   0.0000000E+00   0.0000000E+00   0.0000000E+00   0.0000000E+00
   1.4235019E+00   3.9481968E+03   3.9481968E+03   1.6908610E-03   4.2165521E-05   2.0346181E-01   3.9210283E+03   3.9481968E+03   0.0000000E+00   0.0000000E+00   0.0000000E+00   0.0000000E+00   0.0000000E+00
   1.5296746E+00   3.4944933E+03   3.4944933E+03   1.2960142E-03   3.2317191E-05   1.8008793E-01   3.4704469E+03   3.4944933E+03   0.0000000E+00   0.0000000E+00   0.0000000E+00   0.0000000E+00   0.0000000E+00
   1.6437916E+00   3.0915913E+03   3.0915913E+03   9.9291363E-04   2.4759196E-05   1.5934545E-01   3.0703173E+03   3.0915913E+03   0.0000000E+00   0.0000000E+00   0.0000000E+00   0.0000000E+00   0.0000000E+00
   1.7664292E+00   2.7340567E+03   2.7340567E+03   7.6039246E-04   1.8962102E-05   1.4043001E-01   2.7152430E+03   2.7340567E+03   0.0000000E+00   0.0000000E+00   0.0000000E+00   0.0000000E+00   0.0000000E+00
   1.8982182E+00   2.4169508E+03   2.4169508E+03   5.8209953E-04   1.4515568E-05   1.2457608E-01   2.4003192E+03   2.4169508E+03   0.0000000E+00   0.0000000E+00   0.0000000E+00   0.0000000E+00   0.0000000E+00
   2.0398401E+00   2.1358416E+03   2.1358416E+03   4.4544883E-04   1.1107958E-05   1.1009870E-01   2.1211444E+03   2.1358416E+03   0.0000000E+00   0.0000000E+00   0.0000000E+00   0.0000000E+00   0.0000000E+00
   2.1920281E+00   1.8867512E+03   1.8867512E+03   3.4075556E-04   8.4974450E-06   9.7096136E-02   1.8737680E+03   1.8867512E+03   0.0000000E+00   0.0000000E+00   0.0000000E+00   0.0000000E+00   0.0000000E+00
   2.3555705E+00   1.6661389E+03   1.6661389E+03   2.6057910E-04   6.4983239E-06   8.5773985E-02   1.6546738E+03   1.6661389E+03   0.0000000E+00   0.0000000E+00   0.0000000E+00   0.0000000E+00   0.0000000E+00
   2.5313145E+00   1.4708273E+03   1.4708273E+03   1.9921244E-04   4.9677105E-06   7.5633404E-02   1.4607062E+03   1.4708273E+03   0.0000000E+00   0.0000000E+00   0.0000000E+00   0.0000000E+00   0.0000000E+00
   2.7201704E+00   1.2979880E+03   1.2979880E+03   1.5239466E-04   3.7963811E-06   6.6838847E-02   1.2890562E+03   1.2979880E+03   0.0000000E+00   0.0000000E+00   0.0000000E+00   0.0000000E+00   0.0000000E+00
   2.9231164E+00   1.1450977E+03   1.1450977E+03   1.1634523E-04   2.9003781E-06   5.8812046E-02   1.1372180E+03   1.1450977E+03   0.0000000E+00   0.0000000E+00   0.0000000E+00   0.0000000E+00   0.0000000E+00
   3.1412038E+00   1.0099064E+03   1.0099064E+03   8.8838852E-05   2.2150384E-06   5.2130893E-02   1.0029569E+03   1.0099064E+03   0.0000000E+00   0.0000000E+00   0.0000000E+00   0.0000000E+00   0.0000000E+00
   3.3755622E+00   8.9041010E+02   8.9041010E+02   6.7823187E-05   1.6912332E-06   4.5900970E-02   8.8428295E+02   8.9041010E+02   0.0000000E+00   0.0000000E+00   0.0000000E+00   0.0000000E+00   0.0000000E+00
   3.6274055E+00   7.8482553E+02   7.8482553E+02   5.1765900E-05   1.2909868E-06   4.0386082E-02   7.7942494E+02   7.8482553E+02   0.0000000E+00   0.0000000E+00   0.0000000E+00   0.0000000E+00   0.0000000E+00
   3.8980384E+00   6.9156620E+02   6.9156620E+02   3.9499655E-05   9.8514083E-07   3.5592767E-02   6.8680735E+02   6.9156620E+02   0.0000000E+00   0.0000000E+00   0.0000000E+00   0.0000000E+00   0.0000000E+00
   4.1888626E+00   6.0922171E+02   6.0922171E+02   3.0132003E-05   7.5158165E-07   3.1226535E-02   6.0502949E+02   6.0922171E+02   0.0000000E+00   0.0000000E+00   0.0000000E+00   0.0000000E+00   0.0000000E+00
   4.5013845E+00   5.3653887E+02   5.3653887E+02   2.2979916E-05   5.7320258E-07   2.7613194E-02   5.3284680E+02   5.3653887E+02   0.0000000E+00   0.0000000E+00   0.0000000E+00   0.0000000E+00   0.0000000E+00
   4.8372230E+00   4.7240486E+02   4.7240486E+02   1.7520949E-05   4.3704992E-07   2.4380396E-02   4.6915411E+02   4.7240486E+02   0.0000000E+00   0.0000000E+00   0.0000000E+00   0.0000000E+00   0.0000000E+00
   5.1981177E+00   4.1583197E+02   4.1583197E+02   1.3353613E-05   3.3319830E-07   2.1339797E-02   4.1297052E+02   4.1583197E+02   0.0000000E+00   0.0000000E+00   0.0000000E+00   0.0000000E+00   0.0000000E+00
   5.5859380E+00   3.6594403E+02   3.6594403E+02   1.0181489E-05   2.5393953E-07   1.8862443E-02   3.6342587E+02   3.6594403E+02   0.0000000E+00   0.0000000E+00   0.0000000E+00   0.0000000E+00   0.0000000E+00
   6.0026927E+00   3.2196415E+02   3.2196415E+02   7.7555183E-06   1.9349196E-07   1.6550788E-02   3.1974862E+02   3.2196415E+02   0.0000000E+00   0.0000000E+00   0.0000000E+00   0.0000000E+00   0.0000000E+00
   6.4505406E+00   2.8320382E+02   2.8320382E+02   5.9071382E-06   1.4741684E-07   1.4490887E-02   2.8125502E+02   2.8320382E+02   0.0000000E+00   0.0000000E+00   0.0000000E+00   0.0000000E+00   0.0000000E+00
   6.9318014E+00   2.4905314E+02   2.4905314E+02   4.4983767E-06   1.1227414E-07   1.2796305E-02   2.4733934E+02   2.4905314E+02   0.0000000E+00   0.0000000E+00   0.0000000E+00   0.0000000E+00   0.0000000E+00
   7.4489681E+00   2.1897210E+02   2.1897210E+02   3.4248708E-06   8.5496934E-08   1.1261810E-02   2.1746529E+02   2.1897210E+02   0.0000000E+00   0.0000000E+00   0.0000000E+00   0.0000000E+00   0.0000000E+00
   8.0047194E+00   1.9248272E+02   1.9248272E+02   2.6096314E-06   6.5092847E-08   9.8885106E-03   1.9115819E+02   1.9248272E+02   0.0000000E+00   0.0000000E+00   0.0000000E+00   0.0000000E+00   0.0000000E+00
