#           k/h    CDM            baryon         photon         nu             mass_nu        total          no_nu          total_de       Weyl           v_CDM          v_b            v_b-v_c     
   1.0624863E-05   1.0139797E+06   1.0139797E+06   1.3519375E+06   9.6510938E+03   1.2879744E+03   1.0143799E+06   1.0139797E+06   0.0000000E+00   0.0000000E+00   0.0000000E+00   0.0000000E+00   0.0000000E+00
   1.1417561E-05   1.0139796E+06   1.0139796E+06   1.3519319E+06   9.6510675E+03   1.2879600E+03   1.0143797E+06   1.0139796E+06   0.0000000E+00   0.0000000E+00   0.0000000E+00   0.0000000E+00   0.0000000E+00
   1.2269401E-05   1.0139795E+06   1.0139795E+06   1.3519253E+06   9.6510370E+03   1.2879434E+03   1.0143796E+06   1.0139795E+06   0.0000000E+00   0.0000000E+00   0.0000000E+00   0.0000000E+00   0.0000000E+00
   1.3184794E-05   1.0139794E+06   1.0139794E+06   1.3519178E+06   9.6510019E+03   1.2879242E+03   1.0143795E+06   1.0139794E+06   0.0000000E+00   0.0000000E+00   0.0000000E+00   0.0000000E+00   0.0000000E+00
   1.4168483E-05   1.0139792E+06   1.0139792E+06   1.3519092E+06   9.6509613E+03   1.2879020E+03   1.0143793E+06   1.0139792E+06   0.0000000E+00   0.0000000E+00   0.0000000E+00   0.0000000E+00   0.0000000E+00
   1.5225563E-05   1.0139791E+06   1.0139791E+06   1.3518992E+06   9.6509145E+03   1.2878765E+03   1.0143791E+06   1.0139791E+06   0.0000000E+00   0.0000000E+00   0.0000000E+00   0.0000000E+00   0.0000000E+00
   1.6361509E-05   1.0139789E+06   1.0139789E+06   1.3518876E+06   9.6508603E+03   1.2878469E+03   1.0143788E+06   1.0139789E+06   0.0000000E+00   0.0000000E+00   0.0000000E+00   0.0000000E+00   0.0000000E+00
   1.7582206E-05   1.0139786E+06   1.0139786E+06   1.3518742E+06   9.6507979E+03   1.2878128E+03   1.0143786E+06   1.0139786E+06   0.0000000E+00   0.0000000E+00   0.0000000E+00   0.0000000E+00   0.0000000E+00
   1.8893976E-05   1.0139783E+06   1.0139783E+06   1.3518588E+06   9.6507257E+03   1.2877734E+03   1.0143783E+06   1.0139783E+06   0.0000000E+00   0.0000000E+00   0.0000000E+00   0.0000000E+00   0.0000000E+00
   2.0303614E-05   1.0139780E+06   1.0139780E+06   1.3518410E+06   9.6506424E+03   1.2877280E+03   1.0143779E+06   1.0139780E+06   0.0000000E+00   0.0000000E+00   0.0000000E+00   0.0000000E+00   0.0000000E+00
   2.1818423E-05   1.0139777E+06   1.0139777E+06   1.3518204E+06   9.6505462E+03   1.2876754E+03   1.0143775E+06   1.0139777E+06   0.0000000E+00   0.0000000E+00   0.0000000E+00   0.0000000E+00   0.0000000E+00
   2.3446248E-05   1.0139772E+06   1.0139772E+06   1.3517967E+06   9.6504351E+03   1.2876148E+03   1.0143770E+06   1.0139772E+06   0.0000000E+00   0.0000000E+00   0.0000000E+00   0.0000000E+00   0.0000000E+00
   2.5195522E-05   1.0139767E+06   1.0139767E+06   1.3517693E+06   9.6503068E+03   1.2875448E+03   1.0143765E+06   1.0139767E+06   0.0000000E+00   0.0000000E+00   0.0000000E+00   0.0000000E+00   0.0000000E+00
   2.7075305E-05   1.0139762E+06   1.0139762E+06   1.3517376E+06   9.6501587E+03   1.2874639E+03   1.0143758E+06   1.0139762E+06   0.0000000E+00   0.0000000E+00   0.0000000E+00   0.0000000E+00   0.0000000E+00
   2.9095335E-05   1.0139755E+06   1.0139755E+06   1.3517011E+06   9.6499876E+03   1.2873705E+03   1.0143751E+06   1.0139755E+06   0.0000000E+00   0.0000000E+00   0.0000000E+00   0.0000000E+00   0.0000000E+00
   3.1266074E-05   1.0139748E+06   1.0139748E+06   1.3516588E+06   9.6497901E+03   1.2872627E+03   1.0143742E+06   1.0139748E+06   0.0000000E+00   0.0000000E+00   0.0000000E+00   0.0000000E+00   0.0000000E+00
   3.3598768E-05   1.0139739E+06   1.0139739E+06   1.3516101E+06   9.6495619E+03   1.2871382E+03   1.0143733E+06   1.0139739E+06   0.0000000E+00   0.0000000E+00   0.0000000E+00   0.0000000E+00   0.0000000E+00
   3.6105499E-05   1.0139729E+06   1.0139729E+06   1.3515538E+06   9.6492985E+03   1.2869944E+03   1.0143721E+06   1.0139729E+06   0.0000000E+00   0.0000000E+00   0.0000000E+00   0.0000000E+00   0.0000000E+00
   3.8799252E-05   1.0139717E+06   1.0139717E+06   1.3514888E+06   9.6489944E+03   1.2868284E+03   1.0143708E+06   1.0139717E+06   0.0000000E+00   0.0000000E+00   0.0000000E+00   0.0000000E+00   0.0000000E+00
   4.1693980E-05   1.0139704E+06   1.0139704E+06   1.3514137E+06   9.6486431E+03   1.2866367E+03   1.0143693E+06   1.0139704E+06   0.0000000E+00   0.0000000E+00   0.0000000E+00   0.0000000E+00   0.0000000E+00
   4.4804678E-05   1.0139688E+06   1.0139688E+06   1.3513270E+06   9.6482375E+03   1.2864153E+03   1.0143676E+06   1.0139688E+06   0.0000000E+00   0.0000000E+00   0.0000000E+00   0.0000000E+00   0.0000000E+00
   4.8147457E-05   1.0139671E+06   1.0139671E+06   1.3512269E+06   9.6477692E+03   1.2861598E+03   1.0143655E+06   1.0139671E+06   0.0000000E+00   0.0000000E+00   0.0000000E+00   0.0000000E+00   0.0000000E+00
   5.1739635E-05   1.0139650E+06   1.0139650E+06   1.3511113E+06   9.6472283E+03   1.2858647E+03   1.0143632E+06   1.0139650E+06   0.0000000E+00   0.0000000E+00   0.0000000E+00   0.0000000E+00   0.0000000E+00
   5.5599816E-05   1.0139626E+06   1.0139626E+06   1.3509779E+06   9.6466038E+03   1.2855240E+03   1.0143605E+06   1.0139626E+06   0.0000000E+00   0.0000000E+00   0.0000000E+00   0.0000000E+00   0.0000000E+00
   5.9747998E-05   1.0139599E+06   1.0139599E+06   1.3508238E+06   9.6458827E+03   1.2851307E+03   1.0143574E+06   1.0139599E+06   0.0000000E+00   0.0000000E+00   0.0000000E+00   0.0000000E+00   0.0000000E+00
   6.4205666E-05   1.0139567E+06   1.0139567E+06   1.3506459E+06   9.6450501E+03   1.2846765E+03   1.0143538E+06   1.0139567E+06   0.0000000E+00   0.0000000E+00   0.0000000E+00   0.0000000E+00   0.0000000E+00
   6.8995912E-05   1.0139530E+06   1.0139530E+06   1.3504404E+06   9.6440887E+03   1.2841523E+03   1.0143497E+06   1.0139530E+06   0.0000000E+00   0.0000000E+00   0.0000000E+00   0.0000000E+00   0.0000000E+00
   7.4143547E-05   1.0139488E+06   1.0139488E+06   1.3502032E+06   9.6429786E+03   1.2835470E+03   1.0143449E+06   1.0139488E+06   0.0000000E+00   0.0000000E+00   0.0000000E+00   0.0000000E+00   0.0000000E+00
   7.9675236E-05   1.0139439E+06   1.0139439E+06   1.3499293E+06   9.6416968E+03   1.2828483E+03   1.0143394E+06   1.0139439E+06   0.0000000E+00   0.0000000E+00   0.0000000E+00   0.0000000E+00   0.0000000E+00
   8.5619632E-05   1.0139382E+06   1.0139382E+06   1.3496131E+06   9.6402168E+03   1.2820419E+03   1.0143330E+06   1.0139382E+06   0.0000000E+00   0.0000000E+00   0.0000000E+00   0.0000000E+00   0.0000000E+00
   9.2007527E-05   1.0139317E+06   1.0139317E+06   1.3492481E+06   9.6385081E+03   1.2811110E+03   1.0143256E+06   1.0139317E+06   0.0000000E+00   0.0000000E+00   0.0000000E+00   0.0000000E+00   0.0000000E+00
   9.8872009E-05   1.0139241E+06   1.0139241E+06   1.3488266E+06   9.6365353E+03   1.2800366E+03   1.0143171E+06   1.0139241E+06   0.0000000E+00   0.0000000E+00   0.0000000E+00   0.0000000E+00   0.0000000E+00
   1.0624863E-04   1.0139154E+06   1.0139154E+06   1.3483401E+06   9.6342576E+03   1.2787967E+03   1.0143073E+06   1.0139154E+06   0.0000000E+00   0.0000000E+00   0.0000000E+00   0.0000000E+00   0.0000000E+00
   1.1417561E-04   1.0139054E+06   1.0139054E+06   1.3477784E+06   9.6316281E+03   1.2773659E+03   1.0142960E+06   1.0139054E+06   0.0000000E+00   0.0000000E+00   0.0000000E+00   0.0000000E+00   0.0000000E+00
   1.2269401E-04   1.0138938E+06   1.0138938E+06   1.3471301E+06   9.6285925E+03   1.2757151E+03   1.0142829E+06   1.0138938E+06   0.0000000E+00   0.0000000E+00   0.0000000E+00   0.0000000E+00   0.0000000E+00
   1.3184794E-04   1.0138804E+06   1.0138804E+06   1.3463818E+06   9.6250882E+03   1.2738106E+03   1.0142678E+06   1.0138804E+06   0.0000000E+00   0.0000000E+00   0.0000000E+00   0.0000000E+00   0.0000000E+00
   1.4168483E-04   1.0138649E+06   1.0138649E+06   1.3455182E+06   9.6210432E+03   1.2716137E+03   1.0142504E+06   1.0138649E+06   0.0000000E+00   0.0000000E+00   0.0000000E+00   0.0000000E+00   0.0000000E+00
   1.5225563E-04   1.0138471E+06   1.0138471E+06   1.3445215E+06   9.6163743E+03   1.2690801E+03   1.0142302E+06   1.0138471E+06   0.0000000E+00   0.0000000E+00   0.0000000E+00   0.0000000E+00   0.0000000E+00
   1.6361509E-04   1.0138265E+06   1.0138265E+06   1.3433713E+06   9.6109857E+03   1.2661587E+03   1.0142070E+06   1.0138265E+06   0.0000000E+00   0.0000000E+00   0.0000000E+00   0.0000000E+00   0.0000000E+00
   1.7582206E-04   1.0138026E+06   1.0138026E+06   1.3420443E+06   9.6047668E+03   1.2627909E+03   1.0141801E+06   1.0138026E+06   0.0000000E+00   0.0000000E+00   0.0000000E+00   0.0000000E+00   0.0000000E+00
   1.8893976E-04   1.0137752E+06   1.0137752E+06   1.3405134E+06   9.5975905E+03   1.2589095E+03   1.0141491E+06   1.0137752E+06   0.0000000E+00   0.0000000E+00   0.0000000E+00   0.0000000E+00   0.0000000E+00
   2.0303614E-04   1.0137434E+06   1.0137434E+06   1.3387475E+06   9.5893104E+03   1.2544377E+03   1.0141134E+06   1.0137434E+06   0.0000000E+00   0.0000000E+00   0.0000000E+00   0.0000000E+00   0.0000000E+00
   2.1818423E-04   1.0137068E+06   1.0137068E+06   1.3367109E+06   9.5797578E+03   1.2492875E+03   1.0140721E+06   1.0137068E+06   0.0000000E+00   0.0000000E+00   0.0000000E+00   0.0000000E+00   0.0000000E+00
   2.3446248E-04   1.0136646E+06   1.0136646E+06   1.3343626E+06   9.5687389E+03   1.2433583E+03   1.0140245E+06   1.0136646E+06   0.0000000E+00   0.0000000E+00   0.0000000E+00   0.0000000E+00   0.0000000E+00
   2.5195522E-04   1.0136158E+06   1.0136158E+06   1.3316555E+06   9.5560307E+03   1.2365357E+03   1.0139695E+06   1.0136158E+06   0.0000000E+00   0.0000000E+00   0.0000000E+00   0.0000000E+00   0.0000000E+00
   2.7075305E-04   1.0135595E+06   1.0135595E+06   1.3285357E+06   9.5413771E+03   1.2286893E+03   1.0139060E+06   1.0135595E+06   0.0000000E+00   0.0000000E+00   0.0000000E+00   0.0000000E+00   0.0000000E+00
   2.9095335E-04   1.0134945E+06   1.0134945E+06   1.3249414E+06   9.5244843E+03   1.2196715E+03   1.0138328E+06   1.0134945E+06   0.0000000E+00   0.0000000E+00   0.0000000E+00   0.0000000E+00   0.0000000E+00
   3.1266074E-04   1.0134196E+06   1.0134196E+06   1.3208017E+06   9.5050152E+03   1.2093149E+03   1.0137484E+06   1.0134196E+06   0.0000000E+00   0.0000000E+00   0.0000000E+00   0.0000000E+00   0.0000000E+00
   3.3598768E-04   1.0133331E+06   1.0133331E+06   1.3160361E+06   9.4825837E+03   1.1974311E+03   1.0136510E+06   1.0133331E+06   0.0000000E+00   0.0000000E+00   0.0000000E+00   0.0000000E+00   0.0000000E+00
   3.6105499E-04   1.0132333E+06   1.0132333E+06   1.3105525E+06   9.4567482E+03   1.1838085E+03   1.0135386E+06   1.0132333E+06   0.0000000E+00   0.0000000E+00   0.0000000E+00   0.0000000E+00   0.0000000E+00
   3.8799252E-04   1.0131183E+06   1.0131183E+06   1.3042462E+06   9.4270043E+03   1.1682108E+03   1.0134091E+06   1.0131183E+06   0.0000000E+00   0.0000000E+00   0.0000000E+00   0.0000000E+00   0.0000000E+00
   4.1693980E-04   1.0129856E+06   1.0129856E+06   1.2969983E+06   9.3927769E+03   1.1503759E+03   1.0132598E+06   1.0129856E+06   0.0000000E+00   0.0000000E+00   0.0000000E+00   0.0000000E+00   0.0000000E+00
   4.4804678E-04   1.0128327E+06   1.0128327E+06   1.2886746E+06   9.3534114E+03   1.1300148E+03   1.0130877E+06   1.0128327E+06   0.0000000E+00   0.0000000E+00   0.0000000E+00   0.0000000E+00   0.0000000E+00
   4.8147457E-04   1.0126564E+06   1.0126564E+06   1.2791236E+06   9.3081651E+03   1.1068122E+03   1.0128894E+06   1.0126564E+06   0.0000000E+00   0.0000000E+00   0.0000000E+00   0.0000000E+00   0.0000000E+00
   5.1739635E-04   1.0124534E+06   1.0124534E+06   1.2681750E+06   9.2561973E+03   1.0804276E+03   1.0126611E+06   1.0124534E+06   0.0000000E+00   0.0000000E+00   0.0000000E+00   0.0000000E+00   0.0000000E+00
   5.5599816E-04   1.0122194E+06   1.0122194E+06   1.2556389E+06   9.1965595E+03   1.0504994E+03   1.0123982E+06   1.0122194E+06   0.0000000E+00   0.0000000E+00   0.0000000E+00   0.0000000E+00   0.0000000E+00
   5.9747998E-04   1.0119501E+06   1.0119501E+06   1.2413041E+06   9.1281861E+03   1.0166502E+03   1.0120957E+06   1.0119501E+06   0.0000000E+00   0.0000000E+00   0.0000000E+00   0.0000000E+00   0.0000000E+00
   6.4205666E-04   1.0116402E+06   1.0116402E+06   1.2249377E+06   9.0498855E+03   9.7849669E+02   1.0117478E+06   1.0116402E+06   0.0000000E+00   0.0000000E+00   0.0000000E+00   0.0000000E+00   0.0000000E+00
   6.8995912E-04   1.0112837E+06   1.0112837E+06   1.2062852E+06   8.9603326E+03   9.3566362E+02   1.0113479E+06   1.0112837E+06   0.0000000E+00   0.0000000E+00   0.0000000E+00   0.0000000E+00   0.0000000E+00
   7.4143547E-04   1.0108739E+06   1.0108739E+06   1.1850711E+06   8.8580643E+03   8.8780392E+02   1.0108886E+06   1.0108739E+06   0.0000000E+00   0.0000000E+00   0.0000000E+00   0.0000000E+00   0.0000000E+00
   7.9675236E-04   1.0104031E+06   1.0104031E+06   1.1610014E+06   8.7414776E+03   8.3462629E+02   1.0103615E+06   1.0104031E+06   0.0000000E+00   0.0000000E+00   0.0000000E+00   0.0000000E+00   0.0000000E+00
   8.5619632E-04   1.0098628E+06   1.0098628E+06   1.1337677E+06   8.6088349E+03   7.7593213E+02   1.0097572E+06   1.0098628E+06   0.0000000E+00   0.0000000E+00   0.0000000E+00   0.0000000E+00   0.0000000E+00
   9.2007527E-04   1.0092431E+06   1.0092431E+06   1.1030534E+06   8.4582758E+03   7.1166357E+02   1.0090651E+06   1.0092431E+06   0.0000000E+00   0.0000000E+00   0.0000000E+00   0.0000000E+00   0.0000000E+00
   9.8872009E-04   1.0085332E+06   1.0085332E+06   1.0685439E+06   8.2878402E+03   6.4196433E+02   1.0082733E+06   1.0085332E+06   0.0000000E+00   0.0000000E+00   0.0000000E+00   0.0000000E+00   0.0000000E+00
   1.0624863E-03   1.0077209E+06   1.0077209E+06   1.0299396E+06   8.0955056E+03   5.6725450E+02   1.0073689E+06   1.0077209E+06   0.0000000E+00   0.0000000E+00   0.0000000E+00   0.0000000E+00   0.0000000E+00
   1.1417561E-03   1.0067926E+06   1.0067926E+06   9.8697443E+05   7.8792426E+03   4.8831926E+02   1.0063375E+06   1.0067926E+06   0.0000000E+00   0.0000000E+00   0.0000000E+00   0.0000000E+00   0.0000000E+00
   1.2269401E-03   1.0057335E+06   1.0057335E+06   9.3943999E+05   7.6370929E+03   4.0640950E+02   1.0051632E+06   1.0057335E+06   0.0000000E+00   0.0000000E+00   0.0000000E+00   0.0000000E+00   0.0000000E+00
   1.3184794E-03   1.0045271E+06   1.0045271E+06   8.8721578E+05   7.3672760E+03   3.2334871E+02   1.0038291E+06   1.0045271E+06   0.0000000E+00   0.0000000E+00   0.0000000E+00   0.0000000E+00   0.0000000E+00
   1.4168483E-03   1.0031558E+06   1.0031558E+06   8.3030632E+05   7.0683272E+03   2.4163584E+02   1.0023170E+06   1.0031558E+06   0.0000000E+00   0.0000000E+00   0.0000000E+00   0.0000000E+00   0.0000000E+00
   1.5225563E-03   1.0016003E+06   1.0016003E+06   7.6888456E+05   6.7392734E+03   1.6452582E+02   1.0006075E+06   1.0016003E+06   0.0000000E+00   0.0000000E+00   0.0000000E+00   0.0000000E+00   0.0000000E+00
   1.6361509E-03   9.9984023E+05   9.9984023E+05   7.0334019E+05   6.3798448E+03   9.6060468E+01   9.9868053E+05   9.9984023E+05   0.0000000E+00   0.0000000E+00   0.0000000E+00   0.0000000E+00   0.0000000E+00
   1.7582206E-03   9.9785426E+05   9.9785426E+05   6.3432943E+05   5.9907229E+03   4.1010056E+01   9.9651535E+05   9.9785426E+05   0.0000000E+00   0.0000000E+00   0.0000000E+00   0.0000000E+00   0.0000000E+00
   1.8893976E-03   9.9562015E+05   9.9562015E+05   5.6282071E+05   5.5738126E+03   4.6741046E+00   9.9409120E+05   9.9562015E+05   0.0000000E+00   0.0000000E+00   0.0000000E+00   0.0000000E+00   0.0000000E+00
   2.0303614E-03   9.9311526E+05   9.9311526E+05   4.9012725E+05   5.1325200E+03   -7.5201234E+00   9.9138766E+05   9.9311526E+05   0.0000000E+00   0.0000000E+00   0.0000000E+00   0.0000000E+00   0.0000000E+00
   2.1818423E-03   9.9031694E+05   9.9031694E+05   4.1791399E+05   4.6720026E+03   9.3168823E+00   9.8838511E+05   9.9031694E+05   0.0000000E+00   0.0000000E+00   0.0000000E+00   0.0000000E+00   0.0000000E+00
   2.3446248E-03   9.8720289E+05   9.8720289E+05   3.4816276E+05   4.1993420E+03   5.8564304E+01   9.8506528E+05   9.8720289E+05   0.0000000E+00   0.0000000E+00   0.0000000E+00   0.0000000E+00   0.0000000E+00
   2.5195522E-03   9.8375165E+05   9.8375165E+05   2.8307734E+05   3.7235695E+03   1.4082074E+02   9.8141154E+05   9.8375165E+05   0.0000000E+00   0.0000000E+00   0.0000000E+00   0.0000000E+00   0.0000000E+00
   2.7075305E-03   9.7994284E+05   9.7994284E+05   2.2491180E+05   3.2554645E+03   2.5244819E+02   9.7740902E+05   9.7994284E+05   0.0000000E+00   0.0000000E+00   0.0000000E+00   0.0000000E+00   0.0000000E+00
   2.9095335E-03   9.7575722E+05   9.7575722E+05   1.7571295E+05   2.8070345E+03   3.8420716E+02   9.7304434E+05   9.7575722E+05   0.0000000E+00   0.0000000E+00   0.0000000E+00   0.0000000E+00   0.0000000E+00
   3.1266074E-03   9.7117655E+05   9.7117655E+05   1.3698603E+05   2.3906091E+03   5.2048052E+02   9.6830477E+05   9.7117655E+05   0.0000000E+00   0.0000000E+00   0.0000000E+00   0.0000000E+00   0.0000000E+00
   3.3598768E-03   9.6618284E+05   9.6618284E+05   1.0932316E+05   2.0175290E+03   6.3981155E+02   9.6317691E+05   9.6618284E+05   0.0000000E+00   0.0000000E+00   0.0000000E+00   0.0000000E+00   0.0000000E+00
   3.6105499E-03   9.6075742E+05   9.6075742E+05   9.2076113E+04   1.6965178E+03   7.1759478E+02   9.5764471E+05   9.6075742E+05   0.0000000E+00   0.0000000E+00   0.0000000E+00   0.0000000E+00   0.0000000E+00
   3.8799252E-03   9.5487947E+05   9.5487947E+05   8.3199665E+04   1.4319780E+03   7.3153939E+02   9.5168737E+05   9.5487947E+05   0.0000000E+00   0.0000000E+00   0.0000000E+00   0.0000000E+00   0.0000000E+00
   4.1693980E-03   9.4852467E+05   9.4852467E+05   7.9416894E+04   1.2226377E+03   6.6969342E+02   9.4527744E+05   9.4852467E+05   0.0000000E+00   0.0000000E+00   0.0000000E+00   0.0000000E+00   0.0000000E+00
   4.4804678E-03   9.4166414E+05   9.4166414E+05   7.6827374E+04   1.0611258E+03   5.3917202E+02   9.3838003E+05   9.4166414E+05   0.0000000E+00   0.0000000E+00   0.0000000E+00   0.0000000E+00   0.0000000E+00
   4.8147457E-03   9.3426440E+05   9.3426440E+05   7.1951781E+04   9.3504551E+02   3.7149301E+02   9.3095391E+05   9.3426440E+05   0.0000000E+00   0.0000000E+00   0.0000000E+00   0.0000000E+00   0.0000000E+00
   5.1739635E-03   9.2628866E+05   9.2628866E+05   6.2965093E+04   8.2980847E+02   2.1870874E+02   9.2295487E+05   9.2628866E+05   0.0000000E+00   0.0000000E+00   0.0000000E+00   0.0000000E+00   0.0000000E+00
   5.5599816E-03   9.1769920E+05   9.1769920E+05   5.0576704E+04   7.3278155E+02   1.3565030E+02   9.1434057E+05   9.1769920E+05   0.0000000E+00   0.0000000E+00   0.0000000E+00   0.0000000E+00   0.0000000E+00
   5.9747998E-03   9.0846114E+05   9.0846114E+05   3.7861167E+04   6.3732616E+02   1.5030637E+02   9.0507625E+05   9.0846114E+05   0.0000000E+00   0.0000000E+00   0.0000000E+00   0.0000000E+00   0.0000000E+00
   6.4205666E-03   8.9854373E+05   8.9854373E+05   2.8626791E+04   5.4457307E+02   2.3689303E+02   8.9513585E+05   8.9854373E+05   0.0000000E+00   0.0000000E+00   0.0000000E+00   0.0000000E+00   0.0000000E+00
   6.8995912E-03   8.8791975E+05   8.8791975E+05   2.4830870E+04   4.6116532E+02   3.1737123E+02   8.8449882E+05   8.8791975E+05   0.0000000E+00   0.0000000E+00   0.0000000E+00   0.0000000E+00   0.0000000E+00
   7.4143547E-03   8.7656182E+05   8.7656182E+05   2.4772037E+04   3.9337051E+02   3.1044927E+02   8.7314188E+05   8.7656182E+05   0.0000000E+00   0.0000000E+00   0.0000000E+00   0.0000000E+00   0.0000000E+00
   7.9675236E-03   8.6443791E+05   8.6443791E+05   2.4132025E+04   3.4124822E+02   2.0768556E+02   8.6103145E+05   8.6443791E+05   0.0000000E+00   0.0000000E+00   0.0000000E+00   0.0000000E+00   0.0000000E+00
   8.5619632E-03   8.5151021E+05   8.5151021E+05   1.9985585E+04   2.9811725E+02   1.0215599E+02   8.4812388E+05   8.5151021E+05   0.0000000E+00   0.0000000E+00   0.0000000E+00   0.0000000E+00   0.0000000E+00
   9.2007527E-03   8.3773925E+05   8.3773925E+05   1.4155139E+04   2.5694477E+02   9.9960549E+01   8.3437536E+05   8.3773925E+05   0.0000000E+00   0.0000000E+00   0.0000000E+00   0.0000000E+00   0.0000000E+00
   9.8872009E-03   8.2308930E+05   8.2308930E+05   1.1081870E+04   2.1742520E+02   1.7631380E+02   8.1975203E+05   8.2308930E+05   0.0000000E+00   0.0000000E+00   0.0000000E+00   0.0000000E+00   0.0000000E+00
   1.0624863E-02   8.0752822E+05   8.0752822E+05   1.1418625E+04   1.8445620E+02   1.8647681E+02   8.0422714E+05   8.0752822E+05   0.0000000E+00   0.0000000E+00   0.0000000E+00   0.0000000E+00   0.0000000E+00
   1.1417561E-02   7.9102148E+05   7.9102148E+05   1.0760877E+04   1.5914643E+02   9.5907549E+01   7.8776730E+05   7.9102148E+05   0.0000000E+00   0.0000000E+00   0.0000000E+00   0.0000000E+00   0.0000000E+00
   1.2269401E-02   7.7353050E+05   7.7353050E+05   7.4938219E+03   1.3661145E+02   6.4815303E+01   7.7032955E+05   7.7353050E+05   0.0000000E+00   0.0000000E+00   0.0000000E+00   0.0000000E+00   0.0000000E+00
   1.3184794E-02   7.5501994E+05   7.5501994E+05   5.8995241E+03   1.1504925E+02   1.2799513E+02   7.5187627E+05   7.5501994E+05   0.0000000E+00   0.0000000E+00   0.0000000E+00   0.0000000E+00   0.0000000E+00
   1.4168483E-02   7.3546086E+05   7.3546086E+05   6.3742826E+03   9.7721738E+01   1.0109444E+02   7.3238174E+05   7.3546086E+05   0.0000000E+00   0.0000000E+00   0.0000000E+00   0.0000000E+00   0.0000000E+00
   1.5225563E-02   7.1482592E+05   7.1482592E+05   4.7514598E+03   8.3548813E+01   4.4190845E+01   7.1182018E+05   7.1482592E+05   0.0000000E+00   0.0000000E+00   0.0000000E+00   0.0000000E+00   0.0000000E+00
   1.6361509E-02   6.9309376E+05   6.9309376E+05   3.5608931E+03   7.0049524E+01   9.4755806E+01   6.9016767E+05   6.9309376E+05   0.0000000E+00   0.0000000E+00   0.0000000E+00   0.0000000E+00   0.0000000E+00
   1.7582206E-02   6.7025690E+05   6.7025690E+05   3.8153657E+03   5.9345705E+01   5.8813384E+01   6.6741591E+05   6.7025690E+05   0.0000000E+00   0.0000000E+00   0.0000000E+00   0.0000000E+00   0.0000000E+00
   1.8893976E-02   6.4632013E+05   6.4632013E+05   2.4568049E+03   4.9998001E+01   4.9458745E+01   6.4357155E+05   6.4632013E+05   0.0000000E+00   0.0000000E+00   0.0000000E+00   0.0000000E+00   0.0000000E+00
   2.0303614E-02   6.2130937E+05   6.2130937E+05   2.5357585E+03   4.1796590E+01   6.4661514E+01   6.1865955E+05   6.2130937E+05   0.0000000E+00   0.0000000E+00   0.0000000E+00   0.0000000E+00   0.0000000E+00
   2.1818420E-02   5.9527795E+05   5.9527795E+05   1.7788233E+03   3.5163480E+01   3.3646254E+01   5.9273196E+05   5.9527795E+05   0.0000000E+00   0.0000000E+00   0.0000000E+00   0.0000000E+00   0.0000000E+00
   2.3446229E-02   5.6831250E+05   5.6831250E+05   1.7321187E+03   2.9200074E+01   5.1324450E+01   5.6587642E+05   5.6831250E+05   0.0000000E+00   0.0000000E+00   0.0000000E+00   0.0000000E+00   0.0000000E+00
   2.5195420E-02   5.4054369E+05   5.4054369E+05   1.1708420E+03   2.4349701E+01   3.3922357E+01   5.3822142E+05   5.4054369E+05   0.0000000E+00   0.0000000E+00   0.0000000E+00   0.0000000E+00   0.0000000E+00
   2.7074838E-02   5.1215402E+05   5.1215402E+05   1.1946979E+03   2.0183838E+01   2.9176345E+01   5.0994983E+05   5.1215402E+05   0.0000000E+00   0.0000000E+00   0.0000000E+00   0.0000000E+00   0.0000000E+00
   2.9093477E-02   4.8338999E+05   4.8338999E+05   8.4513631E+02   1.6594675E+01   4.0028403E+01   4.8130602E+05   4.8338999E+05   0.0000000E+00   0.0000000E+00   0.0000000E+00   0.0000000E+00   0.0000000E+00
   3.1259566E-02   4.5457548E+05   4.5457548E+05   6.6161394E+02   1.3708905E+01   2.2054301E+01   4.5261270E+05   4.5457548E+05   0.0000000E+00   0.0000000E+00   0.0000000E+00   0.0000000E+00   0.0000000E+00
   3.3578532E-02   4.2612613E+05   4.2612613E+05   6.1750611E+02   1.1235003E+01   1.8516417E+01   4.2428404E+05   4.2612613E+05   0.0000000E+00   0.0000000E+00   0.0000000E+00   0.0000000E+00   0.0000000E+00
   3.6049352E-02   3.9855818E+05   3.9855818E+05   5.1396418E+02   9.1610947E+00   2.3830364E+01   3.9683321E+05   3.9855818E+05   0.0000000E+00   0.0000000E+00   0.0000000E+00   0.0000000E+00   0.0000000E+00
   3.8659692E-02   3.7246899E+05   3.7246899E+05   3.9363565E+02   7.4791582E+00   2.4376846E+01   3.7085524E+05   3.7246899E+05   0.0000000E+00   0.0000000E+00   0.0000000E+00   0.0000000E+00   0.0000000E+00
   4.1382400E-02   3.4846171E+05   3.4846171E+05   3.0118284E+02   6.1263726E+00   2.1235352E+01   3.4695066E+05   3.4846171E+05   0.0000000E+00   0.0000000E+00   0.0000000E+00   0.0000000E+00   0.0000000E+00
   4.4177679E-02   3.2701056E+05   3.2701056E+05   2.3836634E+02   5.0447996E+00   1.7651766E+01   3.2559154E+05   3.2701056E+05   0.0000000E+00   0.0000000E+00   0.0000000E+00   0.0000000E+00   0.0000000E+00
   4.7002697E-02   3.0832759E+05   3.0832759E+05   1.9664716E+02   4.1862894E+00   1.4734433E+01   3.0698883E+05   3.0832759E+05   0.0000000E+00   0.0000000E+00   0.0000000E+00   0.0000000E+00   0.0000000E+00
   4.9823403E-02   2.9232227E+05   2.9232227E+05   1.6904727E+02   3.5087821E+00   1.2526866E+01   2.9105232E+05   2.9232227E+05   0.0000000E+00   0.0000000E+00   0.0000000E+00   0.0000000E+00   0.0000000E+00
   5.2620784E-02   2.7867459E+05   2.7867459E+05   1.5017140E+02   2.9725583E+00   1.1030456E+01   2.7746338E+05   2.7867459E+05   0.0000000E+00   0.0000000E+00   0.0000000E+00   0.0000000E+00   0.0000000E+00
   5.5389749E-02   2.6695380E+05   2.6695380E+05   1.3559381E+02   2.5439919E+00   1.0284218E+01   2.6579309E+05   2.6695380E+05   0.0000000E+00   0.0000000E+00   0.0000000E+00   0.0000000E+00   0.0000000E+00
   5.8134444E-02   2.5671356E+05   2.5671356E+05   1.2249585E+02   2.1971477E+00   1.0260141E+01   2.5559701E+05   2.5671356E+05   0.0000000E+00   0.0000000E+00   0.0000000E+00   0.0000000E+00   0.0000000E+00
   6.0863758E-02   2.4754369E+05   2.4754369E+05   1.0973779E+02   1.9122521E+00   1.0768908E+01   2.4646674E+05   2.4754369E+05   0.0000000E+00   0.0000000E+00   0.0000000E+00   0.0000000E+00   0.0000000E+00
   6.3588347E-02   2.3909065E+05   2.3909065E+05   9.6795861E+01   1.6760137E+00   1.1318891E+01   2.3805019E+05   2.3909065E+05   0.0000000E+00   0.0000000E+00   0.0000000E+00   0.0000000E+00   0.0000000E+00
   6.6319040E-02   2.3106216E+05   2.3106216E+05   8.3429126E+01   1.4785042E+00   1.1400790E+01   2.3005640E+05   2.3106216E+05   0.0000000E+00   0.0000000E+00   0.0000000E+00   0.0000000E+00   0.0000000E+00
   6.9066122E-02   2.2322643E+05   2.2322643E+05   7.0457410E+01   1.3112952E+00   1.0813834E+01   2.2225458E+05   2.2322643E+05   0.0000000E+00   0.0000000E+00   0.0000000E+00   0.0000000E+00   0.0000000E+00
   7.1839089E-02   2.1541014E+05   2.1541014E+05   5.9597026E+01   1.1679180E+00   9.7344141E+00   2.1447216E+05   2.1541014E+05   0.0000000E+00   0.0000000E+00   0.0000000E+00   0.0000000E+00   0.0000000E+00
   7.4646632E-02   2.0749672E+05   2.0749672E+05   5.1915340E+01   1.0432566E+00   8.5745700E+00   2.0659307E+05   2.0749672E+05   0.0000000E+00   0.0000000E+00   0.0000000E+00   0.0000000E+00   0.0000000E+00
   7.7496712E-02   1.9942475E+05   1.9942475E+05   4.6912615E+01   9.3379163E-01   7.6325934E+00   1.9855612E+05   1.9942475E+05   0.0000000E+00   0.0000000E+00   0.0000000E+00   0.0000000E+00   0.0000000E+00
   8.0396671E-02   1.9118588E+05   1.9118588E+05   4.3205183E+01   8.3705954E-01   6.9769960E+00   1.9035302E+05   1.9118588E+05   0.0000000E+00   0.0000000E+00   0.0000000E+00   0.0000000E+00   0.0000000E+00
   8.3353345E-02   1.8282138E+05   1.8282138E+05   3.9668783E+01   7.5093610E-01   6.5435750E+00   1.8202485E+05   1.8282138E+05   0.0000000E+00   0.0000000E+00   0.0000000E+00   0.0000000E+00   0.0000000E+00
   8.6373161E-02   1.7441646E+05   1.7441646E+05   3.5883393E+01   6.7384174E-01   6.2154700E+00   1.7365646E+05   1.7441646E+05   0.0000000E+00   0.0000000E+00   0.0000000E+00   0.0000000E+00   0.0000000E+00
   8.9462232E-02   1.6609191E+05   1.6609191E+05   3.1906006E+01   6.0457870E-01   5.9155717E+00   1.6536810E+05   1.6609191E+05   0.0000000E+00   0.0000000E+00   0.0000000E+00   0.0000000E+00   0.0000000E+00
   9.2626422E-02   1.5799245E+05   1.5799245E+05   2.7930715E+01   5.4213709E-01   5.6415044E+00   1.5730387E+05   1.5799245E+05   0.0000000E+00   0.0000000E+00   0.0000000E+00   0.0000000E+00   0.0000000E+00
   9.5871419E-02   1.5027216E+05   1.5027216E+05   2.4157518E+01   4.8577086E-01   5.4381059E+00   1.4961718E+05   1.5027216E+05   0.0000000E+00   0.0000000E+00   0.0000000E+00   0.0000000E+00   0.0000000E+00
   9.9202774E-02   1.4307742E+05   1.4307742E+05   2.0857468E+01   4.3492466E-01   5.3725122E+00   1.4245374E+05   1.4307742E+05   0.0000000E+00   0.0000000E+00   0.0000000E+00   0.0000000E+00   0.0000000E+00
   1.0262595E-01   1.3652860E+05   1.3652860E+05   1.8447285E+01   3.8913140E-01   5.4701900E+00   1.3593342E+05   1.3652860E+05   0.0000000E+00   0.0000000E+00   0.0000000E+00   0.0000000E+00   0.0000000E+00
   1.0614636E-01   1.3070240E+05   1.3070240E+05   1.7259646E+01   3.4803486E-01   5.5815824E+00   1.3013258E+05   1.3070240E+05   0.0000000E+00   0.0000000E+00   0.0000000E+00   0.0000000E+00   0.0000000E+00
   1.0976937E-01   1.2561717E+05   1.2561717E+05   1.6826315E+01   3.1138181E-01   5.3611188E+00   1.2506948E+05   1.2561717E+05   0.0000000E+00   0.0000000E+00   0.0000000E+00   0.0000000E+00   0.0000000E+00
   1.1350035E-01   1.2122386E+05   1.2122386E+05   1.5568810E+01   2.7886256E-01   4.7014570E+00   1.2069528E+05   1.2122386E+05   0.0000000E+00   0.0000000E+00   0.0000000E+00   0.0000000E+00   0.0000000E+00
   1.1734469E-01   1.1740523E+05   1.1740523E+05   1.2840854E+01   2.4995530E-01   4.2921883E+00   1.1689328E+05   1.1740523E+05   0.0000000E+00   0.0000000E+00   0.0000000E+00   0.0000000E+00   0.0000000E+00
   1.2130780E-01   1.1398534E+05   1.1398534E+05   1.1203559E+01   2.2418256E-01   4.6496601E+00   1.1348827E+05   1.1398534E+05   0.0000000E+00   0.0000000E+00   0.0000000E+00   0.0000000E+00   0.0000000E+00
   1.2539510E-01   1.1074988E+05   1.1074988E+05   1.1450927E+01   2.0146465E-01   4.5566980E+00   1.1026690E+05   1.1074988E+05   0.0000000E+00   0.0000000E+00   0.0000000E+00   0.0000000E+00   0.0000000E+00
   1.2961210E-01   1.0747642E+05   1.0747642E+05   9.7100484E+00   1.8144561E-01   3.9442663E+00   1.0700769E+05   1.0747642E+05   0.0000000E+00   0.0000000E+00   0.0000000E+00   0.0000000E+00   0.0000000E+00
   1.3396432E-01   1.0397081E+05   1.0397081E+05   8.7583916E+00   1.6340747E-01   4.2524497E+00   1.0351734E+05   1.0397081E+05   0.0000000E+00   0.0000000E+00   0.0000000E+00   0.0000000E+00   0.0000000E+00
   1.3845738E-01   1.0010400E+05   1.0010400E+05   8.3162669E+00   1.4733444E-01   3.7838961E+00   9.9667377E+04   1.0010400E+05   0.0000000E+00   0.0000000E+00   0.0000000E+00   0.0000000E+00   0.0000000E+00
   1.4309692E-01   9.5841489E+04   9.5841489E+04   6.9602140E+00   1.3277011E-01   3.8619608E+00   9.5423445E+04   9.5841489E+04   0.0000000E+00   0.0000000E+00   0.0000000E+00   0.0000000E+00   0.0000000E+00
   1.4788868E-01   9.1257194E+04   9.1257194E+04   6.5309973E+00   1.1956332E-01   3.3929701E+00   9.0859128E+04   9.1257194E+04   0.0000000E+00   0.0000000E+00   0.0000000E+00   0.0000000E+00   0.0000000E+00
   1.5283848E-01   8.6524986E+04   8.6524986E+04   5.8255787E+00   1.0741430E-01   3.5060766E+00   8.6147550E+04   8.6524986E+04   0.0000000E+00   0.0000000E+00   0.0000000E+00   0.0000000E+00   0.0000000E+00
   1.5795219E-01   8.1885331E+04   8.1885331E+04   4.7781399E+00   9.6375563E-02   3.1157217E+00   8.1528122E+04   8.1885331E+04   0.0000000E+00   0.0000000E+00   0.0000000E+00   0.0000000E+00   0.0000000E+00
   1.6323580E-01   7.7590496E+04   7.7590496E+04   4.5781331E+00   8.6265950E-02   2.9208786E+00   7.7252013E+04   7.7590496E+04   0.0000000E+00   0.0000000E+00   0.0000000E+00   0.0000000E+00   0.0000000E+00
   1.6869537E-01   7.3839205E+04   7.3839205E+04   4.1971387E+00   7.7099074E-02   2.8900348E+00   7.3517074E+04   7.3839205E+04   0.0000000E+00   0.0000000E+00   0.0000000E+00   0.0000000E+00   0.0000000E+00
   1.7433708E-01   7.0717819E+04   7.0717819E+04   3.6320515E+00   6.8889667E-02   2.7786244E+00   7.0409298E+04   7.0717819E+04   0.0000000E+00   0.0000000E+00   0.0000000E+00   0.0000000E+00   0.0000000E+00
   1.8016722E-01   6.8167560E+04   6.8167560E+04   3.1686093E+00   6.1574536E-02   2.6884971E+00   6.7870158E+04   6.8167560E+04   0.0000000E+00   0.0000000E+00   0.0000000E+00   0.0000000E+00   0.0000000E+00
   1.8619224E-01   6.5993455E+04   6.5993455E+04   2.8420233E+00   5.5121237E-02   2.5899979E+00   6.5705530E+04   6.5993455E+04   0.0000000E+00   0.0000000E+00   0.0000000E+00   0.0000000E+00   0.0000000E+00
   1.9241871E-01   6.3919617E+04   6.3919617E+04   2.5956808E+00   4.9433425E-02   2.4915862E+00   6.3640734E+04   6.3919617E+04   0.0000000E+00   0.0000000E+00   0.0000000E+00   0.0000000E+00   0.0000000E+00
   1.9885340E-01   6.1679028E+04   6.1679028E+04   2.4023517E+00   4.4392343E-02   2.3953740E+00   6.1409915E+04   6.1679028E+04   0.0000000E+00   0.0000000E+00   0.0000000E+00   0.0000000E+00   0.0000000E+00
   2.0550327E-01   5.9109345E+04   5.9109345E+04   2.2279563E+00   3.9877345E-02   2.2690509E+00   5.8851438E+04   5.9109345E+04   0.0000000E+00   0.0000000E+00   0.0000000E+00   0.0000000E+00   0.0000000E+00
   2.1237552E-01   5.6217081E+04   5.6217081E+04   1.9658491E+00   3.5788897E-02   2.1105061E+00   5.5971789E+04   5.6217081E+04   0.0000000E+00   0.0000000E+00   0.0000000E+00   0.0000000E+00   0.0000000E+00
   2.1947765E-01   5.3177899E+04   5.3177899E+04   1.6412740E+00   3.2051037E-02   2.0213716E+00   5.2945864E+04   5.3177899E+04   0.0000000E+00   0.0000000E+00   0.0000000E+00   0.0000000E+00   0.0000000E+00
   2.2681744E-01   5.0263295E+04   5.0263295E+04   1.5288461E+00   2.8639869E-02   1.9396817E+00   5.0043974E+04   5.0263295E+04   0.0000000E+00   0.0000000E+00   0.0000000E+00   0.0000000E+00   0.0000000E+00
   2.3440307E-01   4.7717760E+04   4.7717760E+04   1.3254433E+00   2.5552550E-02   1.8136795E+00   4.7509543E+04   4.7717760E+04   0.0000000E+00   0.0000000E+00   0.0000000E+00   0.0000000E+00   0.0000000E+00
   2.4224314E-01   4.5640724E+04   4.5640724E+04   1.2173975E+00   2.2794905E-02   1.7450258E+00   4.5441567E+04   4.5640724E+04   0.0000000E+00   0.0000000E+00   0.0000000E+00   0.0000000E+00   0.0000000E+00
   2.5034676E-01   4.3935613E+04   4.3935613E+04   1.0496068E+00   2.0355053E-02   1.6792807E+00   4.3743894E+04   4.3935613E+04   0.0000000E+00   0.0000000E+00   0.0000000E+00   0.0000000E+00   0.0000000E+00
   2.5872361E-01   4.2361988E+04   4.2361988E+04   9.8281159E-01   1.8208021E-02   1.6008720E+00   4.2177133E+04   4.2361988E+04   0.0000000E+00   0.0000000E+00   0.0000000E+00   0.0000000E+00   0.0000000E+00
   2.6738403E-01   4.0671808E+04   4.0671808E+04   8.9606316E-01   1.6307621E-02   1.5285896E+00   4.0494326E+04   4.0671808E+04   0.0000000E+00   0.0000000E+00   0.0000000E+00   0.0000000E+00   0.0000000E+00
   2.7633916E-01   3.8755083E+04   3.8755083E+04   7.9597809E-01   1.4597849E-02   1.4676486E+00   3.8585964E+04   3.8755083E+04   0.0000000E+00   0.0000000E+00   0.0000000E+00   0.0000000E+00   0.0000000E+00
   2.8560100E-01   3.6702001E+04   3.6702001E+04   7.0518323E-01   1.3044319E-02   1.3970269E+00   3.6541839E+04   3.6702001E+04   0.0000000E+00   0.0000000E+00   0.0000000E+00   0.0000000E+00   0.0000000E+00
   2.9518259E-01   3.4732404E+04   3.4732404E+04   6.2444070E-01   1.1633815E-02   1.3071350E+00   3.4580835E+04   3.4732404E+04   0.0000000E+00   0.0000000E+00   0.0000000E+00   0.0000000E+00   0.0000000E+00
   3.0509816E-01   3.3033124E+04   3.3033124E+04   5.4518884E-01   1.0363401E-02   1.2387016E+00   3.2888970E+04   3.3033124E+04   0.0000000E+00   0.0000000E+00   0.0000000E+00   0.0000000E+00   0.0000000E+00
   3.1536331E-01   3.1619784E+04   3.1619784E+04   4.8376008E-01   9.2337811E-03   1.2095708E+00   3.1481796E+04   3.1619784E+04   0.0000000E+00   0.0000000E+00   0.0000000E+00   0.0000000E+00   0.0000000E+00
   3.2599519E-01   3.0334456E+04   3.0334456E+04   4.4497821E-01   8.2384117E-03   1.1425550E+00   3.0202076E+04   3.0334456E+04   0.0000000E+00   0.0000000E+00   0.0000000E+00   0.0000000E+00   0.0000000E+00
   3.3701283E-01   2.8987716E+04   2.8987716E+04   3.9013207E-01   7.3526018E-03   1.1156451E+00   2.8861212E+04   2.8987716E+04   0.0000000E+00   0.0000000E+00   0.0000000E+00   0.0000000E+00   0.0000000E+00
   3.4843735E-01   2.7524738E+04   2.7524738E+04   3.4657518E-01   6.5574651E-03   1.0316326E+00   2.7404618E+04   2.7524738E+04   0.0000000E+00   0.0000000E+00   0.0000000E+00   0.0000000E+00   0.0000000E+00
   3.6029239E-01   2.6060425E+04   2.6060425E+04   3.0963463E-01   5.8349891E-03   9.7824702E-01   2.5946694E+04   2.6060425E+04   0.0000000E+00   0.0000000E+00   0.0000000E+00   0.0000000E+00   0.0000000E+00
   3.7260446E-01   2.4745968E+04   2.4745968E+04   2.7477479E-01   5.1850615E-03   9.2436007E-01   2.4637973E+04   2.4745968E+04   0.0000000E+00   0.0000000E+00   0.0000000E+00   0.0000000E+00   0.0000000E+00
   3.8540352E-01   2.3604883E+04   2.3604883E+04   2.4333483E-01   4.6059866E-03   8.8889829E-01   2.3501867E+04   2.3604883E+04   0.0000000E+00   0.0000000E+00   0.0000000E+00   0.0000000E+00   0.0000000E+00
   3.9872355E-01   2.2520705E+04   2.2520705E+04   2.1789909E-01   4.0926852E-03   8.5958940E-01   2.2422420E+04   2.2520705E+04   0.0000000E+00   0.0000000E+00   0.0000000E+00   0.0000000E+00   0.0000000E+00
   4.1260333E-01   2.1389704E+04   2.1389704E+04   1.9348347E-01   3.6340165E-03   8.0980646E-01   2.1296354E+04   2.1389704E+04   0.0000000E+00   0.0000000E+00   0.0000000E+00   0.0000000E+00   0.0000000E+00
   4.2708739E-01   2.0244698E+04   2.0244698E+04   1.7164432E-01   3.2197970E-03   7.6868365E-01   2.0156346E+04   2.0244698E+04   0.0000000E+00   0.0000000E+00   0.0000000E+00   0.0000000E+00   0.0000000E+00
   4.4222715E-01   1.9186320E+04   1.9186320E+04   1.5149610E-01   2.8471201E-03   7.2786568E-01   1.9102586E+04   1.9186320E+04   0.0000000E+00   0.0000000E+00   0.0000000E+00   0.0000000E+00   0.0000000E+00
   4.5808243E-01   1.8226555E+04   1.8226555E+04   1.3414295E-01   2.5151788E-03   6.9031402E-01   1.8147009E+04   1.8226555E+04   0.0000000E+00   0.0000000E+00   0.0000000E+00   0.0000000E+00   0.0000000E+00
   4.7472322E-01   1.7284436E+04   1.7284436E+04   1.1778299E-01   2.2192824E-03   6.5200586E-01   1.7209002E+04   1.7284436E+04   0.0000000E+00   0.0000000E+00   0.0000000E+00   0.0000000E+00   0.0000000E+00
   4.9223211E-01   1.6330590E+04   1.6330590E+04   1.0387831E-01   1.9533494E-03   6.1744104E-01   1.6259318E+04   1.6330590E+04   0.0000000E+00   0.0000000E+00   0.0000000E+00   0.0000000E+00   0.0000000E+00
   5.1070723E-01   1.5421379E+04   1.5421379E+04   9.1091110E-02   1.7141609E-03   5.8426001E-01   1.5354075E+04   1.5421379E+04   0.0000000E+00   0.0000000E+00   0.0000000E+00   0.0000000E+00   0.0000000E+00
   5.3026613E-01   1.4571591E+04   1.4571591E+04   7.9689444E-02   1.5006863E-03   5.5030044E-01   1.4507996E+04   1.4571591E+04   0.0000000E+00   0.0000000E+00   0.0000000E+00   0.0000000E+00   0.0000000E+00
   5.5105073E-01   1.3733060E+04   1.3733060E+04   6.9595134E-02   1.3098585E-03   5.1800504E-01   1.3673123E+04   1.3733060E+04   0.0000000E+00   0.0000000E+00   0.0000000E+00   0.0000000E+00   0.0000000E+00
   5.7323375E-01   1.2907702E+04   1.2907702E+04   6.0434469E-02   1.1381696E-03   4.9205386E-01   1.2851368E+04   1.2907702E+04   0.0000000E+00   0.0000000E+00   0.0000000E+00   0.0000000E+00   0.0000000E+00
   5.9702693E-01   1.2121398E+04   1.2121398E+04   5.2346039E-02   9.8506389E-04   4.5695520E-01   1.2068495E+04   1.2121398E+04   0.0000000E+00   0.0000000E+00   0.0000000E+00   0.0000000E+00   0.0000000E+00
   6.2269140E-01   1.1350640E+04   1.1350640E+04   4.5062154E-02   8.4787761E-04   4.2954240E-01   1.1301101E+04   1.1350640E+04   0.0000000E+00   0.0000000E+00   0.0000000E+00   0.0000000E+00   0.0000000E+00
   6.5055049E-01   1.0594756E+04   1.0594756E+04   3.8543393E-02   7.2520406E-04   4.0047884E-01   1.0548516E+04   1.0594756E+04   0.0000000E+00   0.0000000E+00   0.0000000E+00   0.0000000E+00   0.0000000E+00
   6.8100449E-01   9.8608784E+03   9.8608784E+03   3.2733862E-02   6.1583530E-04   3.7082237E-01   9.8178413E+03   9.8608784E+03   0.0000000E+00   0.0000000E+00   0.0000000E+00   0.0000000E+00   0.0000000E+00
   7.1454560E-01   9.1377333E+03   9.1377333E+03   2.7552058E-02   5.1847599E-04   3.4217187E-01   9.0978521E+03   9.1377333E+03   0.0000000E+00   0.0000000E+00   0.0000000E+00   0.0000000E+00   0.0000000E+00
   7.5176840E-01   8.4310045E+03   8.4310045E+03   2.2968044E-02   4.3216056E-04   3.1549387E-01   8.3942077E+03   8.4310045E+03   0.0000000E+00   0.0000000E+00   0.0000000E+00   0.0000000E+00   0.0000000E+00
   7.9336616E-01   7.7370352E+03   7.7370352E+03   1.8924461E-02   3.5605264E-04   2.9236737E-01   7.7032672E+03   7.7370352E+03   0.0000000E+00   0.0000000E+00   0.0000000E+00   0.0000000E+00   0.0000000E+00
   8.4009719E-01   7.0597268E+03   7.0597268E+03   1.5400208E-02   2.8972890E-04   2.6777185E-01   7.0289148E+03   7.0597268E+03   0.0000000E+00   0.0000000E+00   0.0000000E+00   0.0000000E+00   0.0000000E+00
   8.9270527E-01   6.4028229E+03   6.4028229E+03   1.2369710E-02   2.3272711E-04   2.4103989E-01   6.3748779E+03   6.4028229E+03   0.0000000E+00   0.0000000E+00   0.0000000E+00   0.0000000E+00   0.0000000E+00
   9.5179749E-01   5.7730412E+03   5.7730412E+03   9.8111187E-03   1.8457037E-04   2.1795814E-01   5.7478448E+03   5.7730412E+03   0.0000000E+00   0.0000000E+00   0.0000000E+00   0.0000000E+00   0.0000000E+00
   1.0177299E+00   5.1784302E+03   5.1784302E+03   7.6971996E-03   1.4479400E-04   1.9719304E-01   5.1558289E+03   5.1784302E+03   0.0000000E+00   0.0000000E+00   0.0000000E+00   0.0000000E+00   0.0000000E+00
   1.0905889E+00   4.6263215E+03   4.6263215E+03   5.9884468E-03   1.1267141E-04   1.7319770E-01   4.6061299E+03   4.6263215E+03   0.0000000E+00   0.0000000E+00   0.0000000E+00   0.0000000E+00   0.0000000E+00
   1.1703065E+00   4.1214650E+03   4.1214650E+03   4.6328860E-03   8.7163384E-05   1.5523864E-01   4.1034768E+03   4.1214650E+03   0.0000000E+00   0.0000000E+00   0.0000000E+00   0.0000000E+00   0.0000000E+00
   1.2568370E+00   3.6650619E+03   3.6650619E+03   3.5720798E-03   6.7200504E-05   1.3878523E-01   3.6490657E+03   3.6650619E+03   0.0000000E+00   0.0000000E+00   0.0000000E+00   0.0000000E+00   0.0000000E+00
   1.3502776E+00   3.2554657E+03   3.2554657E+03   2.7489268E-03   5.1710336E-05   1.2366020E-01   3.2412572E+03   3.2554657E+03   0.0000000E+00   0.0000000E+00   0.0000000E+00   0.0000000E+00   0.0000000E+00
   1.4508967E+00   2.8894510E+03   2.8894510E+03   2.1131930E-03   3.9758537E-05   1.0819102E-01   2.8768399E+03   2.8894510E+03   0.0000000E+00   0.0000000E+00   0.0000000E+00   0.0000000E+00   0.0000000E+00
   1.5591052E+00   2.5630739E+03   2.5630739E+03   1.6233250E-03   3.0538848E-05   9.6715758E-02   2.5518873E+03   2.5630739E+03   0.0000000E+00   0.0000000E+00   0.0000000E+00   0.0000000E+00   0.0000000E+00
   1.6754153E+00   2.2724297E+03   2.2724297E+03   1.2463507E-03   2.3447993E-05   8.5467271E-02   2.2625115E+03   2.2724297E+03   0.0000000E+00   0.0000000E+00   0.0000000E+00   0.0000000E+00   0.0000000E+00
   1.8004117E+00   2.0137975E+03   2.0137975E+03   9.5645912E-04   1.7994500E-05   7.5880043E-02   2.0050082E+03   2.0137975E+03   0.0000000E+00   0.0000000E+00   0.0000000E+00   0.0000000E+00   0.0000000E+00
   1.9347359E+00   1.7838140E+03   1.7838140E+03   7.3366702E-04   1.3801680E-05   6.7722815E-02   1.7760284E+03   1.7838140E+03   0.0000000E+00   0.0000000E+00   0.0000000E+00   0.0000000E+00   0.0000000E+00
   2.0790822E+00   1.5794140E+03   1.5794140E+03   5.6252997E-04   1.0583308E-05   5.9351195E-02   1.5725206E+03   1.5794140E+03   0.0000000E+00   0.0000000E+00   0.0000000E+00   0.0000000E+00   0.0000000E+00
   2.2341980E+00   1.3978558E+03   1.3978558E+03   4.3113370E-04   8.1117415E-06   5.2234729E-02   1.3917547E+03   1.3978558E+03   0.0000000E+00   0.0000000E+00   0.0000000E+00   0.0000000E+00   0.0000000E+00
   2.4008867E+00   1.2366712E+03   1.2366712E+03   3.3029548E-04   6.2139924E-06   4.6735040E-02   1.2312737E+03   1.2366712E+03   0.0000000E+00   0.0000000E+00   0.0000000E+00   0.0000000E+00   0.0000000E+00
   2.5800116E+00   1.0936453E+03   1.0936453E+03   2.5294428E-04   4.7590614E-06   4.1143823E-02   1.0888720E+03   1.0936453E+03   0.0000000E+00   0.0000000E+00   0.0000000E+00   0.0000000E+00   0.0000000E+00
   2.7725007E+00   9.6679506E+02   9.6679506E+02   1.9363425E-04   3.6431075E-06   3.6459200E-02   9.6257544E+02   9.6679506E+02   0.0000000E+00   0.0000000E+00   0.0000000E+00   0.0000000E+00   0.0000000E+00
   2.9793509E+00   8.5434475E+02   8.5434475E+02   1.4817701E-04   2.7880021E-06   3.2158704E-02   8.5061592E+02   8.5434475E+02   0.0000000E+00   0.0000000E+00   0.0000000E+00   0.0000000E+00   0.0000000E+00
   3.2016338E+00   7.5470529E+02   7.5470529E+02   1.1335083E-04   2.1327716E-06   2.8450791E-02   7.5141134E+02   7.5470529E+02   0.0000000E+00   0.0000000E+00   0.0000000E+00   0.0000000E+00   0.0000000E+00
   3.4405008E+00   6.6645633E+02   6.6645633E+02   8.6679366E-05   1.6309379E-06   2.5134446E-02   6.6354755E+02   6.6645633E+02   0.0000000E+00   0.0000000E+00   0.0000000E+00   0.0000000E+00   0.0000000E+00
   3.6971891E+00   5.8832929E+02   5.8832929E+02   6.6356731E-05   1.2468532E-06   2.2166480E-02   5.8576149E+02   5.8832929E+02   0.0000000E+00   0.0000000E+00   0.0000000E+00   0.0000000E+00   0.0000000E+00
   3.9730283E+00   5.1919193E+02   5.1919193E+02   5.0653927E-05   9.5288579E-07   1.9614703E-02   5.1692589E+02   5.1919193E+02   0.0000000E+00   0.0000000E+00   0.0000000E+00   0.0000000E+00   0.0000000E+00
   4.2694473E+00   4.5803449E+02   4.5803449E+02   3.8692036E-05   7.2804343E-07   1.7202523E-02   4.5603537E+02   4.5803449E+02   0.0000000E+00   0.0000000E+00   0.0000000E+00   0.0000000E+00   0.0000000E+00
   4.5879815E+00   4.0395700E+02   4.0395700E+02   2.9548247E-05   5.5606140E-07   1.5223682E-02   4.0219390E+02   4.0395700E+02   0.0000000E+00   0.0000000E+00   0.0000000E+00   0.0000000E+00   0.0000000E+00
   4.9302809E+00   3.5615788E+02   3.5615788E+02   2.2559262E-05   4.2459054E-07   1.3399879E-02   3.5460341E+02   3.5615788E+02   0.0000000E+00   0.0000000E+00   0.0000000E+00   0.0000000E+00   0.0000000E+00
   5.2981184E+00   3.1392369E+02   3.1392369E+02   1.7218591E-05   3.2410200E-07   1.1800270E-02   3.1255355E+02   3.1392369E+02   0.0000000E+00   0.0000000E+00   0.0000000E+00   0.0000000E+00   0.0000000E+00
   5.6933995E+00   2.7661978E+02   2.7661978E+02   1.3138676E-05   2.4734806E-07   1.0386922E-02   2.7541245E+02   2.7661978E+02   0.0000000E+00   0.0000000E+00   0.0000000E+00   0.0000000E+00   0.0000000E+00
   6.1181717E+00   2.4368193E+02   2.4368193E+02   1.0022771E-05   1.8871009E-07   9.1527873E-03   2.4261836E+02   2.4368193E+02   0.0000000E+00   0.0000000E+00   0.0000000E+00   0.0000000E+00   0.0000000E+00
   6.5746352E+00   2.1460885E+02   2.1460885E+02   7.6437992E-06   1.4393511E-07   8.0892697E-03   2.1367217E+02   2.1460885E+02   0.0000000E+00   0.0000000E+00   0.0000000E+00   0.0000000E+00   0.0000000E+00
   7.0651544E+00   1.8895537E+02   1.8895537E+02   5.8280724E-06   1.0976535E-07   7.1229376E-03   1.8813066E+02   1.8895537E+02   0.0000000E+00   0.0000000E+00   0.0000000E+00   0.0000000E+00   0.0000000E+00
   7.5922703E+00   1.6632638E+02   1.6632638E+02   4.4437037E-06   8.3688604E-08   6.2507823E-03   1.6560044E+02   1.6632638E+02   0.0000000E+00   0.0000000E+00   0.0000000E+00   0.0000000E+00   0.0000000E+00
   8.1587131E+00   1.4637141E+02   1.4637141E+02   3.3858567E-06   6.3787377E-08   5.5321382E-03   1.4573256E+02   1.4637141E+02   0.0000000E+00   0.0000000E+00   0.0000000E+00   0.0000000E+00   0.0000000E+00
