#           k/h    CDM            baryon         photon         nu             mass_nu        total          no_nu          total_de       Weyl           v_CDM          v_b            v_b-v_c     
   1.0695868E-05   2.0151488E+07   2.0151488E+07   2.6855660E+07   1.4209895E+04   2.6523978E+07   2.0151500E+07   2.0151488E+07   0.0000000E+00   0.0000000E+00   0.0000000E+00   0.0000000E+00   0.0000000E+00
   1.1493863E-05   2.0151484E+07   2.0151484E+07   2.6853644E+07   1.4209208E+04   2.6523399E+07   2.0151495E+07   2.0151484E+07   0.0000000E+00   0.0000000E+00   0.0000000E+00   0.0000000E+00   0.0000000E+00
   1.2351395E-05   2.0151479E+07   2.0151479E+07   2.6851316E+07   1.4208414E+04   2.6522730E+07   2.0151490E+07   2.0151479E+07   0.0000000E+00   0.0000000E+00   0.0000000E+00   0.0000000E+00   0.0000000E+00
   1.3272906E-05   2.0151473E+07   2.0151473E+07   2.6848628E+07   1.4207498E+04   2.6521957E+07   2.0151484E+07   2.0151473E+07   0.0000000E+00   0.0000000E+00   0.0000000E+00   0.0000000E+00   0.0000000E+00
   1.4263169E-05   2.0151466E+07   2.0151466E+07   2.6845524E+07   1.4206439E+04   2.6521066E+07   2.0151477E+07   2.0151466E+07   0.0000000E+00   0.0000000E+00   0.0000000E+00   0.0000000E+00   0.0000000E+00
   1.5327313E-05   2.0151458E+07   2.0151458E+07   2.6841940E+07   1.4205217E+04   2.6520036E+07   2.0151469E+07   2.0151458E+07   0.0000000E+00   0.0000000E+00   0.0000000E+00   0.0000000E+00   0.0000000E+00
   1.6470850E-05   2.0151449E+07   2.0151449E+07   2.6837801E+07   1.4203806E+04   2.6518847E+07   2.0151459E+07   2.0151449E+07   0.0000000E+00   0.0000000E+00   0.0000000E+00   0.0000000E+00   0.0000000E+00
   1.7699705E-05   2.0151438E+07   2.0151438E+07   2.6833024E+07   1.4202177E+04   2.6517475E+07   2.0151448E+07   2.0151438E+07   0.0000000E+00   0.0000000E+00   0.0000000E+00   0.0000000E+00   0.0000000E+00
   1.9020241E-05   2.0151426E+07   2.0151426E+07   2.6827507E+07   1.4200296E+04   2.6515891E+07   2.0151435E+07   2.0151426E+07   0.0000000E+00   0.0000000E+00   0.0000000E+00   0.0000000E+00   0.0000000E+00
   2.0439300E-05   2.0151412E+07   2.0151412E+07   2.6821138E+07   1.4198124E+04   2.6514062E+07   2.0151421E+07   2.0151412E+07   0.0000000E+00   0.0000000E+00   0.0000000E+00   0.0000000E+00   0.0000000E+00
   2.1964232E-05   2.0151396E+07   2.0151396E+07   2.6813785E+07   1.4195617E+04   2.6511950E+07   2.0151404E+07   2.0151396E+07   0.0000000E+00   0.0000000E+00   0.0000000E+00   0.0000000E+00   0.0000000E+00
   2.3602936E-05   2.0151377E+07   2.0151377E+07   2.6805296E+07   1.4192722E+04   2.6509513E+07   2.0151384E+07   2.0151377E+07   0.0000000E+00   0.0000000E+00   0.0000000E+00   0.0000000E+00   0.0000000E+00
   2.5363899E-05   2.0151355E+07   2.0151355E+07   2.6795496E+07   1.4189379E+04   2.6506700E+07   2.0151362E+07   2.0151355E+07   0.0000000E+00   0.0000000E+00   0.0000000E+00   0.0000000E+00   0.0000000E+00
   2.7256245E-05   2.0151330E+07   2.0151330E+07   2.6784183E+07   1.4185521E+04   2.6503453E+07   2.0151336E+07   2.0151330E+07   0.0000000E+00   0.0000000E+00   0.0000000E+00   0.0000000E+00   0.0000000E+00
   2.9289774E-05   2.0151302E+07   2.0151302E+07   2.6771126E+07   1.4181067E+04   2.6499706E+07   2.0151306E+07   2.0151302E+07   0.0000000E+00   0.0000000E+00   0.0000000E+00   0.0000000E+00   0.0000000E+00
   3.1475020E-05   2.0151268E+07   2.0151268E+07   2.6756054E+07   1.4175925E+04   2.6495381E+07   2.0151271E+07   2.0151268E+07   0.0000000E+00   0.0000000E+00   0.0000000E+00   0.0000000E+00   0.0000000E+00
   3.3823303E-05   2.0151230E+07   2.0151230E+07   2.6738659E+07   1.4169989E+04   2.6490392E+07   2.0151231E+07   2.0151230E+07   0.0000000E+00   0.0000000E+00   0.0000000E+00   0.0000000E+00   0.0000000E+00
   3.6346787E-05   2.0151185E+07   2.0151185E+07   2.6718585E+07   1.4163139E+04   2.6484636E+07   2.0151185E+07   2.0151185E+07   0.0000000E+00   0.0000000E+00   0.0000000E+00   0.0000000E+00   0.0000000E+00
   3.9058541E-05   2.0151134E+07   2.0151134E+07   2.6695421E+07   1.4155233E+04   2.6477997E+07   2.0151131E+07   2.0151134E+07   0.0000000E+00   0.0000000E+00   0.0000000E+00   0.0000000E+00   0.0000000E+00
   4.1972614E-05   2.0151075E+07   2.0151075E+07   2.6668695E+07   1.4146109E+04   2.6470339E+07   2.0151069E+07   2.0151075E+07   0.0000000E+00   0.0000000E+00   0.0000000E+00   0.0000000E+00   0.0000000E+00
   4.5104100E-05   2.0151006E+07   2.0151006E+07   2.6637863E+07   1.4135581E+04   2.6461510E+07   2.0150998E+07   2.0151006E+07   0.0000000E+00   0.0000000E+00   0.0000000E+00   0.0000000E+00   0.0000000E+00
   4.8469219E-05   2.0150927E+07   2.0150927E+07   2.6602300E+07   1.4123434E+04   2.6451331E+07   2.0150916E+07   2.0150927E+07   0.0000000E+00   0.0000000E+00   0.0000000E+00   0.0000000E+00   0.0000000E+00
   5.2085402E-05   2.0150836E+07   2.0150836E+07   2.6561287E+07   1.4109422E+04   2.6439599E+07   2.0150821E+07   2.0150836E+07   0.0000000E+00   0.0000000E+00   0.0000000E+00   0.0000000E+00   0.0000000E+00
   5.5971381E-05   2.0150730E+07   2.0150730E+07   2.6513999E+07   1.4093260E+04   2.6426083E+07   2.0150711E+07   2.0150730E+07   0.0000000E+00   0.0000000E+00   0.0000000E+00   0.0000000E+00   0.0000000E+00
   6.0147284E-05   2.0150609E+07   2.0150609E+07   2.6459489E+07   1.4074622E+04   2.6410515E+07   2.0150585E+07   2.0150609E+07   0.0000000E+00   0.0000000E+00   0.0000000E+00   0.0000000E+00   0.0000000E+00
   6.4634742E-05   2.0150469E+07   2.0150469E+07   2.6396671E+07   1.4053134E+04   2.6392593E+07   2.0150439E+07   2.0150469E+07   0.0000000E+00   0.0000000E+00   0.0000000E+00   0.0000000E+00   0.0000000E+00
   6.9457000E-05   2.0150307E+07   2.0150307E+07   2.6324302E+07   1.4028364E+04   2.6371968E+07   2.0150270E+07   2.0150307E+07   0.0000000E+00   0.0000000E+00   0.0000000E+00   0.0000000E+00   0.0000000E+00
   7.4639036E-05   2.0150120E+07   2.0150120E+07   2.6240960E+07   1.3999822E+04   2.6348247E+07   2.0150076E+07   2.0150120E+07   0.0000000E+00   0.0000000E+00   0.0000000E+00   0.0000000E+00   0.0000000E+00
   8.0207692E-05   2.0149904E+07   2.0149904E+07   2.6145023E+07   1.3966941E+04   2.6320983E+07   2.0149851E+07   2.0149904E+07   0.0000000E+00   0.0000000E+00   0.0000000E+00   0.0000000E+00   0.0000000E+00
   8.6191814E-05   2.0149655E+07   2.0149655E+07   2.6034642E+07   1.3929078E+04   2.6289668E+07   2.0149592E+07   2.0149655E+07   0.0000000E+00   0.0000000E+00   0.0000000E+00   0.0000000E+00   0.0000000E+00
   9.2622398E-05   2.0149367E+07   2.0149367E+07   2.5907714E+07   1.3885497E+04   2.6253732E+07   2.0149293E+07   2.0149367E+07   0.0000000E+00   0.0000000E+00   0.0000000E+00   0.0000000E+00   0.0000000E+00
   9.9532754E-05   2.0149036E+07   2.0149036E+07   2.5761855E+07   1.3835360E+04   2.6212532E+07   2.0148948E+07   2.0149036E+07   0.0000000E+00   0.0000000E+00   0.0000000E+00   0.0000000E+00   0.0000000E+00
   1.0695868E-04   2.0148653E+07   2.0148653E+07   2.5594367E+07   1.3777713E+04   2.6165351E+07   2.0148549E+07   2.0148653E+07   0.0000000E+00   0.0000000E+00   0.0000000E+00   0.0000000E+00   0.0000000E+00
   1.1493863E-04   2.0148212E+07   2.0148212E+07   2.5402215E+07   1.3711476E+04   2.6111392E+07   2.0148090E+07   2.0148212E+07   0.0000000E+00   0.0000000E+00   0.0000000E+00   0.0000000E+00   0.0000000E+00
   1.2351395E-04   2.0147703E+07   2.0147703E+07   2.5181988E+07   1.3635430E+04   2.6049773E+07   2.0147561E+07   2.0147703E+07   0.0000000E+00   0.0000000E+00   0.0000000E+00   0.0000000E+00   0.0000000E+00
   1.3272906E-04   2.0147116E+07   2.0147116E+07   2.4929882E+07   1.3548199E+04   2.5979532E+07   2.0146950E+07   2.0147116E+07   0.0000000E+00   0.0000000E+00   0.0000000E+00   0.0000000E+00   0.0000000E+00
   1.4263169E-04   2.0146440E+07   2.0146440E+07   2.4641676E+07   1.3448243E+04   2.5899625E+07   2.0146246E+07   2.0146440E+07   0.0000000E+00   0.0000000E+00   0.0000000E+00   0.0000000E+00   0.0000000E+00
   1.5327313E-04   2.0145661E+07   2.0145661E+07   2.4312719E+07   1.3333843E+04   2.5808937E+07   2.0145435E+07   2.0145661E+07   0.0000000E+00   0.0000000E+00   0.0000000E+00   0.0000000E+00   0.0000000E+00
   1.6470850E-04   2.0144763E+07   2.0144763E+07   2.3937933E+07   1.3203094E+04   2.5706297E+07   2.0144500E+07   2.0144763E+07   0.0000000E+00   0.0000000E+00   0.0000000E+00   0.0000000E+00   0.0000000E+00
   1.7699705E-04   2.0143728E+07   2.0143728E+07   2.3511837E+07   1.3053900E+04   2.5590500E+07   2.0143424E+07   2.0143728E+07   0.0000000E+00   0.0000000E+00   0.0000000E+00   0.0000000E+00   0.0000000E+00
   1.9020241E-04   2.0142538E+07   2.0142538E+07   2.3028593E+07   1.2883976E+04   2.5460348E+07   2.0142185E+07   2.0142538E+07   0.0000000E+00   0.0000000E+00   0.0000000E+00   0.0000000E+00   0.0000000E+00
   2.0439300E-04   2.0141168E+07   2.0141168E+07   2.2482094E+07   1.2690856E+04   2.5314695E+07   2.0140758E+07   2.0141168E+07   0.0000000E+00   0.0000000E+00   0.0000000E+00   0.0000000E+00   0.0000000E+00
   2.1964232E-04   2.0139593E+07   2.0139593E+07   2.1866098E+07   1.2471922E+04   2.5152523E+07   2.0139118E+07   2.0139593E+07   0.0000000E+00   0.0000000E+00   0.0000000E+00   0.0000000E+00   0.0000000E+00
   2.3602936E-04   2.0137782E+07   2.0137782E+07   2.1174428E+07   1.2224438E+04   2.4973028E+07   2.0137233E+07   2.0137782E+07   0.0000000E+00   0.0000000E+00   0.0000000E+00   0.0000000E+00   0.0000000E+00
   2.5363899E-04   2.0135702E+07   2.0135702E+07   2.0401249E+07   1.1945613E+04   2.4775744E+07   2.0135067E+07   2.0135702E+07   0.0000000E+00   0.0000000E+00   0.0000000E+00   0.0000000E+00   0.0000000E+00
   2.7256245E-04   2.0133314E+07   2.0133314E+07   1.9541436E+07   1.1632694E+04   2.4560681E+07   2.0132582E+07   2.0133314E+07   0.0000000E+00   0.0000000E+00   0.0000000E+00   0.0000000E+00   0.0000000E+00
   2.9289774E-04   2.0130577E+07   2.0130577E+07   1.8591065E+07   1.1283083E+04   2.4328500E+07   2.0129731E+07   2.0130577E+07   0.0000000E+00   0.0000000E+00   0.0000000E+00   0.0000000E+00   0.0000000E+00
   3.1475020E-04   2.0127440E+07   2.0127440E+07   1.7548011E+07   1.0894506E+04   2.4080703E+07   2.0126464E+07   2.0127440E+07   0.0000000E+00   0.0000000E+00   0.0000000E+00   0.0000000E+00   0.0000000E+00
   3.3823303E-04   2.0123850E+07   2.0123850E+07   1.6412687E+07   1.0465223E+04   2.3819833E+07   2.0122725E+07   2.0123850E+07   0.0000000E+00   0.0000000E+00   0.0000000E+00   0.0000000E+00   0.0000000E+00
   3.6346787E-04   2.0119747E+07   2.0119747E+07   1.5188888E+07   9.9942829E+03   2.3549661E+07   2.0118451E+07   2.0119747E+07   0.0000000E+00   0.0000000E+00   0.0000000E+00   0.0000000E+00   0.0000000E+00
   3.9058541E-04   2.0115062E+07   2.0115062E+07   1.3884724E+07   9.4818402E+03   2.3275326E+07   2.0113571E+07   2.0115062E+07   0.0000000E+00   0.0000000E+00   0.0000000E+00   0.0000000E+00   0.0000000E+00
   4.1972614E-04   2.0109721E+07   2.0109721E+07   1.2513548E+07   8.9294982E+03   2.3003363E+07   2.0108007E+07   2.0109721E+07   0.0000000E+00   0.0000000E+00   0.0000000E+00   0.0000000E+00   0.0000000E+00
   4.5104100E-04   2.0103642E+07   2.0103642E+07   1.1094785E+07   8.3406829E+03   2.2741566E+07   2.0101673E+07   2.0103642E+07   0.0000000E+00   0.0000000E+00   0.0000000E+00   0.0000000E+00   0.0000000E+00
   4.8469219E-04   2.0096733E+07   2.0096733E+07   9.6544525E+06   7.7209974E+03   2.2498579E+07   2.0094474E+07   2.0096733E+07   0.0000000E+00   0.0000000E+00   0.0000000E+00   0.0000000E+00   0.0000000E+00
   5.2085402E-04   2.0088896E+07   2.0088896E+07   8.2251490E+06   7.0785090E+03   2.2283128E+07   2.0086306E+07   2.0088896E+07   0.0000000E+00   0.0000000E+00   0.0000000E+00   0.0000000E+00   0.0000000E+00
   5.5971381E-04   2.0080020E+07   2.0080020E+07   6.8451801E+06   6.4238849E+03   2.2102830E+07   2.0077057E+07   2.0080020E+07   0.0000000E+00   0.0000000E+00   0.0000000E+00   0.0000000E+00   0.0000000E+00
   6.0147284E-04   2.0069988E+07   2.0069988E+07   5.5565132E+06   5.7702791E+03   2.1962543E+07   2.0066600E+07   2.0069988E+07   0.0000000E+00   0.0000000E+00   0.0000000E+00   0.0000000E+00   0.0000000E+00
   6.4634742E-04   2.0058667E+07   2.0058667E+07   4.4012797E+06   5.1328541E+03   2.1862397E+07   2.0054803E+07   2.0058667E+07   0.0000000E+00   0.0000000E+00   0.0000000E+00   0.0000000E+00   0.0000000E+00
   6.9457000E-04   2.0045916E+07   2.0045916E+07   3.4167560E+06   4.5278327E+03   2.1795804E+07   2.0041515E+07   2.0045916E+07   0.0000000E+00   0.0000000E+00   0.0000000E+00   0.0000000E+00   0.0000000E+00
   7.4639036E-04   2.0031576E+07   2.0031576E+07   2.6291341E+06   3.9710233E+03   2.1748058E+07   2.0026574E+07   2.0031576E+07   0.0000000E+00   0.0000000E+00   0.0000000E+00   0.0000000E+00   0.0000000E+00
   8.0207692E-04   2.0015474E+07   2.0015474E+07   2.0470050E+06   3.4758675E+03   2.1696388E+07   2.0009803E+07   2.0015474E+07   0.0000000E+00   0.0000000E+00   0.0000000E+00   0.0000000E+00   0.0000000E+00
   8.6191814E-04   1.9997416E+07   1.9997416E+07   1.6562336E+06   3.0512317E+03   2.1612461E+07   1.9991003E+07   1.9997416E+07   0.0000000E+00   0.0000000E+00   0.0000000E+00   0.0000000E+00   0.0000000E+00
   9.2622398E-04   1.9977187E+07   1.9977187E+07   1.4185838E+06   2.6993950E+03   2.1468065E+07   1.9969956E+07   1.9977187E+07   0.0000000E+00   0.0000000E+00   0.0000000E+00   0.0000000E+00   0.0000000E+00
   9.9532754E-04   1.9954549E+07   1.9954549E+07   1.2765747E+06   2.4149054E+03   2.1243668E+07   1.9946424E+07   1.9954549E+07   0.0000000E+00   0.0000000E+00   0.0000000E+00   0.0000000E+00   0.0000000E+00
   1.0695868E-03   1.9929241E+07   1.9929241E+07   1.1659550E+06   2.1850628E+03   2.0937704E+07   1.9920143E+07   1.9929241E+07   0.0000000E+00   0.0000000E+00   0.0000000E+00   0.0000000E+00   0.0000000E+00
   1.1493863E-03   1.9900978E+07   1.9900978E+07   1.0343110E+06   1.9925648E+03   2.0572074E+07   1.9890831E+07   1.9900978E+07   0.0000000E+00   0.0000000E+00   0.0000000E+00   0.0000000E+00   0.0000000E+00
   1.2351395E-03   1.9869458E+07   1.9869458E+07   8.5987429E+05   1.8201484E+03   2.0188008E+07   1.9858188E+07   1.9869458E+07   0.0000000E+00   0.0000000E+00   0.0000000E+00   0.0000000E+00   0.0000000E+00
   1.3272906E-03   1.9834362E+07   1.9834362E+07   6.6046633E+05   1.6559203E+03   1.9828641E+07   1.9821903E+07   1.9834362E+07   0.0000000E+00   0.0000000E+00   0.0000000E+00   0.0000000E+00   0.0000000E+00
   1.4263169E-03   1.9795362E+07   1.9795362E+07   4.8269046E+05   1.4969489E+03   1.9512588E+07   1.9781655E+07   1.9795362E+07   0.0000000E+00   0.0000000E+00   0.0000000E+00   0.0000000E+00   0.0000000E+00
   1.5327313E-03   1.9752120E+07   1.9752120E+07   3.7037728E+05   1.3485454E+03   1.9214922E+07   1.9737115E+07   1.9752120E+07   0.0000000E+00   0.0000000E+00   0.0000000E+00   0.0000000E+00   0.0000000E+00
   1.6470850E-03   1.9704286E+07   1.9704286E+07   3.2864155E+05   1.2185369E+03   1.8878217E+07   1.9687944E+07   1.9704286E+07   0.0000000E+00   0.0000000E+00   0.0000000E+00   0.0000000E+00   0.0000000E+00
   1.7699705E-03   1.9651493E+07   1.9651493E+07   3.1417340E+05   1.1096268E+03   1.8460887E+07   1.9633786E+07   1.9651493E+07   0.0000000E+00   0.0000000E+00   0.0000000E+00   0.0000000E+00   0.0000000E+00
   1.9020241E-03   1.9593357E+07   1.9593357E+07   2.7193461E+05   1.0160480E+03   1.7988371E+07   1.9574263E+07   1.9593357E+07   0.0000000E+00   0.0000000E+00   0.0000000E+00   0.0000000E+00   0.0000000E+00
   2.0439300E-03   1.9529478E+07   1.9529478E+07   1.9325281E+05   9.2870522E+02   1.7540670E+07   1.9508983E+07   1.9529478E+07   0.0000000E+00   0.0000000E+00   0.0000000E+00   0.0000000E+00   0.0000000E+00
   2.1964232E-03   1.9459448E+07   1.9459448E+07   1.2722664E+05   8.4448598E+02   1.7157071E+07   1.9437539E+07   1.9459448E+07   0.0000000E+00   0.0000000E+00   0.0000000E+00   0.0000000E+00   0.0000000E+00
   2.3602936E-03   1.9382851E+07   1.9382851E+07   1.1272005E+05   7.6832574E+02   1.6767769E+07   1.9359514E+07   1.9382851E+07   0.0000000E+00   0.0000000E+00   0.0000000E+00   0.0000000E+00   0.0000000E+00
   2.5363899E-03   1.9299257E+07   1.9299257E+07   1.1635559E+05   7.0385380E+02   1.6290118E+07   1.9274474E+07   1.9299257E+07   0.0000000E+00   0.0000000E+00   0.0000000E+00   0.0000000E+00   0.0000000E+00
   2.7256245E-03   1.9208216E+07   1.9208216E+07   8.9252388E+04   6.4637002E+02   1.5776577E+07   1.9181965E+07   1.9208216E+07   0.0000000E+00   0.0000000E+00   0.0000000E+00   0.0000000E+00   0.0000000E+00
   2.9289774E-03   1.9109262E+07   1.9109262E+07   5.7218018E+04   5.9092375E+02   1.5315246E+07   1.9081516E+07   1.9109262E+07   0.0000000E+00   0.0000000E+00   0.0000000E+00   0.0000000E+00   0.0000000E+00
   3.1475020E-03   1.9001920E+07   1.9001920E+07   5.5654111E+04   5.4007803E+02   1.4833876E+07   1.8972654E+07   1.9001920E+07   0.0000000E+00   0.0000000E+00   0.0000000E+00   0.0000000E+00   0.0000000E+00
   3.3823303E-03   1.8885701E+07   1.8885701E+07   4.6815709E+04   4.9484132E+02   1.4284733E+07   1.8854895E+07   1.8885701E+07   0.0000000E+00   0.0000000E+00   0.0000000E+00   0.0000000E+00   0.0000000E+00
   3.6346787E-03   1.8760102E+07   1.8760102E+07   2.9530191E+04   4.5168248E+02   1.3770498E+07   1.8727740E+07   1.8760102E+07   0.0000000E+00   0.0000000E+00   0.0000000E+00   0.0000000E+00   0.0000000E+00
   3.9058541E-03   1.8624613E+07   1.8624613E+07   3.3064551E+04   4.1218156E+02   1.3225162E+07   1.8590687E+07   1.8624613E+07   0.0000000E+00   0.0000000E+00   0.0000000E+00   0.0000000E+00   0.0000000E+00
   4.1972614E-03   1.8478714E+07   1.8478714E+07   2.0745677E+04   3.7612953E+02   1.2644167E+07   1.8443226E+07   1.8478714E+07   0.0000000E+00   0.0000000E+00   0.0000000E+00   0.0000000E+00   0.0000000E+00
   4.5104100E-03   1.8321883E+07   1.8321883E+07   1.8156688E+04   3.4171150E+02   1.2105374E+07   1.8284852E+07   1.8321883E+07   0.0000000E+00   0.0000000E+00   0.0000000E+00   0.0000000E+00   0.0000000E+00
   4.8469219E-03   1.8153608E+07   1.8153608E+07   1.5440615E+04   3.1054019E+02   1.1508419E+07   1.8115076E+07   1.8153608E+07   0.0000000E+00   0.0000000E+00   0.0000000E+00   0.0000000E+00   0.0000000E+00
   5.2085402E-03   1.7973386E+07   1.7973386E+07   1.1665538E+04   2.8103019E+02   1.0959321E+07   1.7933415E+07   1.7973386E+07   0.0000000E+00   0.0000000E+00   0.0000000E+00   0.0000000E+00   0.0000000E+00
   5.5971381E-03   1.7780726E+07   1.7780726E+07   8.7068564E+03   2.5433558E+02   1.0375086E+07   1.7739381E+07   1.7780726E+07   0.0000000E+00   0.0000000E+00   0.0000000E+00   0.0000000E+00   0.0000000E+00
   6.0147284E-03   1.7575135E+07   1.7575135E+07   9.1707123E+03   2.2955902E+02   9.8147208E+06   1.7532468E+07   1.7575135E+07   0.0000000E+00   0.0000000E+00   0.0000000E+00   0.0000000E+00   0.0000000E+00
   6.4634742E-03   1.7356114E+07   1.7356114E+07   4.5361284E+03   2.0672614E+02   9.2425438E+06   1.7312183E+07   1.7356114E+07   0.0000000E+00   0.0000000E+00   0.0000000E+00   0.0000000E+00   0.0000000E+00
   6.9457000E-03   1.7123160E+07   1.7123160E+07   5.1691417E+03   1.8560644E+02   8.6686860E+06   1.7078061E+07   1.7123160E+07   0.0000000E+00   0.0000000E+00   0.0000000E+00   0.0000000E+00   0.0000000E+00
   7.4639036E-03   1.6875791E+07   1.6875791E+07   4.7534344E+03   1.6614090E+02   8.1249235E+06   1.6829641E+07   1.6875791E+07   0.0000000E+00   0.0000000E+00   0.0000000E+00   0.0000000E+00   0.0000000E+00
   8.0207692E-03   1.6613550E+07   1.6613550E+07   3.2396756E+03   1.4840305E+02   7.5872489E+06   1.6566460E+07   1.6613550E+07   0.0000000E+00   0.0000000E+00   0.0000000E+00   0.0000000E+00   0.0000000E+00
   8.6191814E-03   1.6335984E+07   1.6335984E+07   1.9001891E+03   1.3216823E+02   7.0548141E+06   1.6288068E+07   1.6335984E+07   0.0000000E+00   0.0000000E+00   0.0000000E+00   0.0000000E+00   0.0000000E+00
   9.2622398E-03   1.6042637E+07   1.6042637E+07   1.3877838E+03   1.1734989E+02   6.5355001E+06   1.5994029E+07   1.6042637E+07   0.0000000E+00   0.0000000E+00   0.0000000E+00   0.0000000E+00   0.0000000E+00
   9.9532754E-03   1.5733070E+07   1.5733070E+07   1.1268750E+03   1.0386467E+02   6.0364551E+06   1.5683913E+07   1.5733070E+07   0.0000000E+00   0.0000000E+00   0.0000000E+00   0.0000000E+00   0.0000000E+00
   1.0695868E-02   1.5406868E+07   1.5406868E+07   8.6001940E+02   9.1643735E+01   5.5559639E+06   1.5357309E+07   1.5406868E+07   0.0000000E+00   0.0000000E+00   0.0000000E+00   0.0000000E+00   0.0000000E+00
   1.1493863E-02   1.5063634E+07   1.5063634E+07   8.4960155E+02   8.0578222E+01   5.0938483E+06   1.5013825E+07   1.5063634E+07   0.0000000E+00   0.0000000E+00   0.0000000E+00   0.0000000E+00   0.0000000E+00
   1.2351395E-02   1.4702999E+07   1.4702999E+07   1.0052029E+03   7.0612292E+01   4.6511588E+06   1.4653111E+07   1.4702999E+07   0.0000000E+00   0.0000000E+00   0.0000000E+00   0.0000000E+00   0.0000000E+00
   1.3272906E-02   1.4324655E+07   1.4324655E+07   6.7915486E+02   6.1672328E+01   4.2262167E+06   1.4274848E+07   1.4324655E+07   0.0000000E+00   0.0000000E+00   0.0000000E+00   0.0000000E+00   0.0000000E+00
   1.4263169E-02   1.3928350E+07   1.3928350E+07   3.6886219E+02   5.3644148E+01   3.8313504E+06   1.3878800E+07   1.3928350E+07   0.0000000E+00   0.0000000E+00   0.0000000E+00   0.0000000E+00   0.0000000E+00
   1.5327313E-02   1.3513940E+07   1.3513940E+07   4.8874811E+02   4.6496936E+01   3.4528253E+06   1.3464820E+07   1.3513940E+07   0.0000000E+00   0.0000000E+00   0.0000000E+00   0.0000000E+00   0.0000000E+00
   1.6470850E-02   1.3081418E+07   1.3081418E+07   2.8791659E+02   4.0133516E+01   3.1021551E+06   1.3032905E+07   1.3081418E+07   0.0000000E+00   0.0000000E+00   0.0000000E+00   0.0000000E+00   0.0000000E+00
   1.7699705E-02   1.2630977E+07   1.2630977E+07   1.7717409E+02   3.4506833E+01   2.7708089E+06   1.2583245E+07   1.2630977E+07   0.0000000E+00   0.0000000E+00   0.0000000E+00   0.0000000E+00   0.0000000E+00
   1.9020241E-02   1.2163071E+07   1.2163071E+07   1.8227674E+02   2.9537589E+01   2.4640557E+06   1.2116296E+07   1.2163071E+07   0.0000000E+00   0.0000000E+00   0.0000000E+00   0.0000000E+00   0.0000000E+00
   2.0439300E-02   1.1678507E+07   1.1678507E+07   1.5565116E+02   2.5172987E+01   2.1803141E+06   1.1632857E+07   1.1678507E+07   0.0000000E+00   0.0000000E+00   0.0000000E+00   0.0000000E+00   0.0000000E+00
   2.1964230E-02   1.1178545E+07   1.1178545E+07   1.0684341E+02   2.1356663E+01   1.9192800E+06   1.1134181E+07   1.1178545E+07   0.0000000E+00   0.0000000E+00   0.0000000E+00   0.0000000E+00   0.0000000E+00
   2.3602921E-02   1.0665010E+07   1.0665010E+07   6.5919647E+01   1.8032920E+01   1.6811494E+06   1.0622085E+07   1.0665010E+07   0.0000000E+00   0.0000000E+00   0.0000000E+00   0.0000000E+00   0.0000000E+00
   2.5363820E-02   1.0140423E+07   1.0140423E+07   9.4302740E+01   1.5154298E+01   1.4637589E+06   1.0099075E+07   1.0140423E+07   0.0000000E+00   0.0000000E+00   0.0000000E+00   0.0000000E+00   0.0000000E+00
   2.7255875E-02   9.6081407E+06   9.6081407E+06   5.3010225E+01   1.2674285E+01   1.2684376E+06   9.5684884E+06   9.6081407E+06   0.0000000E+00   0.0000000E+00   0.0000000E+00   0.0000000E+00   0.0000000E+00
   2.9288270E-02   9.0725057E+06   9.0725057E+06   2.8119808E+01   1.0550970E+01   1.0926430E+06   9.0346462E+06   9.0725057E+06   0.0000000E+00   0.0000000E+00   0.0000000E+00   0.0000000E+00   0.0000000E+00
   3.1469635E-02   8.5390407E+06   8.5390407E+06   3.4480404E+01   8.7453627E+00   9.3663141E+05   8.5030417E+06   8.5390407E+06   0.0000000E+00   0.0000000E+00   0.0000000E+00   0.0000000E+00   0.0000000E+00
   3.3806216E-02   8.0146573E+06   8.0146573E+06   3.6456103E+01   7.2232910E+00   7.9857281E+05   7.9805516E+06   8.0146573E+06   0.0000000E+00   0.0000000E+00   0.0000000E+00   0.0000000E+00   0.0000000E+00
   3.6298448E-02   7.5077875E+06   7.5077875E+06   1.3276041E+01   5.9525265E+00   6.7989513E+05   7.4755651E+06   7.5077875E+06   0.0000000E+00   0.0000000E+00   0.0000000E+00   0.0000000E+00   0.0000000E+00
   3.8936104E-02   7.0281212E+06   7.0281212E+06   6.0662017E+00   4.9057957E+00   5.7730069E+05   6.9977238E+06   7.0281212E+06   0.0000000E+00   0.0000000E+00   0.0000000E+00   0.0000000E+00   0.0000000E+00
   4.1694184E-02   6.5854836E+06   6.5854836E+06   7.4556821E+00   4.0554395E+00   4.9122313E+05   6.5568033E+06   6.5854836E+06   0.0000000E+00   0.0000000E+00   0.0000000E+00   0.0000000E+00   0.0000000E+00
   4.4533839E-02   6.1877027E+06   6.1877027E+06   4.7616511E+00   3.3743182E+00   4.2008914E+05   6.1605897E+06   6.1877027E+06   0.0000000E+00   0.0000000E+00   0.0000000E+00   0.0000000E+00   0.0000000E+00
   4.7411033E-02   5.8383333E+06   5.8383333E+06   1.4267981E+00   2.8343235E+00   3.6206209E+05   5.8126143E+06   5.8383333E+06   0.0000000E+00   0.0000000E+00   0.0000000E+00   0.0000000E+00   0.0000000E+00
   5.0288819E-02   5.5357870E+06   5.5357870E+06   7.5865860E-01   2.4072819E+00   3.1493731E+05   5.5112874E+06   5.5357870E+06   0.0000000E+00   0.0000000E+00   0.0000000E+00   0.0000000E+00   0.0000000E+00
   5.3145066E-02   5.2744407E+06   5.2744407E+06   1.7409537E+00   2.0675347E+00   2.7643648E+05   5.2510035E+06   5.2744407E+06   0.0000000E+00   0.0000000E+00   0.0000000E+00   0.0000000E+00   0.0000000E+00
   5.5972426E-02   5.0466936E+06   5.0466936E+06   2.2912101E+00   1.7939244E+00   2.4462468E+05   5.0241895E+06   5.0466936E+06   0.0000000E+00   0.0000000E+00   0.0000000E+00   0.0000000E+00   0.0000000E+00
   5.8773859E-02   4.8447047E+06   4.8447047E+06   2.3616639E+00   1.5700004E+00   2.1796137E+05   4.8230344E+06   4.8447047E+06   0.0000000E+00   0.0000000E+00   0.0000000E+00   0.0000000E+00   0.0000000E+00
   6.1557851E-02   4.6613648E+06   4.6613648E+06   2.4249071E+00   1.3834422E+00   1.9526431E+05   4.6404573E+06   4.6613648E+06   0.0000000E+00   0.0000000E+00   0.0000000E+00   0.0000000E+00   0.0000000E+00
   6.4335100E-02   4.4906777E+06   4.4906777E+06   2.5425609E+00   1.2253143E+00   1.7564046E+05   4.4704863E+06   4.4906777E+06   0.0000000E+00   0.0000000E+00   0.0000000E+00   0.0000000E+00   0.0000000E+00
   6.7116685E-02   4.3278354E+06   4.3278354E+06   2.5783606E+00   1.0892184E+00   1.5841316E+05   4.3083330E+06   4.3278354E+06   0.0000000E+00   0.0000000E+00   0.0000000E+00   0.0000000E+00   0.0000000E+00
   6.9913214E-02   4.1691775E+06   4.1691775E+06   2.3834424E+00   9.7051032E-01   1.4308489E+05   4.1503523E+06   4.1691775E+06   0.0000000E+00   0.0000000E+00   0.0000000E+00   0.0000000E+00   0.0000000E+00
   7.2734510E-02   4.0121223E+06   4.0121223E+06   1.8916976E+00   8.6581132E-01   1.2930725E+05   3.9939729E+06   4.0121223E+06   0.0000000E+00   0.0000000E+00   0.0000000E+00   0.0000000E+00   0.0000000E+00
   7.5589571E-02   3.8550961E+06   3.8550961E+06   1.1408115E+00   7.7271951E-01   1.1683801E+05   3.8376275E+06   3.8550961E+06   0.0000000E+00   0.0000000E+00   0.0000000E+00   0.0000000E+00   0.0000000E+00
   7.8486633E-02   3.6974618E+06   3.6974618E+06   2.6825195E-01   6.8951445E-01   1.0550651E+05   3.6806813E+06   3.6974618E+06   0.0000000E+00   0.0000000E+00   0.0000000E+00   0.0000000E+00   0.0000000E+00
   8.1433280E-02   3.5394362E+06   3.5394362E+06   -6.5469153E-02   6.1492108E-01   9.5216403E+04   3.5233496E+06   3.5394362E+06   0.0000000E+00   0.0000000E+00   0.0000000E+00   0.0000000E+00   0.0000000E+00
   8.4436563E-02   3.3819836E+06   3.3819836E+06   1.3584483E+00   5.4802587E-01   8.5815705E+04   3.3665919E+06   3.3819836E+06   0.0000000E+00   0.0000000E+00   0.0000000E+00   0.0000000E+00   0.0000000E+00
   8.7503097E-02   3.2266747E+06   3.2266747E+06   1.1566606E+00   4.8815386E-01   7.7102563E+04   3.2119713E+06   3.2266747E+06   0.0000000E+00   0.0000000E+00   0.0000000E+00   0.0000000E+00   0.0000000E+00
   9.0639163E-02   3.0755050E+06   3.0755050E+06   2.5378209E-01   4.3472488E-01   6.9448204E+04   3.0614740E+06   3.0755050E+06   0.0000000E+00   0.0000000E+00   0.0000000E+00   0.0000000E+00   0.0000000E+00
   9.3850780E-02   2.9306731E+06   2.9306731E+06   7.2207038E-01   3.8730243E-01   6.2388778E+04   2.9172881E+06   2.9306731E+06   0.0000000E+00   0.0000000E+00   0.0000000E+00   0.0000000E+00   0.0000000E+00
   9.7143769E-02   2.7943249E+06   2.7943249E+06   6.6815509E-01   3.4542199E-01   5.6210807E+04   2.7815494E+06   2.7943249E+06   0.0000000E+00   0.0000000E+00   0.0000000E+00   0.0000000E+00   0.0000000E+00
   1.0052381E-01   2.6682805E+06   2.6682805E+06   2.3214252E-01   3.0865116E-01   5.0672256E+04   2.6560693E+06   2.6682805E+06   0.0000000E+00   0.0000000E+00   0.0000000E+00   0.0000000E+00   0.0000000E+00
   1.0399649E-01   2.5537697E+06   2.5537697E+06   2.0056318E-01   2.7650160E-01   4.5783256E+04   2.5420719E+06   2.5537697E+06   0.0000000E+00   0.0000000E+00   0.0000000E+00   0.0000000E+00   0.0000000E+00
   1.0756732E-01   2.4512071E+06   2.4512071E+06   2.4145185E-02   2.4846770E-01   4.1507380E+04   2.4399694E+06   2.4512071E+06   0.0000000E+00   0.0000000E+00   0.0000000E+00   0.0000000E+00   0.0000000E+00
   1.1124179E-01   2.3600455E+06   2.3600455E+06   1.1957119E-01   2.2399939E-01   3.7787232E+04   2.3492169E+06   2.3600455E+06   0.0000000E+00   0.0000000E+00   0.0000000E+00   0.0000000E+00   0.0000000E+00
   1.1502538E-01   2.2787430E+06   2.2787430E+06   5.9928828E-01   2.0254281E-01   3.4420560E+04   2.2682794E+06   2.2787430E+06   0.0000000E+00   0.0000000E+00   0.0000000E+00   0.0000000E+00   0.0000000E+00
   1.1892355E-01   2.2048740E+06   2.2048740E+06   2.7250314E-02   1.8354768E-01   3.1479537E+04   2.1947422E+06   2.2048740E+06   0.0000000E+00   0.0000000E+00   0.0000000E+00   0.0000000E+00   0.0000000E+00
   1.2294183E-01   2.1353949E+06   2.1353949E+06   1.1426835E-01   1.6651339E-01   2.8753065E+04   2.1255756E+06   2.1353949E+06   0.0000000E+00   0.0000000E+00   0.0000000E+00   0.0000000E+00   0.0000000E+00
   1.2708574E-01   2.0670521E+06   2.0670521E+06   2.3601385E-01   1.5100213E-01   2.6277388E+04   2.0575409E+06   2.0670521E+06   0.0000000E+00   0.0000000E+00   0.0000000E+00   0.0000000E+00   0.0000000E+00
   1.3136087E-01   1.9968875E+06   1.9968875E+06   1.2808955E-01   1.3668310E-01   2.3964056E+04   1.9876935E+06   1.9968875E+06   0.0000000E+00   0.0000000E+00   0.0000000E+00   0.0000000E+00   0.0000000E+00
   1.3577286E-01   1.9227623E+06   1.9227623E+06   4.0368357E-02   1.2333381E-01   2.1799716E+04   1.9139044E+06   1.9227623E+06   0.0000000E+00   0.0000000E+00   0.0000000E+00   0.0000000E+00   0.0000000E+00
   1.4032741E-01   1.8437970E+06   1.8437970E+06   1.6978887E-01   1.1084849E-01   1.9726479E+04   1.8352982E+06   1.8437970E+06   0.0000000E+00   0.0000000E+00   0.0000000E+00   0.0000000E+00   0.0000000E+00
   1.4503027E-01   1.7606125E+06   1.7606125E+06   3.5793408E-02   9.9218494E-02   1.7762182E+04   1.7524929E+06   1.7606125E+06   0.0000000E+00   0.0000000E+00   0.0000000E+00   0.0000000E+00   0.0000000E+00
   1.4988727E-01   1.6752775E+06   1.6752775E+06   3.6078244E-02   8.8502796E-02   1.5936433E+04   1.6675477E+06   1.6752775E+06   0.0000000E+00   0.0000000E+00   0.0000000E+00   0.0000000E+00   0.0000000E+00
   1.5490433E-01   1.5909172E+06   1.5909172E+06   -8.2938123E-03   7.8788354E-02   1.4286125E+04   1.5835732E+06   1.5909172E+06   0.0000000E+00   0.0000000E+00   0.0000000E+00   0.0000000E+00   0.0000000E+00
   1.6008742E-01   1.5110157E+06   1.5110157E+06   1.4011136E-01   7.0144977E-02   1.2796588E+04   1.5040374E+06   1.5110157E+06   0.0000000E+00   0.0000000E+00   0.0000000E+00   0.0000000E+00   0.0000000E+00
   1.6544262E-01   1.4385447E+06   1.4385447E+06   4.3660079E-03   6.2589087E-02   1.1478962E+04   1.4318984E+06   1.4385447E+06   0.0000000E+00   0.0000000E+00   0.0000000E+00   0.0000000E+00   0.0000000E+00
   1.7097611E-01   1.3751330E+06   1.3751330E+06   1.6891908E-02   5.6064887E-02   1.0335201E+04   1.3687771E+06   1.3751330E+06   0.0000000E+00   0.0000000E+00   0.0000000E+00   0.0000000E+00   0.0000000E+00
   1.7669416E-01   1.3205334E+06   1.3205334E+06   2.9787041E-02   5.0441229E-02   9.3566534E+03   1.3144276E+06   1.3205334E+06   0.0000000E+00   0.0000000E+00   0.0000000E+00   0.0000000E+00   0.0000000E+00
   1.8260316E-01   1.2726072E+06   1.2726072E+06   2.8678240E-02   4.5537197E-02   8.4954795E+03   1.2667209E+06   1.2726072E+06   0.0000000E+00   0.0000000E+00   0.0000000E+00   0.0000000E+00   0.0000000E+00
   1.8870965E-01   1.2279145E+06   1.2279145E+06   3.0539143E-02   4.1158574E-02   7.7117730E+03   1.2222330E+06   1.2279145E+06   0.0000000E+00   0.0000000E+00   0.0000000E+00   0.0000000E+00   0.0000000E+00
   1.9502031E-01   1.1827990E+06   1.1827990E+06   2.7013385E-02   3.7140053E-02   6.9941758E+03   1.1773246E+06   1.1827990E+06   0.0000000E+00   0.0000000E+00   0.0000000E+00   0.0000000E+00   0.0000000E+00
   2.0154199E-01   1.1346388E+06   1.1346388E+06   1.3046440E-02   3.3379011E-02   6.3217155E+03   1.1293857E+06   1.1346388E+06   0.0000000E+00   0.0000000E+00   0.0000000E+00   0.0000000E+00   0.0000000E+00
   2.0828177E-01   1.0827981E+06   1.0827981E+06   4.0907395E-02   2.9846881E-02   5.6706408E+03   1.0777836E+06   1.0827981E+06   0.0000000E+00   0.0000000E+00   0.0000000E+00   0.0000000E+00   0.0000000E+00
   2.1524694E-01   1.0288520E+06   1.0288520E+06   4.0363635E-02   2.6574746E-02   5.0715419E+03   1.0240860E+06   1.0288520E+06   0.0000000E+00   0.0000000E+00   0.0000000E+00   0.0000000E+00   0.0000000E+00
   2.2244507E-01   9.7589633E+05   9.7589633E+05   3.3004582E-02   2.3619718E-02   4.5246740E+03   9.7137452E+05   9.7589633E+05   0.0000000E+00   0.0000000E+00   0.0000000E+00   0.0000000E+00   0.0000000E+00
   2.2988406E-01   9.2715382E+05   9.2715382E+05   1.0353282E-02   2.1024736E-02   4.0436062E+03   9.2285684E+05   9.2715382E+05   0.0000000E+00   0.0000000E+00   0.0000000E+00   0.0000000E+00   0.0000000E+00
   2.3757216E-01   8.8446809E+05   8.8446809E+05   8.6766732E-03   1.8788323E-02   3.6257985E+03   8.8036801E+05   8.8446809E+05   0.0000000E+00   0.0000000E+00   0.0000000E+00   0.0000000E+00   0.0000000E+00
   2.4551807E-01   8.4743320E+05   8.4743320E+05   2.4603653E-02   1.6860622E-02   3.2641244E+03   8.4350398E+05   8.4743320E+05   0.0000000E+00   0.0000000E+00   0.0000000E+00   0.0000000E+00   0.0000000E+00
   2.5373096E-01   8.1367151E+05   8.1367151E+05   7.9314337E-03   1.5161658E-02   2.9437507E+03   8.0989807E+05   8.1367151E+05   0.0000000E+00   0.0000000E+00   0.0000000E+00   0.0000000E+00   0.0000000E+00
   2.6222060E-01   7.8018958E+05   7.8018958E+05   1.1405289E-02   1.3615635E-02   2.6493529E+03   7.7657073E+05   7.8018958E+05   0.0000000E+00   0.0000000E+00   0.0000000E+00   0.0000000E+00   0.0000000E+00
   2.7099742E-01   7.4508627E+05   7.4508627E+05   1.5843027E-02   1.2179152E-02   2.3774423E+03   7.4162963E+05   7.4508627E+05   0.0000000E+00   0.0000000E+00   0.0000000E+00   0.0000000E+00   0.0000000E+00
   2.8007260E-01   7.0857871E+05   7.0857871E+05   1.2037563E-02   1.0849196E-02   2.1215842E+03   7.0529089E+05   7.0857871E+05   0.0000000E+00   0.0000000E+00   0.0000000E+00   0.0000000E+00   0.0000000E+00
   2.8945823E-01   6.7265270E+05   6.7265270E+05   1.1832640E-02   9.6468450E-03   1.8881715E+03   6.6953108E+05   6.7265270E+05   0.0000000E+00   0.0000000E+00   0.0000000E+00   0.0000000E+00   0.0000000E+00
   2.9916740E-01   6.3953397E+05   6.3953397E+05   7.9569000E-03   8.5893936E-03   1.6843929E+03   6.3656560E+05   6.3953397E+05   0.0000000E+00   0.0000000E+00   0.0000000E+00   0.0000000E+00   0.0000000E+00
   3.0921440E-01   6.1005643E+05   6.1005643E+05   9.4774453E-03   7.6718206E-03   1.5059617E+03   6.0722447E+05   6.1005643E+05   0.0000000E+00   0.0000000E+00   0.0000000E+00   0.0000000E+00   0.0000000E+00
   3.1961485E-01   5.8316213E+05   5.8316213E+05   7.1275392E-03   6.8653126E-03   1.3492552E+03   5.8045466E+05   5.8316213E+05   0.0000000E+00   0.0000000E+00   0.0000000E+00   0.0000000E+00   0.0000000E+00
   3.3038597E-01   5.5692871E+05   5.5692871E+05   6.7201320E-03   6.1372925E-03   1.2060742E+03   5.5434271E+05   5.5692871E+05   0.0000000E+00   0.0000000E+00   0.0000000E+00   0.0000000E+00   0.0000000E+00
   3.4154678E-01   5.3023876E+05   5.3023876E+05   4.8488247E-03   5.4691883E-03   1.0749965E+03   5.2777640E+05   5.3023876E+05   0.0000000E+00   0.0000000E+00   0.0000000E+00   0.0000000E+00   0.0000000E+00
   3.5311845E-01   5.0359470E+05   5.0359470E+05   4.5952148E-03   4.8610572E-03   9.5380563E+02   5.0125580E+05   5.0359470E+05   0.0000000E+00   0.0000000E+00   0.0000000E+00   0.0000000E+00   0.0000000E+00
   3.6512456E-01   4.7834874E+05   4.7834874E+05   3.5345613E-03   4.3198556E-03   8.4724789E+02   4.7612687E+05   4.7834874E+05   0.0000000E+00   0.0000000E+00   0.0000000E+00   0.0000000E+00   0.0000000E+00
   3.7759162E-01   4.5518644E+05   4.5518644E+05   3.5583338E-03   3.8445119E-03   7.5322511E+02   4.5307194E+05   4.5518644E+05   0.0000000E+00   0.0000000E+00   0.0000000E+00   0.0000000E+00   0.0000000E+00
   3.9054951E-01   4.3349091E+05   4.3349091E+05   3.0837520E-03   3.4228581E-03   6.6997480E+02   4.3147700E+05   4.3349091E+05   0.0000000E+00   0.0000000E+00   0.0000000E+00   0.0000000E+00   0.0000000E+00
   4.0403209E-01   4.1222340E+05   4.1222340E+05   2.2903785E-03   3.0418727E-03   5.9397863E+02   4.1030813E+05   4.1222340E+05   0.0000000E+00   0.0000000E+00   0.0000000E+00   0.0000000E+00   0.0000000E+00
   4.1807800E-01   3.9116192E+05   3.9116192E+05   2.3099513E-03   2.6964759E-03   5.2512916E+02   3.8934435E+05   3.9116192E+05   0.0000000E+00   0.0000000E+00   0.0000000E+00   0.0000000E+00   0.0000000E+00
   4.3273153E-01   3.7093383E+05   3.7093383E+05   2.2231707E-03   2.3872137E-03   4.6334039E+02   3.6921011E+05   3.7093383E+05   0.0000000E+00   0.0000000E+00   0.0000000E+00   0.0000000E+00   0.0000000E+00
   4.4804378E-01   3.5193821E+05   3.5193821E+05   1.7948981E-03   2.1131855E-03   4.0838626E+02   3.5030264E+05   3.5193821E+05   0.0000000E+00   0.0000000E+00   0.0000000E+00   0.0000000E+00   0.0000000E+00
   4.6407411E-01   3.3379471E+05   3.3379471E+05   1.5381652E-03   1.8684027E-03   3.5929598E+02   3.3224335E+05   3.3379471E+05   0.0000000E+00   0.0000000E+00   0.0000000E+00   0.0000000E+00   0.0000000E+00
   4.8089192E-01   3.1605176E+05   3.1605176E+05   1.3207158E-03   1.6478006E-03   3.1507752E+02   3.1458276E+05   3.1605176E+05   0.0000000E+00   0.0000000E+00   0.0000000E+00   0.0000000E+00   0.0000000E+00
   4.9857897E-01   2.9884240E+05   2.9884240E+05   1.1869585E-03   1.4497079E-03   2.7526183E+02   2.9745330E+05   2.9884240E+05   0.0000000E+00   0.0000000E+00   0.0000000E+00   0.0000000E+00   0.0000000E+00
   5.1723228E-01   2.8241039E+05   2.8241039E+05   1.0533604E-03   1.2731467E-03   2.3991515E+02   2.8109759E+05   2.8241039E+05   0.0000000E+00   0.0000000E+00   0.0000000E+00   0.0000000E+00   0.0000000E+00
   5.3696790E-01   2.6657262E+05   2.6657262E+05   9.0091814E-04   1.1151725E-03   2.0821211E+02   2.6533337E+05   2.6657262E+05   0.0000000E+00   0.0000000E+00   0.0000000E+00   0.0000000E+00   0.0000000E+00
   5.5792580E-01   2.5113729E+05   2.5113729E+05   7.6232175E-04   9.7329393E-04   1.7976181E+02   2.4996973E+05   2.5113729E+05   0.0000000E+00   0.0000000E+00   0.0000000E+00   0.0000000E+00   0.0000000E+00
   5.8027603E-01   2.3620091E+05   2.3620091E+05   6.7922882E-04   8.4635476E-04   1.5453718E+02   2.3510273E+05   2.3620091E+05   0.0000000E+00   0.0000000E+00   0.0000000E+00   0.0000000E+00   0.0000000E+00
   6.0422683E-01   2.2173713E+05   2.2173713E+05   5.8603228E-04   7.3286634E-04   1.3188710E+02   2.2070614E+05   2.2173713E+05   0.0000000E+00   0.0000000E+00   0.0000000E+00   0.0000000E+00   0.0000000E+00
   6.3003480E-01   2.0762205E+05   2.0762205E+05   4.9372547E-04   6.3123053E-04   1.1170217E+02   2.0665665E+05   2.0762205E+05   0.0000000E+00   0.0000000E+00   0.0000000E+00   0.0000000E+00   0.0000000E+00
   6.5801748E-01   1.9387110E+05   1.9387110E+05   4.2270697E-04   5.4042254E-04   9.3721318E+01   1.9296960E+05   1.9387110E+05   0.0000000E+00   0.0000000E+00   0.0000000E+00   0.0000000E+00   0.0000000E+00
   6.8856818E-01   1.8043425E+05   1.8043425E+05   3.5616067E-04   4.5937030E-04   7.7812625E+01   1.7959519E+05   1.8043425E+05   0.0000000E+00   0.0000000E+00   0.0000000E+00   0.0000000E+00   0.0000000E+00
   7.2217136E-01   1.6727520E+05   1.6727520E+05   2.9849889E-04   3.8719943E-04   6.3733723E+01   1.6649730E+05   1.6727520E+05   0.0000000E+00   0.0000000E+00   0.0000000E+00   0.0000000E+00   0.0000000E+00
   7.5941473E-01   1.5438237E+05   1.5438237E+05   2.4785263E-04   3.2319738E-04   5.1373310E+01   1.5366440E+05   1.5438237E+05   0.0000000E+00   0.0000000E+00   0.0000000E+00   0.0000000E+00   0.0000000E+00
   8.0098887E-01   1.4175084E+05   1.4175084E+05   2.3132196E-04   2.6677485E-04   4.0585794E+01   1.4109159E+05   1.4175084E+05   0.0000000E+00   0.0000000E+00   0.0000000E+00   0.0000000E+00   0.0000000E+00
   8.4765958E-01   1.2941009E+05   1.2941009E+05   1.6699608E-04   2.1748977E-04   3.1292936E+01   1.2880820E+05   1.2941009E+05   0.0000000E+00   0.0000000E+00   0.0000000E+00   0.0000000E+00   0.0000000E+00
   9.0019562E-01   1.1743059E+05   1.1743059E+05   1.3102606E-04   1.7500973E-04   2.3446011E+01   1.1688440E+05   1.1743059E+05   0.0000000E+00   0.0000000E+00   0.0000000E+00   0.0000000E+00   0.0000000E+00
   9.5924960E-01   1.0592694E+05   1.0592694E+05   1.0380330E-04   1.3903926E-04   1.6960549E+01   1.0543424E+05   1.0592694E+05   0.0000000E+00   0.0000000E+00   0.0000000E+00   0.0000000E+00   0.0000000E+00
   1.0252340E+00   9.5043570E+04   9.5043570E+04   8.0801872E-05   1.0922125E-04   1.1741656E+01   9.4601480E+04   9.5043570E+04   0.0000000E+00   0.0000000E+00   0.0000000E+00   0.0000000E+00   0.0000000E+00
   1.0982795E+00   8.4916785E+04   8.4916785E+04   6.3360771E-05   8.5042858E-05   7.6701708E+00   8.4521788E+04   8.4916785E+04   0.0000000E+00   0.0000000E+00   0.0000000E+00   0.0000000E+00   0.0000000E+00
   1.1783314E+00   7.5639243E+04   7.5639243E+04   4.8861145E-05   6.5813280E-05   4.5863119E+00   7.5287393E+04   7.5639243E+04   0.0000000E+00   0.0000000E+00   0.0000000E+00   0.0000000E+00   0.0000000E+00
   1.2653276E+00   6.7244252E+04   6.7244252E+04   3.7211892E-05   5.0743910E-05   2.3131516E+00   6.6931445E+04   6.7244252E+04   0.0000000E+00   0.0000000E+00   0.0000000E+00   0.0000000E+00   0.0000000E+00
   1.3593374E+00   5.9708297E+04   5.9708297E+04   2.8357546E-05   3.9043528E-05   6.7775638E-01   5.9430540E+04   5.9708297E+04   0.0000000E+00   0.0000000E+00   0.0000000E+00   0.0000000E+00   0.0000000E+00
   1.4606054E+00   5.2973907E+04   5.2973907E+04   2.1635062E-05   3.0005028E-05   -4.5799873E-01   5.2727474E+04   5.2973907E+04   0.0000000E+00   0.0000000E+00   0.0000000E+00   0.0000000E+00   0.0000000E+00
   1.5695282E+00   4.6971684E+04   4.6971684E+04   1.7545380E-05   2.3042294E-05   -1.2271773E+00   4.6753170E+04   4.6971684E+04   0.0000000E+00   0.0000000E+00   0.0000000E+00   0.0000000E+00   0.0000000E+00
   1.6866129E+00   4.1628436E+04   4.1628436E+04   1.2687601E-05   1.7685460E-05   -1.7188868E+00   4.1434776E+04   4.1628436E+04   0.0000000E+00   0.0000000E+00   0.0000000E+00   0.0000000E+00   0.0000000E+00
   1.8124437E+00   3.6876351E+04   3.6876351E+04   9.6613753E-06   1.3567757E-05   -2.0089549E+00   3.6704797E+04   3.6876351E+04   0.0000000E+00   0.0000000E+00   0.0000000E+00   0.0000000E+00   0.0000000E+00
   1.9476654E+00   3.2652396E+04   3.2652396E+04   7.3741972E-06   1.0404188E-05   -2.1518325E+00   3.2500491E+04   3.2652396E+04   0.0000000E+00   0.0000000E+00   0.0000000E+00   0.0000000E+00   0.0000000E+00
   2.0929764E+00   2.8900268E+04   2.8900268E+04   5.6321224E-06   7.9749685E-06   -2.1925196E+00   2.8765817E+04   2.8900268E+04   0.0000000E+00   0.0000000E+00   0.0000000E+00   0.0000000E+00   0.0000000E+00
   2.2491288E+00   2.5568861E+04   2.5568861E+04   4.1702094E-06   6.1105163E-06   -2.1607436E+00   2.5449908E+04   2.5568861E+04   0.0000000E+00   0.0000000E+00   0.0000000E+00   0.0000000E+00   0.0000000E+00
   2.4169314E+00   2.2612615E+04   2.2612615E+04   3.3784862E-06   4.6801229E-06   -2.0808461E+00   2.2507414E+04   2.2612615E+04   0.0000000E+00   0.0000000E+00   0.0000000E+00   0.0000000E+00   0.0000000E+00
   2.5972534E+00   1.9990561E+04   1.9990561E+04   2.5309376E-06   3.5832664E-06   -1.9693917E+00   1.9897558E+04   1.9990561E+04   0.0000000E+00   0.0000000E+00   0.0000000E+00   0.0000000E+00   0.0000000E+00
   2.7910288E+00   1.7666015E+04   1.7666015E+04   1.9278472E-06   2.7424736E-06   -1.8399352E+00   1.7583827E+04   1.7666015E+04   0.0000000E+00   0.0000000E+00   0.0000000E+00   0.0000000E+00   0.0000000E+00
   2.9992614E+00   1.5606184E+04   1.5606184E+04   1.4703837E-06   2.0982588E-06   -1.7020825E+00   1.5533578E+04   1.5606184E+04   0.0000000E+00   0.0000000E+00   0.0000000E+00   0.0000000E+00   0.0000000E+00
   3.2230298E+00   1.3781739E+04   1.3781739E+04   1.1386651E-06   1.6048466E-06   -1.5622837E+00   1.3717621E+04   1.3781739E+04   0.0000000E+00   0.0000000E+00   0.0000000E+00   0.0000000E+00   0.0000000E+00
   3.4634931E+00   1.2166480E+04   1.2166480E+04   8.2714371E-07   1.2270661E-06   -1.4238652E+00   1.2109877E+04   1.2166480E+04   0.0000000E+00   0.0000000E+00   0.0000000E+00   0.0000000E+00   0.0000000E+00
   3.7218968E+00   1.0737020E+04   1.0737020E+04   6.5709598E-07   9.3793340E-07   -1.2909784E+00   1.0687067E+04   1.0737020E+04   0.0000000E+00   0.0000000E+00   0.0000000E+00   0.0000000E+00   0.0000000E+00
   3.9995794E+00   9.4724988E+03   9.4724988E+03   5.1443893E-07   7.1672153E-07   -1.1652070E+00   9.4284287E+03   9.4724988E+03   0.0000000E+00   0.0000000E+00   0.0000000E+00   0.0000000E+00   0.0000000E+00
   4.2979793E+00   8.3543242E+03   8.3543242E+03   3.8235265E-07   5.4753093E-07   -1.0477495E+00   8.3154563E+03   8.3543242E+03   0.0000000E+00   0.0000000E+00   0.0000000E+00   0.0000000E+00   0.0000000E+00
   4.6186422E+00   7.3659347E+03   7.3659347E+03   2.8105023E-07   4.1817197E-07   -9.3939604E-01   7.3316651E+03   7.3659347E+03   0.0000000E+00   0.0000000E+00   0.0000000E+00   0.0000000E+00   0.0000000E+00
   4.9632291E+00   6.4925879E+03   6.4925879E+03   2.2380863E-07   3.1929547E-07   -8.3964947E-01   6.4623814E+03   6.4925879E+03   0.0000000E+00   0.0000000E+00   0.0000000E+00   0.0000000E+00   0.0000000E+00
   5.3335249E+00   5.7211687E+03   5.7211687E+03   1.6990037E-07   2.4374129E-07   -7.4878732E-01   5.6945513E+03   5.7211687E+03   0.0000000E+00   0.0000000E+00   0.0000000E+00   0.0000000E+00   0.0000000E+00
   5.7314476E+00   5.0400171E+03   5.0400171E+03   1.2770619E-07   1.8602517E-07   -6.6639246E-01   5.0165686E+03   5.0400171E+03   0.0000000E+00   0.0000000E+00   0.0000000E+00   0.0000000E+00   0.0000000E+00
   6.1590584E+00   4.4387720E+03   4.4387720E+03   9.8324613E-08   1.4194793E-07   -5.9221057E-01   4.4181208E+03   4.4387720E+03   0.0000000E+00   0.0000000E+00   0.0000000E+00   0.0000000E+00   0.0000000E+00
   6.6185724E+00   3.9082323E+03   3.9082323E+03   7.5712890E-08   1.0829479E-07   -5.2540932E-01   3.8900494E+03   3.9082323E+03   0.0000000E+00   0.0000000E+00   0.0000000E+00   0.0000000E+00   0.0000000E+00
   7.1123697E+00   3.4402309E+03   3.4402309E+03   5.7871524E-08   8.2606652E-08   -4.6550160E-01   3.4242253E+03   3.4402309E+03   0.0000000E+00   0.0000000E+00   0.0000000E+00   0.0000000E+00   0.0000000E+00
   7.6430082E+00   3.0275226E+03   3.0275226E+03   4.3988422E-08   6.3003107E-08   -4.1201239E-01   3.0134371E+03   3.0275226E+03   0.0000000E+00   0.0000000E+00   0.0000000E+00   0.0000000E+00   0.0000000E+00
   8.2132364E+00   2.6636830E+03   2.6636830E+03   3.3442162E-08   4.8045848E-08   -3.6419674E-01   2.6512902E+03   2.6636830E+03   0.0000000E+00   0.0000000E+00   0.0000000E+00   0.0000000E+00   0.0000000E+00
