#           k/h    CDM            baryon         photon         nu             mass_nu        total          no_nu          total_de       Weyl           v_CDM          v_b            v_b-v_c     
   1.0641097E-05   1.6611280E+07   1.6611280E+07   2.2140224E+07   1.4043205E+04   1.0466417E+07   1.6611320E+07   1.6611280E+07   0.0000000E+00   0.0000000E+00   0.0000000E+00   0.0000000E+00   0.0000000E+00
   1.1435006E-05   1.6611277E+07   1.6611277E+07   2.2138958E+07   1.4042689E+04   1.0466271E+07   1.6611316E+07   1.6611277E+07   0.0000000E+00   0.0000000E+00   0.0000000E+00   0.0000000E+00   0.0000000E+00
   1.2288147E-05   1.6611272E+07   1.6611272E+07   2.2137497E+07   1.4042093E+04   1.0466103E+07   1.6611312E+07   1.6611272E+07   0.0000000E+00   0.0000000E+00   0.0000000E+00   0.0000000E+00   0.0000000E+00
   1.3204939E-05   1.6611268E+07   1.6611268E+07   2.2135809E+07   1.4041405E+04   1.0465909E+07   1.6611307E+07   1.6611268E+07   0.0000000E+00   0.0000000E+00   0.0000000E+00   0.0000000E+00   0.0000000E+00
   1.4190131E-05   1.6611262E+07   1.6611262E+07   2.2133860E+07   1.4040610E+04   1.0465685E+07   1.6611301E+07   1.6611262E+07   0.0000000E+00   0.0000000E+00   0.0000000E+00   0.0000000E+00   0.0000000E+00
   1.5248826E-05   1.6611256E+07   1.6611256E+07   2.2131609E+07   1.4039692E+04   1.0465427E+07   1.6611295E+07   1.6611256E+07   0.0000000E+00   0.0000000E+00   0.0000000E+00   0.0000000E+00   0.0000000E+00
   1.6386508E-05   1.6611248E+07   1.6611248E+07   2.2129010E+07   1.4038632E+04   1.0465128E+07   1.6611287E+07   1.6611248E+07   0.0000000E+00   0.0000000E+00   0.0000000E+00   0.0000000E+00   0.0000000E+00
   1.7609070E-05   1.6611240E+07   1.6611240E+07   2.2126010E+07   1.4037408E+04   1.0464783E+07   1.6611278E+07   1.6611240E+07   0.0000000E+00   0.0000000E+00   0.0000000E+00   0.0000000E+00   0.0000000E+00
   1.8922844E-05   1.6611230E+07   1.6611230E+07   2.2122546E+07   1.4035995E+04   1.0464385E+07   1.6611267E+07   1.6611230E+07   0.0000000E+00   0.0000000E+00   0.0000000E+00   0.0000000E+00   0.0000000E+00
   2.0334637E-05   1.6611218E+07   1.6611218E+07   2.2118546E+07   1.4034364E+04   1.0463925E+07   1.6611255E+07   1.6611218E+07   0.0000000E+00   0.0000000E+00   0.0000000E+00   0.0000000E+00   0.0000000E+00
   2.1851760E-05   1.6611205E+07   1.6611205E+07   2.2113927E+07   1.4032480E+04   1.0463395E+07   1.6611242E+07   1.6611205E+07   0.0000000E+00   0.0000000E+00   0.0000000E+00   0.0000000E+00   0.0000000E+00
   2.3482072E-05   1.6611190E+07   1.6611190E+07   2.2108595E+07   1.4030305E+04   1.0462782E+07   1.6611226E+07   1.6611190E+07   0.0000000E+00   0.0000000E+00   0.0000000E+00   0.0000000E+00   0.0000000E+00
   2.5234018E-05   1.6611172E+07   1.6611172E+07   2.2102440E+07   1.4027794E+04   1.0462075E+07   1.6611207E+07   1.6611172E+07   0.0000000E+00   0.0000000E+00   0.0000000E+00   0.0000000E+00   0.0000000E+00
   2.7116674E-05   1.6611152E+07   1.6611152E+07   2.2095333E+07   1.4024894E+04   1.0461258E+07   1.6611186E+07   1.6611152E+07   0.0000000E+00   0.0000000E+00   0.0000000E+00   0.0000000E+00   0.0000000E+00
   2.9139790E-05   1.6611129E+07   1.6611129E+07   2.2087129E+07   1.4021547E+04   1.0460316E+07   1.6611161E+07   1.6611129E+07   0.0000000E+00   0.0000000E+00   0.0000000E+00   0.0000000E+00   0.0000000E+00
   3.1313846E-05   1.6611102E+07   1.6611102E+07   2.2077659E+07   1.4017683E+04   1.0459229E+07   1.6611133E+07   1.6611102E+07   0.0000000E+00   0.0000000E+00   0.0000000E+00   0.0000000E+00   0.0000000E+00
   3.3650104E-05   1.6611070E+07   1.6611070E+07   2.2066728E+07   1.4013222E+04   1.0457974E+07   1.6611100E+07   1.6611070E+07   0.0000000E+00   0.0000000E+00   0.0000000E+00   0.0000000E+00   0.0000000E+00
   3.6160666E-05   1.6611034E+07   1.6611034E+07   2.2054111E+07   1.4008073E+04   1.0456527E+07   1.6611062E+07   1.6611034E+07   0.0000000E+00   0.0000000E+00   0.0000000E+00   0.0000000E+00   0.0000000E+00
   3.8858534E-05   1.6610993E+07   1.6610993E+07   2.2039550E+07   1.4002130E+04   1.0454856E+07   1.6611019E+07   1.6610993E+07   0.0000000E+00   0.0000000E+00   0.0000000E+00   0.0000000E+00   0.0000000E+00
   4.1757685E-05   1.6610945E+07   1.6610945E+07   2.2022747E+07   1.3995270E+04   1.0452929E+07   1.6610968E+07   1.6610945E+07   0.0000000E+00   0.0000000E+00   0.0000000E+00   0.0000000E+00   0.0000000E+00
   4.4873135E-05   1.6610889E+07   1.6610889E+07   2.2003357E+07   1.3987353E+04   1.0450707E+07   1.6610910E+07   1.6610889E+07   0.0000000E+00   0.0000000E+00   0.0000000E+00   0.0000000E+00   0.0000000E+00
   4.8221022E-05   1.6610825E+07   1.6610825E+07   2.1980987E+07   1.3978217E+04   1.0448144E+07   1.6610843E+07   1.6610825E+07   0.0000000E+00   0.0000000E+00   0.0000000E+00   0.0000000E+00   0.0000000E+00
   5.1818688E-05   1.6610751E+07   1.6610751E+07   2.1955181E+07   1.3967675E+04   1.0445189E+07   1.6610765E+07   1.6610751E+07   0.0000000E+00   0.0000000E+00   0.0000000E+00   0.0000000E+00   0.0000000E+00
   5.5684768E-05   1.6610665E+07   1.6610665E+07   2.1925416E+07   1.3955513E+04   1.0441783E+07   1.6610676E+07   1.6610665E+07   0.0000000E+00   0.0000000E+00   0.0000000E+00   0.0000000E+00   0.0000000E+00
   5.9839288E-05   1.6610567E+07   1.6610567E+07   2.1891091E+07   1.3941483E+04   1.0437858E+07   1.6610572E+07   1.6610567E+07   0.0000000E+00   0.0000000E+00   0.0000000E+00   0.0000000E+00   0.0000000E+00
   6.4303767E-05   1.6610453E+07   1.6610453E+07   2.1851516E+07   1.3925301E+04   1.0433337E+07   1.6610453E+07   1.6610453E+07   0.0000000E+00   0.0000000E+00   0.0000000E+00   0.0000000E+00   0.0000000E+00
   6.9101331E-05   1.6610321E+07   1.6610321E+07   2.1805901E+07   1.3906641E+04   1.0428132E+07   1.6610315E+07   1.6610321E+07   0.0000000E+00   0.0000000E+00   0.0000000E+00   0.0000000E+00   0.0000000E+00
   7.4256832E-05   1.6610170E+07   1.6610170E+07   2.1753336E+07   1.3885128E+04   1.0422140E+07   1.6610156E+07   1.6610170E+07   0.0000000E+00   0.0000000E+00   0.0000000E+00   0.0000000E+00   0.0000000E+00
   7.9796973E-05   1.6609994E+07   1.6609994E+07   2.1692785E+07   1.3860332E+04   1.0415248E+07   1.6609972E+07   1.6609994E+07   0.0000000E+00   0.0000000E+00   0.0000000E+00   0.0000000E+00   0.0000000E+00
   8.5750451E-05   1.6609792E+07   1.6609792E+07   2.1623059E+07   1.3831760E+04   1.0407324E+07   1.6609760E+07   1.6609792E+07   0.0000000E+00   0.0000000E+00   0.0000000E+00   0.0000000E+00   0.0000000E+00
   9.2148106E-05   1.6609559E+07   1.6609559E+07   2.1542804E+07   1.3798849E+04   1.0398220E+07   1.6609515E+07   1.6609559E+07   0.0000000E+00   0.0000000E+00   0.0000000E+00   0.0000000E+00   0.0000000E+00
   9.9023076E-05   1.6609289E+07   1.6609289E+07   2.1450478E+07   1.3760954E+04   1.0387768E+07   1.6609233E+07   1.6609289E+07   0.0000000E+00   0.0000000E+00   0.0000000E+00   0.0000000E+00   0.0000000E+00
   1.0641097E-04   1.6608979E+07   1.6608979E+07   2.1344327E+07   1.3717341E+04   1.0375782E+07   1.6608907E+07   1.6608979E+07   0.0000000E+00   0.0000000E+00   0.0000000E+00   0.0000000E+00   0.0000000E+00
   1.1435006E-04   1.6608620E+07   1.6608620E+07   2.1222363E+07   1.3667171E+04   1.0362049E+07   1.6608531E+07   1.6608620E+07   0.0000000E+00   0.0000000E+00   0.0000000E+00   0.0000000E+00   0.0000000E+00
   1.2288147E-04   1.6608207E+07   1.6608207E+07   2.1082342E+07   1.3609495E+04   1.0346334E+07   1.6608098E+07   1.6608207E+07   0.0000000E+00   0.0000000E+00   0.0000000E+00   0.0000000E+00   0.0000000E+00
   1.3204939E-04   1.6607730E+07   1.6607730E+07   2.0921736E+07   1.3543236E+04   1.0328378E+07   1.6607598E+07   1.6607730E+07   0.0000000E+00   0.0000000E+00   0.0000000E+00   0.0000000E+00   0.0000000E+00
   1.4190131E-04   1.6607180E+07   1.6607180E+07   2.0737712E+07   1.3467177E+04   1.0307894E+07   1.6607021E+07   1.6607180E+07   0.0000000E+00   0.0000000E+00   0.0000000E+00   0.0000000E+00   0.0000000E+00
   1.5248826E-04   1.6606545E+07   1.6606545E+07   2.0527113E+07   1.3379950E+04   1.0284573E+07   1.6606356E+07   1.6606545E+07   0.0000000E+00   0.0000000E+00   0.0000000E+00   0.0000000E+00   0.0000000E+00
   1.6386508E-04   1.6605814E+07   1.6605814E+07   2.0286440E+07   1.3280022E+04   1.0258080E+07   1.6605590E+07   1.6605814E+07   0.0000000E+00   0.0000000E+00   0.0000000E+00   0.0000000E+00   0.0000000E+00
   1.7609070E-04   1.6604972E+07   1.6604972E+07   2.0011847E+07   1.3165686E+04   1.0228061E+07   1.6604706E+07   1.6604972E+07   0.0000000E+00   0.0000000E+00   0.0000000E+00   0.0000000E+00   0.0000000E+00
   1.8922844E-04   1.6604002E+07   1.6604002E+07   1.9699143E+07   1.3035052E+04   1.0194150E+07   1.6603689E+07   1.6604002E+07   0.0000000E+00   0.0000000E+00   0.0000000E+00   0.0000000E+00   0.0000000E+00
   2.0334637E-04   1.6602884E+07   1.6602884E+07   1.9343819E+07   1.2886043E+04   1.0155976E+07   1.6602517E+07   1.6602884E+07   0.0000000E+00   0.0000000E+00   0.0000000E+00   0.0000000E+00   0.0000000E+00
   2.1851760E-04   1.6601598E+07   1.6601598E+07   1.8941089E+07   1.2716402E+04   1.0113180E+07   1.6601169E+07   1.6601598E+07   0.0000000E+00   0.0000000E+00   0.0000000E+00   0.0000000E+00   0.0000000E+00
   2.3482072E-04   1.6600119E+07   1.6600119E+07   1.8485971E+07   1.2523699E+04   1.0065429E+07   1.6599617E+07   1.6600119E+07   0.0000000E+00   0.0000000E+00   0.0000000E+00   0.0000000E+00   0.0000000E+00
   2.5234018E-04   1.6598417E+07   1.6598417E+07   1.7973404E+07   1.2305362E+04   1.0012447E+07   1.6597833E+07   1.6598417E+07   0.0000000E+00   0.0000000E+00   0.0000000E+00   0.0000000E+00   0.0000000E+00
   2.7116674E-04   1.6596462E+07   1.6596462E+07   1.7398426E+07   1.2058713E+04   9.9540438E+06   1.6595783E+07   1.6596462E+07   0.0000000E+00   0.0000000E+00   0.0000000E+00   0.0000000E+00   0.0000000E+00
   2.9139790E-04   1.6594217E+07   1.6594217E+07   1.6756414E+07   1.1781040E+04   9.8901558E+06   1.6593428E+07   1.6594217E+07   0.0000000E+00   0.0000000E+00   0.0000000E+00   0.0000000E+00   0.0000000E+00
   3.1313846E-04   1.6591641E+07   1.6591641E+07   1.6043400E+07   1.1469686E+04   9.8208961E+06   1.6590727E+07   1.6591641E+07   0.0000000E+00   0.0000000E+00   0.0000000E+00   0.0000000E+00   0.0000000E+00
   3.3650104E-04   1.6588688E+07   1.6588688E+07   1.5256489E+07   1.1122175E+04   9.7466085E+06   1.6587629E+07   1.6588688E+07   0.0000000E+00   0.0000000E+00   0.0000000E+00   0.0000000E+00   0.0000000E+00
   3.6160666E-04   1.6585305E+07   1.6585305E+07   1.4394370E+07   1.0736383E+04   9.6679272E+06   1.6584082E+07   1.6585305E+07   0.0000000E+00   0.0000000E+00   0.0000000E+00   0.0000000E+00   0.0000000E+00
   3.8858534E-04   1.6581436E+07   1.6581436E+07   1.3457932E+07   1.0310749E+04   9.5858328E+06   1.6580024E+07   1.6581436E+07   0.0000000E+00   0.0000000E+00   0.0000000E+00   0.0000000E+00   0.0000000E+00
   4.1757685E-04   1.6577016E+07   1.6577016E+07   1.2450964E+07   9.8445370E+03   9.5016979E+06   1.6575388E+07   1.6577016E+07   0.0000000E+00   0.0000000E+00   0.0000000E+00   0.0000000E+00   0.0000000E+00
   4.4873135E-04   1.6571972E+07   1.6571972E+07   1.1380915E+07   9.3381463E+03   9.4173038E+06   1.6570098E+07   1.6571972E+07   0.0000000E+00   0.0000000E+00   0.0000000E+00   0.0000000E+00   0.0000000E+00
   4.8221022E-04   1.6566226E+07   1.6566226E+07   1.0259630E+07   8.7934508E+03   9.3348096E+06   1.6564071E+07   1.6566226E+07   0.0000000E+00   0.0000000E+00   0.0000000E+00   0.0000000E+00   0.0000000E+00
   5.1818688E-04   1.6559691E+07   1.6559691E+07   9.1039722E+06   8.2141586E+03   9.2566458E+06   1.6557216E+07   1.6559691E+07   0.0000000E+00   0.0000000E+00   0.0000000E+00   0.0000000E+00   0.0000000E+00
   5.5684768E-04   1.6552270E+07   1.6552270E+07   7.9361557E+06   7.6061441E+03   9.1853008E+06   1.6549433E+07   1.6552270E+07   0.0000000E+00   0.0000000E+00   0.0000000E+00   0.0000000E+00   0.0000000E+00
   5.9839288E-04   1.6543860E+07   1.6543860E+07   6.7835859E+06   6.9776961E+03   9.1229743E+06   1.6540613E+07   1.6543860E+07   0.0000000E+00   0.0000000E+00   0.0000000E+00   0.0000000E+00   0.0000000E+00
   6.4303767E-04   1.6534347E+07   1.6534347E+07   5.6779430E+06   6.3396025E+03   9.0710797E+06   1.6530637E+07   1.6534347E+07   0.0000000E+00   0.0000000E+00   0.0000000E+00   0.0000000E+00   0.0000000E+00
   6.9101331E-04   1.6523606E+07   1.6523606E+07   4.6532549E+06   5.7049667E+03   9.0296166E+06   1.6519377E+07   1.6523606E+07   0.0000000E+00   0.0000000E+00   0.0000000E+00   0.0000000E+00   0.0000000E+00
   7.4256832E-04   1.6511505E+07   1.6511505E+07   3.7427648E+06   5.0886486E+03   8.9964875E+06   1.6506693E+07   1.6511505E+07   0.0000000E+00   0.0000000E+00   0.0000000E+00   0.0000000E+00   0.0000000E+00
   7.9796973E-04   1.6497895E+07   1.6497895E+07   2.9745981E+06   4.5062335E+03   8.9669208E+06   1.6492434E+07   1.6497895E+07   0.0000000E+00   0.0000000E+00   0.0000000E+00   0.0000000E+00   0.0000000E+00
   8.5750451E-04   1.6482616E+07   1.6482616E+07   2.3665880E+06   3.9724946E+03   8.9332662E+06   1.6476436E+07   1.6482616E+07   0.0000000E+00   0.0000000E+00   0.0000000E+00   0.0000000E+00   0.0000000E+00
   9.2148106E-04   1.6465494E+07   1.6465494E+07   1.9211535E+06   3.4994310E+03   8.8855094E+06   1.6458521E+07   1.6465494E+07   0.0000000E+00   0.0000000E+00   0.0000000E+00   0.0000000E+00   0.0000000E+00
   9.9023076E-04   1.6446334E+07   1.6446334E+07   1.6217468E+06   3.0941460E+03   8.8128460E+06   1.6438493E+07   1.6446334E+07   0.0000000E+00   0.0000000E+00   0.0000000E+00   0.0000000E+00   0.0000000E+00
   1.0641097E-03   1.6424923E+07   1.6424923E+07   1.4328730E+06   2.7570577E+03   8.7064406E+06   1.6416138E+07   1.6424923E+07   0.0000000E+00   0.0000000E+00   0.0000000E+00   0.0000000E+00   0.0000000E+00
   1.1435006E-03   1.6401029E+07   1.6401029E+07   1.3055927E+06   2.4811301E+03   8.5629795E+06   1.6391226E+07   1.6401029E+07   0.0000000E+00   0.0000000E+00   0.0000000E+00   0.0000000E+00   0.0000000E+00
   1.2288147E-03   1.6374396E+07   1.6374396E+07   1.1892069E+06   2.2528430E+03   8.3877987E+06   1.6363506E+07   1.6374396E+07   0.0000000E+00   0.0000000E+00   0.0000000E+00   0.0000000E+00   0.0000000E+00
   1.3204939E-03   1.6344752E+07   1.6344752E+07   1.0471053E+06   2.0552967E+03   8.1955266E+06   1.6332711E+07   1.6344752E+07   0.0000000E+00   0.0000000E+00   0.0000000E+00   0.0000000E+00   0.0000000E+00
   1.4190131E-03   1.6311812E+07   1.6311812E+07   8.7096881E+05   1.8730532E+03   8.0060595E+06   1.6298565E+07   1.6311812E+07   0.0000000E+00   0.0000000E+00   0.0000000E+00   0.0000000E+00   0.0000000E+00
   1.5248826E-03   1.6275278E+07   1.6275278E+07   6.8461097E+05   1.6971428E+03   7.8353496E+06   1.6260780E+07   1.6275278E+07   0.0000000E+00   0.0000000E+00   0.0000000E+00   0.0000000E+00   0.0000000E+00
   1.6386508E-03   1.6234848E+07   1.6234848E+07   5.3030238E+05   1.5277012E+03   7.6844874E+06   1.6219067E+07   1.6234848E+07   0.0000000E+00   0.0000000E+00   0.0000000E+00   0.0000000E+00   0.0000000E+00
   1.7609070E-03   1.6190215E+07   1.6190215E+07   4.3967359E+05   1.3719435E+03   7.5352963E+06   1.6173130E+07   1.6190215E+07   0.0000000E+00   0.0000000E+00   0.0000000E+00   0.0000000E+00   0.0000000E+00
   1.8922844E-03   1.6141063E+07   1.6141063E+07   4.0632323E+05   1.2375448E+03   7.3610031E+06   1.6122663E+07   1.6141063E+07   0.0000000E+00   0.0000000E+00   0.0000000E+00   0.0000000E+00   0.0000000E+00
   2.0334637E-03   1.6087060E+07   1.6087060E+07   3.8609141E+05   1.1254010E+03   7.1502892E+06   1.6067344E+07   1.6087060E+07   0.0000000E+00   0.0000000E+00   0.0000000E+00   0.0000000E+00   0.0000000E+00
   2.1851760E-03   1.6027862E+07   1.6027862E+07   3.3558377E+05   1.0280516E+03   6.9242413E+06   1.6006830E+07   1.6027862E+07   0.0000000E+00   0.0000000E+00   0.0000000E+00   0.0000000E+00   0.0000000E+00
   2.3482072E-03   1.5963112E+07   1.5963112E+07   2.5798430E+05   9.3649579E+02   6.7191330E+06   1.5940766E+07   1.5963112E+07   0.0000000E+00   0.0000000E+00   0.0000000E+00   0.0000000E+00   0.0000000E+00
   2.5234018E-03   1.5892449E+07   1.5892449E+07   1.9836566E+05   8.4899511E+02   6.5408762E+06   1.5868786E+07   1.5892449E+07   0.0000000E+00   0.0000000E+00   0.0000000E+00   0.0000000E+00   0.0000000E+00
   2.7116674E-03   1.5815507E+07   1.5815507E+07   1.7942636E+05   7.7063951E+02   6.3509409E+06   1.5790519E+07   1.5815507E+07   0.0000000E+00   0.0000000E+00   0.0000000E+00   0.0000000E+00   0.0000000E+00
   2.9139790E-03   1.5731905E+07   1.5731905E+07   1.6634985E+05   7.0321560E+02   6.1249001E+06   1.5705580E+07   1.5731905E+07   0.0000000E+00   0.0000000E+00   0.0000000E+00   0.0000000E+00   0.0000000E+00
   3.1313846E-03   1.5641247E+07   1.5641247E+07   1.3137600E+05   6.4129609E+02   5.8977476E+06   1.5613572E+07   1.5641247E+07   0.0000000E+00   0.0000000E+00   0.0000000E+00   0.0000000E+00   0.0000000E+00
   3.3650104E-03   1.5543124E+07   1.5543124E+07   1.0606325E+05   5.8208023E+02   5.6905016E+06   1.5514088E+07   1.5543124E+07   0.0000000E+00   0.0000000E+00   0.0000000E+00   0.0000000E+00   0.0000000E+00
   3.6160666E-03   1.5437122E+07   1.5437122E+07   1.0207962E+05   5.2902894E+02   5.4589512E+06   1.5406720E+07   1.5437122E+07   0.0000000E+00   0.0000000E+00   0.0000000E+00   0.0000000E+00   0.0000000E+00
   3.8858534E-03   1.5322814E+07   1.5322814E+07   8.1732945E+04   4.8120617E+02   5.2104178E+06   1.5291048E+07   1.5322814E+07   0.0000000E+00   0.0000000E+00   0.0000000E+00   0.0000000E+00   0.0000000E+00
   4.1757685E-03   1.5199765E+07   1.5199765E+07   6.3404920E+04   4.3541172E+02   4.9888091E+06   1.5166645E+07   1.5199765E+07   0.0000000E+00   0.0000000E+00   0.0000000E+00   0.0000000E+00   0.0000000E+00
   4.4873135E-03   1.5067543E+07   1.5067543E+07   6.2413225E+04   3.9415995E+02   4.7442705E+06   1.5033095E+07   1.5067543E+07   0.0000000E+00   0.0000000E+00   0.0000000E+00   0.0000000E+00   0.0000000E+00
   4.8221022E-03   1.4925721E+07   1.4925721E+07   4.7164587E+04   3.5610962E+02   4.4993244E+06   1.4889992E+07   1.4925721E+07   0.0000000E+00   0.0000000E+00   0.0000000E+00   0.0000000E+00   0.0000000E+00
   5.1818688E-03   1.4773886E+07   1.4773886E+07   4.3577895E+04   3.2053868E+02   4.2675246E+06   1.4736942E+07   1.4773886E+07   0.0000000E+00   0.0000000E+00   0.0000000E+00   0.0000000E+00   0.0000000E+00
   5.5684768E-03   1.4611633E+07   1.4611633E+07   3.3787934E+04   2.8847820E+02   4.0252727E+06   1.4573548E+07   1.4611633E+07   0.0000000E+00   0.0000000E+00   0.0000000E+00   0.0000000E+00   0.0000000E+00
   5.9839288E-03   1.4438554E+07   1.4438554E+07   3.1721159E+04   2.5889570E+02   3.7969973E+06   1.4399385E+07   1.4438554E+07   0.0000000E+00   0.0000000E+00   0.0000000E+00   0.0000000E+00   0.0000000E+00
   6.4303767E-03   1.4254229E+07   1.4254229E+07   2.3908898E+04   2.3209643E+02   3.5569393E+06   1.4214036E+07   1.4254229E+07   0.0000000E+00   0.0000000E+00   0.0000000E+00   0.0000000E+00   0.0000000E+00
   6.9101331E-03   1.4058238E+07   1.4058238E+07   2.2810945E+04   2.0719420E+02   3.3271024E+06   1.4017106E+07   1.4058238E+07   0.0000000E+00   0.0000000E+00   0.0000000E+00   0.0000000E+00   0.0000000E+00
   7.4256832E-03   1.3850178E+07   1.3850178E+07   1.7915767E+04   1.8443604E+02   3.1068922E+06   1.3808225E+07   1.3850178E+07   0.0000000E+00   0.0000000E+00   0.0000000E+00   0.0000000E+00   0.0000000E+00
   7.9796973E-03   1.3629666E+07   1.3629666E+07   1.4572321E+04   1.6398585E+02   2.8837826E+06   1.3587003E+07   1.3629666E+07   0.0000000E+00   0.0000000E+00   0.0000000E+00   0.0000000E+00   0.0000000E+00
   8.5750451E-03   1.3396314E+07   1.3396314E+07   1.3672743E+04   1.4529895E+02   2.6707638E+06   1.3353044E+07   1.3396314E+07   0.0000000E+00   0.0000000E+00   0.0000000E+00   0.0000000E+00   0.0000000E+00
   9.2148106E-03   1.3149729E+07   1.3149729E+07   1.1577718E+04   1.2829565E+02   2.4676162E+06   1.3105974E+07   1.3149729E+07   0.0000000E+00   0.0000000E+00   0.0000000E+00   0.0000000E+00   0.0000000E+00
   9.9023076E-03   1.2889531E+07   1.2889531E+07   9.4945879E+03   1.1296328E+02   2.2713098E+06   1.2845426E+07   1.2889531E+07   0.0000000E+00   0.0000000E+00   0.0000000E+00   0.0000000E+00   0.0000000E+00
   1.0641097E-02   1.2615353E+07   1.2615353E+07   7.7007978E+03   9.9170113E+01   2.0815603E+06   1.2571031E+07   1.2615353E+07   0.0000000E+00   0.0000000E+00   0.0000000E+00   0.0000000E+00   0.0000000E+00
   1.1435006E-02   1.2326832E+07   1.2326832E+07   6.5252741E+03   8.6774899E+01   1.8996951E+06   1.2282430E+07   1.2326832E+07   0.0000000E+00   0.0000000E+00   0.0000000E+00   0.0000000E+00   0.0000000E+00
   1.2288147E-02   1.2023632E+07   1.2023632E+07   5.6223235E+03   7.5648680E+01   1.7279518E+06   1.1979302E+07   1.2023632E+07   0.0000000E+00   0.0000000E+00   0.0000000E+00   0.0000000E+00   0.0000000E+00
   1.3204939E-02   1.1705450E+07   1.1705450E+07   4.8662836E+03   6.5753486E+01   1.5637994E+06   1.1661336E+07   1.1705450E+07   0.0000000E+00   0.0000000E+00   0.0000000E+00   0.0000000E+00   0.0000000E+00
   1.4190131E-02   1.1372029E+07   1.1372029E+07   3.9431511E+03   5.6917199E+01   1.4088583E+06   1.1328283E+07   1.1372029E+07   0.0000000E+00   0.0000000E+00   0.0000000E+00   0.0000000E+00   0.0000000E+00
   1.5248826E-02   1.1023190E+07   1.1023190E+07   3.0829597E+03   4.9085949E+01   1.2665818E+06   1.0979966E+07   1.1023190E+07   0.0000000E+00   0.0000000E+00   0.0000000E+00   0.0000000E+00   0.0000000E+00
   1.6386508E-02   1.0658865E+07   1.0658865E+07   2.8310749E+03   4.2161265E+01   1.1321254E+06   1.0616316E+07   1.0658865E+07   0.0000000E+00   0.0000000E+00   0.0000000E+00   0.0000000E+00   0.0000000E+00
   1.7609070E-02   1.0279145E+07   1.0279145E+07   2.1564859E+03   3.6067583E+01   1.0076519E+06   1.0237424E+07   1.0279145E+07   0.0000000E+00   0.0000000E+00   0.0000000E+00   0.0000000E+00   0.0000000E+00
   1.8922844E-02   9.8843383E+06   9.8843383E+06   1.8717918E+03   3.0717852E+01   8.9149064E+05   9.8435946E+06   9.8843383E+06   0.0000000E+00   0.0000000E+00   0.0000000E+00   0.0000000E+00   0.0000000E+00
   2.0334636E-02   9.4750481E+06   9.4750481E+06   1.6047887E+03   2.6046201E+01   7.8580667E+05   9.4354272E+06   9.4750481E+06   0.0000000E+00   0.0000000E+00   0.0000000E+00   0.0000000E+00   0.0000000E+00
   2.1851758E-02   9.0522639E+06   9.0522639E+06   1.3276047E+03   2.1981067E+01   6.8902692E+05   9.0139058E+06   9.0522639E+06   0.0000000E+00   0.0000000E+00   0.0000000E+00   0.0000000E+00   0.0000000E+00
   2.3482063E-02   8.6174667E+06   8.6174667E+06   1.0916983E+03   1.8459840E+01   6.0055438E+05   8.5805010E+06   8.6174667E+06   0.0000000E+00   0.0000000E+00   0.0000000E+00   0.0000000E+00   0.0000000E+00
   2.5233967E-02   8.1727469E+06   8.1727469E+06   8.5286610E+02   1.5426026E+01   5.2037889E+05   8.1372902E+06   8.1727469E+06   0.0000000E+00   0.0000000E+00   0.0000000E+00   0.0000000E+00   0.0000000E+00
   2.7116426E-02   7.7209317E+06   7.7209317E+06   6.7568148E+02   1.2825115E+01   4.4932341E+05   7.6870850E+06   7.7209317E+06   0.0000000E+00   0.0000000E+00   0.0000000E+00   0.0000000E+00   0.0000000E+00
   2.9138743E-02   7.2657249E+06   7.2657249E+06   5.7861038E+02   1.0610823E+01   3.8480869E+05   7.2335682E+06   7.2657249E+06   0.0000000E+00   0.0000000E+00   0.0000000E+00   0.0000000E+00   0.0000000E+00
   3.1309964E-02   6.8118676E+06   6.8118676E+06   4.7858533E+02   8.7367125E+00   3.2864900E+05   6.7814546E+06   6.8118676E+06   0.0000000E+00   0.0000000E+00   0.0000000E+00   0.0000000E+00   0.0000000E+00
   3.3637375E-02   6.3653153E+06   6.3653153E+06   3.8180390E+02   7.1643612E+00   2.7920426E+05   6.3366681E+06   6.3653153E+06   0.0000000E+00   0.0000000E+00   0.0000000E+00   0.0000000E+00   0.0000000E+00
   3.6123508E-02   5.9333644E+06   5.9333644E+06   3.1388738E+02   5.8590989E+00   2.3622675E+05   5.9064666E+06   5.9333644E+06   0.0000000E+00   0.0000000E+00   0.0000000E+00   0.0000000E+00   0.0000000E+00
   3.8761511E-02   5.5245002E+06   5.5245002E+06   2.3788166E+02   4.7886702E+00   1.9956410E+05   5.4992914E+06   5.5245002E+06   0.0000000E+00   0.0000000E+00   0.0000000E+00   0.0000000E+00   0.0000000E+00
   4.1530390E-02   5.1475747E+06   5.1475747E+06   1.9812191E+02   3.9237258E+00   1.6933780E+05   5.1239479E+06   5.1475747E+06   0.0000000E+00   0.0000000E+00   0.0000000E+00   0.0000000E+00   0.0000000E+00
   4.4394071E-02   4.8100703E+06   4.8100703E+06   1.5385596E+02   3.2355254E+00   1.4394429E+05   4.7878781E+06   4.8100703E+06   0.0000000E+00   0.0000000E+00   0.0000000E+00   0.0000000E+00   0.0000000E+00
   4.7308073E-02   4.5159911E+06   4.5159911E+06   1.3870419E+02   2.6939724E+00   1.2363915E+05   4.4950615E+06   4.5159911E+06   0.0000000E+00   0.0000000E+00   0.0000000E+00   0.0000000E+00   0.0000000E+00
   5.0231781E-02   4.2647193E+06   4.2647193E+06   1.0967637E+02   2.2701447E+00   1.0740030E+05   4.2448769E+06   4.2647193E+06   0.0000000E+00   0.0000000E+00   0.0000000E+00   0.0000000E+00   0.0000000E+00
   5.3138239E-02   4.0516636E+06   4.0516636E+06   9.0708862E+01   1.9371939E+00   9.4063068E+04   4.0327487E+06   4.0516636E+06   0.0000000E+00   0.0000000E+00   0.0000000E+00   0.0000000E+00   0.0000000E+00
   5.6016175E-02   3.8700413E+06   3.8700413E+06   8.2469379E+01   1.6723427E+00   8.3330818E+04   3.8519212E+06   3.8700413E+06   0.0000000E+00   0.0000000E+00   0.0000000E+00   0.0000000E+00   0.0000000E+00
   5.8866211E-02   3.7125721E+06   3.7125721E+06   7.0277113E+01   1.4581400E+00   7.4565169E+04   3.6951447E+06   3.7125721E+06   0.0000000E+00   0.0000000E+00   0.0000000E+00   0.0000000E+00   0.0000000E+00
   6.1695811E-02   3.5725024E+06   3.5725024E+06   5.9507672E+01   1.2816385E+00   6.7000708E+04   3.5556946E+06   3.5725024E+06   0.0000000E+00   0.0000000E+00   0.0000000E+00   0.0000000E+00   0.0000000E+00
   6.4515452E-02   3.4440380E+06   3.4440380E+06   5.5889126E+01   1.1332772E+00   6.0638253E+04   3.4278019E+06   3.4440380E+06   0.0000000E+00   0.0000000E+00   0.0000000E+00   0.0000000E+00   0.0000000E+00
   6.7336392E-02   3.3224508E+06   3.3224508E+06   4.5677076E+01   1.0063346E+00   5.5011650E+04   3.3067597E+06   3.3224508E+06   0.0000000E+00   0.0000000E+00   0.0000000E+00   0.0000000E+00   0.0000000E+00
   7.0169578E-02   3.2040584E+06   3.2040584E+06   4.4028171E+01   8.9600296E-01   4.9992173E+04   3.1889017E+06   3.2040584E+06   0.0000000E+00   0.0000000E+00   0.0000000E+00   0.0000000E+00   0.0000000E+00
   7.3025215E-02   3.0861695E+06   3.0861695E+06   3.6681711E+01   7.9882712E-01   4.5553729E+04   3.0715487E+06   3.0861695E+06   0.0000000E+00   0.0000000E+00   0.0000000E+00   0.0000000E+00   0.0000000E+00
   7.5912665E-02   2.9670302E+06   2.9670302E+06   3.3027545E+01   7.1239252E-01   4.1355117E+04   2.9529547E+06   2.9670302E+06   0.0000000E+00   0.0000000E+00   0.0000000E+00   0.0000000E+00   0.0000000E+00
   7.8840492E-02   2.8457737E+06   2.8457737E+06   3.1247540E+01   6.3494854E-01   3.7648300E+04   2.8322566E+06   2.8457737E+06   0.0000000E+00   0.0000000E+00   0.0000000E+00   0.0000000E+00   0.0000000E+00
   8.1816567E-02   2.7223626E+06   2.7223626E+06   2.5935484E+01   5.6532857E-01   3.4209447E+04   2.7094167E+06   2.7223626E+06   0.0000000E+00   0.0000000E+00   0.0000000E+00   0.0000000E+00   0.0000000E+00
   8.4848184E-02   2.5975133E+06   2.5975133E+06   2.2232228E+01   5.0268004E-01   3.0974694E+04   2.5851478E+06   2.5975133E+06   0.0000000E+00   0.0000000E+00   0.0000000E+00   0.0000000E+00   0.0000000E+00
   8.7942171E-02   2.4725889E+06   2.4725889E+06   1.9981388E+01   4.4641793E-01   2.8024436E+04   2.4608064E+06   2.4725889E+06   0.0000000E+00   0.0000000E+00   0.0000000E+00   0.0000000E+00   0.0000000E+00
   9.1104990E-02   2.3494536E+06   2.3494536E+06   1.7767189E+01   3.9609164E-01   2.5354756E+04   2.3382474E+06   2.3494536E+06   0.0000000E+00   0.0000000E+00   0.0000000E+00   0.0000000E+00   0.0000000E+00
   9.4342814E-02   2.2302836E+06   2.2302836E+06   1.5793645E+01   3.5134215E-01   2.2955493E+04   2.2196366E+06   2.2302836E+06   0.0000000E+00   0.0000000E+00   0.0000000E+00   0.0000000E+00   0.0000000E+00
   9.7661605E-02   2.1173384E+06   2.1173384E+06   1.4666797E+01   3.1185127E-01   2.0788658E+04   2.1072224E+06   2.1173384E+06   0.0000000E+00   0.0000000E+00   0.0000000E+00   0.0000000E+00   0.0000000E+00
   1.0106716E-01   2.0127029E+06   2.0127029E+06   1.3083660E+01   2.7726481E-01   1.8826089E+04   2.0030794E+06   2.0127029E+06   0.0000000E+00   0.0000000E+00   0.0000000E+00   0.0000000E+00   0.0000000E+00
   1.0456518E-01   1.9180198E+06   1.9180198E+06   1.0892714E+01   2.4719445E-01   1.7153958E+04   1.9088424E+06   1.9180198E+06   0.0000000E+00   0.0000000E+00   0.0000000E+00   0.0000000E+00   0.0000000E+00
   1.0816126E-01   1.8342417E+06   1.8342417E+06   1.0541922E+01   2.2120340E-01   1.5662780E+04   1.8254593E+06   1.8342417E+06   0.0000000E+00   0.0000000E+00   0.0000000E+00   0.0000000E+00   0.0000000E+00
   1.1186099E-01   1.7614359E+06   1.7614359E+06   9.0564825E+00   1.9878398E-01   1.4409476E+04   1.7529967E+06   1.7614359E+06   0.0000000E+00   0.0000000E+00   0.0000000E+00   0.0000000E+00   0.0000000E+00
   1.1566992E-01   1.6986809E+06   1.6986809E+06   7.8446309E+00   1.7940906E-01   1.3282763E+04   1.6905375E+06   1.6986809E+06   0.0000000E+00   0.0000000E+00   0.0000000E+00   0.0000000E+00   0.0000000E+00
   1.1959362E-01   1.6440890E+06   1.6440890E+06   7.1296839E+00   1.6251967E-01   1.2304210E+04   1.6362029E+06   1.6440890E+06   0.0000000E+00   0.0000000E+00   0.0000000E+00   0.0000000E+00   0.0000000E+00
   1.2363766E-01   1.5949782E+06   1.5949782E+06   6.4971546E+00   1.4758029E-01   1.1444890E+04   1.5873236E+06   1.5949782E+06   0.0000000E+00   0.0000000E+00   0.0000000E+00   0.0000000E+00   0.0000000E+00
   1.2780764E-01   1.5481971E+06   1.5481971E+06   6.2194412E+00   1.3410888E-01   1.0655885E+04   1.5407632E+06   1.5481971E+06   0.0000000E+00   0.0000000E+00   0.0000000E+00   0.0000000E+00   0.0000000E+00
   1.3210924E-01   1.5005778E+06   1.5005778E+06   5.4413624E+00   1.2171579E-01   9.8947522E+03   1.4933692E+06   1.5005778E+06   0.0000000E+00   0.0000000E+00   0.0000000E+00   0.0000000E+00   0.0000000E+00
   1.3654815E-01   1.4494599E+06   1.4494599E+06   5.1894130E+00   1.1011794E-01   9.1798779E+03   1.4424937E+06   1.4494599E+06   0.0000000E+00   0.0000000E+00   0.0000000E+00   0.0000000E+00   0.0000000E+00
   1.4113013E-01   1.3931942E+06   1.3931942E+06   4.5634613E+00   9.9161164E-02   8.4858120E+03   1.3864956E+06   1.3931942E+06   0.0000000E+00   0.0000000E+00   0.0000000E+00   0.0000000E+00   0.0000000E+00
   1.4586102E-01   1.3315186E+06   1.3315186E+06   4.0384031E+00   8.8811094E-02   7.7963909E+03   1.3251140E+06   1.3315186E+06   0.0000000E+00   0.0000000E+00   0.0000000E+00   0.0000000E+00   0.0000000E+00
   1.5074671E-01   1.2656929E+06   1.2656929E+06   3.6936763E+00   7.9126717E-02   7.1259548E+03   1.2596027E+06   1.2656929E+06   0.0000000E+00   0.0000000E+00   0.0000000E+00   0.0000000E+00   0.0000000E+00
   1.5579318E-01   1.1983135E+06   1.1983135E+06   3.1935167E+00   7.0223924E-02   6.4835667E+03   1.1925454E+06   1.1983135E+06   0.0000000E+00   0.0000000E+00   0.0000000E+00   0.0000000E+00   0.0000000E+00
   1.6100647E-01   1.1327882E+06   1.1327882E+06   2.8491109E+00   6.2226138E-02   5.9152040E+03   1.1273337E+06   1.1327882E+06   0.0000000E+00   0.0000000E+00   0.0000000E+00   0.0000000E+00   0.0000000E+00
   1.6639274E-01   1.0725430E+06   1.0725430E+06   2.4704988E+00   5.5218145E-02   5.3976918E+03   1.0673769E+06   1.0725430E+06   0.0000000E+00   0.0000000E+00   0.0000000E+00   0.0000000E+00   0.0000000E+00
   1.7195820E-01   1.0201279E+06   1.0201279E+06   2.2460107E+00   4.9208461E-02   4.9538120E+03   1.0152128E+06   1.0201279E+06   0.0000000E+00   0.0000000E+00   0.0000000E+00   0.0000000E+00   0.0000000E+00
   1.7770920E-01   9.7646441E+05   9.7646441E+05   2.0480520E+00   4.4119060E-02   4.5725562E+03   9.7175837E+05   9.7646441E+05   0.0000000E+00   0.0000000E+00   0.0000000E+00   0.0000000E+00   0.0000000E+00
   1.8365221E-01   9.4049023E+05   9.4049023E+05   1.7470359E+00   3.9791453E-02   4.2578422E+03   9.3595635E+05   9.4049023E+05   0.0000000E+00   0.0000000E+00   0.0000000E+00   0.0000000E+00   0.0000000E+00
   1.8979380E-01   9.0938681E+05   9.0938681E+05   1.6217325E+00   3.6023949E-02   3.9771275E+03   9.0500177E+05   9.0938681E+05   0.0000000E+00   0.0000000E+00   0.0000000E+00   0.0000000E+00   0.0000000E+00
   1.9614072E-01   8.7940816E+05   8.7940816E+05   1.4705906E+00   3.2618031E-02   3.7223624E+03   8.7516666E+05   8.7940816E+05   0.0000000E+00   0.0000000E+00   0.0000000E+00   0.0000000E+00   0.0000000E+00
   2.0269988E-01   8.4710903E+05   8.4710903E+05   1.3073947E+00   2.9424871E-02   3.4765947E+03   8.4302240E+05   8.4710903E+05   0.0000000E+00   0.0000000E+00   0.0000000E+00   0.0000000E+00   0.0000000E+00
   2.0947838E-01   8.1056750E+05   8.1056750E+05   1.1864533E+00   2.6374911E-02   3.2217630E+03   8.0665632E+05   8.1056750E+05   0.0000000E+00   0.0000000E+00   0.0000000E+00   0.0000000E+00   0.0000000E+00
   2.1648356E-01   7.7011268E+05   7.7011268E+05   1.0767849E+00   2.3479383E-02   2.9705602E+03   7.6639596E+05   7.7011268E+05   0.0000000E+00   0.0000000E+00   0.0000000E+00   0.0000000E+00   0.0000000E+00
   2.2372303E-01   7.2818435E+05   7.2818435E+05   9.4121533E-01   2.0804280E-02   2.7268100E+03   7.2466933E+05   7.2818435E+05   0.0000000E+00   0.0000000E+00   0.0000000E+00   0.0000000E+00   0.0000000E+00
   2.3120470E-01   6.8827573E+05   6.8827573E+05   8.1794038E-01   1.8425075E-02   2.5075090E+03   6.8495276E+05   6.8827573E+05   0.0000000E+00   0.0000000E+00   0.0000000E+00   0.0000000E+00   0.0000000E+00
   2.3893684E-01   6.5334277E+05   6.5334277E+05   7.2743258E-01   1.6383981E-02   2.3137297E+03   6.5018793E+05   6.5334277E+05   0.0000000E+00   0.0000000E+00   0.0000000E+00   0.0000000E+00   0.0000000E+00
   2.4692816E-01   6.2440143E+05   6.2440143E+05   6.5283525E-01   1.4663133E-02   2.1541298E+03   6.2138586E+05   6.2440143E+05   0.0000000E+00   0.0000000E+00   0.0000000E+00   0.0000000E+00   0.0000000E+00
   2.5518781E-01   6.0005522E+05   6.0005522E+05   6.0185552E-01   1.3193148E-02   2.0159519E+03   5.9715680E+05   6.0005522E+05   0.0000000E+00   0.0000000E+00   0.0000000E+00   0.0000000E+00   0.0000000E+00
   2.6372554E-01   5.7729444E+05   5.7729444E+05   5.3697069E-01   1.1883449E-02   1.8924075E+03   5.7450557E+05   5.7729444E+05   0.0000000E+00   0.0000000E+00   0.0000000E+00   0.0000000E+00   0.0000000E+00
   2.7255174E-01   5.5321352E+05   5.5321352E+05   4.8461907E-01   1.0663546E-02   1.7697538E+03   5.5054063E+05   5.5321352E+05   0.0000000E+00   0.0000000E+00   0.0000000E+00   0.0000000E+00   0.0000000E+00
   2.8167753E-01   5.2667872E+05   5.2667872E+05   4.2351190E-01   9.5082686E-03   1.6461238E+03   5.2413372E+05   5.2667872E+05   0.0000000E+00   0.0000000E+00   0.0000000E+00   0.0000000E+00   0.0000000E+00
   2.9111491E-01   4.9888633E+05   4.9888633E+05   3.7430506E-01   8.4364947E-03   1.5242146E+03   4.9647534E+05   4.9888633E+05   0.0000000E+00   0.0000000E+00   0.0000000E+00   0.0000000E+00   0.0000000E+00
   3.0087688E-01   4.7238184E+05   4.7238184E+05   3.3715369E-01   7.4815409E-03   1.4125687E+03   4.7009869E+05   4.7238184E+05   0.0000000E+00   0.0000000E+00   0.0000000E+00   0.0000000E+00   0.0000000E+00
   3.1097757E-01   4.4916599E+05   4.4916599E+05   2.9629573E-01   6.6607409E-03   1.3150989E+03   4.4699482E+05   4.4916599E+05   0.0000000E+00   0.0000000E+00   0.0000000E+00   0.0000000E+00   0.0000000E+00
   3.2143245E-01   4.2926182E+05   4.2926182E+05   2.6918170E-01   5.9582165E-03   1.2317337E+03   4.2718666E+05   4.2926182E+05   0.0000000E+00   0.0000000E+00   0.0000000E+00   0.0000000E+00   0.0000000E+00
   3.3225852E-01   4.1087089E+05   4.1087089E+05   2.3760366E-01   5.3372528E-03   1.1563603E+03   4.0888445E+05   4.1087089E+05   0.0000000E+00   0.0000000E+00   0.0000000E+00   0.0000000E+00   0.0000000E+00
   3.4347456E-01   3.9200638E+05   3.9200638E+05   2.1314909E-01   4.7655975E-03   1.0830975E+03   3.9011098E+05   3.9200638E+05   0.0000000E+00   0.0000000E+00   0.0000000E+00   0.0000000E+00   0.0000000E+00
   3.5510139E-01   3.7218493E+05   3.7218493E+05   1.8880846E-01   4.2344342E-03   1.0096189E+03   3.7038522E+05   3.7218493E+05   0.0000000E+00   0.0000000E+00   0.0000000E+00   0.0000000E+00   0.0000000E+00
   3.6716225E-01   3.5262631E+05   3.5262631E+05   1.6820605E-01   3.7538566E-03   9.4049747E+02   3.5092105E+05   3.5262631E+05   0.0000000E+00   0.0000000E+00   0.0000000E+00   0.0000000E+00   0.0000000E+00
   3.7968317E-01   3.3480016E+05   3.3480016E+05   1.4855814E-01   3.3334921E-03   8.7865296E+02   3.3318098E+05   3.3480016E+05   0.0000000E+00   0.0000000E+00   0.0000000E+00   0.0000000E+00   0.0000000E+00
   3.9269346E-01   3.1886011E+05   3.1886011E+05   1.3322731E-01   2.9678747E-03   8.2339318E+02   3.1731792E+05   3.1886011E+05   0.0000000E+00   0.0000000E+00   0.0000000E+00   0.0000000E+00   0.0000000E+00
   4.0622630E-01   3.0366358E+05   3.0366358E+05   1.1837033E-01   2.6414598E-03   7.7242542E+02   3.0219479E+05   3.0366358E+05   0.0000000E+00   0.0000000E+00   0.0000000E+00   0.0000000E+00   0.0000000E+00
   4.2031947E-01   2.8826585E+05   2.8826585E+05   1.0512362E-01   2.3424288E-03   7.2276961E+02   2.8687145E+05   2.8826585E+05   0.0000000E+00   0.0000000E+00   0.0000000E+00   0.0000000E+00   0.0000000E+00
   4.3501623E-01   2.7297756E+05   2.7297756E+05   9.2589370E-02   2.0713378E-03   6.7503264E+02   2.7165704E+05   2.7297756E+05   0.0000000E+00   0.0000000E+00   0.0000000E+00   0.0000000E+00   0.0000000E+00
   4.5036638E-01   2.5866209E+05   2.5866209E+05   8.2095525E-02   1.8313932E-03   6.3111452E+02   2.5741074E+05   2.5866209E+05   0.0000000E+00   0.0000000E+00   0.0000000E+00   0.0000000E+00   0.0000000E+00
   4.6642768E-01   2.4539667E+05   2.4539667E+05   7.2360075E-02   1.6199917E-03   5.9119919E+02   2.4420944E+05   2.4539667E+05   0.0000000E+00   0.0000000E+00   0.0000000E+00   0.0000000E+00   0.0000000E+00
   4.8326753E-01   2.3250413E+05   2.3250413E+05   6.3917457E-02   1.4298666E-03   5.5333556E+02   2.3137922E+05   2.3250413E+05   0.0000000E+00   0.0000000E+00   0.0000000E+00   0.0000000E+00   0.0000000E+00
   5.0096515E-01   2.1973507E+05   2.1973507E+05   5.6269271E-02   1.2576861E-03   5.1685564E+02   2.1867189E+05   2.1973507E+05   0.0000000E+00   0.0000000E+00   0.0000000E+00   0.0000000E+00   0.0000000E+00
   5.1961437E-01   2.0750250E+05   2.0750250E+05   4.9348534E-02   1.1040869E-03   4.8259050E+02   2.0649846E+05   2.0750250E+05   0.0000000E+00   0.0000000E+00   0.0000000E+00   0.0000000E+00   0.0000000E+00
   5.3932718E-01   1.9591429E+05   1.9591429E+05   4.3241826E-02   9.6765336E-04   4.5072273E+02   1.9496629E+05   1.9591429E+05   0.0000000E+00   0.0000000E+00   0.0000000E+00   0.0000000E+00   0.0000000E+00
   5.6023830E-01   1.8461722E+05   1.8461722E+05   3.7779611E-02   8.4513373E-04   4.2028578E+02   1.8372384E+05   1.8461722E+05   0.0000000E+00   0.0000000E+00   0.0000000E+00   0.0000000E+00   0.0000000E+00
   5.8251112E-01   1.7358788E+05   1.7358788E+05   3.2831049E-02   7.3510679E-04   3.9129239E+02   1.7274784E+05   1.7358788E+05   0.0000000E+00   0.0000000E+00   0.0000000E+00   0.0000000E+00   0.0000000E+00
   6.0634528E-01   1.6298863E+05   1.6298863E+05   2.8451993E-02   6.3706443E-04   3.6380540E+02   1.6219986E+05   1.6298863E+05   0.0000000E+00   0.0000000E+00   0.0000000E+00   0.0000000E+00   0.0000000E+00
   6.3198640E-01   1.5266958E+05   1.5266958E+05   2.4542907E-02   5.4934534E-04   3.3765061E+02   1.5193071E+05   1.5266958E+05   0.0000000E+00   0.0000000E+00   0.0000000E+00   0.0000000E+00   0.0000000E+00
   6.5973815E-01   1.4258732E+05   1.4258732E+05   2.1028401E-02   4.7083594E-04   3.1251094E+02   1.4189723E+05   1.4258732E+05   0.0000000E+00   0.0000000E+00   0.0000000E+00   0.0000000E+00   0.0000000E+00
   6.8997676E-01   1.3278078E+05   1.3278078E+05   1.7900334E-02   4.0090091E-04   2.8848469E+02   1.3213813E+05   1.3278078E+05   0.0000000E+00   0.0000000E+00   0.0000000E+00   0.0000000E+00   0.0000000E+00
   7.2316674E-01   1.2317036E+05   1.2317036E+05   1.5115023E-02   3.3855732E-04   2.6534726E+02   1.2257421E+05   1.2317036E+05   0.0000000E+00   0.0000000E+00   0.0000000E+00   0.0000000E+00   0.0000000E+00
   7.5987473E-01   1.1377085E+05   1.1377085E+05   1.2645236E-02   2.8324815E-04   2.4311449E+02   1.1322017E+05   1.1377085E+05   0.0000000E+00   0.0000000E+00   0.0000000E+00   0.0000000E+00   0.0000000E+00
   8.0077390E-01   1.0456117E+05   1.0456117E+05   1.0463852E-02   2.3442540E-04   2.2165849E+02   1.0405505E+05   1.0456117E+05   0.0000000E+00   0.0000000E+00   0.0000000E+00   0.0000000E+00   0.0000000E+00
   8.4662546E-01   9.5563256E+04   9.5563256E+04   8.5549269E-03   1.9168465E-04   2.0105531E+02   9.5100683E+04   9.5563256E+04   0.0000000E+00   0.0000000E+00   0.0000000E+00   0.0000000E+00   0.0000000E+00
   8.9821928E-01   8.6815088E+04   8.6815088E+04   6.9183134E-03   1.5471676E-04   1.8131675E+02   8.6394849E+04   8.6815088E+04   0.0000000E+00   0.0000000E+00   0.0000000E+00   0.0000000E+00   0.0000000E+00
   9.5626430E-01   7.8391745E+04   7.8391745E+04   5.5014089E-03   1.2326599E-04   1.6258907E+02   7.8012271E+04   7.8391745E+04   0.0000000E+00   0.0000000E+00   0.0000000E+00   0.0000000E+00   0.0000000E+00
   1.0212566E+00   7.0393669E+04   7.0393669E+04   4.3302132E-03   9.7056161E-05   1.4506441E+02   7.0052904E+04   7.0393669E+04   0.0000000E+00   0.0000000E+00   0.0000000E+00   0.0000000E+00   0.0000000E+00
   1.0934044E+00   6.2922955E+04   6.2922955E+04   3.3764015E-03   7.5688585E-05   1.2889777E+02   6.2618349E+04   6.2922955E+04   0.0000000E+00   0.0000000E+00   0.0000000E+00   0.0000000E+00   0.0000000E+00
   1.1726878E+00   5.6056230E+04   5.6056230E+04   2.6147582E-03   5.8623090E-05   1.1421967E+02   5.5784860E+04   5.6056230E+04   0.0000000E+00   0.0000000E+00   0.0000000E+00   0.0000000E+00   0.0000000E+00
   1.2590281E+00   4.9828749E+04   4.9828749E+04   2.0162732E-03   4.5211502E-05   1.0104286E+02   4.9587523E+04   4.9828749E+04   0.0000000E+00   0.0000000E+00   0.0000000E+00   0.0000000E+00   0.0000000E+00
   1.3524498E+00   4.4232685E+04   4.4232685E+04   1.5510949E-03   3.4782542E-05   8.9325615E+01   4.4018547E+04   4.4232685E+04   0.0000000E+00   0.0000000E+00   0.0000000E+00   0.0000000E+00   0.0000000E+00
   1.4531523E+00   3.9230364E+04   3.9230364E+04   1.1907768E-03   2.6723268E-05   7.8930907E+01   3.9040441E+04   3.9230364E+04   0.0000000E+00   0.0000000E+00   0.0000000E+00   0.0000000E+00   0.0000000E+00
   1.5614994E+00   3.4772529E+04   3.4772529E+04   9.1478137E-04   2.0514659E-05   6.9740049E+01   3.4604185E+04   3.4772529E+04   0.0000000E+00   0.0000000E+00   0.0000000E+00   0.0000000E+00   0.0000000E+00
   1.6779785E+00   3.0805728E+04   3.0805728E+04   7.0172291E-04   1.5739892E-05   6.1610724E+01   3.0656587E+04   3.0805728E+04   0.0000000E+00   0.0000000E+00   0.0000000E+00   0.0000000E+00   0.0000000E+00
   1.8031633E+00   2.7279236E+04   2.7279236E+04   5.3839862E-04   1.2070786E-05   5.4425638E+01   2.7147167E+04   2.7279236E+04   0.0000000E+00   0.0000000E+00   0.0000000E+00   0.0000000E+00   0.0000000E+00
   1.9376921E+00   2.4146192E+04   2.4146192E+04   4.1246162E-04   9.2530987E-06   4.8072972E+01   2.4029291E+04   2.4146192E+04   0.0000000E+00   0.0000000E+00   0.0000000E+00   0.0000000E+00   0.0000000E+00
   2.0822589E+00   2.1364309E+04   2.1364309E+04   3.1598836E-04   7.0902431E-06   4.2456174E+01   2.1260875E+04   2.1364309E+04   0.0000000E+00   0.0000000E+00   0.0000000E+00   0.0000000E+00   0.0000000E+00
   2.2376117E+00   1.8895437E+04   1.8895437E+04   2.4200035E-04   5.4308795E-06   3.7489936E+01   1.8803956E+04   1.8895437E+04   0.0000000E+00   0.0000000E+00   0.0000000E+00   0.0000000E+00   0.0000000E+00
   2.4045550E+00   1.6705524E+04   1.6705524E+04   1.8527005E-04   4.1583617E-06   3.3097828E+01   1.6624644E+04   1.6705524E+04   0.0000000E+00   0.0000000E+00   0.0000000E+00   0.0000000E+00   0.0000000E+00
   2.5839536E+00   1.4763933E+04   1.4763933E+04   1.4179023E-04   3.1828324E-06   2.9216507E+01   1.4692454E+04   1.4763933E+04   0.0000000E+00   0.0000000E+00   0.0000000E+00   0.0000000E+00   0.0000000E+00
   2.7767368E+00   1.3043313E+04   1.3043313E+04   1.0848943E-04   2.4353452E-06   2.5783853E+01   1.2980163E+04   1.3043313E+04   0.0000000E+00   0.0000000E+00   0.0000000E+00   0.0000000E+00   0.0000000E+00
   2.9839031E+00   1.1519206E+04   1.1519206E+04   8.2953757E-05   1.8627842E-06   2.2750422E+01   1.1463435E+04   1.1519206E+04   0.0000000E+00   0.0000000E+00   0.0000000E+00   0.0000000E+00   0.0000000E+00
   3.2065256E+00   1.0169751E+04   1.0169751E+04   6.3425100E-05   1.4243821E-06   2.0069324E+01   1.0120514E+04   1.0169751E+04   0.0000000E+00   0.0000000E+00   0.0000000E+00   0.0000000E+00   0.0000000E+00
   3.4457576E+00   8.9754349E+03   8.9754349E+03   4.8472653E-05   1.0888241E-06   1.7700402E+01   8.9319798E+03   8.9754349E+03   0.0000000E+00   0.0000000E+00   0.0000000E+00   0.0000000E+00   0.0000000E+00
   3.7028380E+00   7.9188514E+03   7.9188514E+03   3.7038787E-05   8.3208118E-07   1.5607370E+01   7.8805117E+03   7.9188514E+03   0.0000000E+00   0.0000000E+00   0.0000000E+00   0.0000000E+00   0.0000000E+00
   3.9790988E+00   6.9844847E+03   6.9844847E+03   2.8284742E-05   6.3569999E-07   1.3758759E+01   6.9506688E+03   6.9844847E+03   0.0000000E+00   0.0000000E+00   0.0000000E+00   0.0000000E+00   0.0000000E+00
   4.2759707E+00   6.1585130E+03   6.1585130E+03   2.1584593E-05   4.8554344E-07   1.2126049E+01   6.1286961E+03   6.1585130E+03   0.0000000E+00   0.0000000E+00   0.0000000E+00   0.0000000E+00   0.0000000E+00
   4.5949916E+00   5.4286311E+03   5.4286311E+03   1.6490023E-05   3.7076254E-07   1.0684835E+01   5.4023479E+03   5.4286311E+03   0.0000000E+00   0.0000000E+00   0.0000000E+00   0.0000000E+00   0.0000000E+00
   4.9378139E+00   4.7838913E+03   4.7838913E+03   1.2581148E-05   2.8304947E-07   9.4126574E+00   4.7607296E+03   4.7838913E+03   0.0000000E+00   0.0000000E+00   0.0000000E+00   0.0000000E+00   0.0000000E+00
   5.3062135E+00   4.2145592E+03   4.2145592E+03   9.5974876E-06   2.1604229E-07   8.2899243E+00   4.1941540E+03   4.2145592E+03   0.0000000E+00   0.0000000E+00   0.0000000E+00   0.0000000E+00   0.0000000E+00
   5.7020985E+00   3.7119845E+03   3.7119845E+03   7.3173120E-06   1.6486411E-07   7.2995914E+00   3.6940126E+03   3.7119845E+03   0.0000000E+00   0.0000000E+00   0.0000000E+00   0.0000000E+00   0.0000000E+00
   6.1275197E+00   3.2684846E+03   3.2684846E+03   5.5814340E-06   1.2578713E-07   6.4259922E+00   3.2526599E+03   3.2684846E+03   0.0000000E+00   0.0000000E+00   0.0000000E+00   0.0000000E+00   0.0000000E+00
   6.5846807E+00   2.8772396E+03   2.8772396E+03   4.2552178E-06   9.5957777E-08   5.6556231E+00   2.8633092E+03   2.8772396E+03   0.0000000E+00   0.0000000E+00   0.0000000E+00   0.0000000E+00   0.0000000E+00
   7.0759494E+00   2.5321989E+03   2.5321989E+03   3.2418001E-06   7.3191679E-08   4.9765430E+00   2.5199390E+03   2.5321989E+03   0.0000000E+00   0.0000000E+00   0.0000000E+00   0.0000000E+00   0.0000000E+00
   7.6038706E+00   2.2279968E+03   2.2279968E+03   2.4710288E-06   5.5820826E-08   4.3779765E+00   2.2172097E+03   2.2279968E+03   0.0000000E+00   0.0000000E+00   0.0000000E+00   0.0000000E+00   0.0000000E+00
   8.1711789E+00   1.9598775E+03   1.9598775E+03   1.8824382E-06   4.2568404E-08   3.8506919E+00   1.9503885E+03   1.9598775E+03   0.0000000E+00   0.0000000E+00   0.0000000E+00   0.0000000E+00   0.0000000E+00
