#           k/h    CDM            baryon         photon         nu             mass_nu        total          no_nu          total_de       Weyl           v_CDM          v_b            v_b-v_c     
   1.1399954E-05   5.1934987E+06   5.1934987E+06   6.9234849E+06   5.3194997E+03   6.1140249E+05   5.1935505E+06   5.1934987E+06   0.0000000E+00   0.0000000E+00   0.0000000E+00   0.0000000E+00   0.0000000E+00
   1.2250480E-05   5.1934980E+06   5.1934980E+06   6.9233015E+06   5.3194116E+03   6.1139748E+05   5.1935498E+06   5.1934980E+06   0.0000000E+00   0.0000000E+00   0.0000000E+00   0.0000000E+00   0.0000000E+00
   1.3164461E-05   5.1934973E+06   5.1934973E+06   6.9230896E+06   5.3193098E+03   6.1139169E+05   5.1935490E+06   5.1934973E+06   0.0000000E+00   0.0000000E+00   0.0000000E+00   0.0000000E+00   0.0000000E+00
   1.4146633E-05   5.1934964E+06   5.1934964E+06   6.9228449E+06   5.3191924E+03   6.1138501E+05   5.1935481E+06   5.1934964E+06   0.0000000E+00   0.0000000E+00   0.0000000E+00   0.0000000E+00   0.0000000E+00
   1.5202083E-05   5.1934954E+06   5.1934954E+06   6.9225624E+06   5.3190567E+03   6.1137730E+05   5.1935470E+06   5.1934954E+06   0.0000000E+00   0.0000000E+00   0.0000000E+00   0.0000000E+00   0.0000000E+00
   1.6336277E-05   5.1934943E+06   5.1934943E+06   6.9222361E+06   5.3189001E+03   6.1136839E+05   5.1935458E+06   5.1934943E+06   0.0000000E+00   0.0000000E+00   0.0000000E+00   0.0000000E+00   0.0000000E+00
   1.7555091E-05   5.1934929E+06   5.1934929E+06   6.9218594E+06   5.3187192E+03   6.1135810E+05   5.1935444E+06   5.1934929E+06   0.0000000E+00   0.0000000E+00   0.0000000E+00   0.0000000E+00   0.0000000E+00
   1.8864839E-05   5.1934914E+06   5.1934914E+06   6.9214244E+06   5.3185104E+03   6.1134623E+05   5.1935427E+06   5.1934914E+06   0.0000000E+00   0.0000000E+00   0.0000000E+00   0.0000000E+00   0.0000000E+00
   2.0272303E-05   5.1934896E+06   5.1934896E+06   6.9209221E+06   5.3182692E+03   6.1133251E+05   5.1935408E+06   5.1934896E+06   0.0000000E+00   0.0000000E+00   0.0000000E+00   0.0000000E+00   0.0000000E+00
   2.1784776E-05   5.1934876E+06   5.1934876E+06   6.9203421E+06   5.3179907E+03   6.1131668E+05   5.1935386E+06   5.1934876E+06   0.0000000E+00   0.0000000E+00   0.0000000E+00   0.0000000E+00   0.0000000E+00
   2.3410091E-05   5.1934852E+06   5.1934852E+06   6.9196723E+06   5.3176691E+03   6.1129839E+05   5.1935361E+06   5.1934852E+06   0.0000000E+00   0.0000000E+00   0.0000000E+00   0.0000000E+00   0.0000000E+00
   2.5156667E-05   5.1934825E+06   5.1934825E+06   6.9188990E+06   5.3172978E+03   6.1127728E+05   5.1935332E+06   5.1934825E+06   0.0000000E+00   0.0000000E+00   0.0000000E+00   0.0000000E+00   0.0000000E+00
   2.7033551E-05   5.1934793E+06   5.1934793E+06   6.9180061E+06   5.3168691E+03   6.1125291E+05   5.1935298E+06   5.1934793E+06   0.0000000E+00   0.0000000E+00   0.0000000E+00   0.0000000E+00   0.0000000E+00
   2.9050465E-05   5.1934757E+06   5.1934757E+06   6.9169751E+06   5.3163740E+03   6.1122477E+05   5.1935259E+06   5.1934757E+06   0.0000000E+00   0.0000000E+00   0.0000000E+00   0.0000000E+00   0.0000000E+00
   3.1217857E-05   5.1934715E+06   5.1934715E+06   6.9157848E+06   5.3158024E+03   6.1119229E+05   5.1935214E+06   5.1934715E+06   0.0000000E+00   0.0000000E+00   0.0000000E+00   0.0000000E+00   0.0000000E+00
   3.3546954E-05   5.1934666E+06   5.1934666E+06   6.9144104E+06   5.3151424E+03   6.1115478E+05   5.1935162E+06   5.1934666E+06   0.0000000E+00   0.0000000E+00   0.0000000E+00   0.0000000E+00   0.0000000E+00
   3.6049819E-05   5.1934610E+06   5.1934610E+06   6.9128236E+06   5.3143803E+03   6.1111149E+05   5.1935103E+06   5.1934610E+06   0.0000000E+00   0.0000000E+00   0.0000000E+00   0.0000000E+00   0.0000000E+00
   3.8739418E-05   5.1934545E+06   5.1934545E+06   6.9109917E+06   5.3135005E+03   6.1106152E+05   5.1935033E+06   5.1934545E+06   0.0000000E+00   0.0000000E+00   0.0000000E+00   0.0000000E+00   0.0000000E+00
   4.1629682E-05   5.1934470E+06   5.1934470E+06   6.9088767E+06   5.3124846E+03   6.1100383E+05   5.1934953E+06   5.1934470E+06   0.0000000E+00   0.0000000E+00   0.0000000E+00   0.0000000E+00   0.0000000E+00
   4.4735582E-05   5.1934384E+06   5.1934384E+06   6.9064352E+06   5.3113119E+03   6.1093726E+05   5.1934861E+06   5.1934384E+06   0.0000000E+00   0.0000000E+00   0.0000000E+00   0.0000000E+00   0.0000000E+00
   4.8073207E-05   5.1934284E+06   5.1934284E+06   6.9036168E+06   5.3099579E+03   6.1086043E+05   5.1934754E+06   5.1934284E+06   0.0000000E+00   0.0000000E+00   0.0000000E+00   0.0000000E+00   0.0000000E+00
   5.1659844E-05   5.1934169E+06   5.1934169E+06   6.9003636E+06   5.3083949E+03   6.1077176E+05   5.1934631E+06   5.1934169E+06   0.0000000E+00   0.0000000E+00   0.0000000E+00   0.0000000E+00   0.0000000E+00
   5.5514073E-05   5.1934036E+06   5.1934036E+06   6.8966086E+06   5.3065906E+03   6.1066946E+05   5.1934489E+06   5.1934036E+06   0.0000000E+00   0.0000000E+00   0.0000000E+00   0.0000000E+00   0.0000000E+00
   5.9655858E-05   5.1933882E+06   5.1933882E+06   6.8922749E+06   5.3045080E+03   6.1055144E+05   5.1934325E+06   5.1933882E+06   0.0000000E+00   0.0000000E+00   0.0000000E+00   0.0000000E+00   0.0000000E+00
   6.4106652E-05   5.1933705E+06   5.1933705E+06   6.8872736E+06   5.3021041E+03   6.1041529E+05   5.1934136E+06   5.1933705E+06   0.0000000E+00   0.0000000E+00   0.0000000E+00   0.0000000E+00   0.0000000E+00
   6.8889510E-05   5.1933500E+06   5.1933500E+06   6.8815026E+06   5.2993298E+03   6.1025827E+05   5.1933917E+06   5.1933500E+06   0.0000000E+00   0.0000000E+00   0.0000000E+00   0.0000000E+00   0.0000000E+00
   7.4029206E-05   5.1933263E+06   5.1933263E+06   6.8748440E+06   5.2961281E+03   6.1007721E+05   5.1933665E+06   5.1933263E+06   0.0000000E+00   0.0000000E+00   0.0000000E+00   0.0000000E+00   0.0000000E+00
   7.9552365E-05   5.1932990E+06   5.1932990E+06   6.8671625E+06   5.2924336E+03   6.0986848E+05   5.1933373E+06   5.1932990E+06   0.0000000E+00   0.0000000E+00   0.0000000E+00   0.0000000E+00   0.0000000E+00
   8.5487594E-05   5.1932675E+06   5.1932675E+06   6.8583023E+06   5.2881710E+03   6.0962790E+05   5.1933036E+06   5.1932675E+06   0.0000000E+00   0.0000000E+00   0.0000000E+00   0.0000000E+00   0.0000000E+00
   9.1865638E-05   5.1932311E+06   5.1932311E+06   6.8480843E+06   5.2832535E+03   6.0935071E+05   5.1932648E+06   5.1932311E+06   0.0000000E+00   0.0000000E+00   0.0000000E+00   0.0000000E+00   0.0000000E+00
   9.8719533E-05   5.1931891E+06   5.1931891E+06   6.8363029E+06   5.2775814E+03   6.0903144E+05   5.1932199E+06   5.1931891E+06   0.0000000E+00   0.0000000E+00   0.0000000E+00   0.0000000E+00   0.0000000E+00
   1.0608478E-04   5.1931406E+06   5.1931406E+06   6.8227221E+06   5.2710402E+03   6.0866386E+05   5.1931681E+06   5.1931406E+06   0.0000000E+00   0.0000000E+00   0.0000000E+00   0.0000000E+00   0.0000000E+00
   1.1399954E-04   5.1930846E+06   5.1930846E+06   6.8070713E+06   5.2634981E+03   6.0824085E+05   5.1931083E+06   5.1930846E+06   0.0000000E+00   0.0000000E+00   0.0000000E+00   0.0000000E+00   0.0000000E+00
   1.2250480E-04   5.1930200E+06   5.1930200E+06   6.7890410E+06   5.2548041E+03   6.0775431E+05   5.1930393E+06   5.1930200E+06   0.0000000E+00   0.0000000E+00   0.0000000E+00   0.0000000E+00   0.0000000E+00
   1.3164461E-04   5.1929454E+06   5.1929454E+06   6.7682768E+06   5.2447851E+03   6.0719505E+05   5.1929597E+06   5.1929454E+06   0.0000000E+00   0.0000000E+00   0.0000000E+00   0.0000000E+00   0.0000000E+00
   1.4146633E-04   5.1928594E+06   5.1928594E+06   6.7443745E+06   5.2332428E+03   6.0655267E+05   5.1928678E+06   5.1928594E+06   0.0000000E+00   0.0000000E+00   0.0000000E+00   0.0000000E+00   0.0000000E+00
   1.5202083E-04   5.1927600E+06   5.1927600E+06   6.7168732E+06   5.2199505E+03   6.0581542E+05   5.1927617E+06   5.1927600E+06   0.0000000E+00   0.0000000E+00   0.0000000E+00   0.0000000E+00   0.0000000E+00
   1.6336277E-04   5.1926454E+06   5.1926454E+06   6.6852491E+06   5.2046493E+03   6.0497010E+05   5.1926394E+06   5.1926454E+06   0.0000000E+00   0.0000000E+00   0.0000000E+00   0.0000000E+00   0.0000000E+00
   1.7555091E-04   5.1925132E+06   5.1925132E+06   6.6489080E+06   5.1870443E+03   6.0400196E+05   5.1924982E+06   5.1925132E+06   0.0000000E+00   0.0000000E+00   0.0000000E+00   0.0000000E+00   0.0000000E+00
   1.8864839E-04   5.1923607E+06   5.1923607E+06   6.6071779E+06   5.1668001E+03   6.0289458E+05   5.1923353E+06   5.1923607E+06   0.0000000E+00   0.0000000E+00   0.0000000E+00   0.0000000E+00   0.0000000E+00
   2.0272303E-04   5.1921847E+06   5.1921847E+06   6.5593017E+06   5.1435363E+03   6.0162983E+05   5.1921475E+06   5.1921847E+06   0.0000000E+00   0.0000000E+00   0.0000000E+00   0.0000000E+00   0.0000000E+00
   2.1784776E-04   5.1919819E+06   5.1919819E+06   6.5044302E+06   5.1168229E+03   6.0018785E+05   5.1919309E+06   5.1919819E+06   0.0000000E+00   0.0000000E+00   0.0000000E+00   0.0000000E+00   0.0000000E+00
   2.3410091E-04   5.1917480E+06   5.1917480E+06   6.4416148E+06   5.0861750E+03   5.9854711E+05   5.1916812E+06   5.1917480E+06   0.0000000E+00   0.0000000E+00   0.0000000E+00   0.0000000E+00   0.0000000E+00
   2.5156667E-04   5.1914784E+06   5.1914784E+06   6.3698034E+06   5.0510488E+03   5.9668456E+05   5.1913934E+06   5.1914784E+06   0.0000000E+00   0.0000000E+00   0.0000000E+00   0.0000000E+00   0.0000000E+00
   2.7033551E-04   5.1911678E+06   5.1911678E+06   6.2878367E+06   5.0108369E+03   5.9457596E+05   5.1910619E+06   5.1911678E+06   0.0000000E+00   0.0000000E+00   0.0000000E+00   0.0000000E+00   0.0000000E+00
   2.9050465E-04   5.1908099E+06   5.1908099E+06   6.1944490E+06   4.9648652E+03   5.9219632E+05   5.1906800E+06   5.1908099E+06   0.0000000E+00   0.0000000E+00   0.0000000E+00   0.0000000E+00   0.0000000E+00
   3.1217857E-04   5.1903979E+06   5.1903979E+06   6.0882735E+06   4.9123908E+03   5.8952064E+05   5.1902402E+06   5.1903979E+06   0.0000000E+00   0.0000000E+00   0.0000000E+00   0.0000000E+00   0.0000000E+00
   3.3546954E-04   5.1899237E+06   5.1899237E+06   5.9678545E+06   4.8526020E+03   5.8652497E+05   5.1897342E+06   5.1899237E+06   0.0000000E+00   0.0000000E+00   0.0000000E+00   0.0000000E+00   0.0000000E+00
   3.6049819E-04   5.1893781E+06   5.1893781E+06   5.8316686E+06   4.7846213E+03   5.8318774E+05   5.1891520E+06   5.1893781E+06   0.0000000E+00   0.0000000E+00   0.0000000E+00   0.0000000E+00   0.0000000E+00
   3.8739418E-04   5.1887508E+06   5.1887508E+06   5.6781588E+06   4.7075132E+03   5.7949170E+05   5.1884828E+06   5.1887508E+06   0.0000000E+00   0.0000000E+00   0.0000000E+00   0.0000000E+00   0.0000000E+00
   4.1629682E-04   5.1880300E+06   5.1880300E+06   5.5057835E+06   4.6202964E+03   5.7542620E+05   5.1877140E+06   5.1880300E+06   0.0000000E+00   0.0000000E+00   0.0000000E+00   0.0000000E+00   0.0000000E+00
   4.4735582E-04   5.1872024E+06   5.1872024E+06   5.3130853E+06   4.5219646E+03   5.7099011E+05   5.1868314E+06   5.1872024E+06   0.0000000E+00   0.0000000E+00   0.0000000E+00   0.0000000E+00   0.0000000E+00
   4.8073207E-04   5.1862529E+06   5.1862529E+06   5.0987840E+06   4.4115162E+03   5.6619525E+05   5.1858190E+06   5.1862529E+06   0.0000000E+00   0.0000000E+00   0.0000000E+00   0.0000000E+00   0.0000000E+00
   5.1659844E-04   5.1851645E+06   5.1851645E+06   4.8618964E+06   4.2879954E+03   5.6107015E+05   5.1846588E+06   5.1851645E+06   0.0000000E+00   0.0000000E+00   0.0000000E+00   0.0000000E+00   0.0000000E+00
   5.5514073E-04   5.1839183E+06   5.1839183E+06   4.6018877E+06   4.1505482E+03   5.5566397E+05   5.1833309E+06   5.1839183E+06   0.0000000E+00   0.0000000E+00   0.0000000E+00   0.0000000E+00   0.0000000E+00
   5.9655858E-04   5.1824930E+06   5.1824930E+06   4.3188537E+06   3.9984936E+03   5.5005004E+05   5.1818126E+06   5.1824930E+06   0.0000000E+00   0.0000000E+00   0.0000000E+00   0.0000000E+00   0.0000000E+00
   6.4106652E-04   5.1808650E+06   5.1808650E+06   4.0137322E+06   3.8314122E+03   5.4432814E+05   5.1800793E+06   5.1808650E+06   0.0000000E+00   0.0000000E+00   0.0000000E+00   0.0000000E+00   0.0000000E+00
   6.8889510E-04   5.1790082E+06   5.1790082E+06   3.6885341E+06   3.6492526E+03   5.3862437E+05   5.1781032E+06   5.1790082E+06   0.0000000E+00   0.0000000E+00   0.0000000E+00   0.0000000E+00   0.0000000E+00
   7.4029206E-04   5.1768938E+06   5.1768938E+06   3.3465758E+06   3.4524523E+03   5.3308683E+05   5.1758544E+06   5.1768938E+06   0.0000000E+00   0.0000000E+00   0.0000000E+00   0.0000000E+00   0.0000000E+00
   7.9552365E-04   5.1744903E+06   5.1744903E+06   2.9926840E+06   3.2420664E+03   5.2787514E+05   5.1732998E+06   5.1744903E+06   0.0000000E+00   0.0000000E+00   0.0000000E+00   0.0000000E+00   0.0000000E+00
   8.5487594E-04   5.1717631E+06   5.1717631E+06   2.6333256E+06   3.0198938E+03   5.2314126E+05   5.1704037E+06   5.1717631E+06   0.0000000E+00   0.0000000E+00   0.0000000E+00   0.0000000E+00   0.0000000E+00
   9.1865638E-04   5.1686750E+06   5.1686750E+06   2.2766011E+06   2.7885809E+03   5.1899974E+05   5.1671275E+06   5.1686750E+06   0.0000000E+00   0.0000000E+00   0.0000000E+00   0.0000000E+00   0.0000000E+00
   9.8719533E-04   5.1651857E+06   5.1651857E+06   1.9320235E+06   2.5516765E+03   5.1548645E+05   5.1634299E+06   5.1651857E+06   0.0000000E+00   0.0000000E+00   0.0000000E+00   0.0000000E+00   0.0000000E+00
   1.0608478E-03   5.1612518E+06   5.1612518E+06   1.6100009E+06   2.3136049E+03   5.1250800E+05   5.1592667E+06   5.1612518E+06   0.0000000E+00   0.0000000E+00   0.0000000E+00   0.0000000E+00   0.0000000E+00
   1.1399954E-03   5.1568265E+06   5.1568265E+06   1.3209531E+06   2.0795149E+03   5.0978876E+05   5.1545909E+06   5.1568265E+06   0.0000000E+00   0.0000000E+00   0.0000000E+00   0.0000000E+00   0.0000000E+00
   1.2250480E-03   5.1518599E+06   5.1518599E+06   1.0740423E+06   1.8549717E+03   5.0683007E+05   5.1493528E+06   5.1518599E+06   0.0000000E+00   0.0000000E+00   0.0000000E+00   0.0000000E+00   0.0000000E+00
   1.3164461E-03   5.1462981E+06   5.1462981E+06   8.7559678E+05   1.6454667E+03   5.0290472E+05   5.1434993E+06   5.1462981E+06   0.0000000E+00   0.0000000E+00   0.0000000E+00   0.0000000E+00   0.0000000E+00
   1.4146633E-03   5.1400827E+06   5.1400827E+06   7.2745977E+05   1.4557615E+03   4.9711721E+05   5.1369739E+06   5.1400827E+06   0.0000000E+00   0.0000000E+00   0.0000000E+00   0.0000000E+00   0.0000000E+00
   1.5202083E-03   5.1331510E+06   5.1331510E+06   6.2568993E+05   1.2891368E+03   4.8855934E+05   5.1297162E+06   5.1331510E+06   0.0000000E+00   0.0000000E+00   0.0000000E+00   0.0000000E+00   0.0000000E+00
   1.6336277E-03   5.1254343E+06   5.1254343E+06   5.6021946E+05   1.1466974E+03   4.7657216E+05   5.1216610E+06   5.1254343E+06   0.0000000E+00   0.0000000E+00   0.0000000E+00   0.0000000E+00   0.0000000E+00
   1.7555091E-03   5.1168584E+06   5.1168584E+06   5.1611480E+05   1.0269599E+03   4.6107916E+05   5.1127382E+06   5.1168584E+06   0.0000000E+00   0.0000000E+00   0.0000000E+00   0.0000000E+00   0.0000000E+00
   1.8864839E-03   5.1073430E+06   5.1073430E+06   4.7681797E+05   9.2598715E+02   4.4287974E+05   5.1028722E+06   5.1073430E+06   0.0000000E+00   0.0000000E+00   0.0000000E+00   0.0000000E+00   0.0000000E+00
   2.0272303E-03   5.0968024E+06   5.0968024E+06   4.2901707E+05   8.3825909E+02   4.2370973E+05   5.0919820E+06   5.0968024E+06   0.0000000E+00   0.0000000E+00   0.0000000E+00   0.0000000E+00   0.0000000E+00
   2.1784776E-03   5.0851464E+06   5.0851464E+06   3.6763811E+05   7.5823974E+02   4.0585152E+05   5.0799821E+06   5.0851464E+06   0.0000000E+00   0.0000000E+00   0.0000000E+00   0.0000000E+00   0.0000000E+00
   2.3410091E-03   5.0722821E+06   5.0722821E+06   2.9833043E+05   6.8220512E+02   3.9121075E+05   5.0667828E+06   5.0722821E+06   0.0000000E+00   0.0000000E+00   0.0000000E+00   0.0000000E+00   0.0000000E+00
   2.5156667E-03   5.0581145E+06   5.0581145E+06   2.3475815E+05   6.0949759E+02   3.8014461E+05   5.0522912E+06   5.0581145E+06   0.0000000E+00   0.0000000E+00   0.0000000E+00   0.0000000E+00   0.0000000E+00
   2.7033551E-03   5.0425468E+06   5.0425468E+06   1.9021194E+05   5.4229123E+02   3.7081973E+05   5.0364106E+06   5.0425468E+06   0.0000000E+00   0.0000000E+00   0.0000000E+00   0.0000000E+00   0.0000000E+00
   2.9050465E-03   5.0254786E+06   5.0254786E+06   1.6760540E+05   4.8357076E+02   3.6004847E+05   5.0190392E+06   5.0254786E+06   0.0000000E+00   0.0000000E+00   0.0000000E+00   0.0000000E+00   0.0000000E+00
   3.1217857E-03   5.0068036E+06   5.0068036E+06   1.5600031E+05   4.3435406E+02   3.4573405E+05   5.0000679E+06   5.0068036E+06   0.0000000E+00   0.0000000E+00   0.0000000E+00   0.0000000E+00   0.0000000E+00
   3.3546954E-03   4.9864079E+06   4.9864079E+06   1.3968814E+05   3.9236867E+02   3.2916431E+05   4.9793795E+06   4.9864079E+06   0.0000000E+00   0.0000000E+00   0.0000000E+00   0.0000000E+00   0.0000000E+00
   3.6049819E-03   4.9641698E+06   4.9641698E+06   1.1422313E+05   3.5383292E+02   3.1413165E+05   4.9568502E+06   4.9641698E+06   0.0000000E+00   0.0000000E+00   0.0000000E+00   0.0000000E+00   0.0000000E+00
   3.8739418E-03   4.9399627E+06   4.9399627E+06   9.1332504E+04   3.1700910E+02   3.0229588E+05   4.9323526E+06   4.9399627E+06   0.0000000E+00   0.0000000E+00   0.0000000E+00   0.0000000E+00   0.0000000E+00
   4.1629682E-03   4.9136554E+06   4.9136554E+06   8.1912137E+04   2.8337169E+02   2.9017573E+05   4.9057571E+06   4.9136554E+06   0.0000000E+00   0.0000000E+00   0.0000000E+00   0.0000000E+00   0.0000000E+00
   4.4735582E-03   4.8851111E+06   4.8851111E+06   7.7861230E+04   2.5438460E+02   2.7409762E+05   4.8769287E+06   4.8851111E+06   0.0000000E+00   0.0000000E+00   0.0000000E+00   0.0000000E+00   0.0000000E+00
   4.8073207E-03   4.8541850E+06   4.8541850E+06   6.5355296E+04   2.2853136E+02   2.5727945E+05   4.8457260E+06   4.8541850E+06   0.0000000E+00   0.0000000E+00   0.0000000E+00   0.0000000E+00   0.0000000E+00
   5.1659844E-03   4.8207278E+06   4.8207278E+06   5.1099254E+04   2.0390712E+02   2.4443664E+05   4.8120031E+06   4.8207278E+06   0.0000000E+00   0.0000000E+00   0.0000000E+00   0.0000000E+00   0.0000000E+00
   5.5514073E-03   4.7845894E+06   4.7845894E+06   4.6548702E+04   1.8146294E+02   2.3162833E+05   4.7756142E+06   4.7845894E+06   0.0000000E+00   0.0000000E+00   0.0000000E+00   0.0000000E+00   0.0000000E+00
   5.9655858E-03   4.7456156E+06   4.7456156E+06   4.0878882E+04   1.6183008E+02   2.1611958E+05   4.7364091E+06   4.7456156E+06   0.0000000E+00   0.0000000E+00   0.0000000E+00   0.0000000E+00   0.0000000E+00
   6.4106652E-03   4.7036476E+06   4.7036476E+06   3.1603336E+04   1.4359087E+02   2.0399138E+05   4.6942299E+06   4.7036476E+06   0.0000000E+00   0.0000000E+00   0.0000000E+00   0.0000000E+00   0.0000000E+00
   6.8889510E-03   4.6585213E+06   4.6585213E+06   2.9968615E+04   1.2727441E+02   1.9169702E+05   4.6489085E+06   4.6585213E+06   0.0000000E+00   0.0000000E+00   0.0000000E+00   0.0000000E+00   0.0000000E+00
   7.4029206E-03   4.6100647E+06   4.6100647E+06   2.4997953E+04   1.1299859E+02   1.7713382E+05   4.6002706E+06   4.6100647E+06   0.0000000E+00   0.0000000E+00   0.0000000E+00   0.0000000E+00   0.0000000E+00
   7.9552365E-03   4.5581005E+06   4.5581005E+06   2.1072315E+04   9.9596403E+01   1.6603949E+05   4.5481451E+06   4.5581005E+06   0.0000000E+00   0.0000000E+00   0.0000000E+00   0.0000000E+00   0.0000000E+00
   8.5487594E-03   4.5024502E+06   4.5024502E+06   1.8529441E+04   8.7803849E+01   1.5277511E+05   4.4923626E+06   4.5024502E+06   0.0000000E+00   0.0000000E+00   0.0000000E+00   0.0000000E+00   0.0000000E+00
   9.1865638E-03   4.4429315E+06   4.4429315E+06   1.5057648E+04   7.7094260E+01   1.4285156E+05   4.4327386E+06   4.4429315E+06   0.0000000E+00   0.0000000E+00   0.0000000E+00   0.0000000E+00   0.0000000E+00
   9.8719533E-03   4.3793569E+06   4.3793569E+06   1.3341847E+04   6.7736385E+01   1.3068864E+05   4.3690795E+06   4.3793569E+06   0.0000000E+00   0.0000000E+00   0.0000000E+00   0.0000000E+00   0.0000000E+00
   1.0608478E-02   4.3115343E+06   4.3115343E+06   1.1566081E+04   5.9156904E+01   1.2109845E+05   4.3011984E+06   4.3115343E+06   0.0000000E+00   0.0000000E+00   0.0000000E+00   0.0000000E+00   0.0000000E+00
   1.1399954E-02   4.2392709E+06   4.2392709E+06   9.1037390E+03   5.1646280E+01   1.1064023E+05   4.2289066E+06   4.2392709E+06   0.0000000E+00   0.0000000E+00   0.0000000E+00   0.0000000E+00   0.0000000E+00
   1.2250480E-02   4.1623734E+06   4.1623734E+06   8.4093217E+03   4.4947877E+01   1.0111620E+05   4.1520075E+06   4.1623734E+06   0.0000000E+00   0.0000000E+00   0.0000000E+00   0.0000000E+00   0.0000000E+00
   1.3164461E-02   4.0806520E+06   4.0806520E+06   7.1314822E+03   3.8972227E+01   9.2783079E+04   4.0703131E+06   4.0806520E+06   0.0000000E+00   0.0000000E+00   0.0000000E+00   0.0000000E+00   0.0000000E+00
   1.4146633E-02   3.9939258E+06   3.9939258E+06   5.6505157E+03   3.3713569E+01   8.4439494E+04   3.9836447E+06   3.9939258E+06   0.0000000E+00   0.0000000E+00   0.0000000E+00   0.0000000E+00   0.0000000E+00
   1.5202083E-02   3.9020281E+06   3.9020281E+06   4.7272824E+03   2.9097717E+01   7.6387930E+04   3.8918337E+06   3.9020281E+06   0.0000000E+00   0.0000000E+00   0.0000000E+00   0.0000000E+00   0.0000000E+00
   1.6336277E-02   3.8048168E+06   3.8048168E+06   4.0733071E+03   2.5014505E+01   6.8950531E+04   3.7947390E+06   3.8048168E+06   0.0000000E+00   0.0000000E+00   0.0000000E+00   0.0000000E+00   0.0000000E+00
   1.7555091E-02   3.7021861E+06   3.7021861E+06   3.4464540E+03   2.1446975E+01   6.2222307E+04   3.6922558E+06   3.7021861E+06   0.0000000E+00   0.0000000E+00   0.0000000E+00   0.0000000E+00   0.0000000E+00
   1.8864839E-02   3.5940837E+06   3.5940837E+06   2.8948599E+03   1.8313932E+01   5.6020083E+04   3.5843302E+06   3.5940837E+06   0.0000000E+00   0.0000000E+00   0.0000000E+00   0.0000000E+00   0.0000000E+00
   2.0272303E-02   3.4805301E+06   3.4805301E+06   2.3930372E+03   1.5590023E+01   5.0352700E+04   3.4709827E+06   3.4805301E+06   0.0000000E+00   0.0000000E+00   0.0000000E+00   0.0000000E+00   0.0000000E+00
   2.1784774E-02   3.3616441E+06   3.3616441E+06   2.0340414E+03   1.3219339E+01   4.5165909E+04   3.3523317E+06   3.3616441E+06   0.0000000E+00   0.0000000E+00   0.0000000E+00   0.0000000E+00   0.0000000E+00
   2.3410082E-02   3.2376728E+06   3.2376728E+06   1.7621189E+03   1.1171438E+01   4.0264388E+04   3.2286222E+06   3.2376728E+06   0.0000000E+00   0.0000000E+00   0.0000000E+00   0.0000000E+00   0.0000000E+00
   2.5156616E-02   3.1090244E+06   3.1090244E+06   1.4397523E+03   9.4051987E+00   3.5724935E+04   3.1002616E+06   3.1090244E+06   0.0000000E+00   0.0000000E+00   0.0000000E+00   0.0000000E+00   0.0000000E+00
   2.7033303E-02   2.9763084E+06   2.9763084E+06   1.1785344E+03   7.8832667E+00   3.1840320E+04   2.9678560E+06   2.9763084E+06   0.0000000E+00   0.0000000E+00   0.0000000E+00   0.0000000E+00   0.0000000E+00
   2.9049418E-02   2.8403802E+06   2.8403802E+06   9.7971848E+02   6.5847741E+00   2.8075033E+04   2.8322581E+06   2.8403802E+06   0.0000000E+00   0.0000000E+00   0.0000000E+00   0.0000000E+00   0.0000000E+00
   3.1213974E-02   2.7024005E+06   2.7024005E+06   8.3267243E+02   5.4784721E+00   2.4873434E+04   2.6946245E+06   2.7024005E+06   0.0000000E+00   0.0000000E+00   0.0000000E+00   0.0000000E+00   0.0000000E+00
   3.3534226E-02   2.5639107E+06   2.5639107E+06   6.7392563E+02   4.5429882E+00   2.1994620E+04   2.5564914E+06   2.5639107E+06   0.0000000E+00   0.0000000E+00   0.0000000E+00   0.0000000E+00   0.0000000E+00
   3.6012678E-02   2.4269148E+06   2.4269148E+06   5.5090108E+02   3.7584043E+00   1.9406862E+04   2.4198559E+06   2.4269148E+06   0.0000000E+00   0.0000000E+00   0.0000000E+00   0.0000000E+00   0.0000000E+00
   3.8642465E-02   2.2939041E+06   2.2939041E+06   4.5814772E+02   3.1073384E+00   1.7123693E+04   2.2872015E+06   2.2939041E+06   0.0000000E+00   0.0000000E+00   0.0000000E+00   0.0000000E+00   0.0000000E+00
   4.1402620E-02   2.1676979E+06   2.1676979E+06   3.7647129E+02   2.5736213E+00   1.5128253E+04   2.1613384E+06   2.1676979E+06   0.0000000E+00   0.0000000E+00   0.0000000E+00   0.0000000E+00   0.0000000E+00
   4.4257148E-02   2.0509785E+06   2.0509785E+06   2.9938667E+02   2.1417526E+00   1.3476364E+04   2.0449400E+06   2.0509785E+06   0.0000000E+00   0.0000000E+00   0.0000000E+00   0.0000000E+00   0.0000000E+00
   4.7161709E-02   1.9456174E+06   1.9456174E+06   2.5366940E+02   1.7963706E+00   1.2131070E+04   1.9398715E+06   1.9456174E+06   0.0000000E+00   0.0000000E+00   0.0000000E+00   0.0000000E+00   0.0000000E+00
   5.0075845E-02   1.8521884E+06   1.8521884E+06   2.2034192E+02   1.5217429E+00   1.0949881E+04   1.8467039E+06   1.8521884E+06   0.0000000E+00   0.0000000E+00   0.0000000E+00   0.0000000E+00   0.0000000E+00
   5.2972736E-02   1.7699994E+06   1.7699994E+06   1.8135819E+02   1.3027344E+00   9.9859256E+03   1.7647463E+06   1.7699994E+06   0.0000000E+00   0.0000000E+00   0.0000000E+00   0.0000000E+00   0.0000000E+00
   5.5841184E-02   1.6975373E+06   1.6975373E+06   1.5701390E+02   1.1263269E+00   9.2141675E+03   1.6924894E+06   1.6975373E+06   0.0000000E+00   0.0000000E+00   0.0000000E+00   0.0000000E+00   0.0000000E+00
   5.8681838E-02   1.6329699E+06   1.6329699E+06   1.4076711E+02   9.8258838E-01   8.5279651E+03   1.6281057E+06   1.6329699E+06   0.0000000E+00   0.0000000E+00   0.0000000E+00   0.0000000E+00   0.0000000E+00
   6.1502149E-02   1.5744861E+06   1.5744861E+06   1.2178999E+02   8.6353137E-01   7.9309188E+03   1.5697891E+06   1.5744861E+06   0.0000000E+00   0.0000000E+00   0.0000000E+00   0.0000000E+00   0.0000000E+00
   6.4312564E-02   1.5204625E+06   1.5204625E+06   1.0511840E+02   7.6341653E-01   7.4321251E+03   1.5159206E+06   1.5204625E+06   0.0000000E+00   0.0000000E+00   0.0000000E+00   0.0000000E+00   0.0000000E+00
   6.7124306E-02   1.4695233E+06   1.4695233E+06   9.4799941E+01   6.7800048E-01   6.9894159E+03   1.4651283E+06   1.4695233E+06   0.0000000E+00   0.0000000E+00   0.0000000E+00   0.0000000E+00   0.0000000E+00
   6.9948283E-02   1.4205510E+06   1.4205510E+06   8.6061452E+01   6.0423984E-01   6.5703707E+03   1.4162979E+06   1.4205510E+06   0.0000000E+00   0.0000000E+00   0.0000000E+00   0.0000000E+00   0.0000000E+00
   7.2794667E-02   1.3726805E+06   1.3726805E+06   7.6179233E+01   5.3979261E-01   6.1843068E+03   1.3685669E+06   1.3726805E+06   0.0000000E+00   0.0000000E+00   0.0000000E+00   0.0000000E+00   0.0000000E+00
   7.5672784E-02   1.3252904E+06   1.3252904E+06   6.6345171E+01   4.8293246E-01   5.8335957E+03   1.3213152E+06   1.3252904E+06   0.0000000E+00   0.0000000E+00   0.0000000E+00   0.0000000E+00   0.0000000E+00
   7.8591169E-02   1.2779933E+06   1.2779933E+06   5.9505097E+01   4.3241322E-01   5.5166107E+03   1.2741569E+06   1.2779933E+06   0.0000000E+00   0.0000000E+00   0.0000000E+00   0.0000000E+00   0.0000000E+00
   8.1557665E-02   1.2306261E+06   1.2306261E+06   5.5438781E+01   3.8731407E-01   5.1959156E+03   1.2269292E+06   1.2306261E+06   0.0000000E+00   0.0000000E+00   0.0000000E+00   0.0000000E+00   0.0000000E+00
   8.4579542E-02   1.1832359E+06   1.1832359E+06   4.7149541E+01   3.4690535E-01   4.8929694E+03   1.1796788E+06   1.1832359E+06   0.0000000E+00   0.0000000E+00   0.0000000E+00   0.0000000E+00   0.0000000E+00
   8.7663605E-02   1.1360580E+06   1.1360580E+06   4.3677372E+01   3.1062963E-01   4.6255370E+03   1.1326406E+06   1.1360580E+06   0.0000000E+00   0.0000000E+00   0.0000000E+00   0.0000000E+00   0.0000000E+00
   9.0816291E-02   1.0894854E+06   1.0894854E+06   3.7908833E+01   2.7812450E-01   4.3464875E+03   1.0862062E+06   1.0894854E+06   0.0000000E+00   0.0000000E+00   0.0000000E+00   0.0000000E+00   0.0000000E+00
   9.4043755E-02   1.0440250E+06   1.0440250E+06   3.5119174E+01   2.4900907E-01   4.1047725E+03   1.0408808E+06   1.0440250E+06   0.0000000E+00   0.0000000E+00   0.0000000E+00   0.0000000E+00   0.0000000E+00
   9.7351937E-02   1.0002427E+06   1.0002427E+06   3.0143726E+01   2.2300615E-01   3.8716523E+03   9.9722884E+05   1.0002427E+06   0.0000000E+00   0.0000000E+00   0.0000000E+00   0.0000000E+00   0.0000000E+00
   1.0074662E-01   9.5869856E+05   9.5869856E+05   2.7326766E+01   1.9987688E-01   3.6486872E+03   9.5580848E+05   9.5869856E+05   0.0000000E+00   0.0000000E+00   0.0000000E+00   0.0000000E+00   0.0000000E+00
   1.0423347E-01   9.1987478E+05   9.1987478E+05   2.5105330E+01   1.7936959E-01   3.4532651E+03   9.1710048E+05   9.1987478E+05   0.0000000E+00   0.0000000E+00   0.0000000E+00   0.0000000E+00   0.0000000E+00
   1.0781809E-01   8.8410486E+05   8.8410486E+05   2.2627826E+01   1.6122865E-01   3.2780164E+03   8.8143731E+05   8.8410486E+05   0.0000000E+00   0.0000000E+00   0.0000000E+00   0.0000000E+00   0.0000000E+00
   1.1150603E-01   8.5151150E+05   8.5151150E+05   2.0314191E+01   1.4522145E-01   3.1181340E+03   8.4894127E+05   8.5151150E+05   0.0000000E+00   0.0000000E+00   0.0000000E+00   0.0000000E+00   0.0000000E+00
   1.1530283E-01   8.2196399E+05   8.2196399E+05   1.8321314E+01   1.3108083E-01   2.9724752E+03   8.1948202E+05   8.2196399E+05   0.0000000E+00   0.0000000E+00   0.0000000E+00   0.0000000E+00   0.0000000E+00
   1.1921404E-01   7.9506543E+05   7.9506543E+05   1.6527045E+01   1.1855506E-01   2.8405800E+03   7.9266384E+05   7.9506543E+05   0.0000000E+00   0.0000000E+00   0.0000000E+00   0.0000000E+00   0.0000000E+00
   1.2324520E-01   7.7017839E+05   7.7017839E+05   1.4880261E+01   1.0738391E-01   2.7202105E+03   7.6785120E+05   7.7017839E+05   0.0000000E+00   0.0000000E+00   0.0000000E+00   0.0000000E+00   0.0000000E+00
   1.2740193E-01   7.4649342E+05   7.4649342E+05   1.3203386E+01   9.7339999E-02   2.6091375E+03   7.4423709E+05   7.4649342E+05   0.0000000E+00   0.0000000E+00   0.0000000E+00   0.0000000E+00   0.0000000E+00
   1.3168985E-01   7.2313782E+05   7.2313782E+05   1.2225225E+01   8.8210795E-02   2.5057954E+03   7.2095145E+05   7.2313782E+05   0.0000000E+00   0.0000000E+00   0.0000000E+00   0.0000000E+00   0.0000000E+00
   1.3611464E-01   6.9931333E+05   6.9931333E+05   1.0887897E+01   7.9839224E-02   2.3961476E+03   6.9719841E+05   6.9931333E+05   0.0000000E+00   0.0000000E+00   0.0000000E+00   0.0000000E+00   0.0000000E+00
   1.4068207E-01   6.7444180E+05   6.7444180E+05   1.0105445E+01   7.2104403E-02   2.2921054E+03   6.7240156E+05   6.7444180E+05   0.0000000E+00   0.0000000E+00   0.0000000E+00   0.0000000E+00   0.0000000E+00
   1.4539793E-01   6.4828990E+05   6.4828990E+05   8.9309404E+00   6.4938156E-02   2.1860936E+03   6.4632830E+05   6.4828990E+05   0.0000000E+00   0.0000000E+00   0.0000000E+00   0.0000000E+00   0.0000000E+00
   1.5026810E-01   6.2104049E+05   6.2104049E+05   7.9139483E+00   5.8312505E-02   2.0766497E+03   6.1916091E+05   6.2104049E+05   0.0000000E+00   0.0000000E+00   0.0000000E+00   0.0000000E+00   0.0000000E+00
   1.5529853E-01   5.9328216E+05   5.9328216E+05   7.0928826E+00   5.2232914E-02   1.9683710E+03   5.9148620E+05   5.9328216E+05   0.0000000E+00   0.0000000E+00   0.0000000E+00   0.0000000E+00   0.0000000E+00
   1.6049527E-01   5.6590191E+05   5.6590191E+05   6.4386164E+00   4.6717229E-02   1.8636410E+03   5.6418848E+05   5.6590191E+05   0.0000000E+00   0.0000000E+00   0.0000000E+00   0.0000000E+00   0.0000000E+00
   1.6586443E-01   5.3988854E+05   5.3988854E+05   5.7669443E+00   4.1781961E-02   1.7637883E+03   5.3825355E+05   5.3988854E+05   0.0000000E+00   0.0000000E+00   0.0000000E+00   0.0000000E+00   0.0000000E+00
   1.7141222E-01   5.1608254E+05   5.1608254E+05   5.0667677E+00   3.7422104E-02   1.6750899E+03   5.1451936E+05   5.1608254E+05   0.0000000E+00   0.0000000E+00   0.0000000E+00   0.0000000E+00   0.0000000E+00
   1.7714496E-01   4.9493453E+05   4.9493453E+05   4.6488719E+00   3.3605324E-02   1.5968925E+03   4.9343515E+05   4.9493453E+05   0.0000000E+00   0.0000000E+00   0.0000000E+00   0.0000000E+00   0.0000000E+00
   1.8306910E-01   4.7634800E+05   4.7634800E+05   4.0946898E+00   3.0268059E-02   1.5280941E+03   4.7490469E+05   4.7634800E+05   0.0000000E+00   0.0000000E+00   0.0000000E+00   0.0000000E+00   0.0000000E+00
   1.8919119E-01   4.5967334E+05   4.5967334E+05   3.6871297E+00   2.7324638E-02   1.4656446E+03   4.5828035E+05   4.5967334E+05   0.0000000E+00   0.0000000E+00   0.0000000E+00   0.0000000E+00   0.0000000E+00
   1.9551795E-01   4.4388324E+05   4.4388324E+05   3.3413027E+00   2.4684989E-02   1.4079751E+03   4.4253790E+05   4.4388324E+05   0.0000000E+00   0.0000000E+00   0.0000000E+00   0.0000000E+00   0.0000000E+00
   2.0205628E-01   4.2789825E+05   4.2789825E+05   3.0625674E+00   2.2270449E-02   1.3506342E+03   4.2660118E+05   4.2789825E+05   0.0000000E+00   0.0000000E+00   0.0000000E+00   0.0000000E+00   0.0000000E+00
   2.0881326E-01   4.1096514E+05   4.1096514E+05   2.7493619E+00   2.0030537E-02   1.2898683E+03   4.0971924E+05   4.1096514E+05   0.0000000E+00   0.0000000E+00   0.0000000E+00   0.0000000E+00   0.0000000E+00
   2.1579620E-01   3.9294544E+05   3.9294544E+05   2.4595550E+00   1.7946559E-02   1.2284837E+03   3.9175403E+05   3.9294544E+05   0.0000000E+00   0.0000000E+00   0.0000000E+00   0.0000000E+00   0.0000000E+00
   2.2301268E-01   3.7437893E+05   3.7437893E+05   2.1765470E+00   1.6028214E-02   1.1649729E+03   3.7324368E+05   3.7437893E+05   0.0000000E+00   0.0000000E+00   0.0000000E+00   0.0000000E+00   0.0000000E+00
   2.3047060E-01   3.5626065E+05   3.5626065E+05   1.9452944E+00   1.4297180E-02   1.1038667E+03   3.5518023E+05   3.5626065E+05   0.0000000E+00   0.0000000E+00   0.0000000E+00   0.0000000E+00   0.0000000E+00
   2.3817820E-01   3.3959516E+05   3.3959516E+05   1.7271479E+00   1.2768687E-02   1.0483857E+03   3.3856518E+05   3.3959516E+05   0.0000000E+00   0.0000000E+00   0.0000000E+00   0.0000000E+00   0.0000000E+00
   2.4614414E-01   3.2491712E+05   3.2491712E+05   1.5663766E+00   1.1438188E-02   9.9979760E+02   3.2393156E+05   3.2491712E+05   0.0000000E+00   0.0000000E+00   0.0000000E+00   0.0000000E+00   0.0000000E+00
   2.5437757E-01   3.1202168E+05   3.1202168E+05   1.3937916E+00   1.0278600E-02   9.5643512E+02   3.1107515E+05   3.1202168E+05   0.0000000E+00   0.0000000E+00   0.0000000E+00   0.0000000E+00   0.0000000E+00
   2.6288820E-01   3.0007498E+05   3.0007498E+05   1.2652111E+00   9.2488283E-03   9.1679248E+02   2.9916463E+05   3.0007498E+05   0.0000000E+00   0.0000000E+00   0.0000000E+00   0.0000000E+00   0.0000000E+00
   2.7168639E-01   2.8808178E+05   2.8808178E+05   1.1400078E+00   8.3104704E-03   8.7756242E+02   2.8720774E+05   2.8808178E+05   0.0000000E+00   0.0000000E+00   0.0000000E+00   0.0000000E+00   0.0000000E+00
   2.8078322E-01   2.7546272E+05   2.7546272E+05   1.0144558E+00   7.4421051E-03   8.3659109E+02   2.7462690E+05   2.7546272E+05   0.0000000E+00   0.0000000E+00   0.0000000E+00   0.0000000E+00   0.0000000E+00
   2.9019065E-01   2.6238462E+05   2.6238462E+05   9.0851018E-01   6.6415387E-03   7.9495940E+02   2.6158843E+05   2.6238462E+05   0.0000000E+00   0.0000000E+00   0.0000000E+00   0.0000000E+00   0.0000000E+00
   2.9992165E-01   2.4960389E+05   2.4960389E+05   8.0389979E-01   5.9190714E-03   7.5423634E+02   2.4884644E+05   2.4960389E+05   0.0000000E+00   0.0000000E+00   0.0000000E+00   0.0000000E+00   0.0000000E+00
   3.0999031E-01   2.3789996E+05   2.3789996E+05   7.1917091E-01   5.2824802E-03   7.1712853E+02   2.3717798E+05   2.3789996E+05   0.0000000E+00   0.0000000E+00   0.0000000E+00   0.0000000E+00   0.0000000E+00
   3.2041205E-01   2.2749538E+05   2.2749538E+05   6.4619992E-01   4.7268483E-03   6.8419738E+02   2.2680493E+05   2.2749538E+05   0.0000000E+00   0.0000000E+00   0.0000000E+00   0.0000000E+00   0.0000000E+00
   3.3120381E-01   2.1791565E+05   2.1791565E+05   5.7612143E-01   4.2357213E-03   6.5386366E+02   2.1725424E+05   2.1791565E+05   0.0000000E+00   0.0000000E+00   0.0000000E+00   0.0000000E+00   0.0000000E+00
   3.4238433E-01   2.0842211E+05   2.0842211E+05   5.1674958E-01   3.7902441E-03   6.2410920E+02   2.0778948E+05   2.0842211E+05   0.0000000E+00   0.0000000E+00   0.0000000E+00   0.0000000E+00   0.0000000E+00
   3.5397436E-01   1.9865774E+05   1.9865774E+05   4.6038950E-01   3.3809151E-03   5.9381211E+02   1.9805472E+05   1.9865774E+05   0.0000000E+00   0.0000000E+00   0.0000000E+00   0.0000000E+00   0.0000000E+00
   3.6599706E-01   1.8891602E+05   1.8891602E+05   4.1081062E-01   3.0088390E-03   5.6362777E+02   1.8834254E+05   1.8891602E+05   0.0000000E+00   0.0000000E+00   0.0000000E+00   0.0000000E+00   0.0000000E+00
   3.7847840E-01   1.7976760E+05   1.7976760E+05   3.6614187E-01   2.6781256E-03   5.3539714E+02   1.7922187E+05   1.7976760E+05   0.0000000E+00   0.0000000E+00   0.0000000E+00   0.0000000E+00   0.0000000E+00
   3.9144759E-01   1.7142853E+05   1.7142853E+05   3.2524657E-01   2.3870599E-03   5.0972981E+02   1.7090810E+05   1.7142853E+05   0.0000000E+00   0.0000000E+00   0.0000000E+00   0.0000000E+00   0.0000000E+00
   4.0493774E-01   1.6355997E+05   1.6355997E+05   2.9051787E-01   2.1278209E-03   4.8557450E+02   1.6306341E+05   1.6355997E+05   0.0000000E+00   0.0000000E+00   0.0000000E+00   0.0000000E+00   0.0000000E+00
   4.1898649E-01   1.5572127E+05   1.5572127E+05   2.5812044E-01   1.8923785E-03   4.6168412E+02   1.5524848E+05   1.5572127E+05   0.0000000E+00   0.0000000E+00   0.0000000E+00   0.0000000E+00   0.0000000E+00
   4.3363699E-01   1.4790211E+05   1.4790211E+05   2.2915499E-01   1.6783790E-03   4.3788390E+02   1.4745305E+05   1.4790211E+05   0.0000000E+00   0.0000000E+00   0.0000000E+00   0.0000000E+00   0.0000000E+00
   4.4893890E-01   1.4044085E+05   1.4044085E+05   2.0293062E-01   1.4871825E-03   4.1526625E+02   1.4001443E+05   1.4044085E+05   0.0000000E+00   0.0000000E+00   0.0000000E+00   0.0000000E+00   0.0000000E+00
   4.6494981E-01   1.3347560E+05   1.3347560E+05   1.7974195E-01   1.3175779E-03   3.9419295E+02   1.3307031E+05   1.3347560E+05   0.0000000E+00   0.0000000E+00   0.0000000E+00   0.0000000E+00   0.0000000E+00
   4.8173692E-01   1.2676313E+05   1.2676313E+05   1.5902950E-01   1.1656310E-03   3.7392319E+02   1.2637822E+05   1.2676313E+05   0.0000000E+00   0.0000000E+00   0.0000000E+00   0.0000000E+00   0.0000000E+00
   4.9937925E-01   1.2011656E+05   1.2011656E+05   1.4014734E-01   1.0279557E-03   3.5393687E+02   1.1975182E+05   1.2011656E+05   0.0000000E+00   0.0000000E+00   0.0000000E+00   0.0000000E+00   0.0000000E+00
   5.1797036E-01   1.1367452E+05   1.1367452E+05   1.2333717E-01   9.0438514E-04   3.3458046E+02   1.1332934E+05   1.1367452E+05   0.0000000E+00   0.0000000E+00   0.0000000E+00   0.0000000E+00   0.0000000E+00
   5.3762192E-01   1.0754689E+05   1.0754689E+05   1.0824160E-01   7.9420411E-04   3.1623628E+02   1.0722031E+05   1.0754689E+05   0.0000000E+00   0.0000000E+00   0.0000000E+00   0.0000000E+00   0.0000000E+00
   5.5846829E-01   1.0159065E+05   1.0159065E+05   9.4778304E-02   6.9522690E-04   2.9844932E+02   1.0128215E+05   1.0159065E+05   0.0000000E+00   0.0000000E+00   0.0000000E+00   0.0000000E+00   0.0000000E+00
   5.8067242E-01   9.5742973E+04   9.5742973E+04   8.2644200E-02   6.0611796E-04   2.8102617E+02   9.5452217E+04   9.5742973E+04   0.0000000E+00   0.0000000E+00   0.0000000E+00   0.0000000E+00   0.0000000E+00
   6.0443341E-01   9.0092837E+04   9.0092837E+04   7.1765638E-02   5.2639125E-04   2.6421286E+02   8.9819234E+04   9.0092837E+04   0.0000000E+00   0.0000000E+00   0.0000000E+00   0.0000000E+00   0.0000000E+00
   6.2999622E-01   8.4591474E+04   8.4591474E+04   6.2023823E-02   4.5498399E-04   2.4786287E+02   8.4334574E+04   8.4591474E+04   0.0000000E+00   0.0000000E+00   0.0000000E+00   0.0000000E+00   0.0000000E+00
   6.5766371E-01   7.9190591E+04   7.9190591E+04   5.3276374E-02   3.9085293E-04   2.3187075E+02   7.8950088E+04   7.9190591E+04   0.0000000E+00   0.0000000E+00   0.0000000E+00   0.0000000E+00   0.0000000E+00
   6.8781111E-01   7.3921604E+04   7.3921604E+04   4.5468624E-02   3.3358748E-04   2.1627444E+02   7.3697099E+04   7.3921604E+04   0.0000000E+00   0.0000000E+00   0.0000000E+00   0.0000000E+00   0.0000000E+00
   7.2090168E-01   6.8741983E+04   6.8741983E+04   3.8487660E-02   2.8239146E-04   2.0097887E+02   6.8533205E+04   6.8741983E+04   0.0000000E+00   0.0000000E+00   0.0000000E+00   0.0000000E+00   0.0000000E+00
   7.5750051E-01   6.3656790E+04   6.3656790E+04   3.2280434E-02   2.3684983E-04   1.8597998E+02   6.3463453E+04   6.3656790E+04   0.0000000E+00   0.0000000E+00   0.0000000E+00   0.0000000E+00   0.0000000E+00
   7.9827885E-01   5.8656800E+04   5.8656800E+04   2.6783463E-02   1.9652875E-04   1.7125255E+02   5.8478646E+04   5.8656800E+04   0.0000000E+00   0.0000000E+00   0.0000000E+00   0.0000000E+00   0.0000000E+00
   8.4399562E-01   5.3753842E+04   5.3753842E+04   2.1957383E-02   1.6112064E-04   1.5684750E+02   5.3590577E+04   5.3753842E+04   0.0000000E+00   0.0000000E+00   0.0000000E+00   0.0000000E+00   0.0000000E+00
   8.9543805E-01   4.8969301E+04   4.8969301E+04   1.7770576E-02   1.3040306E-04   1.4279786E+02   4.8820565E+04   4.8969301E+04   0.0000000E+00   0.0000000E+00   0.0000000E+00   0.0000000E+00   0.0000000E+00
   9.5331236E-01   4.4345468E+04   4.4345468E+04   1.4197914E-02   1.0419372E-04   1.2923913E+02   4.4210775E+04   4.4345468E+04   0.0000000E+00   0.0000000E+00   0.0000000E+00   0.0000000E+00   0.0000000E+00
   1.0181122E+00   3.9937587E+04   3.9937587E+04   1.1210700E-02   8.2274693E-05   1.1632938E+02   3.9816280E+04   3.9937587E+04   0.0000000E+00   0.0000000E+00   0.0000000E+00   0.0000000E+00   0.0000000E+00
   1.0900445E+00   3.5803706E+04   3.5803706E+04   8.7675483E-03   6.4346857E-05   1.0423971E+02   3.5694955E+04   3.5803706E+04   0.0000000E+00   0.0000000E+00   0.0000000E+00   0.0000000E+00   0.0000000E+00
   1.1690887E+00   3.1989734E+04   3.1989734E+04   6.8100592E-03   4.9982439E-05   9.3096348E+01   3.1892566E+04   3.1989734E+04   0.0000000E+00   0.0000000E+00   0.0000000E+00   0.0000000E+00   0.0000000E+00
   1.2551666E+00   2.8517581E+04   2.8517581E+04   5.2667432E-03   3.8657175E-05   8.2959624E+01   2.8430959E+04   2.8517581E+04   0.0000000E+00   0.0000000E+00   0.0000000E+00   0.0000000E+00   0.0000000E+00
   1.3483032E+00   2.5385337E+04   2.5385337E+04   4.0629379E-03   2.9822248E-05   7.3825277E+01   2.5308229E+04   2.5385337E+04   0.0000000E+00   0.0000000E+00   0.0000000E+00   0.0000000E+00   0.0000000E+00
   1.4486975E+00   2.2575629E+04   2.2575629E+04   3.1320386E-03   2.2973742E-05   6.5634650E+01   2.2507054E+04   2.2575629E+04   0.0000000E+00   0.0000000E+00   0.0000000E+00   0.0000000E+00   0.0000000E+00
   1.5567127E+00   2.0062692E+04   2.0062692E+04   2.4089533E-03   1.7682566E-05   5.8313188E+01   2.0001750E+04   2.0062692E+04   0.0000000E+00   0.0000000E+00   0.0000000E+00   0.0000000E+00   0.0000000E+00
   1.6728348E+00   1.7819073E+04   1.7819073E+04   1.8527633E-03   1.3600952E-05   5.1781236E+01   1.7764946E+04   1.7819073E+04   0.0000000E+00   0.0000000E+00   0.0000000E+00   0.0000000E+00   0.0000000E+00
   1.7976359E+00   1.5817908E+04   1.5817908E+04   1.4242182E-03   1.0455954E-05   4.5957356E+01   1.5769860E+04   1.5817908E+04   0.0000000E+00   0.0000000E+00   0.0000000E+00   0.0000000E+00   0.0000000E+00
   1.9317524E+00   1.4034445E+04   1.4034445E+04   1.0942527E-03   8.0340513E-06   4.0768622E+01   1.3991814E+04   1.4034445E+04   0.0000000E+00   0.0000000E+00   0.0000000E+00   0.0000000E+00   0.0000000E+00
   2.0758760E+00   1.2446014E+04   1.2446014E+04   8.4032829E-04   6.1702483E-06   3.6149289E+01   1.2408208E+04   1.2446014E+04   0.0000000E+00   0.0000000E+00   0.0000000E+00   0.0000000E+00   0.0000000E+00
   2.2307525E+00   1.1032216E+04   1.1032216E+04   6.4502791E-04   4.7365780E-06   3.2039099E+01   1.0998704E+04   1.1032216E+04   0.0000000E+00   0.0000000E+00   0.0000000E+00   0.0000000E+00   0.0000000E+00
   2.3971841E+00   9.7745912E+03   9.7745912E+03   4.9489352E-04   3.6344815E-06   2.8383438E+01   9.7448996E+03   9.7745912E+03   0.0000000E+00   0.0000000E+00   0.0000000E+00   0.0000000E+00   0.0000000E+00
   2.5760328E+00   8.6565321E+03   8.6565321E+03   3.7953819E-04   2.7876168E-06   2.5134453E+01   8.6302367E+03   8.6565321E+03   0.0000000E+00   0.0000000E+00   0.0000000E+00   0.0000000E+00   0.0000000E+00
   2.7682251E+00   7.6631100E+03   7.6631100E+03   2.9095201E-04   2.1371675E-06   2.2248633E+01   7.6398322E+03   7.6631100E+03   0.0000000E+00   0.0000000E+00   0.0000000E+00   0.0000000E+00   0.0000000E+00
   2.9747563E+00   6.7809061E+03   6.7809061E+03   2.2290311E-04   1.6378823E-06   1.9685755E+01   6.7603080E+03   6.7809061E+03   0.0000000E+00   0.0000000E+00   0.0000000E+00   0.0000000E+00   0.0000000E+00
   3.1966964E+00   5.9978756E+03   5.9978756E+03   1.7069147E-04   1.2547510E-06   1.7411449E+01   5.9796561E+03   5.9978756E+03   0.0000000E+00   0.0000000E+00   0.0000000E+00   0.0000000E+00   0.0000000E+00
   3.4351950E+00   5.3032190E+03   5.3032190E+03   1.3076742E-04   9.6089825E-07   1.5393927E+01   5.2871097E+03   5.3032190E+03   0.0000000E+00   0.0000000E+00   0.0000000E+00   0.0000000E+00   0.0000000E+00
   3.6914875E+00   4.6872615E+03   4.6872615E+03   1.0008281E-04   7.3560800E-07   1.3605216E+01   4.6730232E+03   4.6872615E+03   0.0000000E+00   0.0000000E+00   0.0000000E+00   0.0000000E+00   0.0000000E+00
   3.9669013E+00   4.1413433E+03   4.1413433E+03   7.6573337E-05   5.6294557E-07   1.2020293E+01   4.1287633E+03   4.1413433E+03   0.0000000E+00   0.0000000E+00   0.0000000E+00   0.0000000E+00   0.0000000E+00
   4.2628632E+00   3.6577197E+03   3.6577197E+03   5.8567479E-05   4.3067973E-07   1.0616209E+01   3.6466088E+03   3.6577197E+03   0.0000000E+00   0.0000000E+00   0.0000000E+00   0.0000000E+00   0.0000000E+00
   4.5809062E+00   3.2294705E+03   3.2294705E+03   4.4779297E-05   3.2938764E-07   9.3729837E+00   3.2196604E+03   3.2294705E+03   0.0000000E+00   0.0000000E+00   0.0000000E+00   0.0000000E+00   0.0000000E+00
   4.9226776E+00   2.8504162E+03   2.8504162E+03   3.4224588E-05   2.5184936E-07   8.2726130E+00   2.8417576E+03   2.8504162E+03   0.0000000E+00   0.0000000E+00   0.0000000E+00   0.0000000E+00   0.0000000E+00
   5.2899479E+00   2.5150435E+03   2.5150435E+03   2.6149832E-05   1.9251124E-07   7.2991212E+00   2.5074037E+03   2.5150435E+03   0.0000000E+00   0.0000000E+00   0.0000000E+00   0.0000000E+00   0.0000000E+00
   5.6846194E+00   2.2184366E+03   2.2184366E+03   1.9974898E-05   1.4711740E-07   6.4381709E+00   2.2116978E+03   2.2184366E+03   0.0000000E+00   0.0000000E+00   0.0000000E+00   0.0000000E+00   0.0000000E+00
   6.1087366E+00   1.9562156E+03   1.9562156E+03   1.5249873E-05   1.1240122E-07   5.6770928E+00   1.9502733E+03   1.9562156E+03   0.0000000E+00   0.0000000E+00   0.0000000E+00   0.0000000E+00   0.0000000E+00
   6.5644961E+00   1.7244807E+03   1.7244807E+03   1.1643183E-05   8.5859222E-08   5.0045260E+00   1.7192423E+03   1.7244807E+03   0.0000000E+00   0.0000000E+00   0.0000000E+00   0.0000000E+00   0.0000000E+00
   7.0542589E+00   1.5197614E+03   1.5197614E+03   8.8864040E-06   6.5572588E-08   4.4103131E+00   1.5151449E+03   1.5197614E+03   0.0000000E+00   0.0000000E+00   0.0000000E+00   0.0000000E+00   0.0000000E+00
   7.5805619E+00   1.3389718E+03   1.3389718E+03   6.7799178E-06   5.0070739E-08   3.8856242E+00   1.3349045E+03   1.3389718E+03   0.0000000E+00   0.0000000E+00   0.0000000E+00   0.0000000E+00   0.0000000E+00
   8.1461311E+00   1.1793690E+03   1.1793690E+03   5.1710570E-06   3.8228110E-08   3.4224352E+00   1.1757865E+03   1.1793690E+03   0.0000000E+00   0.0000000E+00   0.0000000E+00   0.0000000E+00   0.0000000E+00
