#           k/h    CDM            baryon         photon         nu             mass_nu        total          no_nu          total_de       Weyl           v_CDM          v_b            v_b-v_c     
   1.1451960E-05   1.5799694E+07   1.5799694E+07   2.1057871E+07   1.0191182E+04   1.2533137E+07   1.5799716E+07   1.5799694E+07   0.0000000E+00   0.0000000E+00   0.0000000E+00   0.0000000E+00   0.0000000E+00
   1.2306366E-05   1.5799691E+07   1.5799691E+07   2.1056570E+07   1.0190775E+04   1.2532965E+07   1.5799713E+07   1.5799691E+07   0.0000000E+00   0.0000000E+00   0.0000000E+00   0.0000000E+00   0.0000000E+00
   1.3224518E-05   1.5799687E+07   1.5799687E+07   2.1055066E+07   1.0190305E+04   1.2532767E+07   1.5799710E+07   1.5799687E+07   0.0000000E+00   0.0000000E+00   0.0000000E+00   0.0000000E+00   0.0000000E+00
   1.4211170E-05   1.5799684E+07   1.5799684E+07   2.1053331E+07   1.0189762E+04   1.2532537E+07   1.5799705E+07   1.5799684E+07   0.0000000E+00   0.0000000E+00   0.0000000E+00   0.0000000E+00   0.0000000E+00
   1.5271435E-05   1.5799679E+07   1.5799679E+07   2.1051326E+07   1.0189135E+04   1.2532273E+07   1.5799701E+07   1.5799679E+07   0.0000000E+00   0.0000000E+00   0.0000000E+00   0.0000000E+00   0.0000000E+00
   1.6410803E-05   1.5799674E+07   1.5799674E+07   2.1049012E+07   1.0188411E+04   1.2531967E+07   1.5799695E+07   1.5799674E+07   0.0000000E+00   0.0000000E+00   0.0000000E+00   0.0000000E+00   0.0000000E+00
   1.7635178E-05   1.5799668E+07   1.5799668E+07   2.1046340E+07   1.0187576E+04   1.2531615E+07   1.5799689E+07   1.5799668E+07   0.0000000E+00   0.0000000E+00   0.0000000E+00   0.0000000E+00   0.0000000E+00
   1.8950900E-05   1.5799661E+07   1.5799661E+07   2.1043254E+07   1.0186610E+04   1.2531208E+07   1.5799681E+07   1.5799661E+07   0.0000000E+00   0.0000000E+00   0.0000000E+00   0.0000000E+00   0.0000000E+00
   2.0364785E-05   1.5799653E+07   1.5799653E+07   2.1039692E+07   1.0185496E+04   1.2530738E+07   1.5799673E+07   1.5799653E+07   0.0000000E+00   0.0000000E+00   0.0000000E+00   0.0000000E+00   0.0000000E+00
   2.1884158E-05   1.5799643E+07   1.5799643E+07   2.1035579E+07   1.0184209E+04   1.2530195E+07   1.5799663E+07   1.5799643E+07   0.0000000E+00   0.0000000E+00   0.0000000E+00   0.0000000E+00   0.0000000E+00
   2.3516887E-05   1.5799632E+07   1.5799632E+07   2.1030830E+07   1.0182724E+04   1.2529568E+07   1.5799652E+07   1.5799632E+07   0.0000000E+00   0.0000000E+00   0.0000000E+00   0.0000000E+00   0.0000000E+00
   2.5271431E-05   1.5799620E+07   1.5799620E+07   2.1025347E+07   1.0181009E+04   1.2528845E+07   1.5799639E+07   1.5799620E+07   0.0000000E+00   0.0000000E+00   0.0000000E+00   0.0000000E+00   0.0000000E+00
   2.7156878E-05   1.5799605E+07   1.5799605E+07   2.1019018E+07   1.0179028E+04   1.2528010E+07   1.5799624E+07   1.5799605E+07   0.0000000E+00   0.0000000E+00   0.0000000E+00   0.0000000E+00   0.0000000E+00
   2.9182993E-05   1.5799589E+07   1.5799589E+07   2.1011711E+07   1.0176742E+04   1.2527047E+07   1.5799607E+07   1.5799589E+07   0.0000000E+00   0.0000000E+00   0.0000000E+00   0.0000000E+00   0.0000000E+00
   3.1360273E-05   1.5799570E+07   1.5799570E+07   2.1003275E+07   1.0174103E+04   1.2525935E+07   1.5799586E+07   1.5799570E+07   0.0000000E+00   0.0000000E+00   0.0000000E+00   0.0000000E+00   0.0000000E+00
   3.3699995E-05   1.5799547E+07   1.5799547E+07   2.0993539E+07   1.0171056E+04   1.2524651E+07   1.5799563E+07   1.5799547E+07   0.0000000E+00   0.0000000E+00   0.0000000E+00   0.0000000E+00   0.0000000E+00
   3.6214278E-05   1.5799522E+07   1.5799522E+07   2.0982300E+07   1.0167538E+04   1.2523170E+07   1.5799537E+07   1.5799522E+07   0.0000000E+00   0.0000000E+00   0.0000000E+00   0.0000000E+00   0.0000000E+00
   3.8916147E-05   1.5799492E+07   1.5799492E+07   2.0969329E+07   1.0163478E+04   1.2521461E+07   1.5799506E+07   1.5799492E+07   0.0000000E+00   0.0000000E+00   0.0000000E+00   0.0000000E+00   0.0000000E+00
   4.1819596E-05   1.5799458E+07   1.5799458E+07   2.0954360E+07   1.0158792E+04   1.2519490E+07   1.5799470E+07   1.5799458E+07   0.0000000E+00   0.0000000E+00   0.0000000E+00   0.0000000E+00   0.0000000E+00
   4.4939666E-05   1.5799419E+07   1.5799419E+07   2.0937086E+07   1.0153384E+04   1.2517216E+07   1.5799429E+07   1.5799419E+07   0.0000000E+00   0.0000000E+00   0.0000000E+00   0.0000000E+00   0.0000000E+00
   4.8292516E-05   1.5799373E+07   1.5799373E+07   2.0917156E+07   1.0147142E+04   1.2514594E+07   1.5799381E+07   1.5799373E+07   0.0000000E+00   0.0000000E+00   0.0000000E+00   0.0000000E+00   0.0000000E+00
   5.1895516E-05   1.5799321E+07   1.5799321E+07   2.0894163E+07   1.0139940E+04   1.2511570E+07   1.5799326E+07   1.5799321E+07   0.0000000E+00   0.0000000E+00   0.0000000E+00   0.0000000E+00   0.0000000E+00
   5.5767328E-05   1.5799260E+07   1.5799260E+07   2.0867640E+07   1.0131629E+04   1.2508085E+07   1.5799263E+07   1.5799260E+07   0.0000000E+00   0.0000000E+00   0.0000000E+00   0.0000000E+00   0.0000000E+00
   5.9928007E-05   1.5799190E+07   1.5799190E+07   2.0837052E+07   1.0122043E+04   1.2504068E+07   1.5799190E+07   1.5799190E+07   0.0000000E+00   0.0000000E+00   0.0000000E+00   0.0000000E+00   0.0000000E+00
   6.4399106E-05   1.5799109E+07   1.5799109E+07   2.0801781E+07   1.0110985E+04   1.2499439E+07   1.5799106E+07   1.5799109E+07   0.0000000E+00   0.0000000E+00   0.0000000E+00   0.0000000E+00   0.0000000E+00
   6.9203783E-05   1.5799016E+07   1.5799016E+07   2.0761122E+07   1.0098232E+04   1.2494109E+07   1.5799008E+07   1.5799016E+07   0.0000000E+00   0.0000000E+00   0.0000000E+00   0.0000000E+00   0.0000000E+00
   7.4366927E-05   1.5798908E+07   1.5798908E+07   2.0714262E+07   1.0083528E+04   1.2487973E+07   1.5798895E+07   1.5798908E+07   0.0000000E+00   0.0000000E+00   0.0000000E+00   0.0000000E+00   0.0000000E+00
   7.9915282E-05   1.5798783E+07   1.5798783E+07   2.0660273E+07   1.0066578E+04   1.2480913E+07   1.5798766E+07   1.5798783E+07   0.0000000E+00   0.0000000E+00   0.0000000E+00   0.0000000E+00   0.0000000E+00
   8.5877588E-05   1.5798640E+07   1.5798640E+07   2.0598093E+07   1.0047045E+04   1.2472794E+07   1.5798616E+07   1.5798640E+07   0.0000000E+00   0.0000000E+00   0.0000000E+00   0.0000000E+00   0.0000000E+00
   9.2284728E-05   1.5798474E+07   1.5798474E+07   2.0526508E+07   1.0024541E+04   1.2463462E+07   1.5798443E+07   1.5798474E+07   0.0000000E+00   0.0000000E+00   0.0000000E+00   0.0000000E+00   0.0000000E+00
   9.9169891E-05   1.5798283E+07   1.5798283E+07   2.0444135E+07   9.9986242E+03   1.2452746E+07   1.5798243E+07   1.5798283E+07   0.0000000E+00   0.0000000E+00   0.0000000E+00   0.0000000E+00   0.0000000E+00
   1.0656874E-04   1.5798062E+07   1.5798062E+07   2.0349400E+07   9.9687902E+03   1.2440450E+07   1.5798012E+07   1.5798062E+07   0.0000000E+00   0.0000000E+00   0.0000000E+00   0.0000000E+00   0.0000000E+00
   1.1451960E-04   1.5797807E+07   1.5797807E+07   2.0240517E+07   9.9344632E+03   1.2426355E+07   1.5797746E+07   1.5797807E+07   0.0000000E+00   0.0000000E+00   0.0000000E+00   0.0000000E+00   0.0000000E+00
   1.2306366E-04   1.5797513E+07   1.5797513E+07   2.0115465E+07   9.8949890E+03   1.2410218E+07   1.5797440E+07   1.5797513E+07   0.0000000E+00   0.0000000E+00   0.0000000E+00   0.0000000E+00   0.0000000E+00
   1.3224518E-04   1.5797174E+07   1.5797174E+07   1.9971965E+07   9.8496251E+03   1.2391766E+07   1.5797086E+07   1.5797174E+07   0.0000000E+00   0.0000000E+00   0.0000000E+00   0.0000000E+00   0.0000000E+00
   1.4211170E-04   1.5796783E+07   1.5796783E+07   1.9807457E+07   9.7975321E+03   1.2370701E+07   1.5796677E+07   1.5796783E+07   0.0000000E+00   0.0000000E+00   0.0000000E+00   0.0000000E+00   0.0000000E+00
   1.5271435E-04   1.5796332E+07   1.5796332E+07   1.9619080E+07   9.7377636E+03   1.2346696E+07   1.5796207E+07   1.5796332E+07   0.0000000E+00   0.0000000E+00   0.0000000E+00   0.0000000E+00   0.0000000E+00
   1.6410803E-04   1.5795813E+07   1.5795813E+07   1.9403654E+07   9.6692576E+03   1.2319398E+07   1.5795664E+07   1.5795813E+07   0.0000000E+00   0.0000000E+00   0.0000000E+00   0.0000000E+00   0.0000000E+00
   1.7635178E-04   1.5795214E+07   1.5795214E+07   1.9157669E+07   9.5908279E+03   1.2288429E+07   1.5795039E+07   1.5795214E+07   0.0000000E+00   0.0000000E+00   0.0000000E+00   0.0000000E+00   0.0000000E+00
   1.8950900E-04   1.5794523E+07   1.5794523E+07   1.8877286E+07   9.5011574E+03   1.2253396E+07   1.5794318E+07   1.5794523E+07   0.0000000E+00   0.0000000E+00   0.0000000E+00   0.0000000E+00   0.0000000E+00
   2.0364785E-04   1.5793728E+07   1.5793728E+07   1.8558346E+07   9.3987939E+03   1.2213895E+07   1.5793488E+07   1.5793728E+07   0.0000000E+00   0.0000000E+00   0.0000000E+00   0.0000000E+00   0.0000000E+00
   2.1884158E-04   1.5792813E+07   1.5792813E+07   1.8196404E+07   9.2821505E+03   1.2169526E+07   1.5792532E+07   1.5792813E+07   0.0000000E+00   0.0000000E+00   0.0000000E+00   0.0000000E+00   0.0000000E+00
   2.3516887E-04   1.5791759E+07   1.5791759E+07   1.7786789E+07   9.1495106E+03   1.2119911E+07   1.5791432E+07   1.5791759E+07   0.0000000E+00   0.0000000E+00   0.0000000E+00   0.0000000E+00   0.0000000E+00
   2.5271431E-04   1.5790547E+07   1.5790547E+07   1.7324697E+07   8.9990426E+03   1.2064718E+07   1.5790166E+07   1.5790547E+07   0.0000000E+00   0.0000000E+00   0.0000000E+00   0.0000000E+00   0.0000000E+00
   2.7156878E-04   1.5789154E+07   1.5789154E+07   1.6805331E+07   8.8288243E+03   1.2003693E+07   1.5788711E+07   1.5789154E+07   0.0000000E+00   0.0000000E+00   0.0000000E+00   0.0000000E+00   0.0000000E+00
   2.9182993E-04   1.5787553E+07   1.5787553E+07   1.6224097E+07   8.6368826E+03   1.1936702E+07   1.5787039E+07   1.5787553E+07   0.0000000E+00   0.0000000E+00   0.0000000E+00   0.0000000E+00   0.0000000E+00
   3.1360273E-04   1.5785714E+07   1.5785714E+07   1.5576877E+07   8.4212512E+03   1.1863777E+07   1.5785119E+07   1.5785714E+07   0.0000000E+00   0.0000000E+00   0.0000000E+00   0.0000000E+00   0.0000000E+00
   3.3699995E-04   1.5783605E+07   1.5783605E+07   1.4860376E+07   8.1800515E+03   1.1785178E+07   1.5782916E+07   1.5783605E+07   0.0000000E+00   0.0000000E+00   0.0000000E+00   0.0000000E+00   0.0000000E+00
   3.6214278E-04   1.5781188E+07   1.5781188E+07   1.4072565E+07   7.9116011E+03   1.1701452E+07   1.5780391E+07   1.5781188E+07   0.0000000E+00   0.0000000E+00   0.0000000E+00   0.0000000E+00   0.0000000E+00
   3.8916147E-04   1.5778420E+07   1.5778420E+07   1.3213225E+07   7.6145538E+03   1.1613502E+07   1.5777500E+07   1.5778420E+07   0.0000000E+00   0.0000000E+00   0.0000000E+00   0.0000000E+00   0.0000000E+00
   4.1819596E-04   1.5775254E+07   1.5775254E+07   1.2284577E+07   7.2880750E+03   1.1522645E+07   1.5774193E+07   1.5775254E+07   0.0000000E+00   0.0000000E+00   0.0000000E+00   0.0000000E+00   0.0000000E+00
   4.4939666E-04   1.5771638E+07   1.5771638E+07   1.1291985E+07   6.9320514E+03   1.1430646E+07   1.5770415E+07   1.5771638E+07   0.0000000E+00   0.0000000E+00   0.0000000E+00   0.0000000E+00   0.0000000E+00
   4.8292516E-04   1.5767513E+07   1.5767513E+07   1.0244680E+07   6.5473314E+03   1.1339715E+07   1.5766106E+07   1.5767513E+07   0.0000000E+00   0.0000000E+00   0.0000000E+00   0.0000000E+00   0.0000000E+00
   5.1895516E-04   1.5762814E+07   1.5762814E+07   9.1564212E+06   6.1359846E+03   1.1252433E+07   1.5761197E+07   1.5762814E+07   0.0000000E+00   0.0000000E+00   0.0000000E+00   0.0000000E+00   0.0000000E+00
   5.5767328E-04   1.5757470E+07   1.5757470E+07   8.0459641E+06   5.7015576E+03   1.1171583E+07   1.5755614E+07   1.5757470E+07   0.0000000E+00   0.0000000E+00   0.0000000E+00   0.0000000E+00   0.0000000E+00
   5.9928007E-04   1.5751402E+07   1.5751402E+07   6.9371611E+06   5.2492911E+03   1.1099838E+07   1.5749276E+07   1.5751402E+07   0.0000000E+00   0.0000000E+00   0.0000000E+00   0.0000000E+00   0.0000000E+00
   6.4399106E-04   1.5744526E+07   1.5744526E+07   5.8584618E+06   4.7862457E+03   1.1039300E+07   1.5742093E+07   1.5744526E+07   0.0000000E+00   0.0000000E+00   0.0000000E+00   0.0000000E+00   0.0000000E+00
   6.9203783E-04   1.5736748E+07   1.5736748E+07   4.8415642E+06   4.3212696E+03   1.0990869E+07   1.5733968E+07   1.5736748E+07   0.0000000E+00   0.0000000E+00   0.0000000E+00   0.0000000E+00   0.0000000E+00
   7.4366927E-04   1.5727964E+07   1.5727964E+07   3.9189908E+06   3.8647273E+03   1.0953502E+07   1.5724795E+07   1.5727964E+07   0.0000000E+00   0.0000000E+00   0.0000000E+00   0.0000000E+00   0.0000000E+00
   7.9915282E-04   1.5718064E+07   1.5718064E+07   3.1204895E+06   3.4279134E+03   1.0923494E+07   1.5714459E+07   1.5718064E+07   0.0000000E+00   0.0000000E+00   0.0000000E+00   0.0000000E+00   0.0000000E+00
   8.5877588E-04   1.5706925E+07   1.5706925E+07   2.4684183E+06   3.0221000E+03   1.0893996E+07   1.5702832E+07   1.5706925E+07   0.0000000E+00   0.0000000E+00   0.0000000E+00   0.0000000E+00   0.0000000E+00
   9.2284728E-04   1.5694410E+07   1.5694410E+07   1.9727074E+06   2.6572318E+03   1.0855136E+07   1.5689778E+07   1.5694410E+07   0.0000000E+00   0.0000000E+00   0.0000000E+00   0.0000000E+00   0.0000000E+00
   9.9169891E-04   1.5680373E+07   1.5680373E+07   1.6265561E+06   2.3403931E+03   1.0795119E+07   1.5675144E+07   1.5680373E+07   0.0000000E+00   0.0000000E+00   0.0000000E+00   0.0000000E+00   0.0000000E+00
   1.0656874E-03   1.5664647E+07   1.5664647E+07   1.4045863E+06   2.0743292E+03   1.0702605E+07   1.5658764E+07   1.5664647E+07   0.0000000E+00   0.0000000E+00   0.0000000E+00   0.0000000E+00   0.0000000E+00
   1.1451960E-03   1.5647052E+07   1.5647052E+07   1.2654020E+06   1.8564628E+03   1.0570249E+07   1.5640457E+07   1.5647052E+07   0.0000000E+00   0.0000000E+00   0.0000000E+00   0.0000000E+00   0.0000000E+00
   1.2306366E-03   1.5627387E+07   1.5627387E+07   1.1599178E+06   1.6789436E+03   1.0398550E+07   1.5620023E+07   1.5627387E+07   0.0000000E+00   0.0000000E+00   0.0000000E+00   0.0000000E+00   0.0000000E+00
   1.3224518E-03   1.5605437E+07   1.5605437E+07   1.0449268E+06   1.5301676E+03   1.0198178E+07   1.5597248E+07   1.5605437E+07   0.0000000E+00   0.0000000E+00   0.0000000E+00   0.0000000E+00   0.0000000E+00
   1.4211170E-03   1.5580969E+07   1.5580969E+07   8.9814536E+05   1.3977919E+03   9.9883343E+06   1.5571906E+07   1.5580969E+07   0.0000000E+00   0.0000000E+00   0.0000000E+00   0.0000000E+00   0.0000000E+00
   1.5271435E-03   1.5553740E+07   1.5553740E+07   7.2750488E+05   1.2725156E+03   9.7894063E+06   1.5543758E+07   1.5553740E+07   0.0000000E+00   0.0000000E+00   0.0000000E+00   0.0000000E+00   0.0000000E+00
   1.6410803E-03   1.5523499E+07   1.5523499E+07   5.6651773E+05   1.1510531E+03   9.6113790E+06   1.5512560E+07   1.5523499E+07   0.0000000E+00   0.0000000E+00   0.0000000E+00   0.0000000E+00   0.0000000E+00
   1.7635178E-03   1.5489986E+07   1.5489986E+07   4.5270571E+05   1.0363966E+03   9.4445774E+06   1.5478060E+07   1.5489986E+07   0.0000000E+00   0.0000000E+00   0.0000000E+00   0.0000000E+00   0.0000000E+00
   1.8950900E-03   1.5452932E+07   1.5452932E+07   3.9846806E+05   9.3442568E+02   9.2627875E+06   1.5439999E+07   1.5452932E+07   0.0000000E+00   0.0000000E+00   0.0000000E+00   0.0000000E+00   0.0000000E+00
   2.0364785E-03   1.5412057E+07   1.5412057E+07   3.7673829E+05   8.4839737E+02   9.0436426E+06   1.5398104E+07   1.5412057E+07   0.0000000E+00   0.0000000E+00   0.0000000E+00   0.0000000E+00   0.0000000E+00
   2.1884158E-03   1.5367067E+07   1.5367067E+07   3.4154860E+05   7.7543972E+02   8.7938536E+06   1.5352085E+07   1.5367067E+07   0.0000000E+00   0.0000000E+00   0.0000000E+00   0.0000000E+00   0.0000000E+00
   2.3516887E-03   1.5317652E+07   1.5317652E+07   2.7385973E+05   7.0883675E+02   8.5498149E+06   1.5301635E+07   1.5317652E+07   0.0000000E+00   0.0000000E+00   0.0000000E+00   0.0000000E+00   0.0000000E+00
   2.5271431E-03   1.5263494E+07   1.5263494E+07   2.0410376E+05   6.4468290E+02   8.3378110E+06   1.5246437E+07   1.5263494E+07   0.0000000E+00   0.0000000E+00   0.0000000E+00   0.0000000E+00   0.0000000E+00
   2.7156878E-03   1.5204267E+07   1.5204267E+07   1.7162663E+05   5.8532175E+02   8.1337765E+06   1.5186161E+07   1.5204267E+07   0.0000000E+00   0.0000000E+00   0.0000000E+00   0.0000000E+00   0.0000000E+00
   2.9182993E-03   1.5139634E+07   1.5139634E+07   1.6508246E+05   5.3423232E+02   7.8927564E+06   1.5120467E+07   1.5139634E+07   0.0000000E+00   0.0000000E+00   0.0000000E+00   0.0000000E+00   0.0000000E+00
   3.1360273E-03   1.5069241E+07   1.5069241E+07   1.4220600E+05   4.8940094E+02   7.6247086E+06   1.5048998E+07   1.5069241E+07   0.0000000E+00   0.0000000E+00   0.0000000E+00   0.0000000E+00   0.0000000E+00
   3.3699995E-03   1.4992717E+07   1.4992717E+07   1.0820237E+05   4.4664685E+02   7.3761273E+06   1.4971381E+07   1.4992717E+07   0.0000000E+00   0.0000000E+00   0.0000000E+00   0.0000000E+00   0.0000000E+00
   3.6214278E-03   1.4909684E+07   1.4909684E+07   9.6632279E+04   4.0680306E+02   7.1276288E+06   1.4887240E+07   1.4909684E+07   0.0000000E+00   0.0000000E+00   0.0000000E+00   0.0000000E+00   0.0000000E+00
   3.8916147E-03   1.4819750E+07   1.4819750E+07   8.6755158E+04   3.7148805E+02   6.8438690E+06   1.4796187E+07   1.4819750E+07   0.0000000E+00   0.0000000E+00   0.0000000E+00   0.0000000E+00   0.0000000E+00
   4.1819596E-03   1.4722509E+07   1.4722509E+07   6.4450275E+04   3.3819225E+02   6.5726425E+06   1.4697822E+07   1.4722509E+07   0.0000000E+00   0.0000000E+00   0.0000000E+00   0.0000000E+00   0.0000000E+00
   4.4939666E-03   1.4617547E+07   1.4617547E+07   6.0836020E+04   3.0721192E+02   6.3015609E+06   1.4591736E+07   1.4617547E+07   0.0000000E+00   0.0000000E+00   0.0000000E+00   0.0000000E+00   0.0000000E+00
   4.8292516E-03   1.4504443E+07   1.4504443E+07   5.1509690E+04   2.7944219E+02   5.9998031E+06   1.4477520E+07   1.4504443E+07   0.0000000E+00   0.0000000E+00   0.0000000E+00   0.0000000E+00   0.0000000E+00
   5.1895516E-03   1.4382773E+07   1.4382773E+07   4.0384455E+04   2.5288275E+02   5.7258524E+06   1.4354765E+07   1.4382773E+07   0.0000000E+00   0.0000000E+00   0.0000000E+00   0.0000000E+00   0.0000000E+00
   5.5767328E-03   1.4252119E+07   1.4252119E+07   3.7718982E+04   2.2879035E+02   5.4316093E+06   1.4223071E+07   1.4252119E+07   0.0000000E+00   0.0000000E+00   0.0000000E+00   0.0000000E+00   0.0000000E+00
   5.9928007E-03   1.4112067E+07   1.4112067E+07   2.9500569E+04   2.0637377E+02   5.1546592E+06   1.4082027E+07   1.4112067E+07   0.0000000E+00   0.0000000E+00   0.0000000E+00   0.0000000E+00   0.0000000E+00
   6.4399106E-03   1.3962196E+07   1.3962196E+07   2.6526262E+04   1.8615164E+02   4.8621741E+06   1.3931207E+07   1.3962196E+07   0.0000000E+00   0.0000000E+00   0.0000000E+00   0.0000000E+00   0.0000000E+00
   6.9203783E-03   1.3802078E+07   1.3802078E+07   2.2090539E+04   1.6728269E+02   4.5866936E+06   1.3770178E+07   1.3802078E+07   0.0000000E+00   0.0000000E+00   0.0000000E+00   0.0000000E+00   0.0000000E+00
   7.4366927E-03   1.3631273E+07   1.3631273E+07   1.7794105E+04   1.5003962E+02   4.2974606E+06   1.3598523E+07   1.3631273E+07   0.0000000E+00   0.0000000E+00   0.0000000E+00   0.0000000E+00   0.0000000E+00
   7.9915282E-03   1.3449347E+07   1.3449347E+07   1.6612615E+04   1.3410928E+02   4.0240156E+06   1.3415831E+07   1.3449347E+07   0.0000000E+00   0.0000000E+00   0.0000000E+00   0.0000000E+00   0.0000000E+00
   8.5877588E-03   1.3255881E+07   1.3255881E+07   1.3624305E+04   1.1961696E+02   3.7591654E+06   1.3221683E+07   1.3255881E+07   0.0000000E+00   0.0000000E+00   0.0000000E+00   0.0000000E+00   0.0000000E+00
   9.2284728E-03   1.3050457E+07   1.3050457E+07   1.0585046E+04   1.0642974E+02   3.4943989E+06   1.3015655E+07   1.3050457E+07   0.0000000E+00   0.0000000E+00   0.0000000E+00   0.0000000E+00   0.0000000E+00
   9.9169891E-03   1.2832646E+07   1.2832646E+07   9.1062005E+03   9.4404628E+01   3.2353050E+06   1.2797333E+07   1.2832646E+07   0.0000000E+00   0.0000000E+00   0.0000000E+00   0.0000000E+00   0.0000000E+00
   1.0656874E-02   1.2602027E+07   1.2602027E+07   7.9136678E+03   8.3479029E+01   2.9877354E+06   1.2566305E+07   1.2602027E+07   0.0000000E+00   0.0000000E+00   0.0000000E+00   0.0000000E+00   0.0000000E+00
   1.1451960E-02   1.2358191E+07   1.2358191E+07   6.7502931E+03   7.3594549E+01   2.7492940E+06   1.2322165E+07   1.2358191E+07   0.0000000E+00   0.0000000E+00   0.0000000E+00   0.0000000E+00   0.0000000E+00
   1.2306366E-02   1.2100739E+07   1.2100739E+07   5.6585913E+03   6.4670769E+01   2.5205316E+06   1.2064515E+07   1.2100739E+07   0.0000000E+00   0.0000000E+00   0.0000000E+00   0.0000000E+00   0.0000000E+00
   1.3224518E-02   1.1829289E+07   1.1829289E+07   4.5854517E+03   5.6622139E+01   2.3035690E+06   1.1792987E+07   1.1829289E+07   0.0000000E+00   0.0000000E+00   0.0000000E+00   0.0000000E+00   0.0000000E+00
   1.4211170E-02   1.1543500E+07   1.1543500E+07   3.8508574E+03   4.9424364E+01   2.0974859E+06   1.1507237E+07   1.1543500E+07   0.0000000E+00   0.0000000E+00   0.0000000E+00   0.0000000E+00   0.0000000E+00
   1.5271435E-02   1.1243075E+07   1.1243075E+07   3.5432394E+03   4.2974728E+01   1.9005359E+06   1.1206971E+07   1.1243075E+07   0.0000000E+00   0.0000000E+00   0.0000000E+00   0.0000000E+00   0.0000000E+00
   1.6410803E-02   1.0927792E+07   1.0927792E+07   2.8340373E+03   3.7243683E+01   1.7134067E+06   1.0891973E+07   1.0927792E+07   0.0000000E+00   0.0000000E+00   0.0000000E+00   0.0000000E+00   0.0000000E+00
   1.7635178E-02   1.0597539E+07   1.0597539E+07   2.3777022E+03   3.2139848E+01   1.5415548E+06   1.0562129E+07   1.0597539E+07   0.0000000E+00   0.0000000E+00   0.0000000E+00   0.0000000E+00   0.0000000E+00
   1.8950900E-02   1.0252354E+07   1.0252354E+07   1.9332274E+03   2.7634825E+01   1.3775246E+06   1.0217479E+07   1.0252354E+07   0.0000000E+00   0.0000000E+00   0.0000000E+00   0.0000000E+00   0.0000000E+00
   2.0364785E-02   9.8924789E+06   9.8924789E+06   1.7362260E+03   2.3656312E+01   1.2270923E+06   9.8582625E+06   9.8924789E+06   0.0000000E+00   0.0000000E+00   0.0000000E+00   0.0000000E+00   0.0000000E+00
   2.1884157E-02   9.5184341E+06   9.5184341E+06   1.4226788E+03   2.0167280E+01   1.0881097E+06   9.4849975E+06   9.5184341E+06   0.0000000E+00   0.0000000E+00   0.0000000E+00   0.0000000E+00   0.0000000E+00
   2.3516884E-02   9.1310925E+06   9.1310925E+06   1.1730432E+03   1.7116762E+01   9.5972244E+05   9.0985531E+06   9.1310925E+06   0.0000000E+00   0.0000000E+00   0.0000000E+00   0.0000000E+00   0.0000000E+00
   2.5271413E-02   8.7317777E+06   8.7317777E+06   9.8254054E+02   1.4461700E+01   8.4183558E+05   8.7002450E+06   8.7317777E+06   0.0000000E+00   0.0000000E+00   0.0000000E+00   0.0000000E+00   0.0000000E+00
   2.7156783E-02   8.3223650E+06   8.3223650E+06   7.6813301E+02   1.2162630E+01   7.3451649E+05   8.2919393E+06   8.3223650E+06   0.0000000E+00   0.0000000E+00   0.0000000E+00   0.0000000E+00   0.0000000E+00
   2.9182553E-02   7.9053970E+06   7.9053970E+06   6.3097965E+02   1.0181090E+01   6.3870981E+05   7.8761668E+06   7.9053970E+06   0.0000000E+00   0.0000000E+00   0.0000000E+00   0.0000000E+00   0.0000000E+00
   3.1358499E-02   7.4842169E+06   7.4842169E+06   5.0232054E+02   8.4847609E+00   5.5158756E+05   7.4562543E+06   7.4842169E+06   0.0000000E+00   0.0000000E+00   0.0000000E+00   0.0000000E+00   0.0000000E+00
   3.3693704E-02   7.0631325E+06   7.0631325E+06   4.2504825E+02   7.0414357E+00   4.7448186E+05   7.0364897E+06   7.0631325E+06   0.0000000E+00   0.0000000E+00   0.0000000E+00   0.0000000E+00   0.0000000E+00
   3.6194498E-02   6.6476071E+06   6.6476071E+06   3.4172357E+02   5.8232680E+00   4.0663129E+05   6.6223116E+06   6.6476071E+06   0.0000000E+00   0.0000000E+00   0.0000000E+00   0.0000000E+00   0.0000000E+00
   3.8860668E-02   6.2443865E+06   6.2443865E+06   2.6819986E+02   4.8058513E+00   3.4777576E+05   6.2204358E+06   6.2443865E+06   0.0000000E+00   0.0000000E+00   0.0000000E+00   0.0000000E+00   0.0000000E+00
   4.1680239E-02   5.8613031E+06   5.8613031E+06   2.3718543E+02   3.9666403E+00   2.9710518E+05   5.8386601E+06   5.8613031E+06   0.0000000E+00   0.0000000E+00   0.0000000E+00   0.0000000E+00   0.0000000E+00
   4.4625327E-02   5.5063662E+06   5.5063662E+06   1.7824519E+02   3.2844133E+00   2.5434197E+05   5.4849580E+06   5.5063662E+06   0.0000000E+00   0.0000000E+00   0.0000000E+00   0.0000000E+00   0.0000000E+00
   4.7653721E-02   5.1860271E+06   5.1860271E+06   1.5545638E+02   2.7373016E+00   2.1870013E+05   5.1657504E+06   5.1860271E+06   0.0000000E+00   0.0000000E+00   0.0000000E+00   0.0000000E+00   0.0000000E+00
   5.0718656E-02   4.9033439E+06   4.9033439E+06   1.3311267E+02   2.3025592E+00   1.8980886E+05   4.8840780E+06   4.9033439E+06   0.0000000E+00   0.0000000E+00   0.0000000E+00   0.0000000E+00   0.0000000E+00
   5.3781814E-02   4.6572949E+06   4.6572949E+06   1.0531962E+02   1.9580451E+00   1.6613858E+05   4.6389178E+06   4.6572949E+06   0.0000000E+00   0.0000000E+00   0.0000000E+00   0.0000000E+00   0.0000000E+00
   5.6820927E-02   4.4436609E+06   4.4436609E+06   9.0552922E+01   1.6834538E+00   1.4659721E+05   4.4260619E+06   4.4436609E+06   0.0000000E+00   0.0000000E+00   0.0000000E+00   0.0000000E+00   0.0000000E+00
   5.9829205E-02   4.2566364E+06   4.2566364E+06   8.2437715E+01   1.4617804E+00   1.3063886E+05   4.2397237E+06   4.2566364E+06   0.0000000E+00   0.0000000E+00   0.0000000E+00   0.0000000E+00   0.0000000E+00
   6.2810415E-02   4.0901806E+06   4.0901806E+06   6.7566924E+01   1.2800277E+00   1.1720882E+05   4.0738834E+06   4.0901806E+06   0.0000000E+00   0.0000000E+00   0.0000000E+00   0.0000000E+00   0.0000000E+00
   6.5773875E-02   3.9387758E+06   3.9387758E+06   6.1200015E+01   1.1284829E+00   1.0563368E+05   3.9230424E+06   3.9387758E+06   0.0000000E+00   0.0000000E+00   0.0000000E+00   0.0000000E+00   0.0000000E+00
   6.8731059E-02   3.7977289E+06   3.7977289E+06   5.4638289E+01   9.9997347E-01   9.5780595E+04   3.7825250E+06   3.7977289E+06   0.0000000E+00   0.0000000E+00   0.0000000E+00   0.0000000E+00   0.0000000E+00
   7.1693750E-02   3.6632401E+06   3.6632401E+06   4.5912553E+01   8.8939879E-01   8.6944536E+04   3.6485450E+06   3.6632401E+06   0.0000000E+00   0.0000000E+00   0.0000000E+00   0.0000000E+00   0.0000000E+00
   7.4673185E-02   3.5323796E+06   3.5323796E+06   4.3840498E+01   7.9296327E-01   7.9117363E+04   3.5181835E+06   3.5323796E+06   0.0000000E+00   0.0000000E+00   0.0000000E+00   0.0000000E+00   0.0000000E+00
   7.7679756E-02   3.4030428E+06   3.4030428E+06   3.7264700E+01   7.0795027E-01   7.2137385E+04   3.3893435E+06   3.4030428E+06   0.0000000E+00   0.0000000E+00   0.0000000E+00   0.0000000E+00   0.0000000E+00
   8.0722979E-02   3.2739028E+06   3.2739028E+06   3.2217020E+01   6.3243938E-01   6.5642908E+04   3.2607032E+06   3.2739028E+06   0.0000000E+00   0.0000000E+00   0.0000000E+00   0.0000000E+00   0.0000000E+00
   8.3811565E-02   3.1443636E+06   3.1443636E+06   3.0597606E+01   5.6496465E-01   5.9765125E+04   3.1316682E+06   3.1443636E+06   0.0000000E+00   0.0000000E+00   0.0000000E+00   0.0000000E+00   0.0000000E+00
   8.6953544E-02   3.0145028E+06   3.0145028E+06   2.7718609E+01   5.0446485E-01   5.4440361E+04   3.0023158E+06   3.0145028E+06   0.0000000E+00   0.0000000E+00   0.0000000E+00   0.0000000E+00   0.0000000E+00
   9.0156382E-02   2.8849974E+06   2.8849974E+06   2.4215218E+01   4.5019143E-01   4.9539326E+04   2.8733197E+06   2.8849974E+06   0.0000000E+00   0.0000000E+00   0.0000000E+00   0.0000000E+00   0.0000000E+00
   9.3427096E-02   2.7570209E+06   2.7570209E+06   2.1348393E+01   4.0156588E-01   4.5035138E+04   2.7458485E+06   2.7570209E+06   0.0000000E+00   0.0000000E+00   0.0000000E+00   0.0000000E+00   0.0000000E+00
   9.6772346E-02   2.6321085E+06   2.6321085E+06   1.9175024E+01   3.5811609E-01   4.0925925E+04   2.6214309E+06   2.6321085E+06   0.0000000E+00   0.0000000E+00   0.0000000E+00   0.0000000E+00   0.0000000E+00
   1.0019852E-01   2.5119880E+06   2.5119880E+06   1.7223448E+01   3.1946739E-01   3.7192269E+04   2.5017876E+06   2.5119880E+06   0.0000000E+00   0.0000000E+00   0.0000000E+00   0.0000000E+00   0.0000000E+00
   1.0371182E-01   2.3983815E+06   2.3983815E+06   1.4653425E+01   2.8525025E-01   3.3839781E+04   2.3886333E+06   2.3983815E+06   0.0000000E+00   0.0000000E+00   0.0000000E+00   0.0000000E+00   0.0000000E+00
   1.0731826E-01   2.2927899E+06   2.2927899E+06   1.3054004E+01   2.5511127E-01   3.0906859E+04   2.2834627E+06   2.2927899E+06   0.0000000E+00   0.0000000E+00   0.0000000E+00   0.0000000E+00   0.0000000E+00
   1.1102380E-01   2.1962785E+06   2.1962785E+06   1.1954391E+01   2.2868195E-01   2.8227886E+04   2.1873365E+06   2.1962785E+06   0.0000000E+00   0.0000000E+00   0.0000000E+00   0.0000000E+00   0.0000000E+00
   1.1483430E-01   2.1092899E+06   2.1092899E+06   1.0823707E+01   2.0556064E-01   2.5933756E+04   2.1006954E+06   2.1092899E+06   0.0000000E+00   0.0000000E+00   0.0000000E+00   0.0000000E+00   0.0000000E+00
   1.1875560E-01   2.0315129E+06   2.0315129E+06   9.2690618E+00   1.8532792E-01   2.3872057E+04   2.0232293E+06   2.0315129E+06   0.0000000E+00   0.0000000E+00   0.0000000E+00   0.0000000E+00   0.0000000E+00
   1.2279353E-01   1.9618387E+06   1.9618387E+06   8.3111445E+00   1.6755466E-01   2.2039924E+04   1.9538337E+06   1.9618387E+06   0.0000000E+00   0.0000000E+00   0.0000000E+00   0.0000000E+00   0.0000000E+00
   1.2695393E-01   1.8984283E+06   1.8984283E+06   7.5576631E+00   1.5181097E-01   2.0416008E+04   1.8906770E+06   1.8984283E+06   0.0000000E+00   0.0000000E+00   0.0000000E+00   0.0000000E+00   0.0000000E+00
   1.3124266E-01   1.8389055E+06   1.8389055E+06   7.1154846E+00   1.3770137E-01   1.8944029E+04   1.8313926E+06   1.8389055E+06   0.0000000E+00   0.0000000E+00   0.0000000E+00   0.0000000E+00   0.0000000E+00
   1.3566563E-01   1.7806680E+06   1.7806680E+06   6.5306260E+00   1.2488218E-01   1.7554933E+04   1.7733888E+06   1.7806680E+06   0.0000000E+00   0.0000000E+00   0.0000000E+00   0.0000000E+00   0.0000000E+00
   1.4022877E-01   1.7212853E+06   1.7212853E+06   5.7303474E+00   1.1307913E-01   1.6285726E+04   1.7142449E+06   1.7212853E+06   0.0000000E+00   0.0000000E+00   0.0000000E+00   0.0000000E+00   0.0000000E+00
   1.4493811E-01   1.6589248E+06   1.6589248E+06   5.0951313E+00   1.0210669E-01   1.5042310E+04   1.6521360E+06   1.6589248E+06   0.0000000E+00   0.0000000E+00   0.0000000E+00   0.0000000E+00   0.0000000E+00
   1.4979971E-01   1.5927246E+06   1.5927246E+06   4.6330253E+00   9.1864500E-02   1.3858050E+04   1.5862035E+06   1.5927246E+06   0.0000000E+00   0.0000000E+00   0.0000000E+00   0.0000000E+00   0.0000000E+00
   1.5481971E-01   1.5230200E+06   1.5230200E+06   4.0901560E+00   8.2329921E-02   1.2730646E+04   1.5167815E+06   1.5230200E+06   0.0000000E+00   0.0000000E+00   0.0000000E+00   0.0000000E+00   0.0000000E+00
   1.6000432E-01   1.4513419E+06   1.4513419E+06   3.7391426E+00   7.3537737E-02   1.1669279E+04   1.4453944E+06   1.4513419E+06   0.0000000E+00   0.0000000E+00   0.0000000E+00   0.0000000E+00   0.0000000E+00
   1.6535983E-01   1.3801405E+06   1.3801405E+06   3.3431973E+00   6.5548878E-02   1.0657302E+04   1.3744824E+06   1.3801405E+06   0.0000000E+00   0.0000000E+00   0.0000000E+00   0.0000000E+00   0.0000000E+00
   1.7089264E-01   1.3122504E+06   1.3122504E+06   3.0503384E+00   5.8414641E-02   9.7577809E+03   1.3068685E+06   1.3122504E+06   0.0000000E+00   0.0000000E+00   0.0000000E+00   0.0000000E+00   0.0000000E+00
   1.7660922E-01   1.2501903E+06   1.2501903E+06   2.7067012E+00   5.2152880E-02   8.9535744E+03   1.2450610E+06   1.2501903E+06   0.0000000E+00   0.0000000E+00   0.0000000E+00   0.0000000E+00   0.0000000E+00
   1.8251614E-01   1.1954656E+06   1.1954656E+06   2.4243848E+00   4.6724569E-02   8.2452155E+03   1.1905592E+06   1.1954656E+06   0.0000000E+00   0.0000000E+00   0.0000000E+00   0.0000000E+00   0.0000000E+00
   1.8862009E-01   1.1480832E+06   1.1480832E+06   2.0809464E+00   4.2033305E-02   7.6381880E+03   1.1433697E+06   1.1480832E+06   0.0000000E+00   0.0000000E+00   0.0000000E+00   0.0000000E+00   0.0000000E+00
   1.9492791E-01   1.1064689E+06   1.1064689E+06   1.9434226E+00   3.7940596E-02   7.1001661E+03   1.1019248E+06   1.1064689E+06   0.0000000E+00   0.0000000E+00   0.0000000E+00   0.0000000E+00   0.0000000E+00
   2.0144655E-01   1.0678846E+06   1.0678846E+06   1.7683825E+00   3.4293902E-02   6.6189683E+03   1.0634977E+06   1.0678846E+06   0.0000000E+00   0.0000000E+00   0.0000000E+00   0.0000000E+00   0.0000000E+00
   2.0818314E-01   1.0292803E+06   1.0292803E+06   1.5580051E+00   3.0958510E-02   6.1654080E+03   1.0250507E+06   1.0292803E+06   0.0000000E+00   0.0000000E+00   0.0000000E+00   0.0000000E+00   0.0000000E+00
   2.1514500E-01   9.8833235E+05   9.8833235E+05   1.4112908E+00   2.7846089E-02   5.7313184E+03   9.8427001E+05   9.8833235E+05   0.0000000E+00   0.0000000E+00   0.0000000E+00   0.0000000E+00   0.0000000E+00
   2.2233968E-01   9.4429352E+05   9.4429352E+05   1.2378892E+00   2.4926250E-02   5.2987176E+03   9.4041124E+05   9.4429352E+05   0.0000000E+00   0.0000000E+00   0.0000000E+00   0.0000000E+00   0.0000000E+00
   2.2977496E-01   8.9827755E+05   8.9827755E+05   1.1039306E+00   2.2217598E-02   4.8840530E+03   8.9458358E+05   8.9827755E+05   0.0000000E+00   0.0000000E+00   0.0000000E+00   0.0000000E+00   0.0000000E+00
   2.3745894E-01   8.5278271E+05   8.5278271E+05   1.0117856E+00   1.9763338E-02   4.4965857E+03   8.4927506E+05   8.5278271E+05   0.0000000E+00   0.0000000E+00   0.0000000E+00   0.0000000E+00   0.0000000E+00
   2.4540004E-01   8.1057682E+05   8.1057682E+05   8.7510952E-01   1.7599336E-02   4.1473775E+03   8.0724208E+05   8.1057682E+05   0.0000000E+00   0.0000000E+00   0.0000000E+00   0.0000000E+00   0.0000000E+00
   2.5360708E-01   7.7340431E+05   7.7340431E+05   7.8206043E-01   1.5728934E-02   3.8433822E+03   7.7022186E+05   7.7340431E+05   0.0000000E+00   0.0000000E+00   0.0000000E+00   0.0000000E+00   0.0000000E+00
   2.6208937E-01   7.4114700E+05   7.4114700E+05   7.1659911E-01   1.4115618E-02   3.5812058E+03   7.3809673E+05   7.4114700E+05   0.0000000E+00   0.0000000E+00   0.0000000E+00   0.0000000E+00   0.0000000E+00
   2.7085673E-01   7.1192534E+05   7.1192534E+05   6.3197586E-01   1.2696820E-02   3.3460703E+03   7.0899482E+05   7.1192534E+05   0.0000000E+00   0.0000000E+00   0.0000000E+00   0.0000000E+00   0.0000000E+00
   2.7991959E-01   6.8316271E+05   6.8316271E+05   5.6841959E-01   1.1409443E-02   3.1269458E+03   6.8035012E+05   6.8316271E+05   0.0000000E+00   0.0000000E+00   0.0000000E+00   0.0000000E+00   0.0000000E+00
   2.8928912E-01   6.5306076E+05   6.5306076E+05   5.1959956E-01   1.0214634E-02   2.9134032E+03   6.5037168E+05   6.5306076E+05   0.0000000E+00   0.0000000E+00   0.0000000E+00   0.0000000E+00   0.0000000E+00
   2.9897730E-01   6.2160194E+05   6.2160194E+05   4.5670075E-01   9.1066733E-03   2.7054700E+03   6.1904203E+05   6.2160194E+05   0.0000000E+00   0.0000000E+00   0.0000000E+00   0.0000000E+00   0.0000000E+00
   3.0899708E-01   5.9040296E+05   5.9040296E+05   4.1047730E-01   8.1013736E-03   2.5085293E+03   5.8797120E+05   5.9040296E+05   0.0000000E+00   0.0000000E+00   0.0000000E+00   0.0000000E+00   0.0000000E+00
   3.1936248E-01   5.6146971E+05   5.6146971E+05   3.5991232E-01   7.2148723E-03   2.3303444E+03   5.5915682E+05   5.6146971E+05   0.0000000E+00   0.0000000E+00   0.0000000E+00   0.0000000E+00   0.0000000E+00
   3.3008883E-01   5.3571472E+05   5.3571472E+05   3.2174620E-01   6.4450128E-03   2.1744322E+03   5.3350765E+05   5.3571472E+05   0.0000000E+00   0.0000000E+00   0.0000000E+00   0.0000000E+00   0.0000000E+00
   3.4119287E-01   5.1235662E+05   5.1235662E+05   2.9209958E-01   5.7697271E-03   2.0351708E+03   5.1024554E+05   5.1235662E+05   0.0000000E+00   0.0000000E+00   0.0000000E+00   0.0000000E+00   0.0000000E+00
   3.5269309E-01   4.8969172E+05   4.8969172E+05   2.6105170E-01   5.1614689E-03   1.9051278E+03   4.8767380E+05   4.8969172E+05   0.0000000E+00   0.0000000E+00   0.0000000E+00   0.0000000E+00   0.0000000E+00
   3.6460990E-01   4.6658772E+05   4.6658772E+05   2.3007161E-01   4.6027665E-03   1.7793691E+03   4.6466481E+05   4.6658772E+05   0.0000000E+00   0.0000000E+00   0.0000000E+00   0.0000000E+00   0.0000000E+00
   3.7696601E-01   4.4336357E+05   4.4336357E+05   2.0463818E-01   4.0927987E-03   1.6586525E+03   4.4153620E+05   4.4336357E+05   0.0000000E+00   0.0000000E+00   0.0000000E+00   0.0000000E+00   0.0000000E+00
   3.8978677E-01   4.2124328E+05   4.2124328E+05   1.8318114E-01   3.6378431E-03   1.5466681E+03   4.1950692E+05   4.2124328E+05   0.0000000E+00   0.0000000E+00   0.0000000E+00   0.0000000E+00   0.0000000E+00
   4.0310066E-01   4.0097228E+05   4.0097228E+05   1.6224637E-01   3.2383548E-03   1.4467741E+03   3.9931933E+05   4.0097228E+05   0.0000000E+00   0.0000000E+00   0.0000000E+00   0.0000000E+00   0.0000000E+00
   4.1693977E-01   3.8208275E+05   3.8208275E+05   1.4505174E-01   2.8846373E-03   1.3551599E+03   3.8050755E+05   3.8208275E+05   0.0000000E+00   0.0000000E+00   0.0000000E+00   0.0000000E+00   0.0000000E+00
   4.3134056E-01   3.6358465E+05   3.6358465E+05   1.2860028E-01   2.5650085E-03   1.2684094E+03   3.6208559E+05   3.6358465E+05   0.0000000E+00   0.0000000E+00   0.0000000E+00   0.0000000E+00   0.0000000E+00
   4.4634456E-01   3.4517405E+05   3.4517405E+05   1.1436673E-01   2.2745935E-03   1.1853627E+03   3.4375079E+05   3.4517405E+05   0.0000000E+00   0.0000000E+00   0.0000000E+00   0.0000000E+00   0.0000000E+00
   4.6199945E-01   3.2741725E+05   3.2741725E+05   1.0122582E-01   2.0142655E-03   1.1075303E+03   3.2606711E+05   3.2741725E+05   0.0000000E+00   0.0000000E+00   0.0000000E+00   0.0000000E+00   0.0000000E+00
   4.7836026E-01   3.1076632E+05   3.1076632E+05   8.9554538E-02   1.7835003E-03   1.0360096E+03   3.0948477E+05   3.1076632E+05   0.0000000E+00   0.0000000E+00   0.0000000E+00   0.0000000E+00   0.0000000E+00
   4.9549093E-01   2.9490807E+05   2.9490807E+05   7.9077637E-02   1.5775840E-03   9.6943911E+02   2.9369184E+05   2.9490807E+05   0.0000000E+00   0.0000000E+00   0.0000000E+00   0.0000000E+00   0.0000000E+00
   5.1346628E-01   2.7936827E+05   2.7936827E+05   6.9710642E-02   1.3918472E-03   9.0605014E+02   2.7821605E+05   2.7936827E+05   0.0000000E+00   0.0000000E+00   0.0000000E+00   0.0000000E+00   0.0000000E+00
   5.3237450E-01   2.6424078E+05   2.6424078E+05   6.1337790E-02   1.2247833E-03   8.4606864E+02   2.6315090E+05   2.6424078E+05   0.0000000E+00   0.0000000E+00   0.0000000E+00   0.0000000E+00   0.0000000E+00
   5.5232028E-01   2.4980178E+05   2.4980178E+05   5.3936311E-02   1.0758324E-03   7.8997403E+02   2.4877140E+05   2.4980178E+05   0.0000000E+00   0.0000000E+00   0.0000000E+00   0.0000000E+00   0.0000000E+00
   5.7342896E-01   2.3589957E+05   2.3589957E+05   4.7201295E-02   9.4265703E-04   7.3710071E+02   2.3492648E+05   2.3589957E+05   0.0000000E+00   0.0000000E+00   0.0000000E+00   0.0000000E+00   0.0000000E+00
   5.9585175E-01   2.2231980E+05   2.2231980E+05   4.1227357E-02   8.2287413E-04   6.8669037E+02   2.2140269E+05   2.2231980E+05   0.0000000E+00   0.0000000E+00   0.0000000E+00   0.0000000E+00   0.0000000E+00
   6.1977252E-01   2.0916203E+05   2.0916203E+05   3.5849458E-02   7.1563116E-04   6.3895695E+02   2.0829916E+05   2.0916203E+05   0.0000000E+00   0.0000000E+00   0.0000000E+00   0.0000000E+00   0.0000000E+00
   6.4541653E-01   1.9642482E+05   1.9642482E+05   3.1036594E-02   6.1975135E-04   5.9359978E+02   1.9561446E+05   1.9642482E+05   0.0000000E+00   0.0000000E+00   0.0000000E+00   0.0000000E+00   0.0000000E+00
   6.7306146E-01   1.8397598E+05   1.8397598E+05   2.6727089E-02   5.3382155E-04   5.5027355E+02   1.8321694E+05   1.8397598E+05   0.0000000E+00   0.0000000E+00   0.0000000E+00   0.0000000E+00   0.0000000E+00
   7.0305105E-01   1.7183856E+05   1.7183856E+05   2.2875406E-02   4.5701661E-04   5.0880116E+02   1.7112957E+05   1.7183856E+05   0.0000000E+00   0.0000000E+00   0.0000000E+00   0.0000000E+00   0.0000000E+00
   7.3581092E-01   1.5997110E+05   1.5997110E+05   1.9441381E-02   3.8844397E-04   4.6911625E+02   1.5931105E+05   1.5997110E+05   0.0000000E+00   0.0000000E+00   0.0000000E+00   0.0000000E+00   0.0000000E+00
   7.7186502E-01   1.4833656E+05   1.4833656E+05   1.6381519E-02   3.2735362E-04   4.3092503E+02   1.4772449E+05   1.4833656E+05   0.0000000E+00   0.0000000E+00   0.0000000E+00   0.0000000E+00   0.0000000E+00
   8.1184776E-01   1.3693001E+05   1.3693001E+05   1.3667444E-02   2.7317008E-04   3.9415230E+02   1.3636499E+05   1.3693001E+05   0.0000000E+00   0.0000000E+00   0.0000000E+00   0.0000000E+00   0.0000000E+00
   8.5650216E-01   1.2574599E+05   1.2574599E+05   1.1275753E-02   2.2540206E-04   3.5875901E+02   1.2522710E+05   1.2574599E+05   0.0000000E+00   0.0000000E+00   0.0000000E+00   0.0000000E+00   0.0000000E+00
   9.0664732E-01   1.1481449E+05   1.1481449E+05   9.1876190E-03   1.8368448E-04   3.2478693E+02   1.1434069E+05   1.1481449E+05   0.0000000E+00   0.0000000E+00   0.0000000E+00   0.0000000E+00   0.0000000E+00
   9.6309734E-01   1.0420179E+05   1.0420179E+05   7.3914932E-03   1.4774664E-04   2.9236183E+02   1.0377177E+05   1.0420179E+05   0.0000000E+00   0.0000000E+00   0.0000000E+00   0.0000000E+00   0.0000000E+00
   1.0265317E+00   9.4012928E+04   9.4012928E+04   5.8684624E-03   1.1734246E-04   2.6175294E+02   9.3624948E+04   9.4012928E+04   0.0000000E+00   0.0000000E+00   0.0000000E+00   0.0000000E+00   0.0000000E+00
   1.0973666E+00   8.4376975E+04   8.4376975E+04   4.6079932E-03   9.2164504E-05   2.3324383E+02   8.4028752E+04   8.4376975E+04   0.0000000E+00   0.0000000E+00   0.0000000E+00   0.0000000E+00   0.0000000E+00
   1.1757205E+00   7.5414004E+04   7.5414004E+04   3.5875958E-03   7.1765654E-05   2.0710744E+02   7.5102764E+04   7.5414004E+04   0.0000000E+00   0.0000000E+00   0.0000000E+00   0.0000000E+00   0.0000000E+00
   1.2615277E+00   6.7205033E+04   6.7205033E+04   2.7767080E-03   5.5553317E-05   1.8347944E+02   6.6927666E+04   6.7205033E+04   0.0000000E+00   0.0000000E+00   0.0000000E+00   0.0000000E+00   0.0000000E+00
   1.3547287E+00   5.9776623E+04   5.9776623E+04   2.1412668E-03   4.2850214E-05   1.6235332E+02   5.9529910E+04   5.9776623E+04   0.0000000E+00   0.0000000E+00   0.0000000E+00   0.0000000E+00   0.0000000E+00
   1.4554112E+00   5.3105465E+04   5.3105465E+04   1.6487570E-03   3.2985435E-05   1.4357509E+02   5.2886282E+04   5.3105465E+04   0.0000000E+00   0.0000000E+00   0.0000000E+00   0.0000000E+00   0.0000000E+00
   1.5638495E+00   4.7141166E+04   4.7141166E+04   1.2674629E-03   2.5362289E-05   1.2694138E+02   4.6946596E+04   4.7141166E+04   0.0000000E+00   0.0000000E+00   0.0000000E+00   0.0000000E+00   0.0000000E+00
   1.6804765E+00   4.1821763E+04   4.1821763E+04   9.7368146E-04   1.9487036E-05   1.1222243E+02   4.1649147E+04   4.1821763E+04   0.0000000E+00   0.0000000E+00   0.0000000E+00   0.0000000E+00   0.0000000E+00
   1.8058393E+00   3.7083360E+04   3.7083360E+04   7.4759025E-04   1.4964343E-05   9.9205399E+01   3.6930299E+04   3.7083360E+04   0.0000000E+00   0.0000000E+00   0.0000000E+00   0.0000000E+00   0.0000000E+00
   1.9405656E+00   3.2866443E+04   3.2866443E+04   5.7383956E-04   1.1485844E-05   8.7691030E+01   3.2730786E+04   3.2866443E+04   0.0000000E+00   0.0000000E+00   0.0000000E+00   0.0000000E+00   0.0000000E+00
   2.0853462E+00   2.9115836E+04   2.9115836E+04   4.4013579E-04   8.8119720E-06   7.7502670E+01   2.8995659E+04   2.9115836E+04   0.0000000E+00   0.0000000E+00   0.0000000E+00   0.0000000E+00   0.0000000E+00
   2.2409292E+00   2.5782082E+04   2.5782082E+04   3.3748217E-04   6.7576677E-06   6.8491079E+01   2.5675664E+04   2.5782082E+04   0.0000000E+00   0.0000000E+00   0.0000000E+00   0.0000000E+00   0.0000000E+00
   2.4081201E+00   2.2820457E+04   2.2820457E+04   2.5866595E-04   5.1801426E-06   6.0517088E+01   2.2726263E+04   2.2820457E+04   0.0000000E+00   0.0000000E+00   0.0000000E+00   0.0000000E+00   0.0000000E+00
   2.5877847E+00   2.0190798E+04   2.0190798E+04   1.9817729E-04   3.9692896E-06   5.3462346E+01   2.0107458E+04   2.0190798E+04   0.0000000E+00   0.0000000E+00   0.0000000E+00   0.0000000E+00   0.0000000E+00
   2.7808537E+00   1.7857133E+04   1.7857133E+04   1.5171249E-04   3.0403067E-06   4.7220961E+01   1.7783425E+04   1.7857133E+04   0.0000000E+00   0.0000000E+00   0.0000000E+00   0.0000000E+00   0.0000000E+00
   2.9883271E+00   1.5787161E+04   1.5787161E+04   1.1621387E-04   2.3278988E-06   4.1699103E+01   1.5721997E+04   1.5787161E+04   0.0000000E+00   0.0000000E+00   0.0000000E+00   0.0000000E+00   0.0000000E+00
   3.2112797E+00   1.3951965E+04   1.3951965E+04   8.8930961E-05   1.7817984E-06   3.6814709E+01   1.3894376E+04   1.3951965E+04   0.0000000E+00   0.0000000E+00   0.0000000E+00   0.0000000E+00   0.0000000E+00
   3.4508663E+00   1.2325673E+04   1.2325673E+04   6.8031000E-05   1.3633407E-06   3.2495093E+01   1.2274796E+04   1.2325673E+04   0.0000000E+00   0.0000000E+00   0.0000000E+00   0.0000000E+00   0.0000000E+00
   3.7083280E+00   1.0885151E+04   1.0885151E+04   5.2039209E-05   1.0428161E-06   2.8675988E+01   1.0840221E+04   1.0885151E+04   0.0000000E+00   0.0000000E+00   0.0000000E+00   0.0000000E+00   0.0000000E+00
   3.9849983E+00   9.6097349E+03   9.6097349E+03   3.9774341E-05   7.9740057E-07   2.5299507E+01   9.5700687E+03   9.6097349E+03   0.0000000E+00   0.0000000E+00   0.0000000E+00   0.0000000E+00   0.0000000E+00
   4.2823104E+00   8.4809740E+03   8.4809740E+03   3.0392404E-05   6.0955885E-07   2.2315070E+01   8.4459669E+03   8.4809740E+03   0.0000000E+00   0.0000000E+00   0.0000000E+00   0.0000000E+00   0.0000000E+00
   4.6018042E+00   7.4824115E+03   7.4824115E+03   2.3224050E-05   4.6583692E-07   1.9677884E+01   7.4515261E+03   7.4824115E+03   0.0000000E+00   0.0000000E+00   0.0000000E+00   0.0000000E+00   0.0000000E+00
   4.9451349E+00   6.5993773E+03   6.5993773E+03   1.7737906E-05   3.5590579E-07   1.7348183E+01   6.5721368E+03   6.5993773E+03   0.0000000E+00   0.0000000E+00   0.0000000E+00   0.0000000E+00   0.0000000E+00
   5.3140806E+00   5.8188031E+03   5.8188031E+03   1.3542906E-05   2.7184733E-07   1.5290616E+01   5.7947846E+03   5.8188031E+03   0.0000000E+00   0.0000000E+00   0.0000000E+00   0.0000000E+00   0.0000000E+00
   5.7105526E+00   5.1290552E+03   5.1290552E+03   1.0337166E-05   2.0759404E-07   1.3473726E+01   5.1078837E+03   5.1290552E+03   0.0000000E+00   0.0000000E+00   0.0000000E+00   0.0000000E+00   0.0000000E+00
   6.1366046E+00   4.5197833E+03   4.5197833E+03   7.8887919E-06   1.5849272E-07   1.1869895E+01   4.5011268E+03   4.5197833E+03   0.0000000E+00   0.0000000E+00   0.0000000E+00   0.0000000E+00   0.0000000E+00
   6.5944433E+00   3.9817849E+03   3.9817849E+03   6.0189172E-06   1.2098037E-07   1.0454469E+01   3.9653491E+03   3.9817849E+03   0.0000000E+00   0.0000000E+00   0.0000000E+00   0.0000000E+00   0.0000000E+00
   7.0864404E+00   3.5068823E+03   3.5068823E+03   4.5888161E-06   9.2330116E-08   9.2055300E+00   3.4924067E+03   3.5068823E+03   0.0000000E+00   0.0000000E+00   0.0000000E+00   0.0000000E+00   0.0000000E+00
   7.6151443E+00   3.0878124E+03   3.0878124E+03   3.4999923E-06   7.0453277E-08   8.1039663E+00   3.0750667E+03   3.0878124E+03   0.0000000E+00   0.0000000E+00   0.0000000E+00   0.0000000E+00   0.0000000E+00
   8.1832937E+00   2.7181284E+03   2.7181284E+03   2.6678186E-06   5.3752390E-08   7.1325857E+00   2.7069087E+03   2.7181284E+03   0.0000000E+00   0.0000000E+00   0.0000000E+00   0.0000000E+00   0.0000000E+00
