#           k/h    CDM            baryon         photon         nu             mass_nu        total          no_nu          total_de       Weyl           v_CDM          v_b            v_b-v_c     
   9.4683807E-06   1.8944060E+06   1.8944060E+06   2.5258069E+06   3.2543818E+04   2.4613154E+03   1.8958036E+06   1.8944060E+06   0.0000000E+00   0.0000000E+00   0.0000000E+00   0.0000000E+00   0.0000000E+00
   1.0174796E-05   1.8944057E+06   1.8944057E+06   2.5257960E+06   3.2543726E+04   2.4612869E+03   1.8958032E+06   1.8944057E+06   0.0000000E+00   0.0000000E+00   0.0000000E+00   0.0000000E+00   0.0000000E+00
   1.0933915E-05   1.8944054E+06   1.8944054E+06   2.5257834E+06   3.2543619E+04   2.4612540E+03   1.8958028E+06   1.8944054E+06   0.0000000E+00   0.0000000E+00   0.0000000E+00   0.0000000E+00   0.0000000E+00
   1.1749671E-05   1.8944050E+06   1.8944050E+06   2.5257689E+06   3.2543496E+04   2.4612160E+03   1.8958023E+06   1.8944050E+06   0.0000000E+00   0.0000000E+00   0.0000000E+00   0.0000000E+00   0.0000000E+00
   1.2626289E-05   1.8944045E+06   1.8944045E+06   2.5257521E+06   3.2543354E+04   2.4611721E+03   1.8958018E+06   1.8944045E+06   0.0000000E+00   0.0000000E+00   0.0000000E+00   0.0000000E+00   0.0000000E+00
   1.3568309E-05   1.8944039E+06   1.8944039E+06   2.5257327E+06   3.2543190E+04   2.4611215E+03   1.8958012E+06   1.8944039E+06   0.0000000E+00   0.0000000E+00   0.0000000E+00   0.0000000E+00   0.0000000E+00
   1.4580611E-05   1.8944033E+06   1.8944033E+06   2.5257103E+06   3.2543001E+04   2.4610630E+03   1.8958004E+06   1.8944033E+06   0.0000000E+00   0.0000000E+00   0.0000000E+00   0.0000000E+00   0.0000000E+00
   1.5668438E-05   1.8944026E+06   1.8944026E+06   2.5256844E+06   3.2542782E+04   2.4609954E+03   1.8957996E+06   1.8944026E+06   0.0000000E+00   0.0000000E+00   0.0000000E+00   0.0000000E+00   0.0000000E+00
   1.6837426E-05   1.8944017E+06   1.8944017E+06   2.5256546E+06   3.2542530E+04   2.4609174E+03   1.8957986E+06   1.8944017E+06   0.0000000E+00   0.0000000E+00   0.0000000E+00   0.0000000E+00   0.0000000E+00
   1.8093630E-05   1.8944008E+06   1.8944008E+06   2.5256201E+06   3.2542239E+04   2.4608273E+03   1.8957975E+06   1.8944008E+06   0.0000000E+00   0.0000000E+00   0.0000000E+00   0.0000000E+00   0.0000000E+00
   1.9443557E-05   1.8943996E+06   1.8943996E+06   2.5255803E+06   3.2541902E+04   2.4607232E+03   1.8957962E+06   1.8943996E+06   0.0000000E+00   0.0000000E+00   0.0000000E+00   0.0000000E+00   0.0000000E+00
   2.0894198E-05   1.8943983E+06   1.8943983E+06   2.5255343E+06   3.2541513E+04   2.4606031E+03   1.8957947E+06   1.8943983E+06   0.0000000E+00   0.0000000E+00   0.0000000E+00   0.0000000E+00   0.0000000E+00
   2.2453069E-05   1.8943968E+06   1.8943968E+06   2.5254812E+06   3.2541064E+04   2.4604644E+03   1.8957930E+06   1.8943968E+06   0.0000000E+00   0.0000000E+00   0.0000000E+00   0.0000000E+00   0.0000000E+00
   2.4128244E-05   1.8943951E+06   1.8943951E+06   2.5254199E+06   3.2540546E+04   2.4603042E+03   1.8957910E+06   1.8943951E+06   0.0000000E+00   0.0000000E+00   0.0000000E+00   0.0000000E+00   0.0000000E+00
   2.5928400E-05   1.8943931E+06   1.8943931E+06   2.5253491E+06   3.2539948E+04   2.4601192E+03   1.8957887E+06   1.8943931E+06   0.0000000E+00   0.0000000E+00   0.0000000E+00   0.0000000E+00   0.0000000E+00
   2.7862861E-05   1.8943908E+06   1.8943908E+06   2.5252673E+06   3.2539256E+04   2.4599056E+03   1.8957861E+06   1.8943908E+06   0.0000000E+00   0.0000000E+00   0.0000000E+00   0.0000000E+00   0.0000000E+00
   2.9941649E-05   1.8943881E+06   1.8943881E+06   2.5251729E+06   3.2538458E+04   2.4596589E+03   1.8957830E+06   1.8943881E+06   0.0000000E+00   0.0000000E+00   0.0000000E+00   0.0000000E+00   0.0000000E+00
   3.2175530E-05   1.8943850E+06   1.8943850E+06   2.5250639E+06   3.2537537E+04   2.4593741E+03   1.8957795E+06   1.8943850E+06   0.0000000E+00   0.0000000E+00   0.0000000E+00   0.0000000E+00   0.0000000E+00
   3.4576077E-05   1.8943815E+06   1.8943815E+06   2.5249380E+06   3.2536473E+04   2.4590453E+03   1.8957754E+06   1.8943815E+06   0.0000000E+00   0.0000000E+00   0.0000000E+00   0.0000000E+00   0.0000000E+00
   3.7155723E-05   1.8943774E+06   1.8943774E+06   2.5247926E+06   3.2535244E+04   2.4586655E+03   1.8957707E+06   1.8943774E+06   0.0000000E+00   0.0000000E+00   0.0000000E+00   0.0000000E+00   0.0000000E+00
   3.9927830E-05   1.8943726E+06   1.8943726E+06   2.5246247E+06   3.2533825E+04   2.4582271E+03   1.8957652E+06   1.8943726E+06   0.0000000E+00   0.0000000E+00   0.0000000E+00   0.0000000E+00   0.0000000E+00
   4.2906759E-05   1.8943671E+06   1.8943671E+06   2.5244309E+06   3.2532186E+04   2.4577209E+03   1.8957589E+06   1.8943671E+06   0.0000000E+00   0.0000000E+00   0.0000000E+00   0.0000000E+00   0.0000000E+00
   4.6107939E-05   1.8943608E+06   1.8943608E+06   2.5242071E+06   3.2530294E+04   2.4571363E+03   1.8957517E+06   1.8943608E+06   0.0000000E+00   0.0000000E+00   0.0000000E+00   0.0000000E+00   0.0000000E+00
   4.9547952E-05   1.8943535E+06   1.8943535E+06   2.5239486E+06   3.2528109E+04   2.4564615E+03   1.8957433E+06   1.8943535E+06   0.0000000E+00   0.0000000E+00   0.0000000E+00   0.0000000E+00   0.0000000E+00
   5.3244618E-05   1.8943451E+06   1.8943451E+06   2.5236502E+06   3.2525586E+04   2.4556823E+03   1.8957336E+06   1.8943451E+06   0.0000000E+00   0.0000000E+00   0.0000000E+00   0.0000000E+00   0.0000000E+00
   5.7217083E-05   1.8943353E+06   1.8943353E+06   2.5233056E+06   3.2522673E+04   2.4547828E+03   1.8957224E+06   1.8943353E+06   0.0000000E+00   0.0000000E+00   0.0000000E+00   0.0000000E+00   0.0000000E+00
   6.1485925E-05   1.8943241E+06   1.8943241E+06   2.5229078E+06   3.2519309E+04   2.4537442E+03   1.8957095E+06   1.8943241E+06   0.0000000E+00   0.0000000E+00   0.0000000E+00   0.0000000E+00   0.0000000E+00
   6.6073256E-05   1.8943111E+06   1.8943111E+06   2.5224484E+06   3.2515426E+04   2.4525454E+03   1.8956946E+06   1.8943111E+06   0.0000000E+00   0.0000000E+00   0.0000000E+00   0.0000000E+00   0.0000000E+00
   7.1002839E-05   1.8942961E+06   1.8942961E+06   2.5219181E+06   3.2510941E+04   2.4511614E+03   1.8956774E+06   1.8942961E+06   0.0000000E+00   0.0000000E+00   0.0000000E+00   0.0000000E+00   0.0000000E+00
   7.6300206E-05   1.8942787E+06   1.8942787E+06   2.5213057E+06   3.2505763E+04   2.4495639E+03   1.8956575E+06   1.8942787E+06   0.0000000E+00   0.0000000E+00   0.0000000E+00   0.0000000E+00   0.0000000E+00
   8.1992799E-05   1.8942587E+06   1.8942587E+06   2.5205988E+06   3.2499785E+04   2.4477201E+03   1.8956346E+06   1.8942587E+06   0.0000000E+00   0.0000000E+00   0.0000000E+00   0.0000000E+00   0.0000000E+00
   8.8110104E-05   1.8942356E+06   1.8942356E+06   2.5197827E+06   3.2492883E+04   2.4455920E+03   1.8956081E+06   1.8942356E+06   0.0000000E+00   0.0000000E+00   0.0000000E+00   0.0000000E+00   0.0000000E+00
   9.4683807E-05   1.8942090E+06   1.8942090E+06   2.5188405E+06   3.2484915E+04   2.4431361E+03   1.8955775E+06   1.8942090E+06   0.0000000E+00   0.0000000E+00   0.0000000E+00   0.0000000E+00   0.0000000E+00
   1.0174796E-04   1.8941782E+06   1.8941782E+06   2.5177529E+06   3.2475716E+04   2.4403022E+03   1.8955421E+06   1.8941782E+06   0.0000000E+00   0.0000000E+00   0.0000000E+00   0.0000000E+00   0.0000000E+00
   1.0933915E-04   1.8941426E+06   1.8941426E+06   2.5164975E+06   3.2465096E+04   2.4370325E+03   1.8955013E+06   1.8941426E+06   0.0000000E+00   0.0000000E+00   0.0000000E+00   0.0000000E+00   0.0000000E+00
   1.1749671E-04   1.8941016E+06   1.8941016E+06   2.5150486E+06   3.2452837E+04   2.4332604E+03   1.8954543E+06   1.8941016E+06   0.0000000E+00   0.0000000E+00   0.0000000E+00   0.0000000E+00   0.0000000E+00
   1.2626289E-04   1.8940542E+06   1.8940542E+06   2.5133762E+06   3.2438686E+04   2.4289095E+03   1.8953999E+06   1.8940542E+06   0.0000000E+00   0.0000000E+00   0.0000000E+00   0.0000000E+00   0.0000000E+00
   1.3568309E-04   1.8939994E+06   1.8939994E+06   2.5114463E+06   3.2422352E+04   2.4238917E+03   1.8953371E+06   1.8939994E+06   0.0000000E+00   0.0000000E+00   0.0000000E+00   0.0000000E+00   0.0000000E+00
   1.4580611E-04   1.8939362E+06   1.8939362E+06   2.5092194E+06   3.2403502E+04   2.4181061E+03   1.8952646E+06   1.8939362E+06   0.0000000E+00   0.0000000E+00   0.0000000E+00   0.0000000E+00   0.0000000E+00
   1.5668438E-04   1.8938633E+06   1.8938633E+06   2.5066500E+06   3.2381747E+04   2.4114367E+03   1.8951810E+06   1.8938633E+06   0.0000000E+00   0.0000000E+00   0.0000000E+00   0.0000000E+00   0.0000000E+00
   1.6837426E-04   1.8937791E+06   1.8937791E+06   2.5036859E+06   3.2356644E+04   2.4037508E+03   1.8950844E+06   1.8937791E+06   0.0000000E+00   0.0000000E+00   0.0000000E+00   0.0000000E+00   0.0000000E+00
   1.8093630E-04   1.8936819E+06   1.8936819E+06   2.5002670E+06   3.2327680E+04   2.3948961E+03   1.8949730E+06   1.8936819E+06   0.0000000E+00   0.0000000E+00   0.0000000E+00   0.0000000E+00   0.0000000E+00
   1.9443557E-04   1.8935697E+06   1.8935697E+06   2.4963242E+06   3.2294266E+04   2.3846987E+03   1.8948443E+06   1.8935697E+06   0.0000000E+00   0.0000000E+00   0.0000000E+00   0.0000000E+00   0.0000000E+00
   2.0894198E-04   1.8934402E+06   1.8934402E+06   2.4917782E+06   3.2255724E+04   2.3729599E+03   1.8946959E+06   1.8934402E+06   0.0000000E+00   0.0000000E+00   0.0000000E+00   0.0000000E+00   0.0000000E+00
   2.2453069E-04   1.8932908E+06   1.8932908E+06   2.4865379E+06   3.2211275E+04   2.3594533E+03   1.8945246E+06   1.8932908E+06   0.0000000E+00   0.0000000E+00   0.0000000E+00   0.0000000E+00   0.0000000E+00
   2.4128244E-04   1.8931184E+06   1.8931184E+06   2.4804991E+06   3.2160024E+04   2.3439217E+03   1.8943269E+06   1.8931184E+06   0.0000000E+00   0.0000000E+00   0.0000000E+00   0.0000000E+00   0.0000000E+00
   2.5928400E-04   1.8929194E+06   1.8929194E+06   2.4735422E+06   3.2100945E+04   2.3260731E+03   1.8940989E+06   1.8929194E+06   0.0000000E+00   0.0000000E+00   0.0000000E+00   0.0000000E+00   0.0000000E+00
   2.7862861E-04   1.8926899E+06   1.8926899E+06   2.4655306E+06   3.2032860E+04   2.3055776E+03   1.8938358E+06   1.8926899E+06   0.0000000E+00   0.0000000E+00   0.0000000E+00   0.0000000E+00   0.0000000E+00
   2.9941649E-04   1.8924251E+06   1.8924251E+06   2.4563084E+06   3.1954421E+04   2.2820634E+03   1.8935324E+06   1.8924251E+06   0.0000000E+00   0.0000000E+00   0.0000000E+00   0.0000000E+00   0.0000000E+00
   3.2175530E-04   1.8921197E+06   1.8921197E+06   2.4456980E+06   3.1864086E+04   2.2551136E+03   1.8931826E+06   1.8921197E+06   0.0000000E+00   0.0000000E+00   0.0000000E+00   0.0000000E+00   0.0000000E+00
   3.4576077E-04   1.8917675E+06   1.8917675E+06   2.4334974E+06   3.1760095E+04   2.2242630E+03   1.8927793E+06   1.8917675E+06   0.0000000E+00   0.0000000E+00   0.0000000E+00   0.0000000E+00   0.0000000E+00
   3.7155723E-04   1.8913615E+06   1.8913615E+06   2.4194774E+06   3.1640441E+04   2.1889958E+03   1.8923146E+06   1.8913615E+06   0.0000000E+00   0.0000000E+00   0.0000000E+00   0.0000000E+00   0.0000000E+00
   3.9927830E-04   1.8908936E+06   1.8908936E+06   2.4033792E+06   3.1502843E+04   2.1487445E+03   1.8917791E+06   1.8908936E+06   0.0000000E+00   0.0000000E+00   0.0000000E+00   0.0000000E+00   0.0000000E+00
   4.2906759E-04   1.8903544E+06   1.8903544E+06   2.3849110E+06   3.1344713E+04   2.1028907E+03   1.8911623E+06   1.8903544E+06   0.0000000E+00   0.0000000E+00   0.0000000E+00   0.0000000E+00   0.0000000E+00
   4.6107939E-04   1.8897334E+06   1.8897334E+06   2.3637457E+06   3.1163122E+04   2.0507687E+03   1.8904521E+06   1.8897334E+06   0.0000000E+00   0.0000000E+00   0.0000000E+00   0.0000000E+00   0.0000000E+00
   4.9547952E-04   1.8890183E+06   1.8890183E+06   2.3395181E+06   3.0954770E+04   1.9916725E+03   1.8896349E+06   1.8890183E+06   0.0000000E+00   0.0000000E+00   0.0000000E+00   0.0000000E+00   0.0000000E+00
   5.3244618E-04   1.8881954E+06   1.8881954E+06   2.3118231E+06   3.0715954E+04   1.9248685E+03   1.8886950E+06   1.8881954E+06   0.0000000E+00   0.0000000E+00   0.0000000E+00   0.0000000E+00   0.0000000E+00
   5.7217083E-04   1.8872488E+06   1.8872488E+06   2.2802149E+06   3.0442535E+04   1.8496153E+03   1.8876146E+06   1.8872488E+06   0.0000000E+00   0.0000000E+00   0.0000000E+00   0.0000000E+00   0.0000000E+00
   6.1485925E-04   1.8861606E+06   1.8861606E+06   2.2442069E+06   3.0129918E+04   1.7651922E+03   1.8863736E+06   1.8861606E+06   0.0000000E+00   0.0000000E+00   0.0000000E+00   0.0000000E+00   0.0000000E+00
   6.6073256E-04   1.8849105E+06   1.8849105E+06   2.2032742E+06   2.9773038E+04   1.6709407E+03   1.8849492E+06   1.8849105E+06   0.0000000E+00   0.0000000E+00   0.0000000E+00   0.0000000E+00   0.0000000E+00
   7.1002839E-04   1.8834755E+06   1.8834755E+06   2.1568584E+06   2.9366356E+04   1.5663198E+03   1.8833160E+06   1.8834755E+06   0.0000000E+00   0.0000000E+00   0.0000000E+00   0.0000000E+00   0.0000000E+00
   7.6300206E-04   1.8818297E+06   1.8818297E+06   2.1043763E+06   2.8903883E+04   1.4509810E+03   1.8814451E+06   1.8818297E+06   0.0000000E+00   0.0000000E+00   0.0000000E+00   0.0000000E+00   0.0000000E+00
   8.1992799E-04   1.8799441E+06   1.8799441E+06   2.0452331E+06   2.8379227E+04   1.3248644E+03   1.8793047E+06   1.8799441E+06   0.0000000E+00   0.0000000E+00   0.0000000E+00   0.0000000E+00   0.0000000E+00
   8.8110104E-04   1.8777864E+06   1.8777864E+06   1.9788419E+06   2.7785678E+04   1.1883204E+03   1.8768594E+06   1.8777864E+06   0.0000000E+00   0.0000000E+00   0.0000000E+00   0.0000000E+00   0.0000000E+00
   9.4683807E-04   1.8753205E+06   1.8753205E+06   1.9046512E+06   2.7116352E+04   1.0422577E+03   1.8740701E+06   1.8753205E+06   0.0000000E+00   0.0000000E+00   0.0000000E+00   0.0000000E+00   0.0000000E+00
   1.0174796E-03   1.8725070E+06   1.8725070E+06   1.8221813E+06   2.6364389E+04   8.8831852E+02   1.8708944E+06   1.8725070E+06   0.0000000E+00   0.0000000E+00   0.0000000E+00   0.0000000E+00   0.0000000E+00
   1.0933915E-03   1.8693022E+06   1.8693022E+06   1.7310720E+06   2.5523238E+04   7.2907419E+02   1.8672860E+06   1.8693022E+06   0.0000000E+00   0.0000000E+00   0.0000000E+00   0.0000000E+00   0.0000000E+00
   1.1749671E-03   1.8656591E+06   1.8656591E+06   1.6311422E+06   2.4587043E+04   5.6823029E+02   1.8631957E+06   1.8656591E+06   0.0000000E+00   0.0000000E+00   0.0000000E+00   0.0000000E+00   0.0000000E+00
   1.2626289E-03   1.8615271E+06   1.8615271E+06   1.5224621E+06   2.3551136E+04   4.1081837E+02   1.8585714E+06   1.8615271E+06   0.0000000E+00   0.0000000E+00   0.0000000E+00   0.0000000E+00   0.0000000E+00
   1.3568309E-03   1.8568523E+06   1.8568523E+06   1.4054373E+06   2.2412659E+04   2.6333660E+02   1.8533590E+06   1.8568523E+06   0.0000000E+00   0.0000000E+00   0.0000000E+00   0.0000000E+00   0.0000000E+00
   1.4580611E-03   1.8515787E+06   1.8515787E+06   1.2809002E+06   2.1171311E+04   1.3378239E+02   1.8475035E+06   1.8515787E+06   0.0000000E+00   0.0000000E+00   0.0000000E+00   0.0000000E+00   0.0000000E+00
   1.5668438E-03   1.8456483E+06   1.8456483E+06   1.1502033E+06   1.9830212E+04   3.1497328E+01   1.8409502E+06   1.8456483E+06   0.0000000E+00   0.0000000E+00   0.0000000E+00   0.0000000E+00   0.0000000E+00
   1.6837426E-03   1.8390029E+06   1.8390029E+06   1.0153007E+06   1.8396836E+04   -3.3278649E+01   1.8336460E+06   1.8390029E+06   0.0000000E+00   0.0000000E+00   0.0000000E+00   0.0000000E+00   0.0000000E+00
   1.8093630E-03   1.8315852E+06   1.8315852E+06   8.7880134E+05   1.6883948E+04   -5.0262549E+01   1.8255419E+06   1.8315852E+06   0.0000000E+00   0.0000000E+00   0.0000000E+00   0.0000000E+00   0.0000000E+00
   1.9443557E-03   1.8233402E+06   1.8233402E+06   7.4396736E+05   1.5310415E+04   -1.0507095E+01   1.8165945E+06   1.8233402E+06   0.0000000E+00   0.0000000E+00   0.0000000E+00   0.0000000E+00   0.0000000E+00
   2.0894198E-03   1.8142172E+06   1.8142172E+06   6.1462766E+05   1.3701709E+04   9.1629441E+01   1.8067676E+06   1.8142172E+06   0.0000000E+00   0.0000000E+00   0.0000000E+00   0.0000000E+00   0.0000000E+00
   2.2453069E-03   1.8041713E+06   1.8041713E+06   4.9497111E+05   1.2089862E+04   2.5597155E+02   1.7960338E+06   1.8041713E+06   0.0000000E+00   0.0000000E+00   0.0000000E+00   0.0000000E+00   0.0000000E+00
   2.4128244E-03   1.7931641E+06   1.7931641E+06   3.8919089E+05   1.0512577E+04   4.7374007E+02   1.7843746E+06   1.7931641E+06   0.0000000E+00   0.0000000E+00   0.0000000E+00   0.0000000E+00   0.0000000E+00
   2.5928400E-03   1.7811642E+06   1.7811642E+06   3.0096842E+05   9.0112177E+03   7.2509585E+02   1.7717793E+06   1.7811642E+06   0.0000000E+00   0.0000000E+00   0.0000000E+00   0.0000000E+00   0.0000000E+00
   2.7862861E-03   1.7681463E+06   1.7681463E+06   2.3282445E+05   7.6274429E+03   9.7805026E+02   1.7582422E+06   1.7681463E+06   0.0000000E+00   0.0000000E+00   0.0000000E+00   0.0000000E+00   0.0000000E+00
   2.9941649E-03   1.7540890E+06   1.7540890E+06   1.8542694E+05   6.3985032E+03   1.1901895E+03   1.7437574E+06   1.7540890E+06   0.0000000E+00   0.0000000E+00   0.0000000E+00   0.0000000E+00   0.0000000E+00
   3.2175530E-03   1.7389710E+06   1.7389710E+06   1.5702693E+05   5.3515815E+03   1.3147795E+03   1.7283124E+06   1.7389710E+06   0.0000000E+00   0.0000000E+00   0.0000000E+00   0.0000000E+00   0.0000000E+00
   3.4576077E-03   1.7227666E+06   1.7227666E+06   1.4327294E+05   4.4981227E+03   1.3122054E+03   1.7118804E+06   1.7227666E+06   0.0000000E+00   0.0000000E+00   0.0000000E+00   0.0000000E+00   0.0000000E+00
   3.7155723E-03   1.7054412E+06   1.7054412E+06   1.3768445E+05   3.8297215E+03   1.1658188E+03   1.6944147E+06   1.7054412E+06   0.0000000E+00   0.0000000E+00   0.0000000E+00   0.0000000E+00   0.0000000E+00
   3.9927830E-03   1.6869487E+06   1.6869487E+06   1.3297346E+05   3.3175683E+03   8.9785339E+02   1.6758470E+06   1.6869487E+06   0.0000000E+00   0.0000000E+00   0.0000000E+00   0.0000000E+00   0.0000000E+00
   4.2906759E-03   1.6672321E+06   1.6672321E+06   1.2311841E+05   2.9172586E+03   5.7681750E+02   1.6560925E+06   1.6672321E+06   0.0000000E+00   0.0000000E+00   0.0000000E+00   0.0000000E+00   0.0000000E+00
   4.6107939E-03   1.6462291E+06   1.6462291E+06   1.0560800E+05   2.5794567E+03   3.0527390E+02   1.6350630E+06   1.6462291E+06   0.0000000E+00   0.0000000E+00   0.0000000E+00   0.0000000E+00   0.0000000E+00
   4.9547952E-03   1.6238815E+06   1.6238815E+06   8.2748184E+04   2.2642668E+03   1.8091432E+02   1.6126853E+06   1.6238815E+06   0.0000000E+00   0.0000000E+00   0.0000000E+00   0.0000000E+00   0.0000000E+00
   5.3244618E-03   1.6001452E+06   1.6001452E+06   6.0776304E+04   1.9538744E+03   2.3904907E+02   1.5889167E+06   1.6001452E+06   0.0000000E+00   0.0000000E+00   0.0000000E+00   0.0000000E+00   0.0000000E+00
   5.7217083E-03   1.5749964E+06   1.5749964E+06   4.6310910E+04   1.6561154E+03   4.0924853E+02   1.5637508E+06   1.5749964E+06   0.0000000E+00   0.0000000E+00   0.0000000E+00   0.0000000E+00   0.0000000E+00
   6.1485925E-03   1.5484254E+06   1.5484254E+06   4.1595067E+04   1.3940902E+03   5.3547138E+02   1.5372006E+06   1.5484254E+06   0.0000000E+00   0.0000000E+00   0.0000000E+00   0.0000000E+00   0.0000000E+00
   6.6073256E-03   1.5204229E+06   1.5204229E+06   4.2099737E+04   1.1853863E+03   4.8434183E+02   1.5092695E+06   1.5204229E+06   0.0000000E+00   0.0000000E+00   0.0000000E+00   0.0000000E+00   0.0000000E+00
   7.1002839E-03   1.4909674E+06   1.4909674E+06   3.9867881E+04   1.0251307E+03   2.8079088E+02   1.4799277E+06   1.4909674E+06   0.0000000E+00   0.0000000E+00   0.0000000E+00   0.0000000E+00   0.0000000E+00
   7.6300206E-03   1.4600239E+06   1.4600239E+06   3.1321013E+04   8.8926017E+02   1.1997263E+02   1.4491191E+06   1.4600239E+06   0.0000000E+00   0.0000000E+00   0.0000000E+00   0.0000000E+00   0.0000000E+00
   8.1992799E-03   1.4275602E+06   1.4275602E+06   2.1597157E+04   7.5825701E+02   1.6125008E+02   1.4167972E+06   1.4275602E+06   0.0000000E+00   0.0000000E+00   0.0000000E+00   0.0000000E+00   0.0000000E+00
   8.8110104E-03   1.3935613E+06   1.3935613E+06   1.8025388E+04   6.3607107E+02   2.9368638E+02   1.3829552E+06   1.3935613E+06   0.0000000E+00   0.0000000E+00   0.0000000E+00   0.0000000E+00   0.0000000E+00
   9.4683807E-03   1.3580228E+06   1.3580228E+06   1.9084378E+04   5.3775963E+02   2.6157838E+02   1.3476064E+06   1.3580228E+06   0.0000000E+00   0.0000000E+00   0.0000000E+00   0.0000000E+00   0.0000000E+00
   1.0174796E-02   1.3209302E+06   1.3209302E+06   1.6622721E+04   4.6135877E+02   9.8530801E+01   1.3107383E+06   1.3209302E+06   0.0000000E+00   0.0000000E+00   0.0000000E+00   0.0000000E+00   0.0000000E+00
   1.0933915E-02   1.2822600E+06   1.2822600E+06   1.0905935E+04   3.9095487E+02   1.0075493E+02   1.2723113E+06   1.2822600E+06   0.0000000E+00   0.0000000E+00   0.0000000E+00   0.0000000E+00   0.0000000E+00
   1.1749671E-02   1.2420020E+06   1.2420020E+06   9.6598751E+03   3.2623371E+02   2.0121692E+02   1.2323082E+06   1.2420020E+06   0.0000000E+00   0.0000000E+00   0.0000000E+00   0.0000000E+00   0.0000000E+00
   1.2626289E-02   1.2001574E+06   1.2001574E+06   1.0059735E+04   2.7618507E+02   1.0502606E+02   1.1907409E+06   1.2001574E+06   0.0000000E+00   0.0000000E+00   0.0000000E+00   0.0000000E+00   0.0000000E+00
   1.3568309E-02   1.1567220E+06   1.1567220E+06   6.6035002E+03   2.3297094E+02   5.8246999E+01   1.1476093E+06   1.1567220E+06   0.0000000E+00   0.0000000E+00   0.0000000E+00   0.0000000E+00   0.0000000E+00
   1.4580611E-02   1.1117053E+06   1.1117053E+06   5.8107854E+03   1.9320214E+02   1.4242739E+02   1.1029140E+06   1.1117053E+06   0.0000000E+00   0.0000000E+00   0.0000000E+00   0.0000000E+00   0.0000000E+00
   1.5668438E-02   1.0651393E+06   1.0651393E+06   5.5885963E+03   1.6288559E+02   4.3334079E+01   1.0566839E+06   1.0651393E+06   0.0000000E+00   0.0000000E+00   0.0000000E+00   0.0000000E+00   0.0000000E+00
   1.6837426E-02   1.0170681E+06   1.0170681E+06   3.5198003E+03   1.3482533E+02   8.5147958E+01   1.0089694E+06   1.0170681E+06   0.0000000E+00   0.0000000E+00   0.0000000E+00   0.0000000E+00   0.0000000E+00
   1.8093630E-02   9.6757446E+05   9.6757446E+05   3.9115120E+03   1.1216493E+02   5.5862548E+01   9.5984888E+05   9.6757446E+05   0.0000000E+00   0.0000000E+00   0.0000000E+00   0.0000000E+00   0.0000000E+00
   1.9443557E-02   9.1677865E+05   9.1677865E+05   2.3824135E+03   9.2680318E+01   5.5772022E+01   9.0943896E+05   9.1677865E+05   0.0000000E+00   0.0000000E+00   0.0000000E+00   0.0000000E+00   0.0000000E+00
   2.0894197E-02   8.6485642E+05   8.6485642E+05   2.6011078E+03   7.6448734E+01   3.8657531E+01   8.5791796E+05   8.6485642E+05   0.0000000E+00   0.0000000E+00   0.0000000E+00   0.0000000E+00   0.0000000E+00
   2.2453058E-02   8.1205122E+05   8.1205122E+05   1.6450534E+03   6.2492258E+01   5.6316748E+01   8.0552246E+05   8.1205122E+05   0.0000000E+00   0.0000000E+00   0.0000000E+00   0.0000000E+00   0.0000000E+00
   2.4128183E-02   7.5869104E+05   7.5869104E+05   1.5374062E+03   5.1371793E+01   1.4254230E+01   7.5258107E+05   7.5869104E+05   0.0000000E+00   0.0000000E+00   0.0000000E+00   0.0000000E+00   0.0000000E+00
   2.5928110E-02   7.0520171E+05   7.0520171E+05   1.3287464E+03   4.1493749E+01   4.2086556E+01   6.9951362E+05   7.0520171E+05   0.0000000E+00   0.0000000E+00   0.0000000E+00   0.0000000E+00   0.0000000E+00
   2.7861661E-02   6.5212607E+05   6.5212607E+05   8.6534249E+02   3.3631642E+01   3.4756455E+01   6.4685800E+05   6.5212607E+05   0.0000000E+00   0.0000000E+00   0.0000000E+00   0.0000000E+00   0.0000000E+00
   2.9937276E-02   6.0013683E+05   6.0013683E+05   6.9485594E+02   2.7178914E+01   1.3549470E+01   5.9528356E+05   6.0013683E+05   0.0000000E+00   0.0000000E+00   0.0000000E+00   0.0000000E+00   0.0000000E+00
   3.2161431E-02   5.5004989E+05   5.5004989E+05   6.3467865E+02   2.1784634E+01   1.0116364E+01   5.4559683E+05   5.5004989E+05   0.0000000E+00   0.0000000E+00   0.0000000E+00   0.0000000E+00   0.0000000E+00
   3.4535568E-02   5.0281903E+05   5.0281903E+05   5.4628802E+02   1.7395832E+01   1.3039877E+01   4.9874424E+05   5.0281903E+05   0.0000000E+00   0.0000000E+00   0.0000000E+00   0.0000000E+00   0.0000000E+00
   3.7051561E-02   4.5948111E+05   4.5948111E+05   4.4557751E+02   1.3891507E+01   1.4227930E+01   4.5575425E+05   4.5948111E+05   0.0000000E+00   0.0000000E+00   0.0000000E+00   0.0000000E+00   0.0000000E+00
   3.9687451E-02   4.2101026E+05   4.2101026E+05   3.5871813E+02   1.1127547E+01   1.3504216E+01   4.1759305E+05   4.2101026E+05   0.0000000E+00   0.0000000E+00   0.0000000E+00   0.0000000E+00   0.0000000E+00
   4.2407413E-02   3.8808034E+05   3.8808034E+05   2.9098394E+02   8.9732480E+00   1.2004626E+01   3.8492858E+05   3.8808034E+05   0.0000000E+00   0.0000000E+00   0.0000000E+00   0.0000000E+00   0.0000000E+00
   4.5169121E-02   3.6084023E+05   3.6084023E+05   2.3879610E+02   7.3137424E+00   1.0435788E+01   3.5790818E+05   3.6084023E+05   0.0000000E+00   0.0000000E+00   0.0000000E+00   0.0000000E+00   0.0000000E+00
   4.7935529E-02   3.3886234E+05   3.3886234E+05   1.9821926E+02   6.0412000E+00   9.2255486E+00   3.3610769E+05   3.3886234E+05   0.0000000E+00   0.0000000E+00   0.0000000E+00   0.0000000E+00   0.0000000E+00
   5.0683262E-02   3.2130467E+05   3.2130467E+05   1.6656836E+02   5.0603332E+00   8.5015594E+00   3.1869180E+05   3.2130467E+05   0.0000000E+00   0.0000000E+00   0.0000000E+00   0.0000000E+00   0.0000000E+00
   5.3403514E-02   3.0715697E+05   3.0715697E+05   1.4183082E+02   4.2962289E+00   8.0782347E+00   3.0465834E+05   3.0715697E+05   0.0000000E+00   0.0000000E+00   0.0000000E+00   0.0000000E+00   0.0000000E+00
   5.6098057E-02   2.9543197E+05   2.9543197E+05   1.2238469E+02   3.6924803E+00   7.7009303E+00   2.9302802E+05   2.9543197E+05   0.0000000E+00   0.0000000E+00   0.0000000E+00   0.0000000E+00   0.0000000E+00
   5.8774538E-02   2.8526239E+05   2.8526239E+05   1.0697564E+02   3.2062940E+00   7.2598647E+00   2.8294062E+05   2.8526239E+05   0.0000000E+00   0.0000000E+00   0.0000000E+00   0.0000000E+00   0.0000000E+00
   6.1443075E-02   2.7593205E+05   2.7593205E+05   9.4593546E+01   2.8070370E+00   6.7587675E+00   2.7368575E+05   2.7593205E+05   0.0000000E+00   0.0000000E+00   0.0000000E+00   0.0000000E+00   0.0000000E+00
   6.4114326E-02   2.6687649E+05   2.6687649E+05   8.4371996E+01   2.4731026E+00   6.2721170E+00   2.6470350E+05   2.6687649E+05   0.0000000E+00   0.0000000E+00   0.0000000E+00   0.0000000E+00   0.0000000E+00
   6.6798572E-02   2.5767420E+05   2.5767420E+05   7.5584549E+01   2.1883384E+00   5.8927143E+00   2.5557583E+05   2.5767420E+05   0.0000000E+00   0.0000000E+00   0.0000000E+00   0.0000000E+00   0.0000000E+00
   6.9505360E-02   2.4803738E+05   2.4803738E+05   6.7715703E+01   1.9416029E+00   5.5964501E+00   2.4601721E+05   2.4803738E+05   0.0000000E+00   0.0000000E+00   0.0000000E+00   0.0000000E+00   0.0000000E+00
   7.2243443E-02   2.3780400E+05   2.3780400E+05   6.0449415E+01   1.7254502E+00   5.2703031E+00   2.3586692E+05   2.3780400E+05   0.0000000E+00   0.0000000E+00   0.0000000E+00   0.0000000E+00   0.0000000E+00
   7.5020827E-02   2.2693032E+05   2.2693032E+05   5.3563212E+01   1.5341747E+00   4.8353803E+00   2.2508160E+05   2.2693032E+05   0.0000000E+00   0.0000000E+00   0.0000000E+00   0.0000000E+00   0.0000000E+00
   7.7844881E-02   2.1548218E+05   2.1548218E+05   4.6810901E+01   1.3636322E+00   4.2704745E+00   2.1372653E+05   2.1548218E+05   0.0000000E+00   0.0000000E+00   0.0000000E+00   0.0000000E+00   0.0000000E+00
   8.0722440E-02   2.0362303E+05   2.0362303E+05   3.9911150E+01   1.2110242E+00   3.6394008E+00   2.0196384E+05   2.0362303E+05   0.0000000E+00   0.0000000E+00   0.0000000E+00   0.0000000E+00   0.0000000E+00
   8.3659915E-02   1.9159734E+05   1.9159734E+05   3.2754820E+01   1.0741561E+00   3.1478924E+00   1.9003599E+05   1.9159734E+05   0.0000000E+00   0.0000000E+00   0.0000000E+00   0.0000000E+00   0.0000000E+00
   8.6663378E-02   1.7970821E+05   1.7970821E+05   2.5859854E+01   9.5129082E-01   3.0922957E+00   1.7824363E+05   1.7970821E+05   0.0000000E+00   0.0000000E+00   0.0000000E+00   0.0000000E+00   0.0000000E+00
   8.9738643E-02   1.6828920E+05   1.6828920E+05   2.0716177E+01   8.4131484E-01   3.5997093E+00   1.6691758E+05   1.6828920E+05   0.0000000E+00   0.0000000E+00   0.0000000E+00   0.0000000E+00   0.0000000E+00
   9.2891326E-02   1.5767106E+05   1.5767106E+05   1.8958540E+01   7.4368702E-01   4.2121436E+00   1.5638588E+05   1.5767106E+05   0.0000000E+00   0.0000000E+00   0.0000000E+00   0.0000000E+00   0.0000000E+00
   9.6126901E-02   1.4814528E+05   1.4814528E+05   1.9704804E+01   6.5808558E-01   3.9281032E+00   1.4693765E+05   1.4814528E+05   0.0000000E+00   0.0000000E+00   0.0000000E+00   0.0000000E+00   0.0000000E+00
   9.9450742E-02   1.3992765E+05   1.3992765E+05   1.8388878E+01   5.8361917E-01   2.6219977E+00   1.3878694E+05   1.3992765E+05   0.0000000E+00   0.0000000E+00   0.0000000E+00   0.0000000E+00   0.0000000E+00
   1.0286816E-01   1.3312598E+05   1.3312598E+05   1.3357596E+01   5.1847289E-01   2.2192541E+00   1.3204065E+05   1.3312598E+05   0.0000000E+00   0.0000000E+00   0.0000000E+00   0.0000000E+00   0.0000000E+00
   1.0638442E-01   1.2771688E+05   1.2771688E+05   1.1622988E+01   4.6151175E-01   3.2845554E+00   1.2667558E+05   1.2771688E+05   0.0000000E+00   0.0000000E+00   0.0000000E+00   0.0000000E+00   0.0000000E+00
   1.1000479E-01   1.2353676E+05   1.2353676E+05   1.3433548E+01   4.1287897E-01   2.7298183E+00   1.2252949E+05   1.2353676E+05   0.0000000E+00   0.0000000E+00   0.0000000E+00   0.0000000E+00   0.0000000E+00
   1.1373453E-01   1.2029137E+05   1.2029137E+05   9.8535069E+00   3.7076893E-01   2.1920284E+00   1.1931052E+05   1.2029137E+05   0.0000000E+00   0.0000000E+00   0.0000000E+00   0.0000000E+00   0.0000000E+00
   1.1757892E-01   1.1758623E+05   1.1758623E+05   9.8598603E+00   3.3372399E-01   3.0202008E+00   1.1662741E+05   1.1758623E+05   0.0000000E+00   0.0000000E+00   0.0000000E+00   0.0000000E+00   0.0000000E+00
   1.2154329E-01   1.1497732E+05   1.1497732E+05   9.0677690E+00   3.0151769E-01   1.9123726E+00   1.1403972E+05   1.1497732E+05   0.0000000E+00   0.0000000E+00   0.0000000E+00   0.0000000E+00   0.0000000E+00
   1.2563298E-01   1.1203735E+05   1.1203735E+05   8.1446544E+00   2.7186910E-01   2.8701830E+00   1.1112369E+05   1.1203735E+05   0.0000000E+00   0.0000000E+00   0.0000000E+00   0.0000000E+00   0.0000000E+00
   1.2985342E-01   1.0842837E+05   1.0842837E+05   7.0503732E+00   2.4541719E-01   1.9134686E+00   1.0754411E+05   1.0842837E+05   0.0000000E+00   0.0000000E+00   0.0000000E+00   0.0000000E+00   0.0000000E+00
   1.3421006E-01   1.0396762E+05   1.0396762E+05   7.2914770E+00   2.2047993E-01   2.3025083E+00   1.0311970E+05   1.0396762E+05   0.0000000E+00   0.0000000E+00   0.0000000E+00   0.0000000E+00   0.0000000E+00
   1.3870842E-01   9.8671336E+04   9.8671336E+04   5.3373718E+00   1.9733372E-01   2.3212481E+00   9.7866592E+04   9.8671336E+04   0.0000000E+00   0.0000000E+00   0.0000000E+00   0.0000000E+00   0.0000000E+00
   1.4335411E-01   9.2762451E+04   9.2762451E+04   4.9824251E+00   1.7596306E-01   1.6467984E+00   9.2005868E+04   9.2762451E+04   0.0000000E+00   0.0000000E+00   0.0000000E+00   0.0000000E+00   0.0000000E+00
   1.4815278E-01   8.6633154E+04   8.6633154E+04   4.9693364E+00   1.5617705E-01   1.5857721E+00   8.5926548E+04   8.6633154E+04   0.0000000E+00   0.0000000E+00   0.0000000E+00   0.0000000E+00   0.0000000E+00
   1.5311018E-01   8.0762933E+04   8.0762933E+04   4.3140374E+00   1.3815496E-01   1.8360506E+00   8.0104189E+04   8.0762933E+04   0.0000000E+00   0.0000000E+00   0.0000000E+00   0.0000000E+00   0.0000000E+00
   1.5823213E-01   7.5605135E+04   7.5605135E+04   3.6003360E+00   1.2228953E-01   1.7896669E+00   7.4988442E+04   7.5605135E+04   0.0000000E+00   0.0000000E+00   0.0000000E+00   0.0000000E+00   0.0000000E+00
   1.6352454E-01   7.1467591E+04   7.1467591E+04   3.1149453E+00   1.0850814E-01   1.6783929E+00   7.0884634E+04   7.1467591E+04   0.0000000E+00   0.0000000E+00   0.0000000E+00   0.0000000E+00   0.0000000E+00
   1.6899343E-01   6.8421014E+04   6.8421014E+04   2.8368073E+00   9.6688205E-02   1.6135996E+00   6.7862898E+04   6.8421014E+04   0.0000000E+00   0.0000000E+00   0.0000000E+00   0.0000000E+00   0.0000000E+00
   1.7464493E-01   6.6268090E+04   6.6268090E+04   2.6813557E+00   8.6611732E-02   1.5092085E+00   6.5727523E+04   6.6268090E+04   0.0000000E+00   0.0000000E+00   0.0000000E+00   0.0000000E+00   0.0000000E+00
   1.8048530E-01   6.4593291E+04   6.4593291E+04   2.4678651E+00   7.7922401E-02   1.3092464E+00   6.4066375E+04   6.4593291E+04   0.0000000E+00   0.0000000E+00   0.0000000E+00   0.0000000E+00   0.0000000E+00
   1.8652092E-01   6.2889192E+04   6.2889192E+04   2.0303151E+00   7.0208613E-02   1.1715500E+00   6.2376168E+04   6.2889192E+04   0.0000000E+00   0.0000000E+00   0.0000000E+00   0.0000000E+00   0.0000000E+00
   1.9275838E-01   6.0725392E+04   6.0725392E+04   1.7612606E+00   6.3103578E-02   1.3172179E+00   6.0230011E+04   6.0725392E+04   0.0000000E+00   0.0000000E+00   0.0000000E+00   0.0000000E+00   0.0000000E+00
   1.9920443E-01   5.7902096E+04   5.7902096E+04   1.7982254E+00   5.6485035E-02   1.2180383E+00   5.7429739E+04   5.7902096E+04   0.0000000E+00   0.0000000E+00   0.0000000E+00   0.0000000E+00   0.0000000E+00
   2.0586604E-01   5.4524966E+04   5.4524966E+04   1.3740087E+00   5.0289230E-02   1.0512983E+00   5.4080152E+04   5.4524966E+04   0.0000000E+00   0.0000000E+00   0.0000000E+00   0.0000000E+00   0.0000000E+00
   2.1275045E-01   5.0959753E+04   5.0959753E+04   1.3805050E+00   4.4534722E-02   1.0518695E+00   5.0544017E+04   5.0959753E+04   0.0000000E+00   0.0000000E+00   0.0000000E+00   0.0000000E+00   0.0000000E+00
   2.1986521E-01   4.7672551E+04   4.7672551E+04   1.0903207E+00   3.9385988E-02   1.0118040E+00   4.7283628E+04   4.7672551E+04   0.0000000E+00   0.0000000E+00   0.0000000E+00   0.0000000E+00   0.0000000E+00
   2.2721818E-01   4.5017553E+04   4.5017553E+04   9.5699701E-01   3.4931737E-02   8.6692686E-01   4.4650286E+04   4.5017553E+04   0.0000000E+00   0.0000000E+00   0.0000000E+00   0.0000000E+00   0.0000000E+00
   2.3481767E-01   4.3071103E+04   4.3071103E+04   9.1335100E-01   3.1112643E-02   8.7399425E-01   4.2719710E+04   4.3071103E+04   0.0000000E+00   0.0000000E+00   0.0000000E+00   0.0000000E+00   0.0000000E+00
   2.4267242E-01   4.1601899E+04   4.1601899E+04   8.4396905E-01   2.7862604E-02   8.2308768E-01   4.1262489E+04   4.1601899E+04   0.0000000E+00   0.0000000E+00   0.0000000E+00   0.0000000E+00   0.0000000E+00
   2.5079174E-01   4.0204642E+04   4.0204642E+04   7.6005510E-01   2.4989640E-02   8.0350702E-01   3.9876629E+04   4.0204642E+04   0.0000000E+00   0.0000000E+00   0.0000000E+00   0.0000000E+00   0.0000000E+00
   2.5918554E-01   3.8532414E+04   3.8532414E+04   6.6235203E-01   2.2362433E-02   7.7938030E-01   3.8218040E+04   3.8532414E+04   0.0000000E+00   0.0000000E+00   0.0000000E+00   0.0000000E+00   0.0000000E+00
   2.6786447E-01   3.6493973E+04   3.6493973E+04   5.6110941E-01   1.9914855E-02   7.5564947E-01   3.6196227E+04   3.6493973E+04   0.0000000E+00   0.0000000E+00   0.0000000E+00   0.0000000E+00   0.0000000E+00
   2.7684001E-01   3.4289044E+04   3.4289044E+04   5.1703163E-01   1.7656842E-02   7.1425313E-01   3.4009285E+04   3.4289044E+04   0.0000000E+00   0.0000000E+00   0.0000000E+00   0.0000000E+00   0.0000000E+00
   2.8612460E-01   3.2251242E+04   3.2251242E+04   4.5478418E-01   1.5636323E-02   6.3635140E-01   3.1988107E+04   3.2251242E+04   0.0000000E+00   0.0000000E+00   0.0000000E+00   0.0000000E+00   0.0000000E+00
   2.9573179E-01   3.0603056E+04   3.0603056E+04   4.0476024E-01   1.3879373E-02   6.4718565E-01   3.0353367E+04   3.0603056E+04   0.0000000E+00   0.0000000E+00   0.0000000E+00   0.0000000E+00   0.0000000E+00
   3.0567642E-01   2.9302622E+04   2.9302622E+04   3.4971138E-01   1.2374417E-02   5.8857959E-01   2.9063542E+04   2.9302622E+04   0.0000000E+00   0.0000000E+00   0.0000000E+00   0.0000000E+00   0.0000000E+00
   3.1597480E-01   2.8103030E+04   2.8103030E+04   3.2039994E-01   1.1049020E-02   5.4522070E-01   2.7873735E+04   2.8103030E+04   0.0000000E+00   0.0000000E+00   0.0000000E+00   0.0000000E+00   0.0000000E+00
   3.2664495E-01   2.6775406E+04   2.6775406E+04   2.8758302E-01   9.8433727E-03   5.1971520E-01   2.6556943E+04   2.6775406E+04   0.0000000E+00   0.0000000E+00   0.0000000E+00   0.0000000E+00   0.0000000E+00
   3.3770689E-01   2.5300263E+04   2.5300263E+04   2.5128060E-01   8.7327487E-03   5.0148330E-01   2.5093834E+04   2.5300263E+04   0.0000000E+00   0.0000000E+00   0.0000000E+00   0.0000000E+00   0.0000000E+00
   3.4918295E-01   2.3852181E+04   2.3852181E+04   2.2165561E-01   7.7306669E-03   4.7539017E-01   2.3657566E+04   2.3852181E+04   0.0000000E+00   0.0000000E+00   0.0000000E+00   0.0000000E+00   0.0000000E+00
   3.6109819E-01   2.2599206E+04   2.2599206E+04   2.0192160E-01   6.8488898E-03   4.5822056E-01   2.2414814E+04   2.2599206E+04   0.0000000E+00   0.0000000E+00   0.0000000E+00   0.0000000E+00   0.0000000E+00
   3.7348083E-01   2.1530249E+04   2.1530249E+04   1.7567665E-01   6.0811238E-03   4.2503762E-01   2.1354577E+04   2.1530249E+04   0.0000000E+00   0.0000000E+00   0.0000000E+00   0.0000000E+00   0.0000000E+00
   3.8636283E-01   2.0495896E+04   2.0495896E+04   1.5589878E-01   5.3970310E-03   4.2019343E-01   2.0328663E+04   2.0495896E+04   0.0000000E+00   0.0000000E+00   0.0000000E+00   0.0000000E+00   0.0000000E+00
   3.9978065E-01   1.9401830E+04   1.9401830E+04   1.3811533E-01   4.7781033E-03   3.9080506E-01   1.9243524E+04   1.9401830E+04   0.0000000E+00   0.0000000E+00   0.0000000E+00   0.0000000E+00   0.0000000E+00
   4.1377602E-01   1.8308152E+04   1.8308152E+04   1.2195487E-01   4.2168658E-03   3.7679123E-01   1.8158769E+04   1.8308152E+04   0.0000000E+00   0.0000000E+00   0.0000000E+00   0.0000000E+00   0.0000000E+00
   4.2839705E-01   1.7315315E+04   1.7315315E+04   1.0901338E-01   3.7210195E-03   3.4358900E-01   1.7174032E+04   1.7315315E+04   0.0000000E+00   0.0000000E+00   0.0000000E+00   0.0000000E+00   0.0000000E+00
   4.4369961E-01   1.6414723E+04   1.6414723E+04   9.5606550E-02   3.2826580E-03   3.3973873E-01   1.6280788E+04   1.6414723E+04   0.0000000E+00   0.0000000E+00   0.0000000E+00   0.0000000E+00   0.0000000E+00
   4.5974890E-01   1.5524855E+04   1.5524855E+04   8.4143276E-02   2.8909021E-03   3.1897321E-01   1.5398181E+04   1.5524855E+04   0.0000000E+00   0.0000000E+00   0.0000000E+00   0.0000000E+00   0.0000000E+00
   4.7662170E-01   1.4632157E+04   1.4632157E+04   7.4203456E-02   2.5378507E-03   2.9905804E-01   1.4512766E+04   1.4632157E+04   0.0000000E+00   0.0000000E+00   0.0000000E+00   0.0000000E+00   0.0000000E+00
   4.9440901E-01   1.3789678E+04   1.3789678E+04   6.4563940E-02   2.2230755E-03   2.6977041E-01   1.3677161E+04   1.3789678E+04   0.0000000E+00   0.0000000E+00   0.0000000E+00   0.0000000E+00   0.0000000E+00
   5.1321955E-01   1.3000387E+04   1.3000387E+04   5.6522335E-02   1.9439394E-03   2.5836613E-01   1.2894310E+04   1.3000387E+04   0.0000000E+00   0.0000000E+00   0.0000000E+00   0.0000000E+00   0.0000000E+00
   5.3318431E-01   1.2224252E+04   1.2224252E+04   4.9439120E-02   1.6935171E-03   2.3976329E-01   1.2124508E+04   1.2224252E+04   0.0000000E+00   0.0000000E+00   0.0000000E+00   0.0000000E+00   0.0000000E+00
   5.5446227E-01   1.1467596E+04   1.1467596E+04   4.2856810E-02   1.4698582E-03   2.2384218E-01   1.1374025E+04   1.1467596E+04   0.0000000E+00   0.0000000E+00   0.0000000E+00   0.0000000E+00   0.0000000E+00
   5.7724791E-01   1.0746888E+04   1.0746888E+04   3.6987434E-02   1.2700055E-03   2.1781917E-01   1.0659198E+04   1.0746888E+04   0.0000000E+00   0.0000000E+00   0.0000000E+00   0.0000000E+00   0.0000000E+00
   6.0178069E-01   1.0043802E+04   1.0043802E+04   3.1806506E-02   1.0922047E-03   2.0180055E-01   9.9618479E+03   1.0043802E+04   0.0000000E+00   0.0000000E+00   0.0000000E+00   0.0000000E+00   0.0000000E+00
   6.2835682E-01   9.3586190E+03   9.3586190E+03   2.7192358E-02   9.3353650E-04   1.8789980E-01   9.2822559E+03   9.3586190E+03   0.0000000E+00   0.0000000E+00   0.0000000E+00   0.0000000E+00   0.0000000E+00
   6.5734325E-01   8.6945273E+03   8.6945273E+03   2.3096146E-02   7.9266302E-04   1.7118199E-01   8.6235826E+03   8.6945273E+03   0.0000000E+00   0.0000000E+00   0.0000000E+00   0.0000000E+00   0.0000000E+00
   6.8919255E-01   8.0443852E+03   8.0443852E+03   1.9440044E-02   6.6703009E-04   1.5962175E-01   7.9787454E+03   8.0443852E+03   0.0000000E+00   0.0000000E+00   0.0000000E+00   0.0000000E+00   0.0000000E+00
   7.2445530E-01   7.4106851E+03   7.4106851E+03   1.6205736E-02   5.5621292E-04   1.4457697E-01   7.3502162E+03   7.4106851E+03   0.0000000E+00   0.0000000E+00   0.0000000E+00   0.0000000E+00   0.0000000E+00
   7.6378218E-01   6.7913273E+03   6.7913273E+03   1.3360344E-02   4.5852407E-04   1.3369404E-01   6.7359119E+03   6.7913273E+03   0.0000000E+00   0.0000000E+00   0.0000000E+00   0.0000000E+00   0.0000000E+00
   8.0790200E-01   6.1884037E+03   6.1884037E+03   1.0880744E-02   3.7338821E-04   1.2275028E-01   6.1379079E+03   6.1884037E+03   0.0000000E+00   0.0000000E+00   0.0000000E+00   0.0000000E+00   0.0000000E+00
   8.5755893E-01   5.6045814E+03   5.6045814E+03   8.7458947E-03   3.0010991E-04   1.1212412E-01   5.5588494E+03   5.6045814E+03   0.0000000E+00   0.0000000E+00   0.0000000E+00   0.0000000E+00   0.0000000E+00
   9.1340307E-01   5.0450205E+03   5.0450205E+03   6.9394543E-03   2.3813075E-04   1.0148558E-01   5.0038544E+03   5.0450205E+03   0.0000000E+00   0.0000000E+00   0.0000000E+00   0.0000000E+00   0.0000000E+00
   9.7586765E-01   4.5164666E+03   4.5164666E+03   5.4425678E-03   1.8674376E-04   9.0179265E-02   4.4796132E+03   4.5164666E+03   0.0000000E+00   0.0000000E+00   0.0000000E+00   0.0000000E+00   0.0000000E+00
   1.0451129E+00   4.0254897E+03   4.0254897E+03   4.2293894E-03   1.4512127E-04   8.1178120E-02   3.9926426E+03   4.0254897E+03   0.0000000E+00   0.0000000E+00   0.0000000E+00   0.0000000E+00   0.0000000E+00
   1.1211013E+00   3.5765698E+03   3.5765698E+03   3.2656029E-03   1.1206664E-04   6.9798081E-02   3.5473857E+03   3.5765698E+03   0.0000000E+00   0.0000000E+00   0.0000000E+00   0.0000000E+00   0.0000000E+00
   1.2037643E+00   3.1712393E+03   3.1712393E+03   2.5114842E-03   8.6183550E-05   6.2333508E-02   3.1453626E+03   3.1712393E+03   0.0000000E+00   0.0000000E+00   0.0000000E+00   0.0000000E+00   0.0000000E+00
   1.2931466E+00   2.8084363E+03   2.8084363E+03   1.9273049E-03   6.6129386E-05   5.5850831E-02   2.7855200E+03   2.8084363E+03   0.0000000E+00   0.0000000E+00   0.0000000E+00   0.0000000E+00   0.0000000E+00
   1.3894603E+00   2.4852473E+03   2.4852473E+03   1.4772579E-03   5.0683538E-05   4.9558297E-02   2.4649681E+03   2.4852473E+03   0.0000000E+00   0.0000000E+00   0.0000000E+00   0.0000000E+00   0.0000000E+00
   1.4930689E+00   2.1980727E+03   2.1980727E+03   1.1315161E-03   3.8822505E-05   4.4247697E-02   2.1801368E+03   2.1980727E+03   0.0000000E+00   0.0000000E+00   0.0000000E+00   0.0000000E+00   0.0000000E+00
   1.6044469E+00   1.9432783E+03   1.9432783E+03   8.6628549E-04   2.9721199E-05   3.8757483E-02   1.9274215E+03   1.9432783E+03   0.0000000E+00   0.0000000E+00   0.0000000E+00   0.0000000E+00   0.0000000E+00
   1.7241470E+00   1.7173482E+03   1.7173482E+03   6.6295730E-04   2.2745170E-05   3.4267210E-02   1.7033349E+03   1.7173482E+03   0.0000000E+00   0.0000000E+00   0.0000000E+00   0.0000000E+00   0.0000000E+00
   1.8527809E+00   1.5171528E+03   1.5171528E+03   5.0717166E-04   1.7399109E-05   3.0743938E-02   1.5047731E+03   1.5171528E+03   0.0000000E+00   0.0000000E+00   0.0000000E+00   0.0000000E+00   0.0000000E+00
   1.9910127E+00   1.3398220E+03   1.3398220E+03   3.8786000E-04   1.3308564E-05   2.6199827E-02   1.3288893E+03   1.3398220E+03   0.0000000E+00   0.0000000E+00   0.0000000E+00   0.0000000E+00   0.0000000E+00
   2.1395578E+00   1.1828270E+03   1.1828270E+03   2.9651532E-04   1.0173483E-05   2.3261543E-02   1.1731753E+03   1.1828270E+03   0.0000000E+00   0.0000000E+00   0.0000000E+00   0.0000000E+00   0.0000000E+00
   2.2991855E+00   1.0438857E+03   1.0438857E+03   2.2660902E-04   7.7745338E-06   2.0850117E-02   1.0353678E+03   1.0438857E+03   0.0000000E+00   0.0000000E+00   0.0000000E+00   0.0000000E+00   0.0000000E+00
   2.4707228E+00   9.2097368E+02   9.2097368E+02   1.7312985E-04   5.9402289E-06   1.8352897E-02   9.1345867E+02   9.2097368E+02   0.0000000E+00   0.0000000E+00   0.0000000E+00   0.0000000E+00   0.0000000E+00
   2.6550580E+00   8.1228522E+02   8.1228522E+02   1.3223114E-04   4.5373088E-06   1.6025722E-02   8.0565709E+02   8.1228522E+02   0.0000000E+00   0.0000000E+00   0.0000000E+00   0.0000000E+00   0.0000000E+00
   2.8531461E+00   7.1620938E+02   7.1620938E+02   1.0096318E-04   3.4641105E-06   1.4269774E-02   7.1036521E+02   7.1620938E+02   0.0000000E+00   0.0000000E+00   0.0000000E+00   0.0000000E+00   0.0000000E+00
   3.0660132E+00   6.3131377E+02   6.3131377E+02   7.7069831E-05   2.6438918E-06   1.2833126E-02   6.2616235E+02   6.3131377E+02   0.0000000E+00   0.0000000E+00   0.0000000E+00   0.0000000E+00   0.0000000E+00
   3.2947617E+00   5.5632422E+02   5.5632422E+02   5.8861532E-05   2.0179424E-06   1.1077231E-02   5.5178469E+02   5.5632422E+02   0.0000000E+00   0.0000000E+00   0.0000000E+00   0.0000000E+00   0.0000000E+00
   3.5405768E+00   4.9010764E+02   4.9010764E+02   4.4884072E-05   1.5395471E-06   9.7336421E-03   4.8610843E+02   4.9010764E+02   0.0000000E+00   0.0000000E+00   0.0000000E+00   0.0000000E+00   0.0000000E+00
   3.8047315E+00   4.3165720E+02   4.3165720E+02   3.4227068E-05   1.1741735E-06   8.6448575E-03   4.2813493E+02   4.3165720E+02   0.0000000E+00   0.0000000E+00   0.0000000E+00   0.0000000E+00   0.0000000E+00
   4.0885943E+00   3.8007878E+02   3.8007878E+02   2.6095806E-05   8.9538904E-07   7.5623202E-03   3.7697739E+02   3.8007878E+02   0.0000000E+00   0.0000000E+00   0.0000000E+00   0.0000000E+00   0.0000000E+00
   4.3936354E+00   3.3457877E+02   3.3457877E+02   1.9891855E-05   6.8256787E-07   6.6873546E-03   3.3184866E+02   3.3457877E+02   0.0000000E+00   0.0000000E+00   0.0000000E+00   0.0000000E+00   0.0000000E+00
   4.7214350E+00   2.9445313E+02   2.9445313E+02   1.5159370E-05   5.2024825E-07   5.8275807E-03   2.9205043E+02   2.9445313E+02   0.0000000E+00   0.0000000E+00   0.0000000E+00   0.0000000E+00   0.0000000E+00
   5.0736910E+00   2.5907754E+02   2.5907754E+02   1.1550122E-05   3.9642435E-07   5.1685183E-03   2.5696351E+02   2.5907754E+02   0.0000000E+00   0.0000000E+00   0.0000000E+00   0.0000000E+00   0.0000000E+00
   5.4522281E+00   2.2789870E+02   2.2789870E+02   8.7981834E-06   3.0200606E-07   4.5167267E-03   2.2603908E+02   2.2789870E+02   0.0000000E+00   0.0000000E+00   0.0000000E+00   0.0000000E+00   0.0000000E+00
   5.8590070E+00   2.0042645E+02   2.0042645E+02   6.7004310E-06   2.3002692E-07   3.9826095E-03   1.9879099E+02   2.0042645E+02   0.0000000E+00   0.0000000E+00   0.0000000E+00   0.0000000E+00   0.0000000E+00
   6.2961348E+00   1.7622672E+02   1.7622672E+02   5.1062354E-06   1.7515551E-07   3.5568042E-03   1.7478874E+02   1.7622672E+02   0.0000000E+00   0.0000000E+00   0.0000000E+00   0.0000000E+00   0.0000000E+00
   6.7658757E+00   1.5491536E+02   1.5491536E+02   3.8848417E-06   1.3335485E-07   3.1203110E-03   1.5365127E+02   1.5491536E+02   0.0000000E+00   0.0000000E+00   0.0000000E+00   0.0000000E+00   0.0000000E+00
   7.2706630E+00   1.3615245E+02   1.3615245E+02   2.9562381E-06   1.0151582E-07   2.7352609E-03   1.3504147E+02   1.3615245E+02   0.0000000E+00   0.0000000E+00   0.0000000E+00   0.0000000E+00   0.0000000E+00
   7.8131114E+00   1.1963739E+02   1.1963739E+02   2.2493425E-06   7.7268833E-08   2.3683862E-03   1.1866117E+02   1.1963739E+02   0.0000000E+00   0.0000000E+00   0.0000000E+00   0.0000000E+00   0.0000000E+00
   8.3960306E+00   1.0510443E+02   1.0510443E+02   1.7111853E-06   5.8802176E-08   2.0663917E-03   1.0424679E+02   1.0510443E+02   0.0000000E+00   0.0000000E+00   0.0000000E+00   0.0000000E+00   0.0000000E+00
