#           k/h    CDM            baryon         photon         nu             mass_nu        total          no_nu          total_de       Weyl           v_CDM          v_b            v_b-v_c     
   1.0385785E-05   1.5882040E+07   1.5882040E+07   2.1167057E+07   1.0748433E+04   1.4541733E+07   1.5882059E+07   1.5882040E+07   0.0000000E+00   0.0000000E+00   0.0000000E+00   0.0000000E+00   0.0000000E+00
   1.1160646E-05   1.5882037E+07   1.5882037E+07   2.1165661E+07   1.0747977E+04   1.4541471E+07   1.5882055E+07   1.5882037E+07   0.0000000E+00   0.0000000E+00   0.0000000E+00   0.0000000E+00   0.0000000E+00
   1.1993318E-05   1.5882033E+07   1.5882033E+07   2.1164048E+07   1.0747449E+04   1.4541168E+07   1.5882052E+07   1.5882033E+07   0.0000000E+00   0.0000000E+00   0.0000000E+00   0.0000000E+00   0.0000000E+00
   1.2888113E-05   1.5882029E+07   1.5882029E+07   2.1162186E+07   1.0746840E+04   1.4540819E+07   1.5882047E+07   1.5882029E+07   0.0000000E+00   0.0000000E+00   0.0000000E+00   0.0000000E+00   0.0000000E+00
   1.3849667E-05   1.5882024E+07   1.5882024E+07   2.1160037E+07   1.0746137E+04   1.4540415E+07   1.5882042E+07   1.5882024E+07   0.0000000E+00   0.0000000E+00   0.0000000E+00   0.0000000E+00   0.0000000E+00
   1.4882961E-05   1.5882019E+07   1.5882019E+07   2.1157554E+07   1.0745325E+04   1.4539949E+07   1.5882036E+07   1.5882019E+07   0.0000000E+00   0.0000000E+00   0.0000000E+00   0.0000000E+00   0.0000000E+00
   1.5993346E-05   1.5882012E+07   1.5882012E+07   2.1154688E+07   1.0744387E+04   1.4539411E+07   1.5882030E+07   1.5882012E+07   0.0000000E+00   0.0000000E+00   0.0000000E+00   0.0000000E+00   0.0000000E+00
   1.7186575E-05   1.5882005E+07   1.5882005E+07   2.1151379E+07   1.0743304E+04   1.4538790E+07   1.5882022E+07   1.5882005E+07   0.0000000E+00   0.0000000E+00   0.0000000E+00   0.0000000E+00   0.0000000E+00
   1.8468828E-05   1.5881996E+07   1.5881996E+07   2.1147558E+07   1.0742054E+04   1.4538073E+07   1.5882013E+07   1.5881996E+07   0.0000000E+00   0.0000000E+00   0.0000000E+00   0.0000000E+00   0.0000000E+00
   1.9846747E-05   1.5881986E+07   1.5881986E+07   2.1143146E+07   1.0740611E+04   1.4537245E+07   1.5882003E+07   1.5881986E+07   0.0000000E+00   0.0000000E+00   0.0000000E+00   0.0000000E+00   0.0000000E+00
   2.1327470E-05   1.5881975E+07   1.5881975E+07   2.1138053E+07   1.0738944E+04   1.4536290E+07   1.5881991E+07   1.5881975E+07   0.0000000E+00   0.0000000E+00   0.0000000E+00   0.0000000E+00   0.0000000E+00
   2.2918666E-05   1.5881962E+07   1.5881962E+07   2.1132173E+07   1.0737020E+04   1.4535187E+07   1.5881977E+07   1.5881962E+07   0.0000000E+00   0.0000000E+00   0.0000000E+00   0.0000000E+00   0.0000000E+00
   2.4628578E-05   1.5881947E+07   1.5881947E+07   2.1125384E+07   1.0734799E+04   1.4533913E+07   1.5881961E+07   1.5881947E+07   0.0000000E+00   0.0000000E+00   0.0000000E+00   0.0000000E+00   0.0000000E+00
   2.6466063E-05   1.5881929E+07   1.5881929E+07   2.1117548E+07   1.0732234E+04   1.4532444E+07   1.5881942E+07   1.5881929E+07   0.0000000E+00   0.0000000E+00   0.0000000E+00   0.0000000E+00   0.0000000E+00
   2.8440638E-05   1.5881909E+07   1.5881909E+07   2.1108501E+07   1.0729273E+04   1.4530748E+07   1.5881921E+07   1.5881909E+07   0.0000000E+00   0.0000000E+00   0.0000000E+00   0.0000000E+00   0.0000000E+00
   3.0562532E-05   1.5881885E+07   1.5881885E+07   2.1098060E+07   1.0725855E+04   1.4528790E+07   1.5881897E+07   1.5881885E+07   0.0000000E+00   0.0000000E+00   0.0000000E+00   0.0000000E+00   0.0000000E+00
   3.2842736E-05   1.5881858E+07   1.5881858E+07   2.1086007E+07   1.0721910E+04   1.4526532E+07   1.5881868E+07   1.5881858E+07   0.0000000E+00   0.0000000E+00   0.0000000E+00   0.0000000E+00   0.0000000E+00
   3.5293062E-05   1.5881827E+07   1.5881827E+07   2.1072098E+07   1.0717356E+04   1.4523925E+07   1.5881836E+07   1.5881827E+07   0.0000000E+00   0.0000000E+00   0.0000000E+00   0.0000000E+00   0.0000000E+00
   3.7926200E-05   1.5881790E+07   1.5881790E+07   2.1056046E+07   1.0712099E+04   1.4520919E+07   1.5881798E+07   1.5881790E+07   0.0000000E+00   0.0000000E+00   0.0000000E+00   0.0000000E+00   0.0000000E+00
   4.0755792E-05   1.5881749E+07   1.5881749E+07   2.1037524E+07   1.0706033E+04   1.4517451E+07   1.5881754E+07   1.5881749E+07   0.0000000E+00   0.0000000E+00   0.0000000E+00   0.0000000E+00   0.0000000E+00
   4.3796493E-05   1.5881700E+07   1.5881700E+07   2.1016154E+07   1.0699032E+04   1.4513452E+07   1.5881704E+07   1.5881700E+07   0.0000000E+00   0.0000000E+00   0.0000000E+00   0.0000000E+00   0.0000000E+00
   4.7064054E-05   1.5881645E+07   1.5881645E+07   2.0991502E+07   1.0690955E+04   1.4508841E+07   1.5881646E+07   1.5881645E+07   0.0000000E+00   0.0000000E+00   0.0000000E+00   0.0000000E+00   0.0000000E+00
   5.0575401E-05   1.5881580E+07   1.5881580E+07   2.0963068E+07   1.0681635E+04   1.4503526E+07   1.5881579E+07   1.5881580E+07   0.0000000E+00   0.0000000E+00   0.0000000E+00   0.0000000E+00   0.0000000E+00
   5.4348722E-05   1.5881506E+07   1.5881506E+07   2.0930277E+07   1.0670885E+04   1.4497401E+07   1.5881501E+07   1.5881506E+07   0.0000000E+00   0.0000000E+00   0.0000000E+00   0.0000000E+00   0.0000000E+00
   5.8403562E-05   1.5881421E+07   1.5881421E+07   2.0892471E+07   1.0658485E+04   1.4490345E+07   1.5881412E+07   1.5881421E+07   0.0000000E+00   0.0000000E+00   0.0000000E+00   0.0000000E+00   0.0000000E+00
   6.2760925E-05   1.5881322E+07   1.5881322E+07   2.0848893E+07   1.0644187E+04   1.4482218E+07   1.5881309E+07   1.5881322E+07   0.0000000E+00   0.0000000E+00   0.0000000E+00   0.0000000E+00   0.0000000E+00
   6.7443381E-05   1.5881208E+07   1.5881208E+07   2.0798677E+07   1.0627702E+04   1.4472864E+07   1.5881190E+07   1.5881208E+07   0.0000000E+00   0.0000000E+00   0.0000000E+00   0.0000000E+00   0.0000000E+00
   7.2475186E-05   1.5881076E+07   1.5881076E+07   2.0740828E+07   1.0608701E+04   1.4462101E+07   1.5881052E+07   1.5881076E+07   0.0000000E+00   0.0000000E+00   0.0000000E+00   0.0000000E+00   0.0000000E+00
   7.7882402E-05   1.5880924E+07   1.5880924E+07   2.0674214E+07   1.0586807E+04   1.4449726E+07   1.5880893E+07   1.5880924E+07   0.0000000E+00   0.0000000E+00   0.0000000E+00   0.0000000E+00   0.0000000E+00
   8.3693039E-05   1.5880748E+07   1.5880748E+07   2.0597539E+07   1.0561587E+04   1.4435504E+07   1.5880710E+07   1.5880748E+07   0.0000000E+00   0.0000000E+00   0.0000000E+00   0.0000000E+00   0.0000000E+00
   8.9937194E-05   1.5880546E+07   1.5880546E+07   2.0509329E+07   1.0532548E+04   1.4419175E+07   1.5880499E+07   1.5880546E+07   0.0000000E+00   0.0000000E+00   0.0000000E+00   0.0000000E+00   0.0000000E+00
   9.6647213E-05   1.5880312E+07   1.5880312E+07   2.0407906E+07   1.0499125E+04   1.4400441E+07   1.5880255E+07   1.5880312E+07   0.0000000E+00   0.0000000E+00   0.0000000E+00   0.0000000E+00   0.0000000E+00
   1.0385785E-04   1.5880042E+07   1.5880042E+07   2.0291372E+07   1.0460678E+04   1.4378970E+07   1.5879974E+07   1.5880042E+07   0.0000000E+00   0.0000000E+00   0.0000000E+00   0.0000000E+00   0.0000000E+00
   1.1160646E-04   1.5879731E+07   1.5879731E+07   2.0157578E+07   1.0416478E+04   1.4354393E+07   1.5879649E+07   1.5879731E+07   0.0000000E+00   0.0000000E+00   0.0000000E+00   0.0000000E+00   0.0000000E+00
   1.1993318E-04   1.5879372E+07   1.5879372E+07   2.0004107E+07   1.0365698E+04   1.4326298E+07   1.5879274E+07   1.5879372E+07   0.0000000E+00   0.0000000E+00   0.0000000E+00   0.0000000E+00   0.0000000E+00
   1.2888113E-04   1.5878958E+07   1.5878958E+07   1.9828249E+07   1.0307405E+04   1.4294233E+07   1.5878842E+07   1.5878958E+07   0.0000000E+00   0.0000000E+00   0.0000000E+00   0.0000000E+00   0.0000000E+00
   1.3849667E-04   1.5878481E+07   1.5878481E+07   1.9626982E+07   1.0240551E+04   1.4257704E+07   1.5878345E+07   1.5878481E+07   0.0000000E+00   0.0000000E+00   0.0000000E+00   0.0000000E+00   0.0000000E+00
   1.4882961E-04   1.5877931E+07   1.5877931E+07   1.9396956E+07   1.0163960E+04   1.4216179E+07   1.5877771E+07   1.5877931E+07   0.0000000E+00   0.0000000E+00   0.0000000E+00   0.0000000E+00   0.0000000E+00
   1.5993346E-04   1.5877297E+07   1.5877297E+07   1.9134488E+07   1.0076320E+04   1.4169092E+07   1.5877109E+07   1.5877297E+07   0.0000000E+00   0.0000000E+00   0.0000000E+00   0.0000000E+00   0.0000000E+00
   1.7186575E-04   1.5876567E+07   1.5876567E+07   1.8835562E+07   9.9761828E+03   1.4115852E+07   1.5876347E+07   1.5876567E+07   0.0000000E+00   0.0000000E+00   0.0000000E+00   0.0000000E+00   0.0000000E+00
   1.8468828E-04   1.5875726E+07   1.5875726E+07   1.8495853E+07   9.8619531E+03   1.4055856E+07   1.5875469E+07   1.5875726E+07   0.0000000E+00   0.0000000E+00   0.0000000E+00   0.0000000E+00   0.0000000E+00
   1.9846747E-04   1.5874758E+07   1.5874758E+07   1.8110770E+07   9.7318966E+03   1.3988514E+07   1.5874459E+07   1.5874758E+07   0.0000000E+00   0.0000000E+00   0.0000000E+00   0.0000000E+00   0.0000000E+00
   2.1327470E-04   1.5873645E+07   1.5873645E+07   1.7675526E+07   9.5841470E+03   1.3913268E+07   1.5873297E+07   1.5873645E+07   0.0000000E+00   0.0000000E+00   0.0000000E+00   0.0000000E+00   0.0000000E+00
   2.2918666E-04   1.5872364E+07   1.5872364E+07   1.7185252E+07   9.4167258E+03   1.3829641E+07   1.5871960E+07   1.5872364E+07   0.0000000E+00   0.0000000E+00   0.0000000E+00   0.0000000E+00   0.0000000E+00
   2.4628578E-04   1.5870891E+07   1.5870891E+07   1.6635166E+07   9.2275741E+03   1.3737277E+07   1.5870423E+07   1.5870891E+07   0.0000000E+00   0.0000000E+00   0.0000000E+00   0.0000000E+00   0.0000000E+00
   2.6466063E-04   1.5869201E+07   1.5869201E+07   1.6020796E+07   9.0146024E+03   1.3636010E+07   1.5868658E+07   1.5869201E+07   0.0000000E+00   0.0000000E+00   0.0000000E+00   0.0000000E+00   0.0000000E+00
   2.8440638E-04   1.5867260E+07   1.5867260E+07   1.5338285E+07   8.7757610E+03   1.3525938E+07   1.5866632E+07   1.5867260E+07   0.0000000E+00   0.0000000E+00   0.0000000E+00   0.0000000E+00   0.0000000E+00
   3.0562532E-04   1.5865035E+07   1.5865035E+07   1.4584787E+07   8.5091371E+03   1.3407506E+07   1.5864309E+07   1.5865035E+07   0.0000000E+00   0.0000000E+00   0.0000000E+00   0.0000000E+00   0.0000000E+00
   3.2842736E-04   1.5862486E+07   1.5862486E+07   1.3758951E+07   8.2130832E+03   1.3281612E+07   1.5861648E+07   1.5862486E+07   0.0000000E+00   0.0000000E+00   0.0000000E+00   0.0000000E+00   0.0000000E+00
   3.5293062E-04   1.5859569E+07   1.5859569E+07   1.2861515E+07   7.8863800E+03   1.3149695E+07   1.5858602E+07   1.5859569E+07   0.0000000E+00   0.0000000E+00   0.0000000E+00   0.0000000E+00   0.0000000E+00
   3.7926200E-04   1.5856235E+07   1.5856235E+07   1.1895970E+07   7.5284374E+03   1.3013821E+07   1.5855121E+07   1.5856235E+07   0.0000000E+00   0.0000000E+00   0.0000000E+00   0.0000000E+00   0.0000000E+00
   4.0755792E-04   1.5852430E+07   1.5852430E+07   1.0869294E+07   7.1395307E+03   1.2876737E+07   1.5851147E+07   1.5852430E+07   0.0000000E+00   0.0000000E+00   0.0000000E+00   0.0000000E+00   0.0000000E+00
   4.3796493E-04   1.5848092E+07   1.5848092E+07   9.7926624E+06   6.7210649E+03   1.2741850E+07   1.5846618E+07   1.5848092E+07   0.0000000E+00   0.0000000E+00   0.0000000E+00   0.0000000E+00   0.0000000E+00
   4.7064054E-04   1.5843156E+07   1.5843156E+07   8.6820575E+06   6.2758511E+03   1.2613110E+07   1.5841463E+07   1.5843156E+07   0.0000000E+00   0.0000000E+00   0.0000000E+00   0.0000000E+00   0.0000000E+00
   5.0575401E-04   1.5837548E+07   1.5837548E+07   7.5586079E+06   5.8083652E+03   1.2494741E+07   1.5835605E+07   1.5837548E+07   0.0000000E+00   0.0000000E+00   0.0000000E+00   0.0000000E+00   0.0000000E+00
   5.4348722E-04   1.5831187E+07   1.5831187E+07   6.4484648E+06   5.3249444E+03   1.2390765E+07   1.5828962E+07   1.5831187E+07   0.0000000E+00   0.0000000E+00   0.0000000E+00   0.0000000E+00   0.0000000E+00
   5.8403562E-04   1.5823985E+07   1.5823985E+07   5.3819670E+06   4.8338597E+03   1.2304315E+07   1.5821442E+07   1.5823985E+07   0.0000000E+00   0.0000000E+00   0.0000000E+00   0.0000000E+00   0.0000000E+00
   6.2760925E-04   1.5815847E+07   1.5815847E+07   4.3918427E+06   4.3451866E+03   1.2236717E+07   1.5812944E+07   1.5815847E+07   0.0000000E+00   0.0000000E+00   0.0000000E+00   0.0000000E+00   0.0000000E+00
   6.7443381E-04   1.5806667E+07   1.5806667E+07   3.5102595E+06   3.8703870E+03   1.2186452E+07   1.5803360E+07   1.5806667E+07   0.0000000E+00   0.0000000E+00   0.0000000E+00   0.0000000E+00   0.0000000E+00
   7.2475186E-04   1.5796330E+07   1.5796330E+07   2.7647129E+06   3.4215309E+03   1.2148205E+07   1.5792571E+07   1.5796330E+07   0.0000000E+00   0.0000000E+00   0.0000000E+00   0.0000000E+00   0.0000000E+00
   7.7882402E-04   1.5784710E+07   1.5784710E+07   2.1730754E+06   3.0101248E+03   1.2112359E+07   1.5780447E+07   1.5784710E+07   0.0000000E+00   0.0000000E+00   0.0000000E+00   0.0000000E+00   0.0000000E+00
   8.3693039E-04   1.5771668E+07   1.5771668E+07   1.7386366E+06   2.6456051E+03   1.2065425E+07   1.5766847E+07   1.5771668E+07   0.0000000E+00   0.0000000E+00   0.0000000E+00   0.0000000E+00   0.0000000E+00
   8.9937194E-04   1.5757048E+07   1.5757048E+07   1.4465626E+06   2.3336940E+03   1.1991932E+07   1.5751612E+07   1.5757048E+07   0.0000000E+00   0.0000000E+00   0.0000000E+00   0.0000000E+00   0.0000000E+00
   9.6647213E-04   1.5740680E+07   1.5740680E+07   1.2636807E+06   2.0749878E+03   1.1878050E+07   1.5734571E+07   1.5740680E+07   0.0000000E+00   0.0000000E+00   0.0000000E+00   0.0000000E+00   0.0000000E+00
   1.0385785E-03   1.5722375E+07   1.5722375E+07   1.1434542E+06   1.8643052E+03   1.1716523E+07   1.5715535E+07   1.5722375E+07   0.0000000E+00   0.0000000E+00   0.0000000E+00   0.0000000E+00   0.0000000E+00
   1.1160646E-03   1.5701925E+07   1.5701925E+07   1.0369071E+06   1.6913546E+03   1.1511404E+07   1.5694298E+07   1.5701925E+07   0.0000000E+00   0.0000000E+00   0.0000000E+00   0.0000000E+00   0.0000000E+00
   1.1993318E-03   1.5679108E+07   1.5679108E+07   9.0772907E+05   1.5430471E+03   1.1279813E+07   1.5670640E+07   1.5679108E+07   0.0000000E+00   0.0000000E+00   0.0000000E+00   0.0000000E+00   0.0000000E+00
   1.2888113E-03   1.5653687E+07   1.5653687E+07   7.4617250E+05   1.4071882E+03   1.1047538E+07   1.5644328E+07   1.5653687E+07   0.0000000E+00   0.0000000E+00   0.0000000E+00   0.0000000E+00   0.0000000E+00
   1.3849667E-03   1.5625411E+07   1.5625411E+07   5.7345719E+05   1.2763853E+03   1.0837270E+07   1.5615120E+07   1.5625411E+07   0.0000000E+00   0.0000000E+00   0.0000000E+00   0.0000000E+00   0.0000000E+00
   1.4882961E-03   1.5594026E+07   1.5594026E+07   4.2959190E+05   1.1502360E+03   1.0653460E+07   1.5582767E+07   1.5594026E+07   0.0000000E+00   0.0000000E+00   0.0000000E+00   0.0000000E+00   0.0000000E+00
   1.5993346E-03   1.5559268E+07   1.5559268E+07   3.4600101E+05   1.0339885E+03   1.0474509E+07   1.5547013E+07   1.5559268E+07   0.0000000E+00   0.0000000E+00   0.0000000E+00   0.0000000E+00   0.0000000E+00
   1.7186575E-03   1.5520862E+07   1.5520862E+07   3.1864067E+05   9.3359430E+02   1.0264588E+07   1.5507594E+07   1.5520862E+07   0.0000000E+00   0.0000000E+00   0.0000000E+00   0.0000000E+00   0.0000000E+00
   1.8468828E-03   1.5478520E+07   1.5478520E+07   3.0642946E+05   8.5006204E+02   1.0004970E+07   1.5464226E+07   1.5478520E+07   0.0000000E+00   0.0000000E+00   0.0000000E+00   0.0000000E+00   0.0000000E+00
   1.9846747E-03   1.5431938E+07   1.5431938E+07   2.6652647E+05   7.7793415E+02   9.7195117E+06   1.5416612E+07   1.5431938E+07   0.0000000E+00   0.0000000E+00   0.0000000E+00   0.0000000E+00   0.0000000E+00
   2.1327470E-03   1.5380803E+07   1.5380803E+07   1.9899409E+05   7.1023975E+02   9.4567136E+06   1.5364439E+07   1.5380803E+07   0.0000000E+00   0.0000000E+00   0.0000000E+00   0.0000000E+00   0.0000000E+00
   2.2918666E-03   1.5324790E+07   1.5324790E+07   1.4567098E+05   6.4535633E+02   9.2301412E+06   1.5307382E+07   1.5324790E+07   0.0000000E+00   0.0000000E+00   0.0000000E+00   0.0000000E+00   0.0000000E+00
   2.4628578E-03   1.5263570E+07   1.5263570E+07   1.3055800E+05   5.8711977E+02   8.9927842E+06   1.5245108E+07   1.5263570E+07   0.0000000E+00   0.0000000E+00   0.0000000E+00   0.0000000E+00   0.0000000E+00
   2.6466063E-03   1.5196799E+07   1.5196799E+07   1.2272287E+05   5.3720204E+02   8.7082243E+06   1.5177269E+07   1.5196799E+07   0.0000000E+00   0.0000000E+00   0.0000000E+00   0.0000000E+00   0.0000000E+00
   2.8440638E-03   1.5124112E+07   1.5124112E+07   9.3970576E+04   4.9161150E+02   8.4176661E+06   1.5103499E+07   1.5124112E+07   0.0000000E+00   0.0000000E+00   0.0000000E+00   0.0000000E+00   0.0000000E+00
   3.0562532E-03   1.5045132E+07   1.5045132E+07   7.2587147E+04   4.4792917E+02   8.1529331E+06   1.5023419E+07   1.5045132E+07   0.0000000E+00   0.0000000E+00   0.0000000E+00   0.0000000E+00   0.0000000E+00
   3.2842736E-03   1.4959470E+07   1.4959470E+07   7.2153955E+04   4.0867628E+02   7.8580871E+06   1.4936642E+07   1.4959470E+07   0.0000000E+00   0.0000000E+00   0.0000000E+00   0.0000000E+00   0.0000000E+00
   3.5293062E-03   1.4866715E+07   1.4866715E+07   5.6741653E+04   3.7334814E+02   7.5352952E+06   1.4842764E+07   1.4866715E+07   0.0000000E+00   0.0000000E+00   0.0000000E+00   0.0000000E+00   0.0000000E+00
   3.7926200E-03   1.4766446E+07   1.4766446E+07   4.0896580E+04   3.3939315E+02   7.2457610E+06   1.4741367E+07   1.4766446E+07   0.0000000E+00   0.0000000E+00   0.0000000E+00   0.0000000E+00   0.0000000E+00
   4.0755792E-03   1.4658231E+07   1.4658231E+07   4.2295926E+04   3.0870290E+02   6.9278058E+06   1.4632029E+07   1.4658231E+07   0.0000000E+00   0.0000000E+00   0.0000000E+00   0.0000000E+00   0.0000000E+00
   4.3796493E-03   1.4541636E+07   1.4541636E+07   3.0424299E+04   2.8045889E+02   6.6008189E+06   1.4514326E+07   1.4541636E+07   0.0000000E+00   0.0000000E+00   0.0000000E+00   0.0000000E+00   0.0000000E+00
   4.7064054E-03   1.4416226E+07   1.4416226E+07   2.8485646E+04   2.5382921E+02   6.2900671E+06   1.4387841E+07   1.4416226E+07   0.0000000E+00   0.0000000E+00   0.0000000E+00   0.0000000E+00   0.0000000E+00
   5.0575401E-03   1.4281567E+07   1.4281567E+07   2.1131562E+04   2.2960438E+02   5.9619433E+06   1.4252155E+07   1.4281567E+07   0.0000000E+00   0.0000000E+00   0.0000000E+00   0.0000000E+00   0.0000000E+00
   5.4348722E-03   1.4137216E+07   1.4137216E+07   2.0198915E+04   2.0704647E+02   5.6556113E+06   1.4106824E+07   1.4137216E+07   0.0000000E+00   0.0000000E+00   0.0000000E+00   0.0000000E+00   0.0000000E+00
   5.8403562E-03   1.3982718E+07   1.3982718E+07   1.4525725E+04   1.8670743E+02   5.3292880E+06   1.3951386E+07   1.3982718E+07   0.0000000E+00   0.0000000E+00   0.0000000E+00   0.0000000E+00   0.0000000E+00
   6.2760925E-03   1.3817601E+07   1.3817601E+07   1.4404456E+04   1.6776651E+02   5.0144918E+06   1.3785374E+07   1.3817601E+07   0.0000000E+00   0.0000000E+00   0.0000000E+00   0.0000000E+00   0.0000000E+00
   6.7443381E-03   1.3641390E+07   1.3641390E+07   1.0592641E+04   1.5024182E+02   4.7060171E+06   1.3608336E+07   1.3641390E+07   0.0000000E+00   0.0000000E+00   0.0000000E+00   0.0000000E+00   0.0000000E+00
   7.2475186E-03   1.3453611E+07   1.3453611E+07   8.5920105E+03   1.3432829E+02   4.3937638E+06   1.3419820E+07   1.3453611E+07   0.0000000E+00   0.0000000E+00   0.0000000E+00   0.0000000E+00   0.0000000E+00
   7.7882402E-03   1.3253787E+07   1.3253787E+07   8.4404573E+03   1.1977289E+02   4.0962795E+06   1.3219338E+07   1.3253787E+07   0.0000000E+00   0.0000000E+00   0.0000000E+00   0.0000000E+00   0.0000000E+00
   8.3693039E-03   1.3041423E+07   1.3041423E+07   6.9989850E+03   1.0645090E+02   3.8071453E+06   1.3006400E+07   1.3041423E+07   0.0000000E+00   0.0000000E+00   0.0000000E+00   0.0000000E+00   0.0000000E+00
   8.9937194E-03   1.2816020E+07   1.2816020E+07   5.4908389E+03   9.4327905E+01   3.5250846E+06   1.2780521E+07   1.2816020E+07   0.0000000E+00   0.0000000E+00   0.0000000E+00   0.0000000E+00   0.0000000E+00
   9.6647213E-03   1.2577070E+07   1.2577070E+07   4.3068779E+03   8.3346716E+01   3.2506083E+06   1.2541201E+07   1.2577070E+07   0.0000000E+00   0.0000000E+00   0.0000000E+00   0.0000000E+00   0.0000000E+00
   1.0385785E-02   1.2324060E+07   1.2324060E+07   3.6347249E+03   7.3416091E+01   2.9864779E+06   1.2287927E+07   1.2324060E+07   0.0000000E+00   0.0000000E+00   0.0000000E+00   0.0000000E+00   0.0000000E+00
   1.1160646E-02   1.2056478E+07   1.2056478E+07   3.1361439E+03   6.4441544E+01   2.7332579E+06   1.2020195E+07   1.2056478E+07   0.0000000E+00   0.0000000E+00   0.0000000E+00   0.0000000E+00   0.0000000E+00
   1.1993318E-02   1.1773821E+07   1.1773821E+07   2.8362885E+03   5.6372822E+01   2.4913513E+06   1.1737512E+07   1.1773821E+07   0.0000000E+00   0.0000000E+00   0.0000000E+00   0.0000000E+00   0.0000000E+00
   1.2888113E-02   1.1475609E+07   1.1475609E+07   2.3638611E+03   4.9149799E+01   2.2591391E+06   1.1439394E+07   1.1475609E+07   0.0000000E+00   0.0000000E+00   0.0000000E+00   0.0000000E+00   0.0000000E+00
   1.3849667E-02   1.1161401E+07   1.1161401E+07   1.6419180E+03   4.2674471E+01   2.0431692E+06   1.1125410E+07   1.1161401E+07   0.0000000E+00   0.0000000E+00   0.0000000E+00   0.0000000E+00   0.0000000E+00
   1.4882961E-02   1.0830829E+07   1.0830829E+07   1.6187878E+03   3.6911646E+01   1.8402363E+06   1.0795191E+07   1.0830829E+07   0.0000000E+00   0.0000000E+00   0.0000000E+00   0.0000000E+00   0.0000000E+00
   1.5993346E-02   1.0483633E+07   1.0483633E+07   1.1489198E+03   3.1799731E+01   1.6468824E+06   1.0448480E+07   1.0483633E+07   0.0000000E+00   0.0000000E+00   0.0000000E+00   0.0000000E+00   0.0000000E+00
   1.7186575E-02   1.0119715E+07   1.0119715E+07   1.1429793E+03   2.7278185E+01   1.4684841E+06   1.0085179E+07   1.0119715E+07   0.0000000E+00   0.0000000E+00   0.0000000E+00   0.0000000E+00   0.0000000E+00
   1.8468828E-02   9.7392040E+06   9.7392040E+06   8.7321110E+02   2.3291078E+01   1.3036651E+06   9.7054182E+06   9.7392040E+06   0.0000000E+00   0.0000000E+00   0.0000000E+00   0.0000000E+00   0.0000000E+00
   1.9846747E-02   9.3425456E+06   9.3425456E+06   6.7001038E+02   1.9795784E+01   1.1499201E+06   9.3096382E+06   9.3425456E+06   0.0000000E+00   0.0000000E+00   0.0000000E+00   0.0000000E+00   0.0000000E+00
   2.1327468E-02   8.9305985E+06   8.9305985E+06   5.6010015E+02   1.6743551E+01   1.0088913E+06   8.8986949E+06   8.9305985E+06   0.0000000E+00   0.0000000E+00   0.0000000E+00   0.0000000E+00   0.0000000E+00
   2.2918653E-02   8.5047560E+06   8.5047560E+06   5.0690307E+02   1.4089441E+01   8.7987486E+05   8.4739744E+06   8.5047560E+06   0.0000000E+00   0.0000000E+00   0.0000000E+00   0.0000000E+00   0.0000000E+00
   2.4628508E-02   8.0670793E+06   8.0670793E+06   3.8530536E+02   1.1794075E+01   7.6206835E+05   8.0375271E+06   8.0670793E+06   0.0000000E+00   0.0000000E+00   0.0000000E+00   0.0000000E+00   0.0000000E+00
   2.6465734E-02   7.6204450E+06   7.6204450E+06   3.1623223E+02   9.8192583E+00   6.5767189E+05   7.5922163E+06   7.6204450E+06   0.0000000E+00   0.0000000E+00   0.0000000E+00   0.0000000E+00   0.0000000E+00
   2.8439289E-02   7.1687120E+06   7.1687120E+06   2.2933133E+02   8.1325724E+00   5.6302677E+05   7.1418833E+06   7.1687120E+06   0.0000000E+00   0.0000000E+00   0.0000000E+00   0.0000000E+00   0.0000000E+00
   3.0557665E-02   6.7169173E+06   6.7169173E+06   1.8760323E+02   6.7017693E+00   4.7941955E+05   6.6915419E+06   6.7169173E+06   0.0000000E+00   0.0000000E+00   0.0000000E+00   0.0000000E+00   0.0000000E+00
   3.2827181E-02   6.2714885E+06   6.2714885E+06   1.5046161E+02   5.4991803E+00   4.0652833E+05   6.2475912E+06   6.2714885E+06   0.0000000E+00   0.0000000E+00   0.0000000E+00   0.0000000E+00   0.0000000E+00
   3.5248744E-02   5.8403781E+06   5.8403781E+06   1.4041696E+02   4.4995994E+00   3.4328969E+05   5.8179488E+06   5.8403781E+06   0.0000000E+00   0.0000000E+00   0.0000000E+00   0.0000000E+00   0.0000000E+00
   3.7813176E-02   5.4328356E+06   5.4328356E+06   9.7102861E+01   3.6803264E+00   2.8925591E+05   5.4118233E+06   5.4328356E+06   0.0000000E+00   0.0000000E+00   0.0000000E+00   0.0000000E+00   0.0000000E+00
   4.0497043E-02   5.0583781E+06   5.0583781E+06   8.9342685E+01   3.0190517E+00   2.4418297E+05   5.0386902E+06   5.0583781E+06   0.0000000E+00   0.0000000E+00   0.0000000E+00   0.0000000E+00   0.0000000E+00
   4.3263125E-02   4.7247957E+06   4.7247957E+06   7.5314823E+01   2.4936225E+00   2.0746654E+05   4.7063034E+06   4.7247957E+06   0.0000000E+00   0.0000000E+00   0.0000000E+00   0.0000000E+00   0.0000000E+00
   4.6068431E-02   4.4359532E+06   4.4359532E+06   5.9953101E+01   2.0811601E+00   1.7776283E+05   4.4185067E+06   4.4359532E+06   0.0000000E+00   0.0000000E+00   0.0000000E+00   0.0000000E+00   0.0000000E+00
   4.8876188E-02   4.1908472E+06   4.1908472E+06   4.7104739E+01   1.7586137E+00   1.5385799E+05   4.1742950E+06   4.1908472E+06   0.0000000E+00   0.0000000E+00   0.0000000E+00   0.0000000E+00   0.0000000E+00
   5.1663833E-02   3.9845346E+06   3.9845346E+06   3.7795943E+01   1.5050557E+00   1.3456155E+05   3.9687396E+06   3.9845346E+06   0.0000000E+00   0.0000000E+00   0.0000000E+00   0.0000000E+00   0.0000000E+00
   5.4423403E-02   3.8100243E+06   3.8100243E+06   3.3258849E+01   1.3032814E+00   1.1884619E+05   3.7948728E+06   3.8100243E+06   0.0000000E+00   0.0000000E+00   0.0000000E+00   0.0000000E+00   0.0000000E+00
   5.7157301E-02   3.6599226E+06   3.6599226E+06   3.1574399E+01   1.1399075E+00   1.0593388E+05   3.6453274E+06   3.6599226E+06   0.0000000E+00   0.0000000E+00   0.0000000E+00   0.0000000E+00   0.0000000E+00
   5.9873579E-02   3.5273770E+06   3.5273770E+06   2.7967550E+01   1.0049724E+00   9.5139646E+04   3.5132754E+06   3.5273770E+06   0.0000000E+00   0.0000000E+00   0.0000000E+00   0.0000000E+00   0.0000000E+00
   6.2582602E-02   3.4064596E+06   3.4064596E+06   2.2533820E+01   8.9132572E-01   8.5808834E+04   3.3928113E+06   3.4064596E+06   0.0000000E+00   0.0000000E+00   0.0000000E+00   0.0000000E+00   0.0000000E+00
   6.5295185E-02   3.2922625E+06   3.2922625E+06   1.9568201E+01   7.9384988E-01   7.7551461E+04   3.2790455E+06   3.2922625E+06   0.0000000E+00   0.0000000E+00   0.0000000E+00   0.0000000E+00   0.0000000E+00
   6.8021717E-02   3.1808838E+06   3.1808838E+06   1.9169855E+01   7.0883006E-01   7.0248115E+04   3.1680909E+06   3.1808838E+06   0.0000000E+00   0.0000000E+00   0.0000000E+00   0.0000000E+00   0.0000000E+00
   7.0771830E-02   3.0693912E+06   3.0693912E+06   1.7782129E+01   6.3362466E-01   6.3735213E+04   3.0570264E+06   3.0693912E+06   0.0000000E+00   0.0000000E+00   0.0000000E+00   0.0000000E+00   0.0000000E+00
   7.3554349E-02   2.9557897E+06   2.9557897E+06   1.5016034E+01   5.6641150E-01   5.7779928E+04   2.9438646E+06   2.9557897E+06   0.0000000E+00   0.0000000E+00   0.0000000E+00   0.0000000E+00   0.0000000E+00
   7.6377352E-02   2.8389939E+06   2.8389939E+06   1.2545970E+01   5.0590348E-01   5.2265979E+04   2.8275240E+06   2.8389939E+06   0.0000000E+00   0.0000000E+00   0.0000000E+00   0.0000000E+00   0.0000000E+00
   7.9248274E-02   2.7187946E+06   2.7187946E+06   1.0876243E+01   4.5119014E-01   4.7176765E+04   2.7077961E+06   2.7187946E+06   0.0000000E+00   0.0000000E+00   0.0000000E+00   0.0000000E+00   0.0000000E+00
   8.2174019E-02   2.5958052E+06   2.5958052E+06   9.7953429E+00   4.0167928E-01   4.2500887E+04   2.5852917E+06   2.5958052E+06   0.0000000E+00   0.0000000E+00   0.0000000E+00   0.0000000E+00   0.0000000E+00
   8.5161067E-02   2.4713748E+06   2.4713748E+06   9.2408997E+00   3.5696581E-01   3.8202485E+04   2.4613541E+06   2.4713748E+06   0.0000000E+00   0.0000000E+00   0.0000000E+00   0.0000000E+00   0.0000000E+00
   8.8215560E-02   2.3474565E+06   2.3474565E+06   8.6848999E+00   3.1676276E-01   3.4243832E+04   2.3379283E+06   2.3474565E+06   0.0000000E+00   0.0000000E+00   0.0000000E+00   0.0000000E+00   0.0000000E+00
   9.1343382E-02   2.2264251E+06   2.2264251E+06   6.9052153E+00   2.8086733E-01   3.0664751E+04   2.2173793E+06   2.2264251E+06   0.0000000E+00   0.0000000E+00   0.0000000E+00   0.0000000E+00   0.0000000E+00
   9.4550225E-02   2.1108446E+06   2.1108446E+06   6.2042199E+00   2.4906818E-01   2.7533011E+04   2.1022605E+06   2.1108446E+06   0.0000000E+00   0.0000000E+00   0.0000000E+00   0.0000000E+00   0.0000000E+00
   9.7841635E-02   2.0031935E+06   2.0031935E+06   5.5053774E+00   2.2117448E-01   2.4665386E+04   1.9950402E+06   2.0031935E+06   0.0000000E+00   0.0000000E+00   0.0000000E+00   0.0000000E+00   0.0000000E+00
   1.0122306E-01   1.9055671E+06   1.9055671E+06   5.2665813E+00   1.9691333E-01   2.2223074E+04   1.8978049E+06   1.9055671E+06   0.0000000E+00   0.0000000E+00   0.0000000E+00   0.0000000E+00   0.0000000E+00
   1.0469989E-01   1.8193841E+06   1.8193841E+06   4.3729607E+00   1.7598506E-01   2.0087596E+04   1.8119673E+06   1.8193841E+06   0.0000000E+00   0.0000000E+00   0.0000000E+00   0.0000000E+00   0.0000000E+00
   1.0827748E-01   1.7451361E+06   1.7451361E+06   3.8021855E+00   1.5801874E-01   1.8232497E+04   1.7380168E+06   1.7451361E+06   0.0000000E+00   0.0000000E+00   0.0000000E+00   0.0000000E+00   0.0000000E+00
   1.1196115E-01   1.6822224E+06   1.6822224E+06   3.5635504E+00   1.4259148E-01   1.6635752E+04   1.6753551E+06   1.6822224E+06   0.0000000E+00   0.0000000E+00   0.0000000E+00   0.0000000E+00   0.0000000E+00
   1.1575627E-01   1.6289133E+06   1.6289133E+06   3.4463800E+00   1.2925502E-01   1.5231303E+04   1.6222594E+06   1.6289133E+06   0.0000000E+00   0.0000000E+00   0.0000000E+00   0.0000000E+00   0.0000000E+00
   1.1966819E-01   1.5824760E+06   1.5824760E+06   2.7537382E+00   1.1755927E-01   1.3998706E+04   1.5760079E+06   1.5824760E+06   0.0000000E+00   0.0000000E+00   0.0000000E+00   0.0000000E+00   0.0000000E+00
   1.2370232E-01   1.5394791E+06   1.5394791E+06   2.8201278E+00   1.0708073E-01   1.2902444E+04   1.5331831E+06   1.5394791E+06   0.0000000E+00   0.0000000E+00   0.0000000E+00   0.0000000E+00   0.0000000E+00
   1.2786410E-01   1.4962617E+06   1.4962617E+06   2.3808497E+00   9.7464648E-02   1.1881566E+04   1.4901391E+06   1.4962617E+06   0.0000000E+00   0.0000000E+00   0.0000000E+00   0.0000000E+00   0.0000000E+00
   1.3215903E-01   1.4495170E+06   1.4495170E+06   2.1016130E+00   8.8443989E-02   1.0896549E+04   1.4435827E+06   1.4495170E+06   0.0000000E+00   0.0000000E+00   0.0000000E+00   0.0000000E+00   0.0000000E+00
   1.3659265E-01   1.3969000E+06   1.3969000E+06   1.9699724E+00   7.9860605E-02   9.9456826E+03   1.3911784E+06   1.3969000E+06   0.0000000E+00   0.0000000E+00   0.0000000E+00   0.0000000E+00   0.0000000E+00
   1.4117058E-01   1.3375381E+06   1.3375381E+06   1.8634992E+00   7.1666237E-02   9.0059888E+03   1.3320572E+06   1.3375381E+06   0.0000000E+00   0.0000000E+00   0.0000000E+00   0.0000000E+00   0.0000000E+00
   1.4589851E-01   1.2723103E+06   1.2723103E+06   1.4887723E+00   6.3905946E-02   8.1209324E+03   1.2670944E+06   1.2723103E+06   0.0000000E+00   0.0000000E+00   0.0000000E+00   0.0000000E+00   0.0000000E+00
   1.5078219E-01   1.2037796E+06   1.2037796E+06   1.3483375E+00   5.6689151E-02   7.2665511E+03   1.1988426E+06   1.2037796E+06   0.0000000E+00   0.0000000E+00   0.0000000E+00   0.0000000E+00   0.0000000E+00
   1.5582745E-01   1.1357219E+06   1.1357219E+06   1.2048126E+00   5.0145312E-02   6.4930295E+03   1.1310623E+06   1.1357219E+06   0.0000000E+00   0.0000000E+00   0.0000000E+00   0.0000000E+00   0.0000000E+00
   1.6104022E-01   1.0722898E+06   1.0722898E+06   1.0247900E+00   4.4382874E-02   5.8124738E+03   1.0678887E+06   1.0722898E+06   0.0000000E+00   0.0000000E+00   0.0000000E+00   0.0000000E+00   0.0000000E+00
   1.6642650E-01   1.0169643E+06   1.0169643E+06   1.0085777E+00   3.9448046E-02   5.2238959E+03   1.0127889E+06   1.0169643E+06   0.0000000E+00   0.0000000E+00   0.0000000E+00   0.0000000E+00   0.0000000E+00
   1.7199241E-01   9.7155919E+05   9.7155919E+05   8.2599146E-01   3.5306167E-02   4.7294727E+03   9.6756893E+05   9.7155919E+05   0.0000000E+00   0.0000000E+00   0.0000000E+00   0.0000000E+00   0.0000000E+00
   1.7774419E-01   9.3558944E+05   9.3558944E+05   7.3737088E-01   3.1839850E-02   4.3143142E+03   9.3174573E+05   9.3558944E+05   0.0000000E+00   0.0000000E+00   0.0000000E+00   0.0000000E+00   0.0000000E+00
   1.8368819E-01   9.0627812E+05   9.0627812E+05   7.0237502E-01   2.8877807E-02   3.9632054E+03   9.0255376E+05   9.0627812E+05   0.0000000E+00   0.0000000E+00   0.0000000E+00   0.0000000E+00   0.0000000E+00
   1.8983093E-01   8.7931580E+05   8.7931580E+05   6.4016368E-01   2.6234121E-02   3.6385656E+03   8.7570124E+05   8.7931580E+05   0.0000000E+00   0.0000000E+00   0.0000000E+00   0.0000000E+00   0.0000000E+00
   1.9617908E-01   8.5023296E+05   8.5023296E+05   6.0077491E-01   2.3755133E-02   3.3382012E+03   8.4673705E+05   8.5023296E+05   0.0000000E+00   0.0000000E+00   0.0000000E+00   0.0000000E+00   0.0000000E+00
   2.0273952E-01   8.1597156E+05   8.1597156E+05   5.3714195E-01   2.1356252E-02   3.0371967E+03   8.1261571E+05   8.1597156E+05   0.0000000E+00   0.0000000E+00   0.0000000E+00   0.0000000E+00   0.0000000E+00
   2.0951934E-01   7.7606259E+05   7.7606259E+05   4.4718958E-01   1.9033233E-02   2.7397060E+03   7.7287014E+05   7.7606259E+05   0.0000000E+00   0.0000000E+00   0.0000000E+00   0.0000000E+00   0.0000000E+00
   2.1652594E-01   7.3285457E+05   7.3285457E+05   4.2083631E-01   1.6845401E-02   2.4546564E+03   7.2983920E+05   7.3285457E+05   0.0000000E+00   0.0000000E+00   0.0000000E+00   0.0000000E+00   0.0000000E+00
   2.2376696E-01   6.9055119E+05   6.9055119E+05   3.7032593E-01   1.4876086E-02   2.1949914E+03   6.8770930E+05   6.9055119E+05   0.0000000E+00   0.0000000E+00   0.0000000E+00   0.0000000E+00   0.0000000E+00
   2.3125046E-01   6.5333772E+05   6.5333772E+05   3.0929551E-01   1.3186878E-02   1.9715880E+03   6.5064845E+05   6.5333772E+05   0.0000000E+00   0.0000000E+00   0.0000000E+00   0.0000000E+00   0.0000000E+00
   2.3898487E-01   6.2339251E+05   6.2339251E+05   2.9129223E-01   1.1784222E-02   1.7862642E+03   6.2082604E+05   6.2339251E+05   0.0000000E+00   0.0000000E+00   0.0000000E+00   0.0000000E+00   0.0000000E+00
   2.4697913E-01   5.9979474E+05   5.9979474E+05   2.6097080E-01   1.0615394E-02   1.6325746E+03   5.9732499E+05   5.9979474E+05   0.0000000E+00   0.0000000E+00   0.0000000E+00   0.0000000E+00   0.0000000E+00
   2.5524271E-01   5.7902578E+05   5.7902578E+05   2.2544553E-01   9.5937392E-03   1.4983046E+03   5.7664116E+05   5.7902578E+05   0.0000000E+00   0.0000000E+00   0.0000000E+00   0.0000000E+00   0.0000000E+00
   2.6378574E-01   5.5694961E+05   5.5694961E+05   2.0565123E-01   8.6404204E-03   1.3695354E+03   5.5465556E+05   5.5694961E+05   0.0000000E+00   0.0000000E+00   0.0000000E+00   0.0000000E+00   0.0000000E+00
   2.7261909E-01   5.3122561E+05   5.3122561E+05   1.8193900E-01   7.7189522E-03   1.2430740E+03   5.2903719E+05   5.3122561E+05   0.0000000E+00   0.0000000E+00   0.0000000E+00   0.0000000E+00   0.0000000E+00
   2.8175449E-01   5.0266105E+05   5.0266105E+05   1.6660217E-01   6.8423449E-03   1.1188366E+03   5.0059003E+05   5.0266105E+05   0.0000000E+00   0.0000000E+00   0.0000000E+00   0.0000000E+00   0.0000000E+00
   2.9120463E-01   4.7451171E+05   4.7451171E+05   1.4649350E-01   6.0504819E-03   1.0053133E+03   4.7255642E+05   4.7451171E+05   0.0000000E+00   0.0000000E+00   0.0000000E+00   0.0000000E+00   0.0000000E+00
   3.0098338E-01   4.5007398E+05   4.5007398E+05   1.2842410E-01   5.3739962E-03   9.0887240E+02   4.4821916E+05   4.5007398E+05   0.0000000E+00   0.0000000E+00   0.0000000E+00   0.0000000E+00   0.0000000E+00
   3.1110589E-01   4.3024959E+05   4.3024959E+05   1.1478223E-01   4.8084787E-03   8.2776572E+02   4.2847627E+05   4.3024959E+05   0.0000000E+00   0.0000000E+00   0.0000000E+00   0.0000000E+00   0.0000000E+00
   3.2158885E-01   4.1299214E+05   4.1299214E+05   1.0449490E-01   4.3192138E-03   7.5699623E+02   4.1128976E+05   4.1299214E+05   0.0000000E+00   0.0000000E+00   0.0000000E+00   0.0000000E+00   0.0000000E+00
   3.3245069E-01   3.9518063E+05   3.9518063E+05   9.3485846E-02   3.8676189E-03   6.9087397E+02   3.9355150E+05   3.9518063E+05   0.0000000E+00   0.0000000E+00   0.0000000E+00   0.0000000E+00   0.0000000E+00
   3.4371192E-01   3.7537248E+05   3.7537248E+05   8.2253839E-02   3.4380840E-03   6.2611242E+02   3.7382487E+05   3.7537248E+05   0.0000000E+00   0.0000000E+00   0.0000000E+00   0.0000000E+00   0.0000000E+00
   3.5539539E-01   3.5491733E+05   3.5491733E+05   7.3288439E-02   3.0418077E-03   5.6562917E+02   3.5345392E+05   3.5491733E+05   0.0000000E+00   0.0000000E+00   0.0000000E+00   0.0000000E+00   0.0000000E+00
   3.6752675E-01   3.3631288E+05   3.3631288E+05   6.4096179E-02   2.6959497E-03   5.1182780E+02   3.3492606E+05   3.3631288E+05   0.0000000E+00   0.0000000E+00   0.0000000E+00   0.0000000E+00   0.0000000E+00
   3.8013493E-01   3.2047574E+05   3.2047574E+05   5.7928144E-02   2.4016022E-03   4.6629625E+02   3.1915412E+05   3.2047574E+05   0.0000000E+00   0.0000000E+00   0.0000000E+00   0.0000000E+00   0.0000000E+00
   3.9325270E-01   3.0591393E+05   3.0591393E+05   5.1493924E-02   2.1420323E-03   4.2567862E+02   3.0465227E+05   3.0591393E+05   0.0000000E+00   0.0000000E+00   0.0000000E+00   0.0000000E+00   0.0000000E+00
   4.0691743E-01   2.9074188E+05   2.9074188E+05   4.5751604E-02   1.9016533E-03   3.8684545E+02   2.8954270E+05   2.9074188E+05   0.0000000E+00   0.0000000E+00   0.0000000E+00   0.0000000E+00   0.0000000E+00
   4.2117193E-01   2.7500122E+05   2.7500122E+05   4.0105001E-02   1.6795106E-03   3.5040218E+02   2.7386689E+05   2.7500122E+05   0.0000000E+00   0.0000000E+00   0.0000000E+00   0.0000000E+00   0.0000000E+00
   4.3606561E-01   2.6024553E+05   2.6024553E+05   3.5436822E-02   1.4829334E-03   3.1748926E+02   2.5917199E+05   2.6024553E+05   0.0000000E+00   0.0000000E+00   0.0000000E+00   0.0000000E+00   0.0000000E+00
   4.5165580E-01   2.4708202E+05   2.4708202E+05   3.1397643E-02   1.3124854E-03   2.8892172E+02   2.4606272E+05   2.4708202E+05   0.0000000E+00   0.0000000E+00   0.0000000E+00   0.0000000E+00   0.0000000E+00
   4.6800953E-01   2.3441550E+05   2.3441550E+05   2.7644342E-02   1.1597546E-03   2.6274739E+02   2.3344840E+05   2.3441550E+05   0.0000000E+00   0.0000000E+00   0.0000000E+00   0.0000000E+00   0.0000000E+00
   4.8520570E-01   2.2146729E+05   2.2146729E+05   2.4378868E-02   1.0196082E-03   2.3811968E+02   2.2055356E+05   2.2146729E+05   0.0000000E+00   0.0000000E+00   0.0000000E+00   0.0000000E+00   0.0000000E+00
   5.0333793E-01   2.0894697E+05   2.0894697E+05   2.1350722E-02   8.9404214E-04   2.1552864E+02   2.0808485E+05   2.0894697E+05   0.0000000E+00   0.0000000E+00   0.0000000E+00   0.0000000E+00   0.0000000E+00
   5.2251813E-01   1.9736610E+05   1.9736610E+05   1.8690178E-02   7.8367606E-04   1.9548718E+02   1.9655172E+05   1.9736610E+05   0.0000000E+00   0.0000000E+00   0.0000000E+00   0.0000000E+00   0.0000000E+00
   5.4288118E-01   1.8606594E+05   1.8606594E+05   1.6336108E-02   6.8447219E-04   1.7693924E+02   1.8529816E+05   1.8606594E+05   0.0000000E+00   0.0000000E+00   0.0000000E+00   0.0000000E+00   0.0000000E+00
   5.6459090E-01   1.7483252E+05   1.7483252E+05   1.4187226E-02   5.9471570E-04   1.5967212E+02   1.7411105E+05   1.7483252E+05   0.0000000E+00   0.0000000E+00   0.0000000E+00   0.0000000E+00   0.0000000E+00
   5.8784782E-01   1.6413683E+05   1.6413683E+05   1.2285413E-02   5.1507436E-04   1.4403630E+02   1.6345947E+05   1.6413683E+05   0.0000000E+00   0.0000000E+00   0.0000000E+00   0.0000000E+00   0.0000000E+00
   6.1289891E-01   1.5374792E+05   1.5374792E+05   1.0573915E-02   4.4388220E-04   1.2965004E+02   1.5311341E+05   1.5374792E+05   0.0000000E+00   0.0000000E+00   0.0000000E+00   0.0000000E+00   0.0000000E+00
   6.4004979E-01   1.4350476E+05   1.4350476E+05   9.0538722E-03   3.7994183E-04   1.1632585E+02   1.4291250E+05   1.4350476E+05   0.0000000E+00   0.0000000E+00   0.0000000E+00   0.0000000E+00   0.0000000E+00
   6.6967899E-01   1.3359993E+05   1.3359993E+05   7.6975107E-03   3.2313537E-04   1.0405499E+02   1.3304852E+05   1.3359993E+05   0.0000000E+00   0.0000000E+00   0.0000000E+00   0.0000000E+00   0.0000000E+00
   7.0225308E-01   1.2384986E+05   1.2384986E+05   6.4871994E-03   2.7243470E-04   9.2693505E+01   1.2333868E+05   1.2384986E+05   0.0000000E+00   0.0000000E+00   0.0000000E+00   0.0000000E+00   0.0000000E+00
   7.3833881E-01   1.1432604E+05   1.1432604E+05   5.4158084E-03   2.2752051E-04   8.2253977E+01   1.1385415E+05   1.1432604E+05   0.0000000E+00   0.0000000E+00   0.0000000E+00   0.0000000E+00   0.0000000E+00
   7.7860390E-01   1.0498116E+05   1.0498116E+05   4.4706359E-03   1.8788902E-04   7.2586356E+01   1.0454783E+05   1.0498116E+05   0.0000000E+00   0.0000000E+00   0.0000000E+00   0.0000000E+00   0.0000000E+00
   8.2379228E-01   9.5861202E+04   9.5861202E+04   3.6399146E-03   1.5327222E-04   6.3710375E+01   9.5465502E+04   9.5861202E+04   0.0000000E+00   0.0000000E+00   0.0000000E+00   0.0000000E+00   0.0000000E+00
   8.7465664E-01   8.7002709E+04   8.7002709E+04   2.9371902E-03   1.2340896E-04   5.5616995E+01   8.6643564E+04   8.7002709E+04   0.0000000E+00   0.0000000E+00   0.0000000E+00   0.0000000E+00   0.0000000E+00
   9.3184451E-01   7.8492475E+04   7.8492475E+04   2.3320853E-03   9.8098687E-05   4.8305502E+01   7.8168452E+04   7.8492475E+04   0.0000000E+00   0.0000000E+00   0.0000000E+00   0.0000000E+00   0.0000000E+00
   9.9577543E-01   7.0435466E+04   7.0435466E+04   1.8325905E-03   7.7094164E-05   4.1793037E+01   7.0144695E+04   7.0435466E+04   0.0000000E+00   0.0000000E+00   0.0000000E+00   0.0000000E+00   0.0000000E+00
   1.0665926E+00   6.2932336E+04   6.2932336E+04   1.4267682E-03   6.0043343E-05   3.6079306E+01   6.2672533E+04   6.2932336E+04   0.0000000E+00   0.0000000E+00   0.0000000E+00   0.0000000E+00   0.0000000E+00
   1.1442493E+00   5.6054858E+04   5.6054858E+04   1.1039535E-03   4.6471572E-05   3.1129288E+01   5.5823442E+04   5.6054858E+04   0.0000000E+00   0.0000000E+00   0.0000000E+00   0.0000000E+00   0.0000000E+00
   1.2286804E+00   4.9829394E+04   4.9829394E+04   8.5095877E-04   3.5830550E-05   2.6887139E+01   4.9623675E+04   4.9829394E+04   0.0000000E+00   0.0000000E+00   0.0000000E+00   0.0000000E+00   0.0000000E+00
   1.3199434E+00   4.4239728E+04   4.4239728E+04   6.5226180E-04   2.7566609E-05   2.3253353E+01   4.4057083E+04   4.4239728E+04   0.0000000E+00   0.0000000E+00   0.0000000E+00   0.0000000E+00   0.0000000E+00
   1.4182662E+00   3.9245339E+04   3.9245339E+04   5.0304140E-04   2.1182667E-05   2.0155486E+01   3.9083311E+04   3.9245339E+04   0.0000000E+00   0.0000000E+00   0.0000000E+00   0.0000000E+00   0.0000000E+00
   1.5240278E+00   3.4794154E+04   3.4794154E+04   3.8614919E-04   1.6265208E-05   1.7503237E+01   3.4650501E+04   3.4794154E+04   0.0000000E+00   0.0000000E+00   0.0000000E+00   0.0000000E+00   0.0000000E+00
   1.6377169E+00   3.0832464E+04   3.0832464E+04   2.9883861E-04   1.2482412E-05   1.5229729E+01   3.0705167E+04   3.0832464E+04   0.0000000E+00   0.0000000E+00   0.0000000E+00   0.0000000E+00   0.0000000E+00
   1.7598995E+00   2.7309583E+04   2.7309583E+04   2.2724014E-04   9.5751652E-06   1.3270734E+01   2.7196829E+04   2.7309583E+04   0.0000000E+00   0.0000000E+00   0.0000000E+00   0.0000000E+00   0.0000000E+00
   1.8912010E+00   2.4178820E+04   2.4178820E+04   1.7418358E-04   7.3417522E-06   1.1584518E+01   2.4078991E+04   2.4178820E+04   0.0000000E+00   0.0000000E+00   0.0000000E+00   0.0000000E+00   0.0000000E+00
   2.0322992E+00   2.1398112E+04   2.1398112E+04   1.3347321E-04   5.6270997E-06   1.0122328E+01   2.1309763E+04   2.1398112E+04   0.0000000E+00   0.0000000E+00   0.0000000E+00   0.0000000E+00   0.0000000E+00
   2.1839246E+00   1.8929655E+04   1.8929655E+04   1.0223885E-04   4.3111472E-06   8.8571621E+00   1.8851498E+04   1.8929655E+04   0.0000000E+00   0.0000000E+00   0.0000000E+00   0.0000000E+00   0.0000000E+00
   2.3468625E+00   1.6739437E+04   1.6739437E+04   7.8284846E-05   3.3017448E-06   7.7559144E+00   1.6670323E+04   1.6739437E+04   0.0000000E+00   0.0000000E+00   0.0000000E+00   0.0000000E+00   0.0000000E+00
   2.5219568E+00   1.4797073E+04   1.4797073E+04   5.9938491E-05   2.5277414E-06   6.7988054E+00   1.4735978E+04   1.4797073E+04   0.0000000E+00   0.0000000E+00   0.0000000E+00   0.0000000E+00   0.0000000E+00
   2.7101145E+00   1.3075326E+04   1.3075326E+04   4.5843596E-05   1.9345155E-06   5.9630505E+00   1.3021339E+04   1.3075326E+04   0.0000000E+00   0.0000000E+00   0.0000000E+00   0.0000000E+00   0.0000000E+00
   2.9123102E+00   1.1549827E+04   1.1549827E+04   3.5078205E-05   1.4800253E-06   5.2331811E+00   1.1502139E+04   1.1549827E+04   0.0000000E+00   0.0000000E+00   0.0000000E+00   0.0000000E+00   0.0000000E+00
   3.1295914E+00   1.0198803E+04   1.0198803E+04   2.6820344E-05   1.1319404E-06   4.5949501E+00   1.0156693E+04   1.0198803E+04   0.0000000E+00   0.0000000E+00   0.0000000E+00   0.0000000E+00   0.0000000E+00
   3.3630834E+00   9.0028096E+03   9.0028096E+03   2.0505463E-05   8.6546169E-07   4.0362332E+00   8.9656378E+03   9.0028096E+03   0.0000000E+00   0.0000000E+00   0.0000000E+00   0.0000000E+00   0.0000000E+00
   3.6139958E+00   7.9444952E+03   7.9444952E+03   1.5665385E-05   6.6152095E-07   3.5462843E+00   7.9116930E+03   7.9444952E+03   0.0000000E+00   0.0000000E+00   0.0000000E+00   0.0000000E+00   0.0000000E+00
   3.8836281E+00   7.0083848E+03   7.0083848E+03   1.1960805E-05   5.0549789E-07   3.1168673E+00   6.9794477E+03   7.0083848E+03   0.0000000E+00   0.0000000E+00   0.0000000E+00   0.0000000E+00   0.0000000E+00
   4.1733772E+00   6.1806885E+03   6.1806885E+03   9.1414090E-06   3.8617177E-07   2.7398033E+00   6.1551688E+03   6.1806885E+03   0.0000000E+00   0.0000000E+00   0.0000000E+00   0.0000000E+00   0.0000000E+00
   4.4847438E+00   5.4491250E+03   5.4491250E+03   6.9778774E-06   2.9494130E-07   2.4085577E+00   5.4266258E+03   5.4491250E+03   0.0000000E+00   0.0000000E+00   0.0000000E+00   0.0000000E+00   0.0000000E+00
   4.8193408E+00   4.8027641E+03   4.8027641E+03   5.3259251E-06   2.2521053E-07   2.1177237E+00   4.7829338E+03   4.8027641E+03   0.0000000E+00   0.0000000E+00   0.0000000E+00   0.0000000E+00   0.0000000E+00
   5.1789014E+00   4.2318842E+03   4.2318842E+03   4.0621256E-06   1.7192966E-07   1.8618910E+00   4.2144110E+03   4.2318842E+03   0.0000000E+00   0.0000000E+00   0.0000000E+00   0.0000000E+00   0.0000000E+00
   5.5652879E+00   3.7278433E+03   3.7278433E+03   3.0998364E-06   1.3122785E-07   1.6371452E+00   3.7124511E+03   3.7278433E+03   0.0000000E+00   0.0000000E+00   0.0000000E+00   0.0000000E+00   0.0000000E+00
   5.9805020E+00   3.2829634E+03   3.2829634E+03   2.3641807E-06   1.0014411E-07   1.4393857E+00   3.2694082E+03   3.2829634E+03   0.0000000E+00   0.0000000E+00   0.0000000E+00   0.0000000E+00   0.0000000E+00
   6.4266942E+00   2.8904272E+03   2.8904272E+03   1.8021518E-06   7.6410890E-08   1.2654964E+00   2.8784928E+03   2.8904272E+03   0.0000000E+00   0.0000000E+00   0.0000000E+00   0.0000000E+00   0.0000000E+00
   6.9061759E+00   2.5441843E+03   2.5441843E+03   1.3739152E-06   5.8294466E-08   1.1125574E+00   2.5336795E+03   2.5441843E+03   0.0000000E+00   0.0000000E+00   0.0000000E+00   0.0000000E+00   0.0000000E+00
   7.4214307E+00   2.2388679E+03   2.2388679E+03   1.0472798E-06   4.4468631E-08   9.7792160E-01   2.2296237E+03   2.2388679E+03   0.0000000E+00   0.0000000E+00   0.0000000E+00   0.0000000E+00   0.0000000E+00
   7.9751276E+00   1.9697198E+03   1.9697198E+03   7.9723198E-07   3.3918862E-08   8.5961319E-01   1.9615868E+03   1.9697198E+03   0.0000000E+00   0.0000000E+00   0.0000000E+00   0.0000000E+00   0.0000000E+00
   8.5701345E+00   1.7325233E+03   1.7325233E+03   6.0760453E-07   2.5870689E-08   7.5547613E-01   1.7253698E+03   1.7325233E+03   0.0000000E+00   0.0000000E+00   0.0000000E+00   0.0000000E+00   0.0000000E+00
