#           k/h    CDM            baryon         photon         nu             mass_nu        total          no_nu          total_de       Weyl           v_CDM          v_b            v_b-v_c     
   1.1431591E-05   7.0378676E+06   7.0378676E+06   9.3817193E+06   5.6183911E+03   1.5150779E+06   7.0379071E+06   7.0378676E+06   0.0000000E+00   0.0000000E+00   0.0000000E+00   0.0000000E+00   0.0000000E+00
   1.2284477E-05   7.0378667E+06   7.0378667E+06   9.3813924E+06   5.6182675E+03   1.5150648E+06   7.0379061E+06   7.0378667E+06   0.0000000E+00   0.0000000E+00   0.0000000E+00   0.0000000E+00   0.0000000E+00
   1.3200996E-05   7.0378656E+06   7.0378656E+06   9.3810149E+06   5.6181246E+03   1.5150497E+06   7.0379049E+06   7.0378656E+06   0.0000000E+00   0.0000000E+00   0.0000000E+00   0.0000000E+00   0.0000000E+00
   1.4185893E-05   7.0378643E+06   7.0378643E+06   9.3805790E+06   5.6179597E+03   1.5150322E+06   7.0379036E+06   7.0378643E+06   0.0000000E+00   0.0000000E+00   0.0000000E+00   0.0000000E+00   0.0000000E+00
   1.5244272E-05   7.0378628E+06   7.0378628E+06   9.3800757E+06   5.6177693E+03   1.5150120E+06   7.0379020E+06   7.0378628E+06   0.0000000E+00   0.0000000E+00   0.0000000E+00   0.0000000E+00   0.0000000E+00
   1.6381614E-05   7.0378612E+06   7.0378612E+06   9.3794944E+06   5.6175494E+03   1.5149887E+06   7.0379002E+06   7.0378612E+06   0.0000000E+00   0.0000000E+00   0.0000000E+00   0.0000000E+00   0.0000000E+00
   1.7603810E-05   7.0378592E+06   7.0378592E+06   9.3788233E+06   5.6172954E+03   1.5149618E+06   7.0378982E+06   7.0378592E+06   0.0000000E+00   0.0000000E+00   0.0000000E+00   0.0000000E+00   0.0000000E+00
   1.8917192E-05   7.0378570E+06   7.0378570E+06   9.3780483E+06   5.6170022E+03   1.5149308E+06   7.0378958E+06   7.0378570E+06   0.0000000E+00   0.0000000E+00   0.0000000E+00   0.0000000E+00   0.0000000E+00
   2.0328563E-05   7.0378544E+06   7.0378544E+06   9.3771535E+06   5.6166636E+03   1.5148949E+06   7.0378930E+06   7.0378544E+06   0.0000000E+00   0.0000000E+00   0.0000000E+00   0.0000000E+00   0.0000000E+00
   2.1845233E-05   7.0378514E+06   7.0378514E+06   9.3761202E+06   5.6162727E+03   1.5148535E+06   7.0378898E+06   7.0378514E+06   0.0000000E+00   0.0000000E+00   0.0000000E+00   0.0000000E+00   0.0000000E+00
   2.3475058E-05   7.0378479E+06   7.0378479E+06   9.3749272E+06   5.6158212E+03   1.5148057E+06   7.0378862E+06   7.0378479E+06   0.0000000E+00   0.0000000E+00   0.0000000E+00   0.0000000E+00   0.0000000E+00
   2.5226482E-05   7.0378439E+06   7.0378439E+06   9.3735496E+06   5.6153000E+03   1.5147505E+06   7.0378819E+06   7.0378439E+06   0.0000000E+00   0.0000000E+00   0.0000000E+00   0.0000000E+00   0.0000000E+00
   2.7108575E-05   7.0378393E+06   7.0378393E+06   9.3719591E+06   5.6146981E+03   1.5146868E+06   7.0378770E+06   7.0378393E+06   0.0000000E+00   0.0000000E+00   0.0000000E+00   0.0000000E+00   0.0000000E+00
   2.9131087E-05   7.0378339E+06   7.0378339E+06   9.3701227E+06   5.6140032E+03   1.5146133E+06   7.0378714E+06   7.0378339E+06   0.0000000E+00   0.0000000E+00   0.0000000E+00   0.0000000E+00   0.0000000E+00
   3.1304494E-05   7.0378278E+06   7.0378278E+06   9.3680025E+06   5.6132008E+03   1.5145284E+06   7.0378649E+06   7.0378278E+06   0.0000000E+00   0.0000000E+00   0.0000000E+00   0.0000000E+00   0.0000000E+00
   3.3640054E-05   7.0378207E+06   7.0378207E+06   9.3655548E+06   5.6122744E+03   1.5144303E+06   7.0378573E+06   7.0378207E+06   0.0000000E+00   0.0000000E+00   0.0000000E+00   0.0000000E+00   0.0000000E+00
   3.6149865E-05   7.0378124E+06   7.0378124E+06   9.3627289E+06   5.6112048E+03   1.5143172E+06   7.0378486E+06   7.0378124E+06   0.0000000E+00   0.0000000E+00   0.0000000E+00   0.0000000E+00   0.0000000E+00
   3.8846928E-05   7.0378029E+06   7.0378029E+06   9.3594666E+06   5.6099700E+03   1.5141866E+06   7.0378386E+06   7.0378029E+06   0.0000000E+00   0.0000000E+00   0.0000000E+00   0.0000000E+00   0.0000000E+00
   4.1745213E-05   7.0377920E+06   7.0377920E+06   9.3557007E+06   5.6085444E+03   1.5140359E+06   7.0378270E+06   7.0377920E+06   0.0000000E+00   0.0000000E+00   0.0000000E+00   0.0000000E+00   0.0000000E+00
   4.4859733E-05   7.0377793E+06   7.0377793E+06   9.3513538E+06   5.6068987E+03   1.5138620E+06   7.0378136E+06   7.0377793E+06   0.0000000E+00   0.0000000E+00   0.0000000E+00   0.0000000E+00   0.0000000E+00
   4.8206620E-05   7.0377647E+06   7.0377647E+06   9.3463364E+06   5.6049990E+03   1.5136613E+06   7.0377981E+06   7.0377647E+06   0.0000000E+00   0.0000000E+00   0.0000000E+00   0.0000000E+00   0.0000000E+00
   5.1803211E-05   7.0377479E+06   7.0377479E+06   9.3405456E+06   5.6028061E+03   1.5134298E+06   7.0377802E+06   7.0377479E+06   0.0000000E+00   0.0000000E+00   0.0000000E+00   0.0000000E+00   0.0000000E+00
   5.5668136E-05   7.0377284E+06   7.0377284E+06   9.3338628E+06   5.6002750E+03   1.5131628E+06   7.0377596E+06   7.0377284E+06   0.0000000E+00   0.0000000E+00   0.0000000E+00   0.0000000E+00   0.0000000E+00
   5.9821415E-05   7.0377059E+06   7.0377059E+06   9.3261512E+06   5.5973538E+03   1.5128548E+06   7.0377358E+06   7.0377059E+06   0.0000000E+00   0.0000000E+00   0.0000000E+00   0.0000000E+00   0.0000000E+00
   6.4284561E-05   7.0376799E+06   7.0376799E+06   9.3172537E+06   5.5939827E+03   1.5124996E+06   7.0377083E+06   7.0376799E+06   0.0000000E+00   0.0000000E+00   0.0000000E+00   0.0000000E+00   0.0000000E+00
   6.9080693E-05   7.0376500E+06   7.0376500E+06   9.3069890E+06   5.5900926E+03   1.5120901E+06   7.0376766E+06   7.0376500E+06   0.0000000E+00   0.0000000E+00   0.0000000E+00   0.0000000E+00   0.0000000E+00
   7.4234653E-05   7.0376154E+06   7.0376154E+06   9.2951491E+06   5.5856044E+03   1.5116181E+06   7.0376399E+06   7.0376154E+06   0.0000000E+00   0.0000000E+00   0.0000000E+00   0.0000000E+00   0.0000000E+00
   7.9773139E-05   7.0375754E+06   7.0375754E+06   9.2814944E+06   5.5804265E+03   1.5110742E+06   7.0375976E+06   7.0375754E+06   0.0000000E+00   0.0000000E+00   0.0000000E+00   0.0000000E+00   0.0000000E+00
   8.5724840E-05   7.0375293E+06   7.0375293E+06   9.2657500E+06   5.5744542E+03   1.5104478E+06   7.0375487E+06   7.0375293E+06   0.0000000E+00   0.0000000E+00   0.0000000E+00   0.0000000E+00   0.0000000E+00
   9.2120584E-05   7.0374760E+06   7.0374760E+06   9.2476006E+06   5.5675665E+03   1.5097264E+06   7.0374923E+06   7.0374760E+06   0.0000000E+00   0.0000000E+00   0.0000000E+00   0.0000000E+00   0.0000000E+00
   9.8993501E-05   7.0374146E+06   7.0374146E+06   9.2266842E+06   5.5596250E+03   1.5088963E+06   7.0374272E+06   7.0374146E+06   0.0000000E+00   0.0000000E+00   0.0000000E+00   0.0000000E+00   0.0000000E+00
   1.0637919E-04   7.0373436E+06   7.0373436E+06   9.2025866E+06   5.5504705E+03   1.5079413E+06   7.0373521E+06   7.0373436E+06   0.0000000E+00   0.0000000E+00   0.0000000E+00   0.0000000E+00   0.0000000E+00
   1.1431591E-04   7.0372617E+06   7.0372617E+06   9.1748340E+06   5.5399207E+03   1.5068436E+06   7.0372654E+06   7.0372617E+06   0.0000000E+00   0.0000000E+00   0.0000000E+00   0.0000000E+00   0.0000000E+00
   1.2284477E-04   7.0371672E+06   7.0371672E+06   9.1428855E+06   5.5277667E+03   1.5055824E+06   7.0371653E+06   7.0371672E+06   0.0000000E+00   0.0000000E+00   0.0000000E+00   0.0000000E+00   0.0000000E+00
   1.3200996E-04   7.0370581E+06   7.0370581E+06   9.1061244E+06   5.5137698E+03   1.5041348E+06   7.0370498E+06   7.0370581E+06   0.0000000E+00   0.0000000E+00   0.0000000E+00   0.0000000E+00   0.0000000E+00
   1.4185893E-04   7.0369323E+06   7.0369323E+06   9.0638494E+06   5.4976573E+03   1.5024747E+06   7.0369165E+06   7.0369323E+06   0.0000000E+00   0.0000000E+00   0.0000000E+00   0.0000000E+00   0.0000000E+00
   1.5244272E-04   7.0367870E+06   7.0367870E+06   9.0152648E+06   5.4791185E+03   1.5005729E+06   7.0367627E+06   7.0367870E+06   0.0000000E+00   0.0000000E+00   0.0000000E+00   0.0000000E+00   0.0000000E+00
   1.6381614E-04   7.0366195E+06   7.0366195E+06   8.9594707E+06   5.4578001E+03   1.4983971E+06   7.0365853E+06   7.0366195E+06   0.0000000E+00   0.0000000E+00   0.0000000E+00   0.0000000E+00   0.0000000E+00
   1.7603810E-04   7.0364263E+06   7.0364263E+06   8.8954525E+06   5.4333014E+03   1.4959114E+06   7.0363806E+06   7.0364263E+06   0.0000000E+00   0.0000000E+00   0.0000000E+00   0.0000000E+00   0.0000000E+00
   1.8917192E-04   7.0362034E+06   7.0362034E+06   8.8220713E+06   5.4051690E+03   1.4930763E+06   7.0361446E+06   7.0362034E+06   0.0000000E+00   0.0000000E+00   0.0000000E+00   0.0000000E+00   0.0000000E+00
   2.0328563E-04   7.0359464E+06   7.0359464E+06   8.7380549E+06   5.3728923E+03   1.4898492E+06   7.0358725E+06   7.0359464E+06   0.0000000E+00   0.0000000E+00   0.0000000E+00   0.0000000E+00   0.0000000E+00
   2.1845233E-04   7.0356502E+06   7.0356502E+06   8.6419903E+06   5.3358980E+03   1.4861842E+06   7.0355589E+06   7.0356502E+06   0.0000000E+00   0.0000000E+00   0.0000000E+00   0.0000000E+00   0.0000000E+00
   2.3475058E-04   7.0353089E+06   7.0353089E+06   8.5323199E+06   5.2935458E+03   1.4820328E+06   7.0351974E+06   7.0353089E+06   0.0000000E+00   0.0000000E+00   0.0000000E+00   0.0000000E+00   0.0000000E+00
   2.5226482E-04   7.0349156E+06   7.0349156E+06   8.4073408E+06   5.2451249E+03   1.4773448E+06   7.0347810E+06   7.0349156E+06   0.0000000E+00   0.0000000E+00   0.0000000E+00   0.0000000E+00   0.0000000E+00
   2.7108575E-04   7.0344626E+06   7.0344626E+06   8.2652116E+06   5.1898520E+03   1.4720698E+06   7.0343014E+06   7.0344626E+06   0.0000000E+00   0.0000000E+00   0.0000000E+00   0.0000000E+00   0.0000000E+00
   2.9131087E-04   7.0339412E+06   7.0339412E+06   8.1039679E+06   5.1268706E+03   1.4661589E+06   7.0337493E+06   7.0339412E+06   0.0000000E+00   0.0000000E+00   0.0000000E+00   0.0000000E+00   0.0000000E+00
   3.1304494E-04   7.0333412E+06   7.0333412E+06   7.9215489E+06   5.0552549E+03   1.4595674E+06   7.0331141E+06   7.0333412E+06   0.0000000E+00   0.0000000E+00   0.0000000E+00   0.0000000E+00   0.0000000E+00
   3.3640054E-04   7.0326511E+06   7.0326511E+06   7.7158420E+06   4.9740172E+03   1.4522586E+06   7.0323835E+06   7.0326511E+06   0.0000000E+00   0.0000000E+00   0.0000000E+00   0.0000000E+00   0.0000000E+00
   3.6149865E-04   7.0318579E+06   7.0318579E+06   7.4847463E+06   4.8821208E+03   1.4442080E+06   7.0315439E+06   7.0318579E+06   0.0000000E+00   0.0000000E+00   0.0000000E+00   0.0000000E+00   0.0000000E+00
   3.8846928E-04   7.0309467E+06   7.0309467E+06   7.2262626E+06   4.7785022E+03   1.4354091E+06   7.0305795E+06   7.0309467E+06   0.0000000E+00   0.0000000E+00   0.0000000E+00   0.0000000E+00   0.0000000E+00
   4.1745213E-04   7.0299010E+06   7.0299010E+06   6.9386157E+06   4.6621014E+03   1.4258800E+06   7.0294727E+06   7.0299010E+06   0.0000000E+00   0.0000000E+00   0.0000000E+00   0.0000000E+00   0.0000000E+00
   4.4859733E-04   7.0287017E+06   7.0287017E+06   6.6204120E+06   4.5319061E+03   1.4156706E+06   7.0282036E+06   7.0287017E+06   0.0000000E+00   0.0000000E+00   0.0000000E+00   0.0000000E+00   0.0000000E+00
   4.8206620E-04   7.0273277E+06   7.0273277E+06   6.2708400E+06   4.3870094E+03   1.4048711E+06   7.0267499E+06   7.0273277E+06   0.0000000E+00   0.0000000E+00   0.0000000E+00   0.0000000E+00   0.0000000E+00
   5.1803211E-04   7.0257553E+06   7.0257553E+06   5.8899117E+06   4.2266857E+03   1.3936186E+06   7.0250865E+06   7.0257553E+06   0.0000000E+00   0.0000000E+00   0.0000000E+00   0.0000000E+00   0.0000000E+00
   5.5668136E-04   7.0239579E+06   7.0239579E+06   5.4787452E+06   4.0504837E+03   1.3821025E+06   7.0231856E+06   7.0239579E+06   0.0000000E+00   0.0000000E+00   0.0000000E+00   0.0000000E+00   0.0000000E+00
   5.9821415E-04   7.0219062E+06   7.0219062E+06   5.0398748E+06   3.8583392E+03   1.3705653E+06   7.0210162E+06   7.0219062E+06   0.0000000E+00   0.0000000E+00   0.0000000E+00   0.0000000E+00   0.0000000E+00
   6.4284561E-04   7.0195676E+06   7.0195676E+06   4.5775666E+06   3.6507023E+03   1.3592954E+06   7.0185443E+06   7.0195676E+06   0.0000000E+00   0.0000000E+00   0.0000000E+00   0.0000000E+00   0.0000000E+00
   6.9080693E-04   7.0169063E+06   7.0169063E+06   4.0981015E+06   3.4286753E+03   1.3486091E+06   7.0157324E+06   7.0169063E+06   0.0000000E+00   0.0000000E+00   0.0000000E+00   0.0000000E+00   0.0000000E+00
   7.4234653E-04   7.0138830E+06   7.0138830E+06   3.6099652E+06   3.1941470E+03   1.3388152E+06   7.0125394E+06   7.0138830E+06   0.0000000E+00   0.0000000E+00   0.0000000E+00   0.0000000E+00   0.0000000E+00
   7.9773139E-04   7.0104550E+06   7.0104550E+06   3.1238631E+06   2.9499043E+03   1.3301597E+06   7.0089210E+06   7.0104550E+06   0.0000000E+00   0.0000000E+00   0.0000000E+00   0.0000000E+00   0.0000000E+00
   8.5724840E-04   7.0065756E+06   7.0065756E+06   2.6524594E+06   2.6996949E+03   1.3227481E+06   7.0048289E+06   7.0065756E+06   0.0000000E+00   0.0000000E+00   0.0000000E+00   0.0000000E+00   0.0000000E+00
   9.2120584E-04   7.0021943E+06   7.0021943E+06   2.2097275E+06   2.4482017E+03   1.3164468E+06   7.0002111E+06   7.0021943E+06   0.0000000E+00   0.0000000E+00   0.0000000E+00   0.0000000E+00   0.0000000E+00
   9.8993501E-04   6.9972566E+06   6.9972566E+06   1.8098167E+06   2.2008901E+03   1.3107784E+06   6.9950120E+06   6.9972566E+06   0.0000000E+00   0.0000000E+00   0.0000000E+00   0.0000000E+00   0.0000000E+00
   1.0637919E-03   6.9917033E+06   6.9917033E+06   1.4654017E+06   1.9636859E+03   1.3048338E+06   6.9891714E+06   6.9917033E+06   0.0000000E+00   0.0000000E+00   0.0000000E+00   0.0000000E+00   0.0000000E+00
   1.1431591E-03   6.9854703E+06   6.9854703E+06   1.1856029E+06   1.7424609E+03   1.2972462E+06   6.9826252E+06   6.9854703E+06   0.0000000E+00   0.0000000E+00   0.0000000E+00   0.0000000E+00   0.0000000E+00
   1.2284477E-03   6.9784881E+06   6.9784881E+06   9.7376873E+05   1.5423373E+03   1.2862828E+06   6.9753041E+06   6.9784881E+06   0.0000000E+00   0.0000000E+00   0.0000000E+00   0.0000000E+00   0.0000000E+00
   1.3200996E-03   6.9706807E+06   6.9706807E+06   8.2566537E+05   1.3668840E+03   1.2701141E+06   6.9671334E+06   6.9706807E+06   0.0000000E+00   0.0000000E+00   0.0000000E+00   0.0000000E+00   0.0000000E+00
   1.4185893E-03   6.9619654E+06   6.9619654E+06   7.2886512E+05   1.2173607E+03   1.2472889E+06   6.9580324E+06   6.9619654E+06   0.0000000E+00   0.0000000E+00   0.0000000E+00   0.0000000E+00   0.0000000E+00
   1.5244272E-03   6.9522518E+06   6.9522518E+06   6.6419750E+05   1.0922503E+03   1.2173617E+06   6.9479139E+06   6.9522518E+06   0.0000000E+00   0.0000000E+00   0.0000000E+00   0.0000000E+00   0.0000000E+00
   1.6381614E-03   6.9414421E+06   6.9414421E+06   6.0981381E+05   9.8736136E+02   1.1814810E+06   6.9366838E+06   6.9414421E+06   0.0000000E+00   0.0000000E+00   0.0000000E+00   0.0000000E+00   0.0000000E+00
   1.7603810E-03   6.9294311E+06   6.9294311E+06   5.4749706E+05   8.9671795E+02   1.1425868E+06   6.9242419E+06   6.9294311E+06   0.0000000E+00   0.0000000E+00   0.0000000E+00   0.0000000E+00   0.0000000E+00
   1.8917192E-03   6.9161077E+06   6.9161077E+06   4.6934649E+05   8.1421498E+02   1.1048007E+06   6.9104821E+06   6.9161077E+06   0.0000000E+00   0.0000000E+00   0.0000000E+00   0.0000000E+00   0.0000000E+00
   2.0328563E-03   6.9013566E+06   6.9013566E+06   3.8144172E+05   7.3560425E+02   1.0718066E+06   6.8952940E+06   6.9013566E+06   0.0000000E+00   0.0000000E+00   0.0000000E+00   0.0000000E+00   0.0000000E+00
   2.1845233E-03   6.8850591E+06   6.8850591E+06   3.0085374E+05   6.5993675E+02   1.0446680E+06   6.8785632E+06   6.8850591E+06   0.0000000E+00   0.0000000E+00   0.0000000E+00   0.0000000E+00   0.0000000E+00
   2.3475058E-03   6.8670939E+06   6.8670939E+06   2.4503102E+05   5.8945891E+02   1.0204556E+06   6.8601715E+06   6.8670939E+06   0.0000000E+00   0.0000000E+00   0.0000000E+00   0.0000000E+00   0.0000000E+00
   2.5226482E-03   6.8473352E+06   6.8473352E+06   2.1844947E+05   5.2755895E+02   9.9348545E+05   6.8399942E+06   6.8473352E+06   0.0000000E+00   0.0000000E+00   0.0000000E+00   0.0000000E+00   0.0000000E+00
   2.7108575E-03   6.8256503E+06   6.8256503E+06   2.0707353E+05   4.7574324E+02   9.5964584E+05   6.8178980E+06   6.8256503E+06   0.0000000E+00   0.0000000E+00   0.0000000E+00   0.0000000E+00   0.0000000E+00
   2.9131087E-03   6.8018979E+06   6.8018979E+06   1.8922331E+05   4.3195656E+02   9.2088716E+05   6.7937394E+06   6.8018979E+06   0.0000000E+00   0.0000000E+00   0.0000000E+00   0.0000000E+00   0.0000000E+00
   3.1304494E-03   6.7759280E+06   6.7759280E+06   1.5688348E+05   3.9216414E+02   8.8428807E+05   6.7673655E+06   6.7759280E+06   0.0000000E+00   0.0000000E+00   0.0000000E+00   0.0000000E+00   0.0000000E+00
   3.3640054E-03   6.7475844E+06   6.7475844E+06   1.2432604E+05   3.5410269E+02   8.5387972E+05   6.7386174E+06   6.7475844E+06   0.0000000E+00   0.0000000E+00   0.0000000E+00   0.0000000E+00   0.0000000E+00
   3.6149865E-03   6.7167058E+06   6.7167058E+06   1.0779540E+05   3.1892377E+02   8.2422372E+05   6.7073328E+06   6.7167058E+06   0.0000000E+00   0.0000000E+00   0.0000000E+00   0.0000000E+00   0.0000000E+00
   3.8846928E-03   6.6831238E+06   6.6831238E+06   1.0006898E+05   2.8820217E+02   7.8802796E+05   6.6733441E+06   6.6831238E+06   0.0000000E+00   0.0000000E+00   0.0000000E+00   0.0000000E+00   0.0000000E+00
   4.1745213E-03   6.6466608E+06   6.6466608E+06   8.3725498E+04   2.6065169E+02   7.4955342E+05   6.6364753E+06   6.6466608E+06   0.0000000E+00   0.0000000E+00   0.0000000E+00   0.0000000E+00   0.0000000E+00
   4.4859733E-03   6.6071309E+06   6.6071309E+06   6.5620240E+04   2.3438800E+02   7.1705674E+05   6.5965439E+06   6.6071309E+06   0.0000000E+00   0.0000000E+00   0.0000000E+00   0.0000000E+00   0.0000000E+00
   4.8206620E-03   6.5643443E+06   6.5643443E+06   6.0662708E+04   2.1038477E+02   6.8391250E+05   6.5533633E+06   6.5643443E+06   0.0000000E+00   0.0000000E+00   0.0000000E+00   0.0000000E+00   0.0000000E+00
   5.1803211E-03   6.5181058E+06   6.5181058E+06   5.4987699E+04   1.8936736E+02   6.4425118E+05   6.5067436E+06   6.5181058E+06   0.0000000E+00   0.0000000E+00   0.0000000E+00   0.0000000E+00   0.0000000E+00
   5.5668136E-03   6.4682147E+06   6.4682147E+06   4.2544775E+04   1.6963059E+02   6.0982406E+05   6.4564907E+06   6.4682147E+06   0.0000000E+00   0.0000000E+00   0.0000000E+00   0.0000000E+00   0.0000000E+00
   5.9821415E-03   6.4144690E+06   6.4144690E+06   3.8895895E+04   1.5146947E+02   5.7721690E+05   6.4024071E+06   6.4144690E+06   0.0000000E+00   0.0000000E+00   0.0000000E+00   0.0000000E+00   0.0000000E+00
   6.4284561E-03   6.3566643E+06   6.3566643E+06   3.2545579E+04   1.3545769E+02   5.4102293E+05   6.3442872E+06   6.3566643E+06   0.0000000E+00   0.0000000E+00   0.0000000E+00   0.0000000E+00   0.0000000E+00
   6.9080693E-03   6.2945888E+06   6.2945888E+06   2.7443006E+04   1.2062496E+02   5.1028340E+05   6.2819140E+06   6.2945888E+06   0.0000000E+00   0.0000000E+00   0.0000000E+00   0.0000000E+00   0.0000000E+00
   7.4234653E-03   6.2280232E+06   6.2280232E+06   2.4829945E+04   1.0745741E+02   4.7438380E+05   6.2150697E+06   6.2280232E+06   0.0000000E+00   0.0000000E+00   0.0000000E+00   0.0000000E+00   0.0000000E+00
   7.9773139E-03   6.1567420E+06   6.1567420E+06   1.9803429E+04   9.5156480E+01   4.4428176E+05   6.1435406E+06   6.1567420E+06   0.0000000E+00   0.0000000E+00   0.0000000E+00   0.0000000E+00   0.0000000E+00
   8.5724840E-03   6.0805214E+06   6.0805214E+06   1.7658474E+04   8.4252897E+01   4.1180588E+05   6.0671096E+06   6.0805214E+06   0.0000000E+00   0.0000000E+00   0.0000000E+00   0.0000000E+00   0.0000000E+00
   9.2120584E-03   5.9991375E+06   5.9991375E+06   1.5173178E+04   7.4364115E+01   3.8365457E+05   5.9855460E+06   5.9991375E+06   0.0000000E+00   0.0000000E+00   0.0000000E+00   0.0000000E+00   0.0000000E+00
   9.8993501E-03   5.9123616E+06   5.9123616E+06   1.2145716E+04   6.5528880E+01   3.5347387E+05   5.8986203E+06   5.9123616E+06   0.0000000E+00   0.0000000E+00   0.0000000E+00   0.0000000E+00   0.0000000E+00
   1.0637919E-02   5.8199605E+06   5.8199605E+06   1.1228787E+04   5.7528653E+01   3.2588515E+05   5.8061076E+06   5.8199605E+06   0.0000000E+00   0.0000000E+00   0.0000000E+00   0.0000000E+00   0.0000000E+00
   1.1431591E-02   5.7217053E+06   5.7217053E+06   9.4057941E+03   5.0370707E+01   3.0045316E+05   5.7077791E+06   5.7217053E+06   0.0000000E+00   0.0000000E+00   0.0000000E+00   0.0000000E+00   0.0000000E+00
   1.2284477E-02   5.6173722E+06   5.6173722E+06   7.4959649E+03   4.3999011E+01   2.7523226E+05   5.6034101E+06   5.6173722E+06   0.0000000E+00   0.0000000E+00   0.0000000E+00   0.0000000E+00   0.0000000E+00
   1.3200996E-02   5.5067442E+06   5.5067442E+06   6.3872701E+03   3.8320970E+01   2.5087733E+05   5.4927861E+06   5.5067442E+06   0.0000000E+00   0.0000000E+00   0.0000000E+00   0.0000000E+00   0.0000000E+00
   1.4185893E-02   5.3896203E+06   5.3896203E+06   5.4696541E+03   3.3271762E+01   2.2838763E+05   5.3757088E+06   5.3896203E+06   0.0000000E+00   0.0000000E+00   0.0000000E+00   0.0000000E+00   0.0000000E+00
   1.5244272E-02   5.2658246E+06   5.2658246E+06   4.6911342E+03   2.8800938E+01   2.0722011E+05   5.2519984E+06   5.2658246E+06   0.0000000E+00   0.0000000E+00   0.0000000E+00   0.0000000E+00   0.0000000E+00
   1.6381614E-02   5.1352146E+06   5.1352146E+06   3.9068371E+03   2.4840579E+01   1.8770660E+05   5.1215177E+06   5.1352146E+06   0.0000000E+00   0.0000000E+00   0.0000000E+00   0.0000000E+00   0.0000000E+00
   1.7603810E-02   4.9977021E+06   4.9977021E+06   3.2436639E+03   2.1358949E+01   1.6950303E+05   4.9841750E+06   4.9977021E+06   0.0000000E+00   0.0000000E+00   0.0000000E+00   0.0000000E+00   0.0000000E+00
   1.8917192E-02   4.8532693E+06   4.8532693E+06   2.7961013E+03   1.8299350E+01   1.5276216E+05   4.8399544E+06   4.8532693E+06   0.0000000E+00   0.0000000E+00   0.0000000E+00   0.0000000E+00   0.0000000E+00
   2.0328563E-02   4.7019967E+06   4.7019967E+06   2.4531016E+03   1.5626711E+01   1.3673027E+05   4.6889340E+06   4.7019967E+06   0.0000000E+00   0.0000000E+00   0.0000000E+00   0.0000000E+00   0.0000000E+00
   2.1845231E-02   4.5440912E+06   4.5440912E+06   1.9363985E+03   1.3295011E+01   1.2208462E+05   4.5313212E+06   4.5440912E+06   0.0000000E+00   0.0000000E+00   0.0000000E+00   0.0000000E+00   0.0000000E+00
   2.3475046E-02   4.3799238E+06   4.3799238E+06   1.6952742E+03   1.1266206E+01   1.0892298E+05   4.3674835E+06   4.3799238E+06   0.0000000E+00   0.0000000E+00   0.0000000E+00   0.0000000E+00   0.0000000E+00
   2.5226414E-02   4.2100678E+06   4.2100678E+06   1.3403031E+03   9.5133112E+00   9.6679710E+04   4.1979929E+06   4.2100678E+06   0.0000000E+00   0.0000000E+00   0.0000000E+00   0.0000000E+00   0.0000000E+00
   2.7108252E-02   4.0353463E+06   4.0353463E+06   1.1402793E+03   8.0023235E+00   8.5472175E+04   4.0236686E+06   4.0353463E+06   0.0000000E+00   0.0000000E+00   0.0000000E+00   0.0000000E+00   0.0000000E+00
   2.9129757E-02   3.8568866E+06   3.8568866E+06   9.6287245E+02   6.7047481E+00   7.5510066E+04   3.8456340E+06   3.8568866E+06   0.0000000E+00   0.0000000E+00   0.0000000E+00   0.0000000E+00   0.0000000E+00
   3.1299677E-02   3.6761948E+06   3.6761948E+06   7.9412119E+02   5.5977889E+00   6.6523321E+04   3.6653891E+06   3.6761948E+06   0.0000000E+00   0.0000000E+00   0.0000000E+00   0.0000000E+00   0.0000000E+00
   3.3624605E-02   3.4952529E+06   3.4952529E+06   6.4081785E+02   4.6595973E+00   5.8489189E+04   3.4849093E+06   3.4952529E+06   0.0000000E+00   0.0000000E+00   0.0000000E+00   0.0000000E+00   0.0000000E+00
   3.6105704E-02   3.3166205E+06   3.3166205E+06   5.1675818E+02   3.8703670E+00   5.1486039E+04   3.3067452E+06   3.3166205E+06   0.0000000E+00   0.0000000E+00   0.0000000E+00   0.0000000E+00   0.0000000E+00
   3.8733935E-02   3.1434499E+06   3.1434499E+06   4.4639023E+02   3.2140397E+00   4.5275699E+04   3.1340385E+06   3.1434499E+06   0.0000000E+00   0.0000000E+00   0.0000000E+00   0.0000000E+00   0.0000000E+00
   4.1485709E-02   2.9792421E+06   2.9792421E+06   3.5054154E+02   2.6750786E+00   3.9928292E+04   2.9702788E+06   2.9792421E+06   0.0000000E+00   0.0000000E+00   0.0000000E+00   0.0000000E+00   0.0000000E+00
   4.4323163E-02   2.8272145E+06   2.8272145E+06   3.0553774E+02   2.2379692E+00   3.5381198E+04   2.8186720E+06   2.8272145E+06   0.0000000E+00   0.0000000E+00   0.0000000E+00   0.0000000E+00   0.0000000E+00
   4.7202165E-02   2.6894616E+06   2.6894616E+06   2.4976914E+02   1.8870697E+00   3.1656831E+04   2.6813050E+06   2.6894616E+06   0.0000000E+00   0.0000000E+00   0.0000000E+00   0.0000000E+00   0.0000000E+00
   5.0084622E-02   2.5664347E+06   2.5664347E+06   2.0916749E+02   1.6065331E+00   2.8443416E+04   2.5586262E+06   2.5664347E+06   0.0000000E+00   0.0000000E+00   0.0000000E+00   0.0000000E+00   0.0000000E+00
   5.2946894E-02   2.4570863E+06   2.4570863E+06   1.8595796E+02   1.3813089E+00   2.5845662E+04   2.4495897E+06   2.4570863E+06   0.0000000E+00   0.0000000E+00   0.0000000E+00   0.0000000E+00   0.0000000E+00
   5.5780412E-02   2.3594634E+06   2.3594634E+06   1.5489201E+02   1.1987282E+00   2.3658059E+04   2.3522474E+06   2.3594634E+06   0.0000000E+00   0.0000000E+00   0.0000000E+00   0.0000000E+00   0.0000000E+00
   5.8587399E-02   2.2713099E+06   2.2713099E+06   1.3822710E+02   1.0488329E+00   2.1748690E+04   2.2643490E+06   2.2713099E+06   0.0000000E+00   0.0000000E+00   0.0000000E+00   0.0000000E+00   0.0000000E+00
   6.1376005E-02   2.1904524E+06   2.1904524E+06   1.2117402E+02   9.2377804E-01   2.0169609E+04   2.1837269E+06   2.1904524E+06   0.0000000E+00   0.0000000E+00   0.0000000E+00   0.0000000E+00   0.0000000E+00
   6.4156832E-02   2.1149801E+06   2.1149801E+06   1.0523222E+02   8.1807228E-01   1.8717962E+04   2.1084757E+06   2.1149801E+06   0.0000000E+00   0.0000000E+00   0.0000000E+00   0.0000000E+00   0.0000000E+00
   6.6940986E-02   2.0433044E+06   2.0433044E+06   9.6407908E+01   7.2738716E-01   1.7469688E+04   2.0370111E+06   2.0433044E+06   0.0000000E+00   0.0000000E+00   0.0000000E+00   0.0000000E+00   0.0000000E+00
   6.9739149E-02   1.9741645E+06   1.9741645E+06   8.2586356E+01   6.4874970E-01   1.6331257E+04   1.9680761E+06   1.9741645E+06   0.0000000E+00   0.0000000E+00   0.0000000E+00   0.0000000E+00   0.0000000E+00
   7.2561234E-02   1.9066149E+06   1.9066149E+06   7.6016180E+01   5.7984700E-01   1.5266387E+04   1.9007278E+06   1.9066149E+06   0.0000000E+00   0.0000000E+00   0.0000000E+00   0.0000000E+00   0.0000000E+00
   7.5416324E-02   1.8400090E+06   1.8400090E+06   6.7470514E+01   5.1897255E-01   1.4337908E+04   1.8343212E+06   1.8400090E+06   0.0000000E+00   0.0000000E+00   0.0000000E+00   0.0000000E+00   0.0000000E+00
   7.8312733E-02   1.7739811E+06   1.7739811E+06   5.8517893E+01   4.6489634E-01   1.3420205E+04   1.7684919E+06   1.7739811E+06   0.0000000E+00   0.0000000E+00   0.0000000E+00   0.0000000E+00   0.0000000E+00
   8.1258110E-02   1.7084268E+06   1.7084268E+06   5.4739034E+01   4.1664074E-01   1.2582544E+04   1.7031355E+06   1.7084268E+06   0.0000000E+00   0.0000000E+00   0.0000000E+00   0.0000000E+00   0.0000000E+00
   8.4259557E-02   1.6434769E+06   1.6434769E+06   4.8815852E+01   3.7344603E-01   1.1824653E+04   1.6383823E+06   1.6434769E+06   0.0000000E+00   0.0000000E+00   0.0000000E+00   0.0000000E+00   0.0000000E+00
   8.7323736E-02   1.5794622E+06   1.5794622E+06   4.2405173E+01   3.3476778E-01   1.1095125E+04   1.5745621E+06   1.5794622E+06   0.0000000E+00   0.0000000E+00   0.0000000E+00   0.0000000E+00   0.0000000E+00
   9.0456962E-02   1.5168671E+06   1.5168671E+06   3.7576896E+01   3.0014422E-01   1.0406780E+04   1.5121577E+06   1.5168671E+06   0.0000000E+00   0.0000000E+00   0.0000000E+00   0.0000000E+00   0.0000000E+00
   9.3665283E-02   1.4562703E+06   1.4562703E+06   3.3682008E+01   2.6919522E-01   9.7720203E+03   1.4517458E+06   1.4562703E+06   0.0000000E+00   0.0000000E+00   0.0000000E+00   0.0000000E+00   0.0000000E+00
   9.6954543E-02   1.3982744E+06   1.3982744E+06   3.0204998E+01   2.4159417E-01   9.1898726E+03   1.3939272E+06   1.3982744E+06   0.0000000E+00   0.0000000E+00   0.0000000E+00   0.0000000E+00   0.0000000E+00
   1.0033044E-01   1.3434275E+06   1.3434275E+06   2.7239586E+01   2.1703224E-01   8.6592413E+03   1.3392483E+06   1.3434275E+06   0.0000000E+00   0.0000000E+00   0.0000000E+00   0.0000000E+00   0.0000000E+00
   1.0379858E-01   1.2921431E+06   1.2921431E+06   2.5060487E+01   1.9523305E-01   8.1729317E+03   1.2881211E+06   1.2921431E+06   0.0000000E+00   0.0000000E+00   0.0000000E+00   0.0000000E+00   0.0000000E+00
   1.0736448E-01   1.2446272E+06   1.2446272E+06   2.2731871E+01   1.7590721E-01   7.7183936E+03   1.2407511E+06   1.2446272E+06   0.0000000E+00   0.0000000E+00   0.0000000E+00   0.0000000E+00   0.0000000E+00
   1.1103363E-01   1.2008236E+06   1.2008236E+06   1.9815123E+01   1.5876424E-01   7.3221959E+03   1.1970819E+06   1.2008236E+06   0.0000000E+00   0.0000000E+00   0.0000000E+00   0.0000000E+00   0.0000000E+00
   1.1481153E-01   1.1603873E+06   1.1603873E+06   1.8574161E+01   1.4353152E-01   6.9567094E+03   1.1567700E+06   1.1603873E+06   0.0000000E+00   0.0000000E+00   0.0000000E+00   0.0000000E+00   0.0000000E+00
   1.1870365E-01   1.1226991E+06   1.1226991E+06   1.6261487E+01   1.2993123E-01   6.6268665E+03   1.1191976E+06   1.1226991E+06   0.0000000E+00   0.0000000E+00   0.0000000E+00   0.0000000E+00   0.0000000E+00
   1.2271551E-01   1.0869237E+06   1.0869237E+06   1.4902964E+01   1.1771195E-01   6.3102657E+03   1.0835324E+06   1.0869237E+06   0.0000000E+00   0.0000000E+00   0.0000000E+00   0.0000000E+00   0.0000000E+00
   1.2685264E-01   1.0521147E+06   1.0521147E+06   1.3761270E+01   1.0664515E-01   6.0211863E+03   1.0488306E+06   1.0521147E+06   0.0000000E+00   0.0000000E+00   0.0000000E+00   0.0000000E+00   0.0000000E+00
   1.3112064E-01   1.0173548E+06   1.0173548E+06   1.2475276E+01   9.6540993E-02   5.7427570E+03   1.0141781E+06   1.0173548E+06   0.0000000E+00   0.0000000E+00   0.0000000E+00   0.0000000E+00   0.0000000E+00
   1.3552514E-01   9.8191303E+05   9.8191303E+05   1.1261981E+01   8.7258746E-02   5.4673985E+03   9.7884587E+05   9.8191303E+05   0.0000000E+00   0.0000000E+00   0.0000000E+00   0.0000000E+00   0.0000000E+00
   1.4007184E-01   9.4538935E+05   9.4538935E+05   1.0018214E+01   7.8700599E-02   5.1943234E+03   9.4243529E+05   9.4538935E+05   0.0000000E+00   0.0000000E+00   0.0000000E+00   0.0000000E+00   0.0000000E+00
   1.4476649E-01   9.0781350E+05   9.0781350E+05   8.8151144E+00   7.0812982E-02   4.9303850E+03   9.0497595E+05   9.0781350E+05   0.0000000E+00   0.0000000E+00   0.0000000E+00   0.0000000E+00   0.0000000E+00
   1.4961494E-01   8.6966470E+05   8.6966470E+05   8.1876066E+00   6.3577050E-02   4.6675093E+03   8.6694559E+05   8.6966470E+05   0.0000000E+00   0.0000000E+00   0.0000000E+00   0.0000000E+00   0.0000000E+00
   1.5462309E-01   8.3179149E+05   8.3179149E+05   7.1371901E+00   5.6993882E-02   4.4159423E+03   8.2919005E+05   8.3179149E+05   0.0000000E+00   0.0000000E+00   0.0000000E+00   0.0000000E+00   0.0000000E+00
   1.5979692E-01   7.9523121E+05   7.9523121E+05   6.3755196E+00   5.1067011E-02   4.1745058E+03   7.9274346E+05   7.9523121E+05   0.0000000E+00   0.0000000E+00   0.0000000E+00   0.0000000E+00   0.0000000E+00
   1.6514250E-01   7.6095800E+05   7.6095800E+05   5.7287111E+00   4.5787146E-02   3.9533864E+03   7.5857687E+05   7.6095800E+05   0.0000000E+00   0.0000000E+00   0.0000000E+00   0.0000000E+00   0.0000000E+00
   1.7066601E-01   7.2961654E+05   7.2961654E+05   5.1229887E+00   4.1122808E-02   3.7544870E+03   7.2733295E+05   7.2961654E+05   0.0000000E+00   0.0000000E+00   0.0000000E+00   0.0000000E+00   0.0000000E+00
   1.7637373E-01   7.0131876E+05   7.0131876E+05   4.6378703E+00   3.7014276E-02   3.5775635E+03   6.9912325E+05   7.0131876E+05   0.0000000E+00   0.0000000E+00   0.0000000E+00   0.0000000E+00   0.0000000E+00
   1.8227203E-01   6.7557892E+05   6.7557892E+05   4.2616557E+00   3.3380470E-02   3.4140734E+03   6.7346354E+05   6.7557892E+05   0.0000000E+00   0.0000000E+00   0.0000000E+00   0.0000000E+00   0.0000000E+00
   1.8836745E-01   6.5143315E+05   6.5143315E+05   3.7802112E+00   3.0131231E-02   3.2663158E+03   6.4939297E+05   6.5143315E+05   0.0000000E+00   0.0000000E+00   0.0000000E+00   0.0000000E+00   0.0000000E+00
   1.9466667E-01   6.2773266E+05   6.2773266E+05   3.3910719E+00   2.7183028E-02   3.1213599E+03   6.2576634E+05   6.2773266E+05   0.0000000E+00   0.0000000E+00   0.0000000E+00   0.0000000E+00   0.0000000E+00
   2.0117653E-01   6.0353047E+05   6.0353047E+05   3.0603007E+00   2.4474542E-02   2.9785502E+03   6.0163963E+05   6.0353047E+05   0.0000000E+00   0.0000000E+00   0.0000000E+00   0.0000000E+00   0.0000000E+00
   2.0790409E-01   5.7842570E+05   5.7842570E+05   2.7718238E+00   2.1972383E-02   2.8348438E+03   5.7661321E+05   5.7842570E+05   0.0000000E+00   0.0000000E+00   0.0000000E+00   0.0000000E+00   0.0000000E+00
   2.1485662E-01   5.5271842E+05   5.5271842E+05   2.4972687E+00   1.9672303E-02   2.6891137E+03   5.5098622E+05   5.5271842E+05   0.0000000E+00   0.0000000E+00   0.0000000E+00   0.0000000E+00   0.0000000E+00
   2.2204170E-01   5.2728243E+05   5.2728243E+05   2.2112508E+00   1.7584697E-02   2.5499325E+03   5.2562970E+05   5.2728243E+05   0.0000000E+00   0.0000000E+00   0.0000000E+00   0.0000000E+00   0.0000000E+00
   2.2946718E-01   5.0317733E+05   5.0317733E+05   1.9612395E+00   1.5721214E-02   2.4180028E+03   5.0159993E+05   5.0317733E+05   0.0000000E+00   0.0000000E+00   0.0000000E+00   0.0000000E+00   0.0000000E+00
   2.3714129E-01   4.8115391E+05   4.8115391E+05   1.7604653E+00   1.4079518E-02   2.2989730E+03   4.7964536E+05   4.8115391E+05   0.0000000E+00   0.0000000E+00   0.0000000E+00   0.0000000E+00   0.0000000E+00
   2.4507270E-01   4.6128921E+05   4.6128921E+05   1.6005740E+00   1.2638134E-02   2.1917162E+03   4.5984277E+05   4.6128921E+05   0.0000000E+00   0.0000000E+00   0.0000000E+00   0.0000000E+00   0.0000000E+00
   2.5327056E-01   4.4295652E+05   4.4295652E+05   1.4206250E+00   1.1360766E-02   2.0936940E+03   4.4156740E+05   4.4295652E+05   0.0000000E+00   0.0000000E+00   0.0000000E+00   0.0000000E+00   0.0000000E+00
   2.6174457E-01   4.2517714E+05   4.2517714E+05   1.2816625E+00   1.0208943E-02   1.9993883E+03   4.2384363E+05   4.2517714E+05   0.0000000E+00   0.0000000E+00   0.0000000E+00   0.0000000E+00   0.0000000E+00
   2.7050511E-01   4.0717879E+05   4.0717879E+05   1.1478066E+00   9.1549815E-03   1.9059143E+03   4.0590159E+05   4.0717879E+05   0.0000000E+00   0.0000000E+00   0.0000000E+00   0.0000000E+00   0.0000000E+00
   2.7956332E-01   3.8883164E+05   3.8883164E+05   1.0282853E+00   8.1881104E-03   1.8124324E+03   3.8761188E+05   3.8883164E+05   0.0000000E+00   0.0000000E+00   0.0000000E+00   0.0000000E+00   0.0000000E+00
   2.8893119E-01   3.7067271E+05   3.7067271E+05   9.1666082E-01   7.3111240E-03   1.7202444E+03   3.6950980E+05   3.7067271E+05   0.0000000E+00   0.0000000E+00   0.0000000E+00   0.0000000E+00   0.0000000E+00
   2.9862174E-01   3.5348208E+05   3.5348208E+05   8.1901102E-01   6.5289961E-03   1.6339768E+03   3.5237301E+05   3.5348208E+05   0.0000000E+00   0.0000000E+00   0.0000000E+00   0.0000000E+00   0.0000000E+00
   3.0864916E-01   3.3769823E+05   3.3769823E+05   7.3087755E-01   5.8391334E-03   1.5553678E+03   3.3663860E+05   3.3769823E+05   0.0000000E+00   0.0000000E+00   0.0000000E+00   0.0000000E+00   0.0000000E+00
   3.1902895E-01   3.2310999E+05   3.2310999E+05   6.5977872E-01   5.2288730E-03   1.4828412E+03   3.2209605E+05   3.2310999E+05   0.0000000E+00   0.0000000E+00   0.0000000E+00   0.0000000E+00   0.0000000E+00
   3.2977820E-01   3.0907486E+05   3.0907486E+05   5.9025493E-01   4.6807460E-03   1.4137453E+03   3.0810490E+05   3.0907486E+05   0.0000000E+00   0.0000000E+00   0.0000000E+00   0.0000000E+00   0.0000000E+00
   3.4091578E-01   2.9508319E+05   2.9508319E+05   5.2514484E-01   4.1821842E-03   1.3454587E+03   2.9415708E+05   2.9508319E+05   0.0000000E+00   0.0000000E+00   0.0000000E+00   0.0000000E+00   0.0000000E+00
   3.5246265E-01   2.8116657E+05   2.8116657E+05   4.6964142E-01   3.7291398E-03   1.2782706E+03   2.8028408E+05   2.8116657E+05   0.0000000E+00   0.0000000E+00   0.0000000E+00   0.0000000E+00   0.0000000E+00
   3.6444221E-01   2.6777167E+05   2.6777167E+05   4.1835366E-01   3.3225135E-03   1.2139552E+03   2.6693117E+05   2.6777167E+05   0.0000000E+00   0.0000000E+00   0.0000000E+00   0.0000000E+00   0.0000000E+00
   3.7688069E-01   2.5523944E+05   2.5523944E+05   3.7144434E-01   2.9616615E-03   1.1540070E+03   2.5443823E+05   2.5523944E+05   0.0000000E+00   0.0000000E+00   0.0000000E+00   0.0000000E+00   0.0000000E+00
   3.8980767E-01   2.4344819E+05   2.4344819E+05   3.3129412E-01   2.6404862E-03   1.0979389E+03   2.4268396E+05   2.4344819E+05   0.0000000E+00   0.0000000E+00   0.0000000E+00   0.0000000E+00   0.0000000E+00
   4.0325667E-01   2.3200528E+05   2.3200528E+05   2.9523198E-01   2.3514123E-03   1.0438102E+03   2.3127693E+05   2.3200528E+05   0.0000000E+00   0.0000000E+00   0.0000000E+00   0.0000000E+00   0.0000000E+00
   4.1726588E-01   2.2072829E+05   2.2072829E+05   2.6224266E-01   2.0897340E-03   9.9093653E+02   2.2003531E+05   2.2072829E+05   0.0000000E+00   0.0000000E+00   0.0000000E+00   0.0000000E+00   0.0000000E+00
   4.3187909E-01   2.0979960E+05   2.0979960E+05   2.3297664E-01   1.8543869E-03   9.3985477E+02   2.0914090E+05   2.0979960E+05   0.0000000E+00   0.0000000E+00   0.0000000E+00   0.0000000E+00   0.0000000E+00
   4.4714677E-01   1.9942204E+05   1.9942204E+05   2.0656765E-01   1.6443919E-03   8.9150836E+02   1.9879589E+05   1.9942204E+05   0.0000000E+00   0.0000000E+00   0.0000000E+00   0.0000000E+00   0.0000000E+00
   4.6312751E-01   1.8950586E+05   1.8950586E+05   1.8300777E-01   1.4566716E-03   8.4558900E+02   1.8891083E+05   1.8950586E+05   0.0000000E+00   0.0000000E+00   0.0000000E+00   0.0000000E+00   0.0000000E+00
   4.7988979E-01   1.7984364E+05   1.7984364E+05   1.6157131E-01   1.2876488E-03   8.0099120E+02   1.7927892E+05   1.7984364E+05   0.0000000E+00   0.0000000E+00   0.0000000E+00   0.0000000E+00   0.0000000E+00
   4.9751421E-01   1.7043191E+05   1.7043191E+05   1.4247742E-01   1.1354370E-03   7.5776306E+02   1.6989673E+05   1.7043191E+05   0.0000000E+00   0.0000000E+00   0.0000000E+00   0.0000000E+00   0.0000000E+00
   5.1609634E-01   1.6138233E+05   1.6138233E+05   1.2543235E-01   9.9920966E-04   7.1635707E+02   1.6087555E+05   1.6138233E+05   0.0000000E+00   0.0000000E+00   0.0000000E+00   0.0000000E+00   0.0000000E+00
   5.3575045E-01   1.5265271E+05   1.5265271E+05   1.1011385E-01   8.7708747E-04   6.7656469E+02   1.5217333E+05   1.5265271E+05   0.0000000E+00   0.0000000E+00   0.0000000E+00   0.0000000E+00   0.0000000E+00
   5.5661419E-01   1.4413893E+05   1.4413893E+05   9.6309695E-02   7.6732288E-04   6.3787051E+02   1.4368627E+05   1.4413893E+05   0.0000000E+00   0.0000000E+00   0.0000000E+00   0.0000000E+00   0.0000000E+00
   5.7885474E-01   1.3586077E+05   1.3586077E+05   8.3916978E-02   6.6876250E-04   6.0039131E+02   1.3543409E+05   1.3586077E+05   0.0000000E+00   0.0000000E+00   0.0000000E+00   0.0000000E+00   0.0000000E+00
   6.0267667E-01   1.2782501E+05   1.2782501E+05   7.2839390E-02   5.8046760E-04   5.6412809E+02   1.2742356E+05   1.2782501E+05   0.0000000E+00   0.0000000E+00   0.0000000E+00   0.0000000E+00   0.0000000E+00
   6.2833191E-01   1.1996939E+05   1.1996939E+05   6.2895925E-02   5.0124253E-04   5.2878066E+02   1.1959260E+05   1.1996939E+05   0.0000000E+00   0.0000000E+00   0.0000000E+00   0.0000000E+00   0.0000000E+00
   6.5613215E-01   1.1228941E+05   1.1228941E+05   5.3989619E-02   4.3026829E-04   4.9429936E+02   1.1193673E+05   1.1228941E+05   0.0000000E+00   0.0000000E+00   0.0000000E+00   0.0000000E+00   0.0000000E+00
   6.8646349E-01   1.0476816E+05   1.0476816E+05   4.6018546E-02   3.6677649E-04   4.6064126E+02   1.0443910E+05   1.0476816E+05   0.0000000E+00   0.0000000E+00   0.0000000E+00   0.0000000E+00   0.0000000E+00
   7.1980194E-01   9.7379588E+04   9.7379588E+04   3.8900761E-02   3.1007828E-04   4.2766754E+02   9.7073725E+04   9.7379588E+04   0.0000000E+00   0.0000000E+00   0.0000000E+00   0.0000000E+00   0.0000000E+00
   7.5672610E-01   9.0118998E+04   9.0118998E+04   3.2572676E-02   2.5964418E-04   3.9535337E+02   8.9835934E+04   9.0118998E+04   0.0000000E+00   0.0000000E+00   0.0000000E+00   0.0000000E+00   0.0000000E+00
   7.9791844E-01   8.2980765E+04   8.2980765E+04   2.6975528E-02   2.1504465E-04   3.6364835E+02   8.2720117E+04   8.2980765E+04   0.0000000E+00   0.0000000E+00   0.0000000E+00   0.0000000E+00   0.0000000E+00
   8.4414103E-01   7.5981549E+04   7.5981549E+04   2.2068871E-02   1.7593828E-04   3.3263936E+02   7.5742880E+04   7.5981549E+04   0.0000000E+00   0.0000000E+00   0.0000000E+00   0.0000000E+00   0.0000000E+00
   8.9616770E-01   6.9159526E+04   6.9159526E+04   1.7822579E-02   1.4209464E-04   3.0248637E+02   6.8942282E+04   6.9159526E+04   0.0000000E+00   0.0000000E+00   0.0000000E+00   0.0000000E+00   0.0000000E+00
   9.5466833E-01   6.2578741E+04   6.2578741E+04   1.4210635E-02   1.1330248E-04   2.7345936E+02   6.2382165E+04   6.2578741E+04   0.0000000E+00   0.0000000E+00   0.0000000E+00   0.0000000E+00   0.0000000E+00
   1.0200819E+00   5.6321058E+04   5.6321058E+04   1.1201778E-02   8.9317075E-05   2.4590977E+02   5.6144136E+04   5.6321058E+04   0.0000000E+00   0.0000000E+00   0.0000000E+00   0.0000000E+00   0.0000000E+00
   1.0925633E+00   5.0468219E+04   5.0468219E+04   8.7499350E-03   6.9771778E-05   2.2018829E+02   5.0309680E+04   5.0468219E+04   0.0000000E+00   0.0000000E+00   0.0000000E+00   0.0000000E+00   0.0000000E+00
   1.1720680E+00   4.5081045E+04   4.5081045E+04   6.7917342E-03   5.4157816E-05   1.9655175E+02   4.4939427E+04   4.5081045E+04   0.0000000E+00   0.0000000E+00   0.0000000E+00   0.0000000E+00   0.0000000E+00
   1.2585271E+00   4.0184898E+04   4.0184898E+04   5.2527451E-03   4.1872715E-05   1.7509981E+02   4.0058659E+04   4.0184898E+04   0.0000000E+00   0.0000000E+00   0.0000000E+00   0.0000000E+00   0.0000000E+00
   1.3519948E+00   3.5772090E+04   3.5772090E+04   4.0504271E-03   3.2300510E-05   1.5579161E+02   3.5659713E+04   3.5772090E+04   0.0000000E+00   0.0000000E+00   0.0000000E+00   0.0000000E+00   0.0000000E+00
   1.4526998E+00   3.1815230E+04   3.1815230E+04   3.1200620E-03   2.4884046E-05   1.3849477E+02   3.1715282E+04   3.1815230E+04   0.0000000E+00   0.0000000E+00   0.0000000E+00   0.0000000E+00   0.0000000E+00
   1.5610272E+00   2.8276610E+04   2.8276610E+04   2.4014591E-03   1.9154216E-05   1.2304178E+02   2.8187778E+04   2.8276610E+04   0.0000000E+00   0.0000000E+00   0.0000000E+00   0.0000000E+00   0.0000000E+00
   1.6774757E+00   2.5117001E+04   2.5117001E+04   1.8472134E-03   1.4734452E-05   1.0925630E+02   2.5038095E+04   2.5117001E+04   0.0000000E+00   0.0000000E+00   0.0000000E+00   0.0000000E+00   0.0000000E+00
   1.8026243E+00   2.2298512E+04   2.2298512E+04   1.4201087E-03   1.1328458E-05   9.6966990E+01   2.2228460E+04   2.2298512E+04   0.0000000E+00   0.0000000E+00   0.0000000E+00   0.0000000E+00   0.0000000E+00
   1.9371133E+00   1.9786290E+04   1.9786290E+04   1.0912016E-03   8.7053496E-06   8.6020652E+01   1.9724129E+04   1.9786290E+04   0.0000000E+00   0.0000000E+00   0.0000000E+00   0.0000000E+00   0.0000000E+00
   2.0816370E+00   1.7548496E+04   1.7548496E+04   8.3809169E-04   6.6864276E-06   7.6274553E+01   1.7493366E+04   1.7548496E+04   0.0000000E+00   0.0000000E+00   0.0000000E+00   0.0000000E+00   0.0000000E+00
   2.2369434E+00   1.5556474E+04   1.5556474E+04   6.4328114E-04   5.1333873E-06   6.7602102E+01   1.5507601E+04   1.5556474E+04   0.0000000E+00   0.0000000E+00   0.0000000E+00   0.0000000E+00   0.0000000E+00
   2.4038368E+00   1.3784276E+04   1.3784276E+04   4.9365920E-04   3.9392541E-06   5.9891384E+01   1.3740971E+04   1.3784276E+04   0.0000000E+00   0.0000000E+00   0.0000000E+00   0.0000000E+00   0.0000000E+00
   2.5831819E+00   1.2208566E+04   1.2208566E+04   3.7868582E-04   3.0216222E-06   5.3037269E+01   1.2170211E+04   1.2208566E+04   0.0000000E+00   0.0000000E+00   0.0000000E+00   0.0000000E+00   0.0000000E+00
   2.7759075E+00   1.0808356E+04   1.0808356E+04   2.9028930E-04   2.3167870E-06   4.6948262E+01   1.0774400E+04   1.0808356E+04   0.0000000E+00   0.0000000E+00   0.0000000E+00   0.0000000E+00   0.0000000E+00
   2.9830119E+00   9.5647745E+03   9.5647745E+03   2.2245010E-04   1.7756740E-06   4.1541729E+01   9.5347253E+03   9.5647745E+03   0.0000000E+00   0.0000000E+00   0.0000000E+00   0.0000000E+00   0.0000000E+00
   3.2055679E+00   8.4608793E+03   8.4608793E+03   1.7039833E-04   1.3604111E-06   3.6743995E+01   8.4342982E+03   8.4608793E+03   0.0000000E+00   0.0000000E+00   0.0000000E+00   0.0000000E+00   0.0000000E+00
   3.4447284E+00   7.4814771E+03   7.4814771E+03   1.3047568E-04   1.0418842E-06   3.2487805E+01   7.4579729E+03   7.4814771E+03   0.0000000E+00   0.0000000E+00   0.0000000E+00   0.0000000E+00   0.0000000E+00
   3.7017321E+00   6.6129538E+03   6.6129538E+03   9.9976337E-05   7.9766066E-07   2.8714130E+01   6.5921781E+03   6.6129538E+03   0.0000000E+00   0.0000000E+00   0.0000000E+00   0.0000000E+00   0.0000000E+00
   3.9779103E+00   5.8431212E+03   5.8431212E+03   7.6417611E-05   6.1047860E-07   2.5369939E+01   5.8247640E+03   5.8431212E+03   0.0000000E+00   0.0000000E+00   0.0000000E+00   0.0000000E+00   0.0000000E+00
   4.2746935E+00   5.1610772E+03   5.1610772E+03   5.8424508E-05   4.6707486E-07   2.2407259E+01   5.1448628E+03   5.1610772E+03   0.0000000E+00   0.0000000E+00   0.0000000E+00   0.0000000E+00   0.0000000E+00
   4.5936192E+00   4.5570782E+03   4.5570782E+03   4.4692057E-05   3.5724570E-07   1.9784130E+01   4.5427614E+03   4.5570782E+03   0.0000000E+00   0.0000000E+00   0.0000000E+00   0.0000000E+00   0.0000000E+00
   4.9363391E+00   4.0224226E+03   4.0224226E+03   3.4189095E-05   2.7316602E-07   1.7462247E+01   4.0097854E+03   4.0224226E+03   0.0000000E+00   0.0000000E+00   0.0000000E+00   0.0000000E+00   0.0000000E+00
   5.3046286E+00   3.5493451E+03   3.5493451E+03   2.6104155E-05   2.0881887E-07   1.5407969E+01   3.5381942E+03   3.5493451E+03   0.0000000E+00   0.0000000E+00   0.0000000E+00   0.0000000E+00   0.0000000E+00
   5.7003955E+00   3.1309214E+03   3.1309214E+03   1.9939897E-05   1.5958953E-07   1.3591074E+01   3.1210850E+03   3.1309214E+03   0.0000000E+00   0.0000000E+00   0.0000000E+00   0.0000000E+00   0.0000000E+00
   6.1256896E+00   2.7609811E+03   2.7609811E+03   1.5227000E-05   1.2193742E-07   1.1984890E+01   2.7523070E+03   2.7609811E+03   0.0000000E+00   0.0000000E+00   0.0000000E+00   0.0000000E+00   0.0000000E+00
   6.5827140E+00   2.4340294E+03   2.4340294E+03   1.1622750E-05   9.3148841E-08   1.0565434E+01   2.4263824E+03   2.4340294E+03   0.0000000E+00   0.0000000E+00   0.0000000E+00   0.0000000E+00   0.0000000E+00
   7.0738360E+00   2.1451759E+03   2.1451759E+03   8.8721943E-06   7.1144271E-08   9.3113102E+00   2.1384364E+03   2.1451759E+03   0.0000000E+00   0.0000000E+00   0.0000000E+00   0.0000000E+00   0.0000000E+00
   7.6015995E+00   1.8900714E+03   1.8900714E+03   6.7699368E-06   5.4328328E-08   8.2038742E+00   1.8841334E+03   1.8900714E+03   0.0000000E+00   0.0000000E+00   0.0000000E+00   0.0000000E+00   0.0000000E+00
   8.1687384E+00   1.6648498E+03   1.6648498E+03   5.1634248E-06   4.1481298E-08   7.2261770E+00   1.6596193E+03   1.6648498E+03   0.0000000E+00   0.0000000E+00   0.0000000E+00   0.0000000E+00   0.0000000E+00
