#           k/h    CDM            baryon         photon         nu             mass_nu        total          no_nu          total_de       Weyl           v_CDM          v_b            v_b-v_c     
   1.1492484E-05   1.5660129E+07   1.5660129E+07   2.0869391E+07   7.0067732E+03   2.5239303E+07   1.5660131E+07   1.5660129E+07   0.0000000E+00   0.0000000E+00   0.0000000E+00   0.0000000E+00   0.0000000E+00
   1.2349913E-05   1.5660126E+07   1.5660126E+07   2.0867720E+07   7.0064097E+03   2.5238763E+07   1.5660129E+07   1.5660126E+07   0.0000000E+00   0.0000000E+00   0.0000000E+00   0.0000000E+00   0.0000000E+00
   1.3271314E-05   1.5660123E+07   1.5660123E+07   2.0865790E+07   7.0059900E+03   2.5238139E+07   1.5660126E+07   1.5660123E+07   0.0000000E+00   0.0000000E+00   0.0000000E+00   0.0000000E+00   0.0000000E+00
   1.4261457E-05   1.5660120E+07   1.5660120E+07   2.0863561E+07   7.0055054E+03   2.5237419E+07   1.5660122E+07   1.5660120E+07   0.0000000E+00   0.0000000E+00   0.0000000E+00   0.0000000E+00   0.0000000E+00
   1.5325474E-05   1.5660116E+07   1.5660116E+07   2.0860988E+07   7.0049458E+03   2.5236588E+07   1.5660118E+07   1.5660116E+07   0.0000000E+00   0.0000000E+00   0.0000000E+00   0.0000000E+00   0.0000000E+00
   1.6468874E-05   1.5660112E+07   1.5660112E+07   2.0858017E+07   7.0042996E+03   2.5235629E+07   1.5660114E+07   1.5660112E+07   0.0000000E+00   0.0000000E+00   0.0000000E+00   0.0000000E+00   0.0000000E+00
   1.7697581E-05   1.5660106E+07   1.5660106E+07   2.0854586E+07   7.0035536E+03   2.5234521E+07   1.5660108E+07   1.5660106E+07   0.0000000E+00   0.0000000E+00   0.0000000E+00   0.0000000E+00   0.0000000E+00
   1.9017959E-05   1.5660101E+07   1.5660101E+07   2.0850625E+07   7.0026921E+03   2.5233242E+07   1.5660102E+07   1.5660101E+07   0.0000000E+00   0.0000000E+00   0.0000000E+00   0.0000000E+00   0.0000000E+00
   2.0436848E-05   1.5660094E+07   1.5660094E+07   2.0846052E+07   7.0016975E+03   2.5231765E+07   1.5660095E+07   1.5660094E+07   0.0000000E+00   0.0000000E+00   0.0000000E+00   0.0000000E+00   0.0000000E+00
   2.1961597E-05   1.5660086E+07   1.5660086E+07   2.0840772E+07   7.0005491E+03   2.5230060E+07   1.5660087E+07   1.5660086E+07   0.0000000E+00   0.0000000E+00   0.0000000E+00   0.0000000E+00   0.0000000E+00
   2.3600104E-05   1.5660076E+07   1.5660076E+07   2.0834677E+07   6.9992232E+03   2.5228092E+07   1.5660077E+07   1.5660076E+07   0.0000000E+00   0.0000000E+00   0.0000000E+00   0.0000000E+00   0.0000000E+00
   2.5360856E-05   1.5660066E+07   1.5660066E+07   2.0827640E+07   6.9976924E+03   2.5225821E+07   1.5660066E+07   1.5660066E+07   0.0000000E+00   0.0000000E+00   0.0000000E+00   0.0000000E+00   0.0000000E+00
   2.7252975E-05   1.5660054E+07   1.5660054E+07   2.0819517E+07   6.9959252E+03   2.5223199E+07   1.5660053E+07   1.5660054E+07   0.0000000E+00   0.0000000E+00   0.0000000E+00   0.0000000E+00   0.0000000E+00
   2.9286260E-05   1.5660039E+07   1.5660039E+07   2.0810140E+07   6.9938850E+03   2.5220173E+07   1.5660039E+07   1.5660039E+07   0.0000000E+00   0.0000000E+00   0.0000000E+00   0.0000000E+00   0.0000000E+00
   3.1471244E-05   1.5660023E+07   1.5660023E+07   2.0799316E+07   6.9915298E+03   2.5216681E+07   1.5660022E+07   1.5660023E+07   0.0000000E+00   0.0000000E+00   0.0000000E+00   0.0000000E+00   0.0000000E+00
   3.3819245E-05   1.5660004E+07   1.5660004E+07   2.0786824E+07   6.9888113E+03   2.5212652E+07   1.5660002E+07   1.5660004E+07   0.0000000E+00   0.0000000E+00   0.0000000E+00   0.0000000E+00   0.0000000E+00
   3.6342426E-05   1.5659982E+07   1.5659982E+07   2.0772407E+07   6.9856734E+03   2.5208003E+07   1.5659980E+07   1.5659982E+07   0.0000000E+00   0.0000000E+00   0.0000000E+00   0.0000000E+00   0.0000000E+00
   3.9053855E-05   1.5659957E+07   1.5659957E+07   2.0755769E+07   6.9820517E+03   2.5202640E+07   1.5659954E+07   1.5659957E+07   0.0000000E+00   0.0000000E+00   0.0000000E+00   0.0000000E+00   0.0000000E+00
   4.1967578E-05   1.5659928E+07   1.5659928E+07   2.0736572E+07   6.9778721E+03   2.5196455E+07   1.5659924E+07   1.5659928E+07   0.0000000E+00   0.0000000E+00   0.0000000E+00   0.0000000E+00   0.0000000E+00
   4.5098688E-05   1.5659895E+07   1.5659895E+07   2.0714424E+07   6.9730489E+03   2.5189322E+07   1.5659889E+07   1.5659895E+07   0.0000000E+00   0.0000000E+00   0.0000000E+00   0.0000000E+00   0.0000000E+00
   4.8463404E-05   1.5659856E+07   1.5659856E+07   2.0688876E+07   6.9674839E+03   2.5181097E+07   1.5659849E+07   1.5659856E+07   0.0000000E+00   0.0000000E+00   0.0000000E+00   0.0000000E+00   0.0000000E+00
   5.2079153E-05   1.5659811E+07   1.5659811E+07   2.0659409E+07   6.9610635E+03   2.5171617E+07   1.5659802E+07   1.5659811E+07   0.0000000E+00   0.0000000E+00   0.0000000E+00   0.0000000E+00   0.0000000E+00
   5.5964665E-05   1.5659759E+07   1.5659759E+07   2.0625429E+07   6.9536576E+03   2.5160693E+07   1.5659749E+07   1.5659759E+07   0.0000000E+00   0.0000000E+00   0.0000000E+00   0.0000000E+00   0.0000000E+00
   6.0140067E-05   1.5659700E+07   1.5659700E+07   2.0586255E+07   6.9451162E+03   2.5148108E+07   1.5659687E+07   1.5659700E+07   0.0000000E+00   0.0000000E+00   0.0000000E+00   0.0000000E+00   0.0000000E+00
   6.4626987E-05   1.5659631E+07   1.5659631E+07   2.0541103E+07   6.9352673E+03   2.5133616E+07   1.5659616E+07   1.5659631E+07   0.0000000E+00   0.0000000E+00   0.0000000E+00   0.0000000E+00   0.0000000E+00
   6.9448666E-05   1.5659552E+07   1.5659552E+07   2.0489077E+07   6.9239131E+03   2.5116935E+07   1.5659533E+07   1.5659552E+07   0.0000000E+00   0.0000000E+00   0.0000000E+00   0.0000000E+00   0.0000000E+00
   7.4630081E-05   1.5659460E+07   1.5659460E+07   2.0429151E+07   6.9108271E+03   2.5097745E+07   1.5659438E+07   1.5659460E+07   0.0000000E+00   0.0000000E+00   0.0000000E+00   0.0000000E+00   0.0000000E+00
   8.0198069E-05   1.5659354E+07   1.5659354E+07   2.0360151E+07   6.8957498E+03   2.5075680E+07   1.5659329E+07   1.5659354E+07   0.0000000E+00   0.0000000E+00   0.0000000E+00   0.0000000E+00   0.0000000E+00
   8.6181473E-05   1.5659232E+07   1.5659232E+07   2.0280740E+07   6.8783841E+03   2.5050327E+07   1.5659202E+07   1.5659232E+07   0.0000000E+00   0.0000000E+00   0.0000000E+00   0.0000000E+00   0.0000000E+00
   9.2611285E-05   1.5659091E+07   1.5659091E+07   2.0189396E+07   6.8583909E+03   2.5021219E+07   1.5659056E+07   1.5659091E+07   0.0000000E+00   0.0000000E+00   0.0000000E+00   0.0000000E+00   0.0000000E+00
   9.9520812E-05   1.5658928E+07   1.5658928E+07   2.0084389E+07   6.8353833E+03   2.4987829E+07   1.5658888E+07   1.5658928E+07   0.0000000E+00   0.0000000E+00   0.0000000E+00   0.0000000E+00   0.0000000E+00
   1.0694584E-04   1.5658741E+07   1.5658741E+07   1.9963760E+07   6.8089212E+03   2.4949569E+07   1.5658693E+07   1.5658741E+07   0.0000000E+00   0.0000000E+00   0.0000000E+00   0.0000000E+00   0.0000000E+00
   1.1492484E-04   1.5658524E+07   1.5658524E+07   1.9825297E+07   6.7785049E+03   2.4905780E+07   1.5658469E+07   1.5658524E+07   0.0000000E+00   0.0000000E+00   0.0000000E+00   0.0000000E+00   0.0000000E+00
   1.2349913E-04   1.5658274E+07   1.5658274E+07   1.9666514E+07   6.7435686E+03   2.4855734E+07   1.5658210E+07   1.5658274E+07   0.0000000E+00   0.0000000E+00   0.0000000E+00   0.0000000E+00   0.0000000E+00
   1.3271314E-04   1.5657986E+07   1.5657986E+07   1.9484625E+07   6.7034741E+03   2.4798630E+07   1.5657911E+07   1.5657986E+07   0.0000000E+00   0.0000000E+00   0.0000000E+00   0.0000000E+00   0.0000000E+00
   1.4261457E-04   1.5657654E+07   1.5657654E+07   1.9276530E+07   6.6575042E+03   2.4733596E+07   1.5657567E+07   1.5657654E+07   0.0000000E+00   0.0000000E+00   0.0000000E+00   0.0000000E+00   0.0000000E+00
   1.5325474E-04   1.5657271E+07   1.5657271E+07   1.9038800E+07   6.6048565E+03   2.4659691E+07   1.5657171E+07   1.5657271E+07   0.0000000E+00   0.0000000E+00   0.0000000E+00   0.0000000E+00   0.0000000E+00
   1.6468874E-04   1.5656830E+07   1.5656830E+07   1.8767671E+07   6.5446384E+03   2.4575920E+07   1.5656713E+07   1.5656830E+07   0.0000000E+00   0.0000000E+00   0.0000000E+00   0.0000000E+00   0.0000000E+00
   1.7697581E-04   1.5656322E+07   1.5656322E+07   1.8459055E+07   6.4758638E+03   2.4481246E+07   1.5656187E+07   1.5656322E+07   0.0000000E+00   0.0000000E+00   0.0000000E+00   0.0000000E+00   0.0000000E+00
   1.9017959E-04   1.5655737E+07   1.5655737E+07   1.8108562E+07   6.3974521E+03   2.4374617E+07   1.5655580E+07   1.5655737E+07   0.0000000E+00   0.0000000E+00   0.0000000E+00   0.0000000E+00   0.0000000E+00
   2.0436848E-04   1.5655063E+07   1.5655063E+07   1.7711552E+07   6.3082306E+03   2.4255005E+07   1.5654882E+07   1.5655063E+07   0.0000000E+00   0.0000000E+00   0.0000000E+00   0.0000000E+00   0.0000000E+00
   2.1961597E-04   1.5654288E+07   1.5654288E+07   1.7263219E+07   6.2069427E+03   2.4121457E+07   1.5654078E+07   1.5654288E+07   0.0000000E+00   0.0000000E+00   0.0000000E+00   0.0000000E+00   0.0000000E+00
   2.3600104E-04   1.5653396E+07   1.5653396E+07   1.6758716E+07   6.0922629E+03   2.3973164E+07   1.5653154E+07   1.5653396E+07   0.0000000E+00   0.0000000E+00   0.0000000E+00   0.0000000E+00   0.0000000E+00
   2.5360856E-04   1.5652371E+07   1.5652371E+07   1.6193332E+07   5.9628211E+03   2.3809552E+07   1.5652091E+07   1.5652371E+07   0.0000000E+00   0.0000000E+00   0.0000000E+00   0.0000000E+00   0.0000000E+00
   2.7252975E-04   1.5651193E+07   1.5651193E+07   1.5562745E+07   5.8172387E+03   2.3630397E+07   1.5650871E+07   1.5651193E+07   0.0000000E+00   0.0000000E+00   0.0000000E+00   0.0000000E+00   0.0000000E+00
   2.9286260E-04   1.5649842E+07   1.5649842E+07   1.4863344E+07   5.6541807E+03   2.3435959E+07   1.5649470E+07   1.5649842E+07   0.0000000E+00   0.0000000E+00   0.0000000E+00   0.0000000E+00   0.0000000E+00
   3.1471244E-04   1.5648292E+07   1.5648292E+07   1.4092648E+07   5.4724253E+03   2.3227146E+07   1.5647863E+07   1.5648292E+07   0.0000000E+00   0.0000000E+00   0.0000000E+00   0.0000000E+00   0.0000000E+00
   3.3819245E-04   1.5646516E+07   1.5646516E+07   1.3249821E+07   5.2709556E+03   2.3005682E+07   1.5646021E+07   1.5646516E+07   0.0000000E+00   0.0000000E+00   0.0000000E+00   0.0000000E+00   0.0000000E+00
   3.6342426E-04   1.5644483E+07   1.5644483E+07   1.2336284E+07   5.0490747E+03   2.2774286E+07   1.5643913E+07   1.5644483E+07   0.0000000E+00   0.0000000E+00   0.0000000E+00   0.0000000E+00   0.0000000E+00
   3.9053855E-04   1.5642159E+07   1.5642159E+07   1.1356406E+07   4.8065464E+03   2.2536818E+07   1.5641503E+07   1.5642159E+07   0.0000000E+00   0.0000000E+00   0.0000000E+00   0.0000000E+00   0.0000000E+00
   4.1967578E-04   1.5639505E+07   1.5639505E+07   1.0318235E+07   4.5437577E+03   2.2298365E+07   1.5638751E+07   1.5639505E+07   0.0000000E+00   0.0000000E+00   0.0000000E+00   0.0000000E+00   0.0000000E+00
   4.5098688E-04   1.5636479E+07   1.5636479E+07   9.2341964E+06   4.2618986E+03   2.2065215E+07   1.5635612E+07   1.5636479E+07   0.0000000E+00   0.0000000E+00   0.0000000E+00   0.0000000E+00   0.0000000E+00
   4.8463404E-04   1.5633033E+07   1.5633033E+07   8.1216511E+06   3.9631453E+03   2.1844635E+07   1.5632038E+07   1.5633033E+07   0.0000000E+00   0.0000000E+00   0.0000000E+00   0.0000000E+00   0.0000000E+00
   5.2079153E-04   1.5629115E+07   1.5629115E+07   7.0031353E+06   3.6508242E+03   2.1644388E+07   1.5627974E+07   1.5629115E+07   0.0000000E+00   0.0000000E+00   0.0000000E+00   0.0000000E+00   0.0000000E+00
   5.5964665E-04   1.5624668E+07   1.5624668E+07   5.9060796E+06   3.3295258E+03   2.1471894E+07   1.5623360E+07   1.5624668E+07   0.0000000E+00   0.0000000E+00   0.0000000E+00   0.0000000E+00   0.0000000E+00
   6.0140067E-04   1.5619629E+07   1.5619629E+07   4.8617498E+06   3.0051217E+03   2.1333008E+07   1.5618132E+07   1.5619629E+07   0.0000000E+00   0.0000000E+00   0.0000000E+00   0.0000000E+00   0.0000000E+00
   6.4626987E-04   1.5613928E+07   1.5613928E+07   3.9031688E+06   2.6846333E+03   2.1230428E+07   1.5612217E+07   1.5613928E+07   0.0000000E+00   0.0000000E+00   0.0000000E+00   0.0000000E+00   0.0000000E+00
   6.9448666E-04   1.5607489E+07   1.5607489E+07   3.0618626E+06   2.3758934E+03   2.1161912E+07   1.5605537E+07   1.5607489E+07   0.0000000E+00   0.0000000E+00   0.0000000E+00   0.0000000E+00   0.0000000E+00
   7.4630081E-04   1.5600226E+07   1.5600226E+07   2.3634913E+06   2.0869589E+03   2.1118684E+07   1.5598003E+07   1.5600226E+07   0.0000000E+00   0.0000000E+00   0.0000000E+00   0.0000000E+00   0.0000000E+00
   8.0198069E-04   1.5592047E+07   1.5592047E+07   1.8228012E+06   1.8252645E+03   2.1084666E+07   1.5589520E+07   1.5592047E+07   0.0000000E+00   0.0000000E+00   0.0000000E+00   0.0000000E+00   0.0000000E+00
   8.6181473E-04   1.5582847E+07   1.5582847E+07   1.4388739E+06   1.5965783E+03   2.1037368E+07   1.5579980E+07   1.5582847E+07   0.0000000E+00   0.0000000E+00   0.0000000E+00   0.0000000E+00   0.0000000E+00
   9.2611285E-04   1.5572509E+07   1.5572509E+07   1.1922363E+06   1.4039179E+03   2.0951253E+07   1.5569266E+07   1.5572509E+07   0.0000000E+00   0.0000000E+00   0.0000000E+00   0.0000000E+00   0.0000000E+00
   9.9520812E-04   1.5560904E+07   1.5560904E+07   1.0457801E+06   1.2467049E+03   2.0803919E+07   1.5557246E+07   1.5560904E+07   0.0000000E+00   0.0000000E+00   0.0000000E+00   0.0000000E+00   0.0000000E+00
   1.0694584E-03   1.5547888E+07   1.5547888E+07   9.5116750E+05   1.1205206E+03   2.0584166E+07   1.5543774E+07   1.5547888E+07   0.0000000E+00   0.0000000E+00   0.0000000E+00   0.0000000E+00   0.0000000E+00
   1.1492484E-03   1.5533301E+07   1.5533301E+07   8.6095828E+05   1.0178153E+03   2.0299180E+07   1.5528691E+07   1.5533301E+07   0.0000000E+00   0.0000000E+00   0.0000000E+00   0.0000000E+00   0.0000000E+00
   1.2349913E-03   1.5516972E+07   1.5516972E+07   7.4383333E+05   9.2970353E+02   1.9976157E+07   1.5511826E+07   1.5516972E+07   0.0000000E+00   0.0000000E+00   0.0000000E+00   0.0000000E+00   0.0000000E+00
   1.3271314E-03   1.5498716E+07   1.5498716E+07   5.9669094E+05   8.4852691E+02   1.9653636E+07   1.5492995E+07   1.5498716E+07   0.0000000E+00   0.0000000E+00   0.0000000E+00   0.0000000E+00   0.0000000E+00
   1.4261457E-03   1.5478339E+07   1.5478339E+07   4.4528266E+05   7.7026011E+02   1.9361866E+07   1.5472007E+07   1.5478339E+07   0.0000000E+00   0.0000000E+00   0.0000000E+00   0.0000000E+00   0.0000000E+00
   1.5325474E-03   1.5455636E+07   1.5455636E+07   3.2796798E+05   6.9543712E+02   1.9100589E+07   1.5448660E+07   1.5455636E+07   0.0000000E+00   0.0000000E+00   0.0000000E+00   0.0000000E+00   0.0000000E+00
   1.6468874E-03   1.5430394E+07   1.5430394E+07   2.6747580E+05   6.2761663E+02   1.8832293E+07   1.5422746E+07   1.5430394E+07   0.0000000E+00   0.0000000E+00   0.0000000E+00   0.0000000E+00   0.0000000E+00
   1.7697581E-03   1.5402387E+07   1.5402387E+07   2.4953642E+05   5.6983269E+02   1.8507443E+07   1.5394044E+07   1.5402387E+07   0.0000000E+00   0.0000000E+00   0.0000000E+00   0.0000000E+00   0.0000000E+00
   1.9017959E-03   1.5371376E+07   1.5371376E+07   2.3152559E+05   5.2142643E+02   1.8113331E+07   1.5362318E+07   1.5371376E+07   0.0000000E+00   0.0000000E+00   0.0000000E+00   0.0000000E+00   0.0000000E+00
   2.0436848E-03   1.5337106E+07   1.5337106E+07   1.8318916E+05   4.7827553E+02   1.7699658E+07   1.5327318E+07   1.5337106E+07   0.0000000E+00   0.0000000E+00   0.0000000E+00   0.0000000E+00   0.0000000E+00
   2.1961597E-03   1.5299312E+07   1.5299312E+07   1.2131455E+05   4.3682275E+02   1.7331007E+07   1.5288783E+07   1.5299312E+07   0.0000000E+00   0.0000000E+00   0.0000000E+00   0.0000000E+00   0.0000000E+00
   2.3600104E-03   1.5257719E+07   1.5257719E+07   8.8395247E+04   3.9766700E+02   1.6997949E+07   1.5246436E+07   1.5257719E+07   0.0000000E+00   0.0000000E+00   0.0000000E+00   0.0000000E+00   0.0000000E+00
   2.5360856E-03   1.5212040E+07   1.5212040E+07   8.9581642E+04   3.6368006E+02   1.6617039E+07   1.5199990E+07   1.5212040E+07   0.0000000E+00   0.0000000E+00   0.0000000E+00   0.0000000E+00   0.0000000E+00
   2.7252975E-03   1.5161972E+07   1.5161972E+07   8.2925057E+04   3.3474615E+02   1.6164133E+07   1.5149142E+07   1.5161972E+07   0.0000000E+00   0.0000000E+00   0.0000000E+00   0.0000000E+00   0.0000000E+00
   2.9286260E-03   1.5107196E+07   1.5107196E+07   5.4589290E+04   3.0770707E+02   1.5724427E+07   1.5093566E+07   1.5107196E+07   0.0000000E+00   0.0000000E+00   0.0000000E+00   0.0000000E+00   0.0000000E+00
   3.1471244E-03   1.5047376E+07   1.5047376E+07   4.1117439E+04   2.8190494E+02   1.5314903E+07   1.5032928E+07   1.5047376E+07   0.0000000E+00   0.0000000E+00   0.0000000E+00   0.0000000E+00   0.0000000E+00
   3.3819245E-03   1.4982164E+07   1.4982164E+07   4.1883638E+04   2.5899776E+02   1.4845783E+07   1.4966877E+07   1.4982164E+07   0.0000000E+00   0.0000000E+00   0.0000000E+00   0.0000000E+00   0.0000000E+00
   3.6342426E-03   1.4911191E+07   1.4911191E+07   2.7879396E+04   2.3791014E+02   1.4355883E+07   1.4895049E+07   1.4911191E+07   0.0000000E+00   0.0000000E+00   0.0000000E+00   0.0000000E+00   0.0000000E+00
   3.9053855E-03   1.4834075E+07   1.4834075E+07   2.3223400E+04   2.1781379E+02   1.3888484E+07   1.4817062E+07   1.4834075E+07   0.0000000E+00   0.0000000E+00   0.0000000E+00   0.0000000E+00   0.0000000E+00
   4.1967578E-03   1.4750416E+07   1.4750416E+07   2.2482036E+04   1.9981290E+02   1.3357617E+07   1.4732521E+07   1.4750416E+07   0.0000000E+00   0.0000000E+00   0.0000000E+00   0.0000000E+00   0.0000000E+00
   4.5098688E-03   1.4659799E+07   1.4659799E+07   1.2072222E+04   1.8271642E+02   1.2849530E+07   1.4641014E+07   1.4659799E+07   0.0000000E+00   0.0000000E+00   0.0000000E+00   0.0000000E+00   0.0000000E+00
   4.8463404E-03   1.4561797E+07   1.4561797E+07   1.5106623E+04   1.6690501E+02   1.2318022E+07   1.4542123E+07   1.4561797E+07   0.0000000E+00   0.0000000E+00   0.0000000E+00   0.0000000E+00   0.0000000E+00
   5.2079153E-03   1.4455973E+07   1.4455973E+07   8.1086582E+03   1.5218852E+02   1.1777147E+07   1.4435424E+07   1.4455973E+07   0.0000000E+00   0.0000000E+00   0.0000000E+00   0.0000000E+00   0.0000000E+00
   5.5964665E-03   1.4341888E+07   1.4341888E+07   9.4035400E+03   1.3844293E+02   1.1240242E+07   1.4320487E+07   1.4341888E+07   0.0000000E+00   0.0000000E+00   0.0000000E+00   0.0000000E+00   0.0000000E+00
   6.0140067E-03   1.4219091E+07   1.4219091E+07   5.3314939E+03   1.2573966E+02   1.0705364E+07   1.4196865E+07   1.4219091E+07   0.0000000E+00   0.0000000E+00   0.0000000E+00   0.0000000E+00   0.0000000E+00
   6.4626987E-03   1.4087121E+07   1.4087121E+07   5.3272933E+03   1.1410985E+02   1.0149108E+07   1.4064089E+07   1.4087121E+07   0.0000000E+00   0.0000000E+00   0.0000000E+00   0.0000000E+00   0.0000000E+00
   6.9448666E-03   1.3945494E+07   1.3945494E+07   4.7385481E+03   1.0319154E+02   9.6132218E+06   1.3921680E+07   1.3945494E+07   0.0000000E+00   0.0000000E+00   0.0000000E+00   0.0000000E+00   0.0000000E+00
   7.4630081E-03   1.3793711E+07   1.3793711E+07   2.4251089E+03   9.3093060E+01   9.0655367E+06   1.3769156E+07   1.3793711E+07   0.0000000E+00   0.0000000E+00   0.0000000E+00   0.0000000E+00   0.0000000E+00
   8.0198069E-03   1.3631270E+07   1.3631270E+07   2.2160609E+03   8.3791244E+01   8.5239971E+06   1.3606030E+07   1.3631270E+07   0.0000000E+00   0.0000000E+00   0.0000000E+00   0.0000000E+00   0.0000000E+00
   8.6181473E-03   1.3457670E+07   1.3457670E+07   2.3027839E+03   7.5238312E+01   7.9943734E+06   1.3431797E+07   1.3457670E+07   0.0000000E+00   0.0000000E+00   0.0000000E+00   0.0000000E+00   0.0000000E+00
   9.2611285E-03   1.3272392E+07   1.3272392E+07   2.1350197E+03   6.7350937E+01   7.4756302E+06   1.3245941E+07   1.3272392E+07   0.0000000E+00   0.0000000E+00   0.0000000E+00   0.0000000E+00   0.0000000E+00
   9.9520812E-03   1.3074905E+07   1.3074905E+07   1.6504572E+03   6.0114474E+01   6.9666668E+06   1.3047942E+07   1.3074905E+07   0.0000000E+00   0.0000000E+00   0.0000000E+00   0.0000000E+00   0.0000000E+00
   1.0694584E-02   1.2864674E+07   1.2864674E+07   1.3313094E+03   5.3502252E+01   6.4688899E+06   1.2837271E+07   1.2864674E+07   0.0000000E+00   0.0000000E+00   0.0000000E+00   0.0000000E+00   0.0000000E+00
   1.1492484E-02   1.2641165E+07   1.2641165E+07   1.0535265E+03   4.7476312E+01   5.9846346E+06   1.2613397E+07   1.2641165E+07   0.0000000E+00   0.0000000E+00   0.0000000E+00   0.0000000E+00   0.0000000E+00
   1.2349913E-02   1.2403843E+07   1.2403843E+07   6.1090344E+02   4.1988383E+01   5.5163802E+06   1.2375791E+07   1.2403843E+07   0.0000000E+00   0.0000000E+00   0.0000000E+00   0.0000000E+00   0.0000000E+00
   1.3271314E-02   1.2152189E+07   1.2152189E+07   2.7497840E+02   3.7005929E+01   5.0709621E+06   1.2123944E+07   1.2152189E+07   0.0000000E+00   0.0000000E+00   0.0000000E+00   0.0000000E+00   0.0000000E+00
   1.4261457E-02   1.1885714E+07   1.1885714E+07   4.8958199E+02   3.2509958E+01   4.6408412E+06   1.1857363E+07   1.1885714E+07   0.0000000E+00   0.0000000E+00   0.0000000E+00   0.0000000E+00   0.0000000E+00
   1.5325474E-02   1.1603971E+07   1.1603971E+07   2.2339805E+02   2.8456819E+01   4.2267591E+06   1.1575610E+07   1.1603971E+07   0.0000000E+00   0.0000000E+00   0.0000000E+00   0.0000000E+00   0.0000000E+00
   1.6468874E-02   1.1306591E+07   1.1306591E+07   3.1616423E+02   2.4815649E+01   3.8388405E+06   1.1278316E+07   1.1306591E+07   0.0000000E+00   0.0000000E+00   0.0000000E+00   0.0000000E+00   0.0000000E+00
   1.7697581E-02   1.0993310E+07   1.0993310E+07   9.0589012E+01   2.1558023E+01   3.4689566E+06   1.0965223E+07   1.0993310E+07   0.0000000E+00   0.0000000E+00   0.0000000E+00   0.0000000E+00   0.0000000E+00
   1.9017959E-02   1.0664027E+07   1.0664027E+07   8.2837855E+01   1.8656132E+01   3.1193949E+06   1.0636228E+07   1.0664027E+07   0.0000000E+00   0.0000000E+00   0.0000000E+00   0.0000000E+00   0.0000000E+00
   2.0436848E-02   1.0318854E+07   1.0318854E+07   7.8543854E+01   1.6075927E+01   2.7936030E+06   1.0291445E+07   1.0318854E+07   0.0000000E+00   0.0000000E+00   0.0000000E+00   0.0000000E+00   0.0000000E+00
   2.1961596E-02   9.9581922E+06   9.9581922E+06   4.0781833E+01   1.3794251E+01   2.4900789E+06   9.9312744E+06   9.9581922E+06   0.0000000E+00   0.0000000E+00   0.0000000E+00   0.0000000E+00   0.0000000E+00
   2.3600097E-02   9.5828204E+06   9.5828204E+06   3.2172411E+01   1.1784715E+01   2.2095740E+06   9.5564918E+06   9.5828204E+06   0.0000000E+00   0.0000000E+00   0.0000000E+00   0.0000000E+00   0.0000000E+00
   2.5360815E-02   9.1939907E+06   9.1939907E+06   7.7153007E+01   1.0023125E+01   1.9490459E+06   9.1683451E+06   9.1939907E+06   0.0000000E+00   0.0000000E+00   0.0000000E+00   0.0000000E+00   0.0000000E+00
   2.7252772E-02   8.7935415E+06   8.7935415E+06   1.8053805E+01   8.4858232E+00   1.7115789E+06   8.7686659E+06   8.7935415E+06   0.0000000E+00   0.0000000E+00   0.0000000E+00   0.0000000E+00   0.0000000E+00
   2.9285387E-02   8.3840275E+06   8.3840275E+06   9.1209405E+00   7.1524184E+00   1.4941557E+06   8.3599999E+06   8.3840275E+06   0.0000000E+00   0.0000000E+00   0.0000000E+00   0.0000000E+00   0.0000000E+00
   3.1467949E-02   7.9688819E+06   7.9688819E+06   6.6644804E+00   6.0022137E+00   1.2983377E+06   7.9457680E+06   7.9688819E+06   0.0000000E+00   0.0000000E+00   0.0000000E+00   0.0000000E+00   0.0000000E+00
   3.3808254E-02   7.5526272E+06   7.5526272E+06   5.8275433E+00   5.0171948E+00   1.1234023E+06   7.5304772E+06   7.5526272E+06   0.0000000E+00   0.0000000E+00   0.0000000E+00   0.0000000E+00   0.0000000E+00
   3.6309816E-02   7.1411070E+06   7.1411070E+06   1.9364330E+01   4.1814247E+00   9.6766223E+05   7.1199505E+06   7.1411070E+06   0.0000000E+00   0.0000000E+00   0.0000000E+00   0.0000000E+00   0.0000000E+00
   3.8967359E-02   6.7415808E+06   6.7415808E+06   5.5390961E+00   3.4798494E+00   8.3207945E+05   6.7214227E+06   6.7415808E+06   0.0000000E+00   0.0000000E+00   0.0000000E+00   0.0000000E+00   0.0000000E+00
   4.1761819E-02   6.3623257E+06   6.3623257E+06   -3.9136643E-01   2.8990894E+00   7.1487245E+05   6.3431426E+06   6.3623257E+06   0.0000000E+00   0.0000000E+00   0.0000000E+00   0.0000000E+00   0.0000000E+00
   4.4658529E-02   6.0113633E+06   6.0113633E+06   -8.8533825E-01   2.4251338E+00   6.1580738E+05   5.9931035E+06   6.0113633E+06   0.0000000E+00   0.0000000E+00   0.0000000E+00   0.0000000E+00   0.0000000E+00
   4.7612840E-02   5.6944929E+06   5.6944929E+06   -7.8576337E-01   2.0432045E+00   5.3334348E+05   5.6770823E+06   5.6944929E+06   0.0000000E+00   0.0000000E+00   0.0000000E+00   0.0000000E+00   0.0000000E+00
   5.0582189E-02   5.4137218E+06   5.4137218E+06   -6.3769341E-02   1.7375530E+00   4.6532251E+05   5.3970750E+06   5.4137218E+06   0.0000000E+00   0.0000000E+00   0.0000000E+00   0.0000000E+00   0.0000000E+00
   5.3536914E-02   5.1671867E+06   5.1671867E+06   5.4114220E-01   1.4927373E+00   4.0926746E+05   5.1512190E+06   5.1671867E+06   0.0000000E+00   0.0000000E+00   0.0000000E+00   0.0000000E+00   0.0000000E+00
   5.6463448E-02   4.9504083E+06   4.9504083E+06   6.0118880E-01   1.2950584E+00   3.6279016E+05   4.9350442E+06   4.9504083E+06   0.0000000E+00   0.0000000E+00   0.0000000E+00   0.0000000E+00   0.0000000E+00
   5.9361028E-02   4.7578311E+06   4.7578311E+06   2.8872321E-01   1.1333362E+00   3.2383769E+05   4.7430084E+06   4.7578311E+06   0.0000000E+00   0.0000000E+00   0.0000000E+00   0.0000000E+00   0.0000000E+00
   6.2236517E-02   4.5839129E+06   4.5839129E+06   -1.5093698E-01   9.9897894E-01   2.9073502E+05   4.5695839E+06   4.5839129E+06   0.0000000E+00   0.0000000E+00   0.0000000E+00   0.0000000E+00   0.0000000E+00
   6.5100292E-02   4.4236740E+06   4.4236740E+06   -5.4608727E-01   8.8561834E-01   2.6217393E+05   4.4098043E+06   4.4236740E+06   0.0000000E+00   0.0000000E+00   0.0000000E+00   0.0000000E+00   0.0000000E+00
   6.7963759E-02   4.2728972E+06   4.2728972E+06   -7.6533883E-01   7.8854258E-01   2.3717714E+05   4.2594639E+06   4.2728972E+06   0.0000000E+00   0.0000000E+00   0.0000000E+00   0.0000000E+00   0.0000000E+00
   7.0838116E-02   4.1281649E+06   4.1281649E+06   -7.7848614E-01   7.0428400E-01   2.1502085E+05   4.1151548E+06   4.1281649E+06   0.0000000E+00   0.0000000E+00   0.0000000E+00   0.0000000E+00   0.0000000E+00
   7.3733846E-02   3.9868397E+06   3.9868397E+06   -7.1657740E-01   6.3031706E-01   1.9517860E+05   3.9742467E+06   3.9868397E+06   0.0000000E+00   0.0000000E+00   0.0000000E+00   0.0000000E+00   0.0000000E+00
   7.6660575E-02   3.8470314E+06   3.8470314E+06   -7.4573178E-01   5.6477899E-01   1.7726551E+05   3.8348550E+06   3.8470314E+06   0.0000000E+00   0.0000000E+00   0.0000000E+00   0.0000000E+00   0.0000000E+00
   7.9627108E-02   3.7075656E+06   3.7075656E+06   -8.5085986E-01   5.0630176E-01   1.6099452E+05   3.6958082E+06   3.7075656E+06   0.0000000E+00   0.0000000E+00   0.0000000E+00   0.0000000E+00   0.0000000E+00
   8.2641530E-02   3.5679474E+06   3.5679474E+06   -6.3995754E-01   4.5387494E-01   1.4615638E+05   3.5566129E+06   3.5679474E+06   0.0000000E+00   0.0000000E+00   0.0000000E+00   0.0000000E+00   0.0000000E+00
   8.5711325E-02   3.4283155E+06   3.4283155E+06   3.3987259E-01   4.0674288E-01   1.3255700E+05   3.4174066E+06   3.4283155E+06   0.0000000E+00   0.0000000E+00   0.0000000E+00   0.0000000E+00   0.0000000E+00
   8.8843487E-02   3.2893736E+06   3.2893736E+06   7.3847650E-01   3.6434808E-01   1.2001735E+05   3.2788908E+06   3.2893736E+06   0.0000000E+00   0.0000000E+00   0.0000000E+00   0.0000000E+00   0.0000000E+00
   9.2044623E-02   3.1522942E+06   3.1522942E+06   -5.1202458E-01   3.2625621E-01   1.0866356E+05   3.1422339E+06   3.1522942E+06   0.0000000E+00   0.0000000E+00   0.0000000E+00   0.0000000E+00   0.0000000E+00
   9.5321041E-02   3.0185876E+06   3.0185876E+06   5.2540640E-01   2.9211718E-01   9.8355089E+04   3.0089410E+06   3.0185876E+06   0.0000000E+00   0.0000000E+00   0.0000000E+00   0.0000000E+00   0.0000000E+00
   9.8678819E-02   2.8899356E+06   2.8899356E+06   -3.6282223E-01   2.6164078E-01   8.9011109E+04   2.8806885E+06   2.8899356E+06   0.0000000E+00   0.0000000E+00   0.0000000E+00   0.0000000E+00   0.0000000E+00
   1.0212387E-01   2.7679969E+06   2.7679969E+06   -6.9913278E-02   2.3454930E-01   8.0558039E+04   2.7591294E+06   2.7679969E+06   0.0000000E+00   0.0000000E+00   0.0000000E+00   0.0000000E+00   0.0000000E+00
   1.0566198E-01   2.6541942E+06   2.6541942E+06   2.1108001E-01   2.1056704E-01   7.3045804E+04   2.6456818E+06   2.6541942E+06   0.0000000E+00   0.0000000E+00   0.0000000E+00   0.0000000E+00   0.0000000E+00
   1.0929886E-01   2.5495041E+06   2.5495041E+06   2.0361989E-01   1.8941173E-01   6.6347917E+04   2.5413188E+06   2.5495041E+06   0.0000000E+00   0.0000000E+00   0.0000000E+00   0.0000000E+00   0.0000000E+00
   1.1304017E-01   2.4542749E+06   2.4542749E+06   -2.6360827E-02   1.7078226E-01   6.0391335E+04   2.4463875E+06   2.4542749E+06   0.0000000E+00   0.0000000E+00   0.0000000E+00   0.0000000E+00   0.0000000E+00
   1.1689157E-01   2.3681029E+06   2.3681029E+06   -2.5382982E-01   1.5436139E-01   5.5132500E+04   2.3604852E+06   2.3681029E+06   0.0000000E+00   0.0000000E+00   0.0000000E+00   0.0000000E+00   0.0000000E+00
   1.2085868E-01   2.2897977E+06   2.2897977E+06   2.0108121E-01   1.3983024E-01   5.0406158E+04   2.2824253E+06   2.2897977E+06   0.0000000E+00   0.0000000E+00   0.0000000E+00   0.0000000E+00   0.0000000E+00
   1.2494718E-01   2.2174614E+06   2.2174614E+06   -1.8292174E-01   1.2687148E-01   4.6159699E+04   2.2103160E+06   2.2174614E+06   0.0000000E+00   0.0000000E+00   0.0000000E+00   0.0000000E+00   0.0000000E+00
   1.2916276E-01   2.1486938E+06   2.1486938E+06   -1.1798290E-01   1.1519450E-01   4.2263330E+04   2.1417644E+06   2.1486938E+06   0.0000000E+00   0.0000000E+00   0.0000000E+00   0.0000000E+00   0.0000000E+00
   1.3351115E-01   2.0809149E+06   2.0809149E+06   -8.3343764E-02   1.0454600E-01   3.8688112E+04   2.0741990E+06   2.0809149E+06   0.0000000E+00   0.0000000E+00   0.0000000E+00   0.0000000E+00   0.0000000E+00
   1.3799813E-01   2.0117711E+06   2.0117711E+06   -1.4394795E-01   9.4729231E-02   3.5361318E+04   2.0052738E+06   2.0117711E+06   0.0000000E+00   0.0000000E+00   0.0000000E+00   0.0000000E+00   0.0000000E+00
   1.4262956E-01   1.9395632E+06   1.9395632E+06   3.7135170E-02   8.5608186E-02   3.2229459E+04   1.9332947E+06   1.9395632E+06   0.0000000E+00   0.0000000E+00   0.0000000E+00   0.0000000E+00   0.0000000E+00
   1.4741133E-01   1.8636090E+06   1.8636090E+06   -1.0056214E-01   7.7112657E-02   2.9238875E+04   1.8575822E+06   1.8636090E+06   0.0000000E+00   0.0000000E+00   0.0000000E+00   0.0000000E+00   0.0000000E+00
   1.5234943E-01   1.7844494E+06   1.7844494E+06   3.0277710E-02   6.9226592E-02   2.6444070E+04   1.7786750E+06   1.7844494E+06   0.0000000E+00   0.0000000E+00   0.0000000E+00   0.0000000E+00   0.0000000E+00
   1.5744990E-01   1.7038122E+06   1.7038122E+06   2.8352621E-02   6.1973573E-02   2.3847075E+04   1.6982956E+06   1.7038122E+06   0.0000000E+00   0.0000000E+00   0.0000000E+00   0.0000000E+00   0.0000000E+00
   1.6271890E-01   1.6242940E+06   1.6242940E+06   -6.3351401E-02   5.5393356E-02   2.1467317E+04   1.6190320E+06   1.6242940E+06   0.0000000E+00   0.0000000E+00   0.0000000E+00   0.0000000E+00   0.0000000E+00
   1.6816262E-01   1.5487830E+06   1.5487830E+06   9.3115717E-03   4.9516463E-02   1.9336946E+04   1.5437631E+06   1.5487830E+06   0.0000000E+00   0.0000000E+00   0.0000000E+00   0.0000000E+00   0.0000000E+00
   1.7378740E-01   1.4797287E+06   1.4797287E+06   -6.3019013E-02   4.4344645E-02   1.7433853E+04   1.4749302E+06   1.4797287E+06   0.0000000E+00   0.0000000E+00   0.0000000E+00   0.0000000E+00   0.0000000E+00
   1.7959965E-01   1.4184408E+06   1.4184408E+06   -5.8346387E-02   3.9837663E-02   1.5769040E+04   1.4138390E+06   1.4184408E+06   0.0000000E+00   0.0000000E+00   0.0000000E+00   0.0000000E+00   0.0000000E+00
   1.8560591E-01   1.3646368E+06   1.3646368E+06   -1.3496426E-02   3.5912293E-02   1.4318069E+04   1.3602075E+06   1.3646368E+06   0.0000000E+00   0.0000000E+00   0.0000000E+00   0.0000000E+00   0.0000000E+00
   1.9181285E-01   1.3164296E+06   1.3164296E+06   -1.8814771E-02   3.2457878E-02   1.3017926E+04   1.3121550E+06   1.3164296E+06   0.0000000E+00   0.0000000E+00   0.0000000E+00   0.0000000E+00   0.0000000E+00
   1.9822729E-01   1.2708408E+06   1.2708408E+06   1.0512120E-02   2.9355619E-02   1.1854649E+04   1.2667127E+06   1.2708408E+06   0.0000000E+00   0.0000000E+00   0.0000000E+00   0.0000000E+00   0.0000000E+00
   2.0485622E-01   1.2247441E+06   1.2247441E+06   -9.0932623E-04   2.6506004E-02   1.0770199E+04   1.2207642E+06   1.2247441E+06   0.0000000E+00   0.0000000E+00   0.0000000E+00   0.0000000E+00   0.0000000E+00
   2.1170683E-01   1.1759562E+06   1.1759562E+06   -3.0611570E-02   2.3846945E-02   9.7526379E+03   1.1721335E+06   1.1759562E+06   0.0000000E+00   0.0000000E+00   0.0000000E+00   0.0000000E+00   0.0000000E+00
   2.1878654E-01   1.1240642E+06   1.1240642E+06   -1.3160451E-02   2.1360991E-02   8.7818346E+03   1.1204090E+06   1.1240642E+06   0.0000000E+00   0.0000000E+00   0.0000000E+00   0.0000000E+00   0.0000000E+00
   2.2610302E-01   1.0706043E+06   1.0706043E+06   -1.4884549E-02   1.9066466E-02   7.8817863E+03   1.0671218E+06   1.0706043E+06   0.0000000E+00   0.0000000E+00   0.0000000E+00   0.0000000E+00   0.0000000E+00
   2.3366425E-01   1.0184187E+06   1.0184187E+06   -1.5496032E-02   1.6996609E-02   7.0680029E+03   1.0151050E+06   1.0184187E+06   0.0000000E+00   0.0000000E+00   0.0000000E+00   0.0000000E+00   0.0000000E+00
   2.4147860E-01   9.7038107E+05   9.7038107E+05   -1.6458936E-02   1.5174460E-02   6.3401038E+03   9.6722279E+05   9.7038107E+05   0.0000000E+00   0.0000000E+00   0.0000000E+00   0.0000000E+00   0.0000000E+00
   2.4955481E-01   9.2803003E+05   9.2803003E+05   -1.6333618E-02   1.3595245E-02   5.7110355E+03   9.2500878E+05   9.2803003E+05   0.0000000E+00   0.0000000E+00   0.0000000E+00   0.0000000E+00   0.0000000E+00
   2.5790214E-01   8.9080430E+05   8.9080430E+05   -1.4239150E-03   1.2223455E-02   5.1625665E+03   8.8790352E+05   8.9080430E+05   0.0000000E+00   0.0000000E+00   0.0000000E+00   0.0000000E+00   0.0000000E+00
   2.6653038E-01   8.5635602E+05   8.5635602E+05   -6.8508198E-03   1.1005834E-02   4.6725706E+03   8.5356676E+05   8.5635602E+05   0.0000000E+00   0.0000000E+00   0.0000000E+00   0.0000000E+00   0.0000000E+00
   2.7544997E-01   8.2187104E+05   8.2187104E+05   -1.5794892E-03   9.8933961E-03   4.2192817E+03   8.1919350E+05   8.2187104E+05   0.0000000E+00   0.0000000E+00   0.0000000E+00   0.0000000E+00   0.0000000E+00
   2.8467210E-01   7.8569454E+05   7.8569454E+05   -8.3678320E-03   8.8593608E-03   3.7959563E+03   7.8313431E+05   7.8569454E+05   0.0000000E+00   0.0000000E+00   0.0000000E+00   0.0000000E+00   0.0000000E+00
   2.9420882E-01   7.4826089E+05   7.4826089E+05   -5.8690571E-03   7.9037102E-03   3.4012003E+03   7.4582216E+05   7.4826089E+05   0.0000000E+00   0.0000000E+00   0.0000000E+00   0.0000000E+00   0.0000000E+00
   3.0407318E-01   7.1166124E+05   7.1166124E+05   -4.8946787E-03   7.0412062E-03   3.0408976E+03   7.0934136E+05   7.1166124E+05   0.0000000E+00   0.0000000E+00   0.0000000E+00   0.0000000E+00   0.0000000E+00
   3.1427934E-01   6.7806977E+05   6.7806977E+05   -4.4653771E-03   6.2828576E-03   2.7240878E+03   6.7585900E+05   6.7806977E+05   0.0000000E+00   0.0000000E+00   0.0000000E+00   0.0000000E+00   0.0000000E+00
   3.2484282E-01   6.4813207E+05   6.4813207E+05   -3.9911490E-03   5.6228871E-03   2.4485333E+03   6.4601856E+05   6.4813207E+05   0.0000000E+00   0.0000000E+00   0.0000000E+00   0.0000000E+00   0.0000000E+00
   3.3578064E-01   6.2056720E+05   6.2056720E+05   -3.5792664E-03   5.0398991E-03   2.2032008E+03   6.1854326E+05   6.2056720E+05   0.0000000E+00   0.0000000E+00   0.0000000E+00   0.0000000E+00   0.0000000E+00
   3.4711159E-01   5.9334659E+05   5.9334659E+05   -3.6608671E-03   4.5105914E-03   1.9781112E+03   5.9141113E+05   5.9334659E+05   0.0000000E+00   0.0000000E+00   0.0000000E+00   0.0000000E+00   0.0000000E+00
   3.5885650E-01   5.6546190E+05   5.6546190E+05   -3.7585548E-03   4.0232853E-03   1.7704415E+03   5.6361714E+05   5.6546190E+05   0.0000000E+00   0.0000000E+00   0.0000000E+00   0.0000000E+00   0.0000000E+00
   3.7103859E-01   5.3767336E+05   5.3767336E+05   -2.2236297E-03   3.5799113E-03   1.5800198E+03   5.3591902E+05   5.3767336E+05   0.0000000E+00   0.0000000E+00   0.0000000E+00   0.0000000E+00   0.0000000E+00
   3.8368385E-01   5.1151705E+05   5.1151705E+05   -2.9778757E-03   3.1859604E-03   1.4099034E+03   5.0984785E+05   5.1151705E+05   0.0000000E+00   0.0000000E+00   0.0000000E+00   0.0000000E+00   0.0000000E+00
   3.9682155E-01   4.8760214E+05   4.8760214E+05   -2.6214621E-03   2.8398789E-03   1.2612702E+03   4.8601079E+05   4.8760214E+05   0.0000000E+00   0.0000000E+00   0.0000000E+00   0.0000000E+00   0.0000000E+00
   4.1048477E-01   4.6504982E+05   4.6504982E+05   -2.0020814E-03   2.5317150E-03   1.1273103E+03   4.6353191E+05   4.6504982E+05   0.0000000E+00   0.0000000E+00   0.0000000E+00   0.0000000E+00   0.0000000E+00
   4.2471117E-01   4.4267719E+05   4.4267719E+05   -1.7385949E-03   2.2517220E-03   1.0045968E+03   4.4123214E+05   4.4267719E+05   0.0000000E+00   0.0000000E+00   0.0000000E+00   0.0000000E+00   0.0000000E+00
   4.3954379E-01   4.2041704E+05   4.2041704E+05   -1.4790509E-03   1.9971337E-03   8.9285741E+02   4.1904452E+05   4.2041704E+05   0.0000000E+00   0.0000000E+00   0.0000000E+00   0.0000000E+00   0.0000000E+00
   4.5503221E-01   3.9913948E+05   3.9913948E+05   -1.5441740E-03   1.7696121E-03   7.9309773E+02   3.9783629E+05   3.9913948E+05   0.0000000E+00   0.0000000E+00   0.0000000E+00   0.0000000E+00   0.0000000E+00
   4.7123380E-01   3.7922842E+05   3.7922842E+05   -1.3592957E-03   1.5679945E-03   7.0404247E+02   3.7799013E+05   3.7922842E+05   0.0000000E+00   0.0000000E+00   0.0000000E+00   0.0000000E+00   0.0000000E+00
   4.8821548E-01   3.6007416E+05   3.6007416E+05   -1.0824547E-03   1.3872713E-03   6.2363791E+02   3.5889831E+05   3.6007416E+05   0.0000000E+00   0.0000000E+00   0.0000000E+00   0.0000000E+00   0.0000000E+00
   5.0605584E-01   3.4117206E+05   3.4117206E+05   -1.0710921E-03   1.2236642E-03   5.5073923E+02   3.4005785E+05   3.4117206E+05   0.0000000E+00   0.0000000E+00   0.0000000E+00   0.0000000E+00   0.0000000E+00
   5.2484783E-01   3.2284585E+05   3.2284585E+05   -9.0088119E-04   1.0766916E-03   4.8515767E+02   3.2179141E+05   3.2284585E+05   0.0000000E+00   0.0000000E+00   0.0000000E+00   0.0000000E+00   0.0000000E+00
   5.4470227E-01   3.0538629E+05   3.0538629E+05   -8.3277471E-04   9.4572159E-04   4.2644135E+02   3.0438880E+05   3.0538629E+05   0.0000000E+00   0.0000000E+00   0.0000000E+00   0.0000000E+00   0.0000000E+00
   5.6575234E-01   2.8844826E+05   2.8844826E+05   -7.2438670E-04   8.2817331E-04   3.7354988E+02   2.8750603E+05   2.8844826E+05   0.0000000E+00   0.0000000E+00   0.0000000E+00   0.0000000E+00   0.0000000E+00
   5.8815936E-01   2.7184848E+05   2.7184848E+05   -6.1939477E-04   7.2229319E-04   3.2576269E+02   2.7096041E+05   2.7184848E+05   0.0000000E+00   0.0000000E+00   0.0000000E+00   0.0000000E+00   0.0000000E+00
   6.1212026E-01   2.5579556E+05   2.5579556E+05   -5.4346661E-04   6.2757201E-04   2.8295480E+02   2.5495988E+05   2.5579556E+05   0.0000000E+00   0.0000000E+00   0.0000000E+00   0.0000000E+00   0.0000000E+00
   6.3787709E-01   2.4018375E+05   2.4018375E+05   -4.8343524E-04   5.4271830E-04   2.4445185E+02   2.3939903E+05   2.4018375E+05   0.0000000E+00   0.0000000E+00   0.0000000E+00   0.0000000E+00   0.0000000E+00
   6.6572894E-01   2.2487623E+05   2.2487623E+05   -4.1904823E-04   4.6656347E-04   2.0980647E+02   2.2414148E+05   2.2487623E+05   0.0000000E+00   0.0000000E+00   0.0000000E+00   0.0000000E+00   0.0000000E+00
   6.9604635E-01   2.0994239E+05   2.0994239E+05   -3.5869129E-04   3.9851841E-04   1.7879918E+02   2.0925640E+05   2.0994239E+05   0.0000000E+00   0.0000000E+00   0.0000000E+00   0.0000000E+00   0.0000000E+00
   7.2928725E-01   1.9528137E+05   1.9528137E+05   -3.0638203E-04   3.3771141E-04   1.5107054E+02   1.9464324E+05   1.9528137E+05   0.0000000E+00   0.0000000E+00   0.0000000E+00   0.0000000E+00   0.0000000E+00
   7.6601159E-01   1.8089105E+05   1.8089105E+05   -2.5994435E-04   2.8358269E-04   1.2633351E+02   1.8029991E+05   1.8089105E+05   0.0000000E+00   0.0000000E+00   0.0000000E+00   0.0000000E+00   0.0000000E+00
   8.0688792E-01   1.6675118E+05   1.6675118E+05   -2.1793448E-04   2.3563004E-04   1.0441415E+02   1.6620623E+05   1.6675118E+05   0.0000000E+00   0.0000000E+00   0.0000000E+00   0.0000000E+00   0.0000000E+00
   8.5267893E-01   1.5288407E+05   1.5288407E+05   -1.7758766E-04   1.9347943E-04   8.5110008E+01   1.5238441E+05   1.5288407E+05   0.0000000E+00   0.0000000E+00   0.0000000E+00   0.0000000E+00   0.0000000E+00
   9.0418817E-01   1.3934516E+05   1.3934516E+05   -1.4595129E-04   1.5684287E-04   6.8359730E+01   1.3888973E+05   1.3934516E+05   0.0000000E+00   0.0000000E+00   0.0000000E+00   0.0000000E+00   0.0000000E+00
   9.6215552E-01   1.2624600E+05   1.2624600E+05   -1.1815309E-04   1.2550772E-04   5.4038303E+01   1.2583336E+05   1.2624600E+05   0.0000000E+00   0.0000000E+00   0.0000000E+00   0.0000000E+00   0.0000000E+00
   1.0271226E+00   1.1373807E+05   1.1373807E+05   -9.4592815E-05   9.9231320E-05   4.2060849E+01   1.1336630E+05   1.1373807E+05   0.0000000E+00   0.0000000E+00   0.0000000E+00   0.0000000E+00   0.0000000E+00
   1.0993423E+00   1.0198517E+05   1.0198517E+05   -7.4696102E-05   7.7679586E-05   3.2277374E+01   1.0165180E+05   1.0198517E+05   0.0000000E+00   0.0000000E+00   0.0000000E+00   0.0000000E+00   0.0000000E+00
   1.1788186E+00   9.1122703E+04   9.1122703E+04   -6.5879315E-05   6.0368109E-05   2.4472029E+01   9.0824835E+04   9.1122703E+04   0.0000000E+00   0.0000000E+00   0.0000000E+00   0.0000000E+00   0.0000000E+00
   1.2654682E+00   8.1222645E+04   8.1222645E+04   -4.4936004E-05   4.6696831E-05   1.8360142E+01   8.0957131E+04   8.1222645E+04   0.0000000E+00   0.0000000E+00   0.0000000E+00   0.0000000E+00   0.0000000E+00
   1.3592945E+00   7.2286688E+04   7.2286688E+04   -3.5039640E-05   3.6023217E-05   1.3630766E+01   7.2050379E+04   7.2286688E+04   0.0000000E+00   0.0000000E+00   0.0000000E+00   0.0000000E+00   0.0000000E+00
   1.4604736E+00   6.4269602E+04   6.4269602E+04   -2.7218092E-05   2.7746388E-05   1.0017036E+01   6.4059497E+04   6.4269602E+04   0.0000000E+00   0.0000000E+00   0.0000000E+00   0.0000000E+00   0.0000000E+00
   1.5693537E+00   5.7100708E+04   5.7100708E+04   -2.1102170E-05   2.1351100E-05   7.2725576E+00   5.6914035E+04   5.7100708E+04   0.0000000E+00   0.0000000E+00   0.0000000E+00   0.0000000E+00   0.0000000E+00
   1.6864143E+00   5.0701566E+04   5.0701566E+04   -1.6092343E-05   1.6418999E-05   5.2018550E+00   5.0535810E+04   5.0701566E+04   0.0000000E+00   0.0000000E+00   0.0000000E+00   0.0000000E+00   0.0000000E+00
   1.8122272E+00   4.4995990E+04   4.4995990E+04   -1.2552491E-05   1.2619311E-05   3.6467486E+00   4.4848884E+04   4.4995990E+04   0.0000000E+00   0.0000000E+00   0.0000000E+00   0.0000000E+00   0.0000000E+00
   1.9474319E+00   3.9912608E+04   3.9912608E+04   -9.6940054E-06   9.6941110E-06   2.4853244E+00   3.9782120E+04   3.9912608E+04   0.0000000E+00   0.0000000E+00   0.0000000E+00   0.0000000E+00   0.0000000E+00
   2.0927253E+00   3.5386667E+04   3.5386667E+04   -7.4715817E-06   7.4434542E-06   1.6269189E+00   3.5270975E+04   3.5386667E+04   0.0000000E+00   0.0000000E+00   0.0000000E+00   0.0000000E+00   0.0000000E+00
   2.2488589E+00   3.1359550E+04   3.1359550E+04   -5.7518397E-06   5.7127145E-06   9.9749169E-01   3.1257022E+04   3.1359550E+04   0.0000000E+00   0.0000000E+00   0.0000000E+00   0.0000000E+00   0.0000000E+00
   2.4166414E+00   2.7778331E+04   2.7778331E+04   -4.4249544E-06   4.3824741E-06   5.4243489E-01   2.7687511E+04   2.7778331E+04   0.0000000E+00   0.0000000E+00   0.0000000E+00   0.0000000E+00   0.0000000E+00
   2.5969418E+00   2.4595488E+04   2.4595488E+04   -3.3658556E-06   3.3605625E-06   2.1797924E-01   2.4515074E+04   2.4595488E+04   0.0000000E+00   0.0000000E+00   0.0000000E+00   0.0000000E+00   0.0000000E+00
   2.7906940E+00   2.1768252E+04   2.1768252E+04   -2.5963512E-06   2.5759029E-06   -8.7631262E-03   2.1697082E+04   2.1768252E+04   0.0000000E+00   0.0000000E+00   0.0000000E+00   0.0000000E+00   0.0000000E+00
   2.9989016E+00   1.9258214E+04   1.9258214E+04   -1.9959934E-06   1.9736855E-06   -1.6310757E-01   1.9195250E+04   1.9258214E+04   0.0000000E+00   0.0000000E+00   0.0000000E+00   0.0000000E+00   0.0000000E+00
   3.2226431E+00   1.7030925E+04   1.7030925E+04   -1.5325232E-06   1.5116857E-06   -2.6282701E-01   1.6975242E+04   1.7030925E+04   0.0000000E+00   0.0000000E+00   0.0000000E+00   0.0000000E+00   0.0000000E+00
   3.4630775E+00   1.5055511E+04   1.5055511E+04   -1.1733787E-06   1.1574142E-06   -3.2383025E-01   1.5006286E+04   1.5055511E+04   0.0000000E+00   0.0000000E+00   0.0000000E+00   0.0000000E+00   0.0000000E+00
   3.7214502E+00   1.3304323E+04   1.3304323E+04   -8.9497225E-07   8.8585867E-07   -3.5614018E-01   1.3260824E+04   1.3304323E+04   0.0000000E+00   0.0000000E+00   0.0000000E+00   0.0000000E+00   0.0000000E+00
   3.9990995E+00   1.1752627E+04   1.1752627E+04   -6.8672774E-07   6.7779212E-07   -3.6813752E-01   1.1714201E+04   1.1752627E+04   0.0000000E+00   0.0000000E+00   0.0000000E+00   0.0000000E+00   0.0000000E+00
   4.2974637E+00   1.0378309E+04   1.0378309E+04   -5.2474548E-07   5.1843226E-07   -3.6626864E-01   1.0344376E+04   1.0378309E+04   0.0000000E+00   0.0000000E+00   0.0000000E+00   0.0000000E+00   0.0000000E+00
   4.6180881E+00   9.1616178E+03   9.1616178E+03   -4.0317667E-07   3.9641961E-07   -3.5467265E-01   9.1316632E+03   9.1616178E+03   0.0000000E+00   0.0000000E+00   0.0000000E+00   0.0000000E+00   0.0000000E+00
   4.9626336E+00   8.0849242E+03   8.0849242E+03   -3.0239844E-07   3.0303674E-07   -3.3710812E-01   8.0584900E+03   8.0849242E+03   0.0000000E+00   0.0000000E+00   0.0000000E+00   0.0000000E+00   0.0000000E+00
   5.3328849E+00   7.1325045E+03   7.1325045E+03   -2.3468594E-07   2.3158934E-07   -3.1594915E-01   7.1091842E+03   7.1325045E+03   0.0000000E+00   0.0000000E+00   0.0000000E+00   0.0000000E+00   0.0000000E+00
   5.7307599E+00   6.2903443E+03   6.2903443E+03   -1.7964883E-07   1.7694178E-07   -2.9268801E-01   6.2697775E+03   6.2903443E+03   0.0000000E+00   0.0000000E+00   0.0000000E+00   0.0000000E+00   0.0000000E+00
   6.1583195E+00   5.5459613E+03   5.5459613E+03   -1.3673924E-07   1.3515744E-07   -2.6888790E-01   5.5278283E+03   5.5459613E+03   0.0000000E+00   0.0000000E+00   0.0000000E+00   0.0000000E+00   0.0000000E+00
   6.6177783E+00   4.8882447E+03   4.8882447E+03   -1.0345288E-07   1.0321772E-07   -2.4522725E-01   4.8722621E+03   4.8882447E+03   0.0000000E+00   0.0000000E+00   0.0000000E+00   0.0000000E+00   0.0000000E+00
   7.1115164E+00   4.3073111E+03   4.3073111E+03   -8.1545603E-08   7.8810350E-08   -2.2239664E-01   4.2932279E+03   4.3073111E+03   0.0000000E+00   0.0000000E+00   0.0000000E+00   0.0000000E+00   0.0000000E+00
   7.6420912E+00   3.7943736E+03   3.7943736E+03   -6.0709495E-08   6.0163699E-08   -2.0075340E-01   3.7819675E+03   3.7943736E+03   0.0000000E+00   0.0000000E+00   0.0000000E+00   0.0000000E+00   0.0000000E+00
   8.2122510E+00   3.3416251E+03   3.3416251E+03   -4.6543159E-08   4.5921674E-08   -1.8046487E-01   3.3306994E+03   3.3416251E+03   0.0000000E+00   0.0000000E+00   0.0000000E+00   0.0000000E+00   0.0000000E+00
