#           k/h    CDM            baryon         photon         nu             mass_nu        total          no_nu          total_de       Weyl           v_CDM          v_b            v_b-v_c     
   1.0338406E-05   8.9797096E+06   8.9797096E+06   1.1970004E+07   8.5304628E+03   2.1719163E+06   8.9797644E+06   8.9797096E+06   0.0000000E+00   0.0000000E+00   0.0000000E+00   0.0000000E+00   0.0000000E+00
   1.1109732E-05   8.9797081E+06   8.9797081E+06   1.1969547E+07   8.5302563E+03   2.1718949E+06   8.9797628E+06   8.9797081E+06   0.0000000E+00   0.0000000E+00   0.0000000E+00   0.0000000E+00   0.0000000E+00
   1.1938605E-05   8.9797063E+06   8.9797063E+06   1.1969018E+07   8.5300178E+03   2.1718702E+06   8.9797609E+06   8.9797063E+06   0.0000000E+00   0.0000000E+00   0.0000000E+00   0.0000000E+00   0.0000000E+00
   1.2829318E-05   8.9797043E+06   8.9797043E+06   1.1968409E+07   8.5297424E+03   2.1718417E+06   8.9797588E+06   8.9797043E+06   0.0000000E+00   0.0000000E+00   0.0000000E+00   0.0000000E+00   0.0000000E+00
   1.3786485E-05   8.9797020E+06   8.9797020E+06   1.1967704E+07   8.5294245E+03   2.1718087E+06   8.9797563E+06   8.9797020E+06   0.0000000E+00   0.0000000E+00   0.0000000E+00   0.0000000E+00   0.0000000E+00
   1.4815065E-05   8.9796993E+06   8.9796993E+06   1.1966891E+07   8.5290573E+03   2.1717706E+06   8.9797534E+06   8.9796993E+06   0.0000000E+00   0.0000000E+00   0.0000000E+00   0.0000000E+00   0.0000000E+00
   1.5920385E-05   8.9796961E+06   8.9796961E+06   1.1965952E+07   8.5286333E+03   2.1717267E+06   8.9797501E+06   8.9796961E+06   0.0000000E+00   0.0000000E+00   0.0000000E+00   0.0000000E+00   0.0000000E+00
   1.7108170E-05   8.9796926E+06   8.9796926E+06   1.1964868E+07   8.5281438E+03   2.1716760E+06   8.9797463E+06   8.9796926E+06   0.0000000E+00   0.0000000E+00   0.0000000E+00   0.0000000E+00   0.0000000E+00
   1.8384574E-05   8.9796884E+06   8.9796884E+06   1.1963616E+07   8.5275785E+03   2.1716174E+06   8.9797419E+06   8.9796884E+06   0.0000000E+00   0.0000000E+00   0.0000000E+00   0.0000000E+00   0.0000000E+00
   1.9756207E-05   8.9796836E+06   8.9796836E+06   1.1962171E+07   8.5269257E+03   2.1715497E+06   8.9797369E+06   8.9796836E+06   0.0000000E+00   0.0000000E+00   0.0000000E+00   0.0000000E+00   0.0000000E+00
   2.1230175E-05   8.9796781E+06   8.9796781E+06   1.1960502E+07   8.5261720E+03   2.1714716E+06   8.9797310E+06   8.9796781E+06   0.0000000E+00   0.0000000E+00   0.0000000E+00   0.0000000E+00   0.0000000E+00
   2.2814112E-05   8.9796717E+06   8.9796717E+06   1.1958575E+07   8.5253017E+03   2.1713815E+06   8.9797242E+06   8.9796717E+06   0.0000000E+00   0.0000000E+00   0.0000000E+00   0.0000000E+00   0.0000000E+00
   2.4516223E-05   8.9796643E+06   8.9796643E+06   1.1956350E+07   8.5242968E+03   2.1712774E+06   8.9797164E+06   8.9796643E+06   0.0000000E+00   0.0000000E+00   0.0000000E+00   0.0000000E+00   0.0000000E+00
   2.6345325E-05   8.9796558E+06   8.9796558E+06   1.1953781E+07   8.5231366E+03   2.1711572E+06   8.9797074E+06   8.9796558E+06   0.0000000E+00   0.0000000E+00   0.0000000E+00   0.0000000E+00   0.0000000E+00
   2.8310893E-05   8.9796460E+06   8.9796460E+06   1.1950815E+07   8.5217970E+03   2.1710185E+06   8.9796970E+06   8.9796460E+06   0.0000000E+00   0.0000000E+00   0.0000000E+00   0.0000000E+00   0.0000000E+00
   3.0423107E-05   8.9796346E+06   8.9796346E+06   1.1947391E+07   8.5202504E+03   2.1708584E+06   8.9796849E+06   8.9796346E+06   0.0000000E+00   0.0000000E+00   0.0000000E+00   0.0000000E+00   0.0000000E+00
   3.2692909E-05   8.9796215E+06   8.9796215E+06   1.1943438E+07   8.5184648E+03   2.1706736E+06   8.9796710E+06   8.9796215E+06   0.0000000E+00   0.0000000E+00   0.0000000E+00   0.0000000E+00   0.0000000E+00
   3.5132056E-05   8.9796063E+06   8.9796063E+06   1.1938875E+07   8.5164034E+03   2.1704603E+06   8.9796550E+06   8.9796063E+06   0.0000000E+00   0.0000000E+00   0.0000000E+00   0.0000000E+00   0.0000000E+00
   3.7753182E-05   8.9795889E+06   8.9795889E+06   1.1933608E+07   8.5140235E+03   2.1702142E+06   8.9796365E+06   8.9795889E+06   0.0000000E+00   0.0000000E+00   0.0000000E+00   0.0000000E+00   0.0000000E+00
   4.0569865E-05   8.9795687E+06   8.9795687E+06   1.1927528E+07   8.5112763E+03   2.1699301E+06   8.9796151E+06   8.9795687E+06   0.0000000E+00   0.0000000E+00   0.0000000E+00   0.0000000E+00   0.0000000E+00
   4.3596695E-05   8.9795453E+06   8.9795453E+06   1.1920511E+07   8.5081051E+03   2.1696024E+06   8.9795904E+06   8.9795453E+06   0.0000000E+00   0.0000000E+00   0.0000000E+00   0.0000000E+00   0.0000000E+00
   4.6849350E-05   8.9795184E+06   8.9795184E+06   1.1912412E+07   8.5044448E+03   2.1692243E+06   8.9795618E+06   8.9795184E+06   0.0000000E+00   0.0000000E+00   0.0000000E+00   0.0000000E+00   0.0000000E+00
   5.0344678E-05   8.9794873E+06   8.9794873E+06   1.1903067E+07   8.5002201E+03   2.1687883E+06   8.9795289E+06   8.9794873E+06   0.0000000E+00   0.0000000E+00   0.0000000E+00   0.0000000E+00   0.0000000E+00
   5.4100785E-05   8.9794514E+06   8.9794514E+06   1.1892284E+07   8.4953446E+03   2.1682853E+06   8.9794909E+06   8.9794514E+06   0.0000000E+00   0.0000000E+00   0.0000000E+00   0.0000000E+00   0.0000000E+00
   5.8137127E-05   8.9794100E+06   8.9794100E+06   1.1879843E+07   8.4897184E+03   2.1677055E+06   8.9794470E+06   8.9794100E+06   0.0000000E+00   0.0000000E+00   0.0000000E+00   0.0000000E+00   0.0000000E+00
   6.2474612E-05   8.9793622E+06   8.9793622E+06   1.1865492E+07   8.4832267E+03   2.1670370E+06   8.9793963E+06   8.9793622E+06   0.0000000E+00   0.0000000E+00   0.0000000E+00   0.0000000E+00   0.0000000E+00
   6.7135707E-05   8.9793069E+06   8.9793069E+06   1.1848941E+07   8.4757373E+03   2.1662667E+06   8.9793378E+06   8.9793069E+06   0.0000000E+00   0.0000000E+00   0.0000000E+00   0.0000000E+00   0.0000000E+00
   7.2144556E-05   8.9792432E+06   8.9792432E+06   1.1829855E+07   8.4670981E+03   2.1653792E+06   8.9792702E+06   8.9792432E+06   0.0000000E+00   0.0000000E+00   0.0000000E+00   0.0000000E+00   0.0000000E+00
   7.7527105E-05   8.9791695E+06   8.9791695E+06   1.1807852E+07   8.4571343E+03   2.1643571E+06   8.9791922E+06   8.9791695E+06   0.0000000E+00   0.0000000E+00   0.0000000E+00   0.0000000E+00   0.0000000E+00
   8.3311234E-05   8.9790846E+06   8.9790846E+06   1.1782492E+07   8.4456450E+03   2.1631805E+06   8.9791022E+06   8.9790846E+06   0.0000000E+00   0.0000000E+00   0.0000000E+00   0.0000000E+00   0.0000000E+00
   8.9526904E-05   8.9789865E+06   8.9789865E+06   1.1753271E+07   8.4323998E+03   2.1618267E+06   8.9789982E+06   8.9789865E+06   0.0000000E+00   0.0000000E+00   0.0000000E+00   0.0000000E+00   0.0000000E+00
   9.6206312E-05   8.9788732E+06   8.9788732E+06   1.1719613E+07   8.4171341E+03   2.1602700E+06   8.9788783E+06   8.9788732E+06   0.0000000E+00   0.0000000E+00   0.0000000E+00   0.0000000E+00   0.0000000E+00
   1.0338406E-04   8.9787426E+06   8.9787426E+06   1.1680861E+07   8.3995451E+03   2.1584809E+06   8.9787398E+06   8.9787426E+06   0.0000000E+00   0.0000000E+00   0.0000000E+00   0.0000000E+00   0.0000000E+00
   1.1109732E-04   8.9785918E+06   8.9785918E+06   1.1636263E+07   8.3792863E+03   2.1564265E+06   8.9785800E+06   8.9785918E+06   0.0000000E+00   0.0000000E+00   0.0000000E+00   0.0000000E+00   0.0000000E+00
   1.1938605E-04   8.9784177E+06   8.9784177E+06   1.1584965E+07   8.3559618E+03   2.1540694E+06   8.9783957E+06   8.9784177E+06   0.0000000E+00   0.0000000E+00   0.0000000E+00   0.0000000E+00   0.0000000E+00
   1.2829318E-04   8.9782170E+06   8.9782170E+06   1.1525996E+07   8.3291200E+03   2.1513677E+06   8.9781830E+06   8.9782170E+06   0.0000000E+00   0.0000000E+00   0.0000000E+00   0.0000000E+00   0.0000000E+00
   1.3786485E-04   8.9779853E+06   8.9779853E+06   1.1458258E+07   8.2982474E+03   2.1482748E+06   8.9779375E+06   8.9779853E+06   0.0000000E+00   0.0000000E+00   0.0000000E+00   0.0000000E+00   0.0000000E+00
   1.4815065E-04   8.9777181E+06   8.9777181E+06   1.1380510E+07   8.2627603E+03   2.1447387E+06   8.9776545E+06   8.9777181E+06   0.0000000E+00   0.0000000E+00   0.0000000E+00   0.0000000E+00   0.0000000E+00
   1.5920385E-04   8.9774100E+06   8.9774100E+06   1.1291357E+07   8.2219985E+03   2.1407023E+06   8.9773280E+06   8.9774100E+06   0.0000000E+00   0.0000000E+00   0.0000000E+00   0.0000000E+00   0.0000000E+00
   1.7108170E-04   8.9770547E+06   8.9770547E+06   1.1189238E+07   8.1752166E+03   2.1361032E+06   8.9769516E+06   8.9770547E+06   0.0000000E+00   0.0000000E+00   0.0000000E+00   0.0000000E+00   0.0000000E+00
   1.8384574E-04   8.9766451E+06   8.9766451E+06   1.1072416E+07   8.1215768E+03   2.1308740E+06   8.9765176E+06   8.9766451E+06   0.0000000E+00   0.0000000E+00   0.0000000E+00   0.0000000E+00   0.0000000E+00
   1.9756207E-04   8.9761730E+06   8.9761730E+06   1.0938971E+07   8.0601418E+03   2.1249430E+06   8.9760175E+06   8.9761730E+06   0.0000000E+00   0.0000000E+00   0.0000000E+00   0.0000000E+00   0.0000000E+00
   2.1230175E-04   8.9756291E+06   8.9756291E+06   1.0786795E+07   7.9898687E+03   2.1182350E+06   8.9754414E+06   8.9756291E+06   0.0000000E+00   0.0000000E+00   0.0000000E+00   0.0000000E+00   0.0000000E+00
   2.2814112E-04   8.9750027E+06   8.9750027E+06   1.0613602E+07   7.9096045E+03   2.1106734E+06   8.9747778E+06   8.9750027E+06   0.0000000E+00   0.0000000E+00   0.0000000E+00   0.0000000E+00   0.0000000E+00
   2.4516223E-04   8.9742815E+06   8.9742815E+06   1.0416937E+07   7.8180854E+03   2.1021824E+06   8.9740138E+06   8.9742815E+06   0.0000000E+00   0.0000000E+00   0.0000000E+00   0.0000000E+00   0.0000000E+00
   2.6345325E-04   8.9734515E+06   8.9734515E+06   1.0194211E+07   7.7139393E+03   2.0926905E+06   8.9731346E+06   8.9734515E+06   0.0000000E+00   0.0000000E+00   0.0000000E+00   0.0000000E+00   0.0000000E+00
   2.8310893E-04   8.9724969E+06   8.9724969E+06   9.9427439E+06   7.5956945E+03   2.0821353E+06   8.9721234E+06   8.9724969E+06   0.0000000E+00   0.0000000E+00   0.0000000E+00   0.0000000E+00   0.0000000E+00
   3.0423107E-04   8.9713995E+06   8.9713995E+06   9.6598382E+06   7.4617972E+03   2.0704696E+06   8.9709611E+06   8.9713995E+06   0.0000000E+00   0.0000000E+00   0.0000000E+00   0.0000000E+00   0.0000000E+00
   3.2692909E-04   8.9701388E+06   8.9701388E+06   9.3428810E+06   7.3106390E+03   2.0576689E+06   8.9696260E+06   8.9701388E+06   0.0000000E+00   0.0000000E+00   0.0000000E+00   0.0000000E+00   0.0000000E+00
   3.5132056E-04   8.9686917E+06   8.9686917E+06   8.9894841E+06   7.1405988E+03   2.0437409E+06   8.9680935E+06   8.9686917E+06   0.0000000E+00   0.0000000E+00   0.0000000E+00   0.0000000E+00   0.0000000E+00
   3.7753182E-04   8.9670319E+06   8.9670319E+06   8.5976684E+06   6.9501020E+03   2.0287360E+06   8.9663359E+06   8.9670319E+06   0.0000000E+00   0.0000000E+00   0.0000000E+00   0.0000000E+00   0.0000000E+00
   4.0569865E-04   8.9651301E+06   8.9651301E+06   8.1660994E+06   6.7377006E+03   2.0127594E+06   8.9643223E+06   8.9651301E+06   0.0000000E+00   0.0000000E+00   0.0000000E+00   0.0000000E+00   0.0000000E+00
   4.3596695E-04   8.9629533E+06   8.9629533E+06   7.6943774E+06   6.5021790E+03   1.9959824E+06   8.9620177E+06   8.9629533E+06   0.0000000E+00   0.0000000E+00   0.0000000E+00   0.0000000E+00   0.0000000E+00
   4.6849350E-04   8.9604646E+06   8.9604646E+06   7.1833802E+06   6.2426860E+03   1.9786521E+06   8.9593835E+06   8.9604646E+06   0.0000000E+00   0.0000000E+00   0.0000000E+00   0.0000000E+00   0.0000000E+00
   5.0344678E-04   8.9576233E+06   8.9576233E+06   6.6356490E+06   5.9588966E+03   1.9610964E+06   8.9563766E+06   8.9576233E+06   0.0000000E+00   0.0000000E+00   0.0000000E+00   0.0000000E+00   0.0000000E+00
   5.4100785E-04   8.9543840E+06   8.9543840E+06   6.0557943E+06   5.6511987E+03   1.9437197E+06   8.9529493E+06   8.9543840E+06   0.0000000E+00   0.0000000E+00   0.0000000E+00   0.0000000E+00   0.0000000E+00
   5.8137127E-04   8.9506971E+06   8.9506971E+06   5.4508792E+06   5.3209000E+03   1.9269846E+06   8.9490496E+06   8.9506971E+06   0.0000000E+00   0.0000000E+00   0.0000000E+00   0.0000000E+00   0.0000000E+00
   6.2474612E-04   8.9465080E+06   8.9465080E+06   4.8307169E+06   4.9704367E+03   1.9113725E+06   8.9446202E+06   8.9465080E+06   0.0000000E+00   0.0000000E+00   0.0000000E+00   0.0000000E+00   0.0000000E+00
   6.7135707E-04   8.9417571E+06   8.9417571E+06   4.2079839E+06   4.6035621E+03   1.8973162E+06   8.9395991E+06   8.9417571E+06   0.0000000E+00   0.0000000E+00   0.0000000E+00   0.0000000E+00   0.0000000E+00
   7.2144556E-04   8.9363798E+06   8.9363798E+06   3.5980315E+06   4.2254741E+03   1.8851001E+06   8.9339191E+06   8.9363798E+06   0.0000000E+00   0.0000000E+00   0.0000000E+00   0.0000000E+00   0.0000000E+00
   7.7527105E-04   8.9303061E+06   8.9303061E+06   3.0182498E+06   3.8428325E+03   1.8747281E+06   8.9275077E+06   8.9303061E+06   0.0000000E+00   0.0000000E+00   0.0000000E+00   0.0000000E+00   0.0000000E+00
   8.3311234E-04   8.9234604E+06   8.9234604E+06   2.4868531E+06   3.4636032E+03   1.8657705E+06   8.9202872E+06   8.9234604E+06   0.0000000E+00   0.0000000E+00   0.0000000E+00   0.0000000E+00   0.0000000E+00
   8.9526904E-04   8.9157609E+06   8.9157609E+06   2.0210027E+06   3.0966656E+03   1.8572180E+06   8.9121744E+06   8.9157609E+06   0.0000000E+00   0.0000000E+00   0.0000000E+00   0.0000000E+00   0.0000000E+00
   9.6206312E-04   8.9071194E+06   8.9071194E+06   1.6343140E+06   2.7511334E+03   1.8473945E+06   8.9030799E+06   8.9071194E+06   0.0000000E+00   0.0000000E+00   0.0000000E+00   0.0000000E+00   0.0000000E+00
   1.0338406E-03   8.8974400E+06   8.8974400E+06   1.3340124E+06   2.4353828E+03   1.8340049E+06   8.8929078E+06   8.8974400E+06   0.0000000E+00   0.0000000E+00   0.0000000E+00   0.0000000E+00   0.0000000E+00
   1.1109732E-03   8.8866187E+06   8.8866187E+06   1.1183145E+06   2.1558599E+03   1.8144057E+06   8.8815550E+06   8.8866187E+06   0.0000000E+00   0.0000000E+00   0.0000000E+00   0.0000000E+00   0.0000000E+00
   1.1938605E-03   8.8745417E+06   8.8745417E+06   9.7494370E+05   1.9158572E+03   1.7861668E+06   8.8689100E+06   8.8745417E+06   0.0000000E+00   0.0000000E+00   0.0000000E+00   0.0000000E+00   0.0000000E+00
   1.2829318E-03   8.8610850E+06   8.8610850E+06   8.8190102E+05   1.7145826E+03   1.7479055E+06   8.8548526E+06   8.8610850E+06   0.0000000E+00   0.0000000E+00   0.0000000E+00   0.0000000E+00   0.0000000E+00
   1.3786485E-03   8.8461137E+06   8.8461137E+06   8.1142583E+05   1.5469440E+03   1.7002076E+06   8.8392531E+06   8.8461137E+06   0.0000000E+00   0.0000000E+00   0.0000000E+00   0.0000000E+00   0.0000000E+00
   1.4815065E-03   8.8294828E+06   8.8294828E+06   7.3721750E+05   1.4044467E+03   1.6462193E+06   8.8219728E+06   8.8294828E+06   0.0000000E+00   0.0000000E+00   0.0000000E+00   0.0000000E+00   0.0000000E+00
   1.5920385E-03   8.8110384E+06   8.8110384E+06   6.4329727E+05   1.2773424E+03   1.5913159E+06   8.8028653E+06   8.8110384E+06   0.0000000E+00   0.0000000E+00   0.0000000E+00   0.0000000E+00   0.0000000E+00
   1.7108170E-03   8.7906203E+06   8.7906203E+06   5.3079590E+05   1.1576232E+03   1.5413677E+06   8.7817782E+06   8.7906203E+06   0.0000000E+00   0.0000000E+00   0.0000000E+00   0.0000000E+00   0.0000000E+00
   1.8384574E-03   8.7680650E+06   8.7680650E+06   4.1777464E+05   1.0417510E+03   1.4997902E+06   8.7585551E+06   8.7680650E+06   0.0000000E+00   0.0000000E+00   0.0000000E+00   0.0000000E+00   0.0000000E+00
   1.9756207E-03   8.7432063E+06   8.7432063E+06   3.2900437E+05   9.3155475E+02   1.4648136E+06   8.7330360E+06   8.7432063E+06   0.0000000E+00   0.0000000E+00   0.0000000E+00   0.0000000E+00   0.0000000E+00
   2.1230175E-03   8.7158754E+06   8.7158754E+06   2.7880346E+05   8.3217025E+02   1.4294870E+06   8.7050558E+06   8.7158754E+06   0.0000000E+00   0.0000000E+00   0.0000000E+00   0.0000000E+00   0.0000000E+00
   2.2814112E-03   8.6858971E+06   8.6858971E+06   2.5830004E+05   7.4762802E+02   1.3862296E+06   8.6744402E+06   8.6858971E+06   0.0000000E+00   0.0000000E+00   0.0000000E+00   0.0000000E+00   0.0000000E+00
   2.4516223E-03   8.6530865E+06   8.6530865E+06   2.4087970E+05   6.7702136E+02   1.3338964E+06   8.6410025E+06   8.6530865E+06   0.0000000E+00   0.0000000E+00   0.0000000E+00   0.0000000E+00   0.0000000E+00
   2.6345325E-03   8.6172482E+06   8.6172482E+06   2.0686842E+05   6.1489033E+02   1.2803095E+06   8.6045436E+06   8.6172482E+06   0.0000000E+00   0.0000000E+00   0.0000000E+00   0.0000000E+00   0.0000000E+00
   2.8310893E-03   8.5781786E+06   8.5781786E+06   1.6453698E+05   5.5625626E+02   1.2341528E+06   8.5648557E+06   8.5781786E+06   0.0000000E+00   0.0000000E+00   0.0000000E+00   0.0000000E+00   0.0000000E+00
   3.0423107E-03   8.5356686E+06   8.5356686E+06   1.3769662E+05   5.0113591E+02   1.1927009E+06   8.5217270E+06   8.5356686E+06   0.0000000E+00   0.0000000E+00   0.0000000E+00   0.0000000E+00   0.0000000E+00
   3.2692909E-03   8.4895017E+06   8.4895017E+06   1.2873296E+05   4.5243670E+02   1.1442213E+06   8.4749403E+06   8.4895017E+06   0.0000000E+00   0.0000000E+00   0.0000000E+00   0.0000000E+00   0.0000000E+00
   3.5132056E-03   8.4394494E+06   8.4394494E+06   1.1376069E+05   4.0978569E+02   1.0879408E+06   8.4242690E+06   8.4394494E+06   0.0000000E+00   0.0000000E+00   0.0000000E+00   0.0000000E+00   0.0000000E+00
   3.7753182E-03   8.3852714E+06   8.3852714E+06   8.7488270E+04   3.6961138E+02   1.0376237E+06   8.3694765E+06   8.3852714E+06   0.0000000E+00   0.0000000E+00   0.0000000E+00   0.0000000E+00   0.0000000E+00
   4.0569865E-03   8.3267225E+06   8.3267225E+06   7.3705726E+04   3.3170070E+02   9.9315077E+05   8.3103223E+06   8.3267225E+06   0.0000000E+00   0.0000000E+00   0.0000000E+00   0.0000000E+00   0.0000000E+00
   4.3596695E-03   8.2635552E+06   8.2635552E+06   6.9944998E+04   2.9837851E+02   9.3983238E+05   8.2465652E+06   8.2635552E+06   0.0000000E+00   0.0000000E+00   0.0000000E+00   0.0000000E+00   0.0000000E+00
   4.6849350E-03   8.1955174E+06   8.1955174E+06   5.6085281E+04   2.6803373E+02   8.8650136E+05   8.1779621E+06   8.1955174E+06   0.0000000E+00   0.0000000E+00   0.0000000E+00   0.0000000E+00   0.0000000E+00
   5.0344678E-03   8.1223564E+06   8.1223564E+06   4.8278190E+04   2.3942669E+02   8.4064348E+05   8.1042705E+06   8.1223564E+06   0.0000000E+00   0.0000000E+00   0.0000000E+00   0.0000000E+00   0.0000000E+00
   5.4100785E-03   8.0438169E+06   8.0438169E+06   4.4067739E+04   2.1420889E+02   7.8774589E+05   8.0252397E+06   8.0438169E+06   0.0000000E+00   0.0000000E+00   0.0000000E+00   0.0000000E+00   0.0000000E+00
   5.8137127E-03   7.9596377E+06   7.9596377E+06   3.3452182E+04   1.9101065E+02   7.4156376E+05   7.9406037E+06   7.9596377E+06   0.0000000E+00   0.0000000E+00   0.0000000E+00   0.0000000E+00   0.0000000E+00
   6.2474612E-03   7.8695474E+06   7.8695474E+06   3.1898286E+04   1.7012832E+02   6.9376885E+05   7.8500844E+06   7.8695474E+06   0.0000000E+00   0.0000000E+00   0.0000000E+00   0.0000000E+00   0.0000000E+00
   6.7135707E-03   7.7732677E+06   7.7732677E+06   2.4784850E+04   1.5110474E+02   6.4628387E+05   7.7534121E+06   7.7732677E+06   0.0000000E+00   0.0000000E+00   0.0000000E+00   0.0000000E+00   0.0000000E+00
   7.2144556E-03   7.6705198E+06   7.6705198E+06   2.3443364E+04   1.3372473E+02   6.0066169E+05   7.6503269E+06   7.6705198E+06   0.0000000E+00   0.0000000E+00   0.0000000E+00   0.0000000E+00   0.0000000E+00
   7.7527105E-03   7.5610241E+06   7.5610241E+06   1.7848819E+04   1.1812529E+02   5.5812894E+05   7.5405519E+06   7.5610241E+06   0.0000000E+00   0.0000000E+00   0.0000000E+00   0.0000000E+00   0.0000000E+00
   8.3311234E-03   7.4444948E+06   7.4444948E+06   1.6398061E+04   1.0420931E+02   5.1432217E+05   7.4237904E+06   7.4444948E+06   0.0000000E+00   0.0000000E+00   0.0000000E+00   0.0000000E+00   0.0000000E+00
   8.9526904E-03   7.3206391E+06   7.3206391E+06   1.4076574E+04   9.1501042E+01   4.7534007E+05   7.2997555E+06   7.3206391E+06   0.0000000E+00   0.0000000E+00   0.0000000E+00   0.0000000E+00   0.0000000E+00
   9.6206312E-03   7.1891618E+06   7.1891618E+06   1.0962458E+04   8.0193218E+01   4.3608715E+05   7.1681616E+06   7.1891618E+06   0.0000000E+00   0.0000000E+00   0.0000000E+00   0.0000000E+00   0.0000000E+00
   1.0338406E-02   7.0497649E+06   7.0497649E+06   9.6708301E+03   7.0101916E+01   3.9812911E+05   7.0287089E+06   7.0497649E+06   0.0000000E+00   0.0000000E+00   0.0000000E+00   0.0000000E+00   0.0000000E+00
   1.1109732E-02   6.9021531E+06   6.9021531E+06   8.6147660E+03   6.1068583E+01   3.6305584E+05   6.8811024E+06   6.9021531E+06   0.0000000E+00   0.0000000E+00   0.0000000E+00   0.0000000E+00   0.0000000E+00
   1.1938605E-02   6.7460379E+06   6.7460379E+06   7.3495148E+03   5.3004560E+01   3.3060464E+05   6.7250591E+06   6.7460379E+06   0.0000000E+00   0.0000000E+00   0.0000000E+00   0.0000000E+00   0.0000000E+00
   1.2829318E-02   6.5811458E+06   6.5811458E+06   6.1943459E+03   4.5885352E+01   2.9963204E+05   6.5603058E+06   6.5811458E+06   0.0000000E+00   0.0000000E+00   0.0000000E+00   0.0000000E+00   0.0000000E+00
   1.3786485E-02   6.4072302E+06   6.4072302E+06   5.2019065E+03   3.9572423E+01   2.7029527E+05   6.3865932E+06   6.4072302E+06   0.0000000E+00   0.0000000E+00   0.0000000E+00   0.0000000E+00   0.0000000E+00
   1.4815065E-02   6.2240865E+06   6.2240865E+06   4.3764524E+03   3.4021405E+01   2.4273876E+05   6.2037233E+06   6.2240865E+06   0.0000000E+00   0.0000000E+00   0.0000000E+00   0.0000000E+00   0.0000000E+00
   1.5920385E-02   6.0315780E+06   6.0315780E+06   3.5489979E+03   2.9132342E+01   2.1710169E+05   6.0115544E+06   6.0315780E+06   0.0000000E+00   0.0000000E+00   0.0000000E+00   0.0000000E+00   0.0000000E+00
   1.7108170E-02   5.8296623E+06   5.8296623E+06   2.8049088E+03   2.4849005E+01   1.9401949E+05   5.8100466E+06   5.8296623E+06   0.0000000E+00   0.0000000E+00   0.0000000E+00   0.0000000E+00   0.0000000E+00
   1.8384574E-02   5.6184311E+06   5.6184311E+06   2.5009919E+03   2.1107091E+01   1.7265546E+05   5.5992890E+06   5.6184311E+06   0.0000000E+00   0.0000000E+00   0.0000000E+00   0.0000000E+00   0.0000000E+00
   1.9756206E-02   5.3981573E+06   5.3981573E+06   2.0091831E+03   1.7861589E+01   1.5227979E+05   5.3795536E+06   5.3981573E+06   0.0000000E+00   0.0000000E+00   0.0000000E+00   0.0000000E+00   0.0000000E+00
   2.1230171E-02   5.1693506E+06   5.1693506E+06   1.7312018E+03   1.5040072E+01   1.3458169E+05   5.1513464E+06   5.1693506E+06   0.0000000E+00   0.0000000E+00   0.0000000E+00   0.0000000E+00   0.0000000E+00
   2.2814090E-02   4.9328232E+06   4.9328232E+06   1.3423877E+03   1.2609784E+01   1.1801049E+05   4.9154752E+06   4.9328232E+06   0.0000000E+00   0.0000000E+00   0.0000000E+00   0.0000000E+00   0.0000000E+00
   2.4516110E-02   4.6897622E+06   4.6897622E+06   1.1134176E+03   1.0524282E+01   1.0288308E+05   4.6731215E+06   4.6897622E+06   0.0000000E+00   0.0000000E+00   0.0000000E+00   0.0000000E+00   0.0000000E+00
   2.6344816E-02   4.4418112E+06   4.4418112E+06   9.2321499E+02   8.7414853E+00   8.9483327E+04   4.4259218E+06   4.4418112E+06   0.0000000E+00   0.0000000E+00   0.0000000E+00   0.0000000E+00   0.0000000E+00
   2.8308888E-02   4.1911657E+06   4.1911657E+06   7.4379950E+02   7.2266436E+00   7.7593852E+04   4.1760613E+06   4.1911657E+06   0.0000000E+00   0.0000000E+00   0.0000000E+00   0.0000000E+00   0.0000000E+00
   3.0416155E-02   3.9406878E+06   3.9406878E+06   6.1015329E+02   5.9486217E+00   6.7164795E+04   3.9263898E+06   3.9406878E+06   0.0000000E+00   0.0000000E+00   0.0000000E+00   0.0000000E+00   0.0000000E+00
   3.2671503E-02   3.6940289E+06   3.6940289E+06   5.2225795E+02   4.8807328E+00   5.7773219E+04   3.6805435E+06   3.6940289E+06   0.0000000E+00   0.0000000E+00   0.0000000E+00   0.0000000E+00   0.0000000E+00
   3.5073213E-02   3.4556854E+06   3.4556854E+06   3.9935487E+02   3.9969626E+00   4.9789448E+04   3.4430002E+06   3.4556854E+06   0.0000000E+00   0.0000000E+00   0.0000000E+00   0.0000000E+00   0.0000000E+00
   3.7608242E-02   3.2307973E+06   3.2307973E+06   3.3197839E+02   3.2755947E+00   4.2820198E+04   3.2188791E+06   3.2307973E+06   0.0000000E+00   0.0000000E+00   0.0000000E+00   0.0000000E+00   0.0000000E+00
   4.0249122E-02   3.0244507E+06   3.0244507E+06   2.8038870E+02   2.6951236E+00   3.7108865E+04   3.0132449E+06   3.0244507E+06   0.0000000E+00   0.0000000E+00   0.0000000E+00   0.0000000E+00   0.0000000E+00
   4.2956677E-02   2.8404954E+06   2.8404954E+06   2.3139610E+02   2.2346298E+00   3.2419215E+04   2.8299312E+06   2.8404954E+06   0.0000000E+00   0.0000000E+00   0.0000000E+00   0.0000000E+00   0.0000000E+00
   4.5689785E-02   2.6804520E+06   2.6804520E+06   1.9047338E+02   1.8725188E+00   2.8584186E+04   2.6704501E+06   2.6804520E+06   0.0000000E+00   0.0000000E+00   0.0000000E+00   0.0000000E+00   0.0000000E+00
   4.8416602E-02   2.5432667E+06   2.5432667E+06   1.5772345E+02   1.5880376E+00   2.5456936E+04   2.5337498E+06   2.5432667E+06   0.0000000E+00   0.0000000E+00   0.0000000E+00   0.0000000E+00   0.0000000E+00
   5.1119986E-02   2.4260122E+06   2.4260122E+06   1.3246241E+02   1.3627938E+00   2.2894487E+04   2.4169119E+06   2.4260122E+06   0.0000000E+00   0.0000000E+00   0.0000000E+00   0.0000000E+00   0.0000000E+00
   5.3795946E-02   2.3249127E+06   2.3249127E+06   1.1428517E+02   1.1820843E+00   2.0771547E+04   2.3161730E+06   2.3249127E+06   0.0000000E+00   0.0000000E+00   0.0000000E+00   0.0000000E+00   0.0000000E+00
   5.6449025E-02   2.2361297E+06   2.2361297E+06   1.0145131E+02   1.0346531E+00   1.8997613E+04   2.2277082E+06   2.2361297E+06   0.0000000E+00   0.0000000E+00   0.0000000E+00   0.0000000E+00   0.0000000E+00
   5.9088052E-02   2.1561768E+06   2.1561768E+06   9.1147487E+01   9.1208592E-01   1.7498281E+04   2.1480431E+06   2.1561768E+06   0.0000000E+00   0.0000000E+00   0.0000000E+00   0.0000000E+00   0.0000000E+00
   6.1723392E-02   2.0820751E+06   2.0820751E+06   8.1464192E+01   8.0840663E-01   1.6203667E+04   2.0742095E+06   2.0820751E+06   0.0000000E+00   0.0000000E+00   0.0000000E+00   0.0000000E+00   0.0000000E+00
   6.4365492E-02   2.0113856E+06   2.0113856E+06   7.1421593E+01   7.1923485E-01   1.5054299E+04   2.0037770E+06   2.0113856E+06   0.0000000E+00   0.0000000E+00   0.0000000E+00   0.0000000E+00   0.0000000E+00
   6.7024241E-02   1.9421966E+06   1.9421966E+06   6.1758654E+01   6.4147547E-01   1.3994480E+04   1.9348410E+06   1.9421966E+06   0.0000000E+00   0.0000000E+00   0.0000000E+00   0.0000000E+00   0.0000000E+00
   6.9708758E-02   1.8731048E+06   1.8731048E+06   5.4367156E+01   5.7287418E-01   1.3003216E+04   1.8660031E+06   1.8731048E+06   0.0000000E+00   0.0000000E+00   0.0000000E+00   0.0000000E+00   0.0000000E+00
   7.2427386E-02   1.8031970E+06   1.8031970E+06   4.9054835E+01   5.1175321E-01   1.2084432E+04   1.7963536E+06   1.8031970E+06   0.0000000E+00   0.0000000E+00   0.0000000E+00   0.0000000E+00   0.0000000E+00
   7.5187770E-02   1.7320335E+06   1.7320335E+06   4.4438115E+01   4.5695930E-01   1.1232400E+04   1.7254542E+06   1.7320335E+06   0.0000000E+00   0.0000000E+00   0.0000000E+00   0.0000000E+00   0.0000000E+00
   7.7996968E-02   1.6596255E+06   1.6596255E+06   3.9839512E+01   4.0766868E-01   1.0435188E+04   1.6533159E+06   1.6596255E+06   0.0000000E+00   0.0000000E+00   0.0000000E+00   0.0000000E+00   0.0000000E+00
   8.0861553E-02   1.5863992E+06   1.5863992E+06   3.5223443E+01   3.6329379E-01   9.6847229E+03   1.5803633E+06   1.5863992E+06   0.0000000E+00   0.0000000E+00   0.0000000E+00   0.0000000E+00   0.0000000E+00
   8.3787715E-02   1.5131419E+06   1.5131419E+06   3.0751842E+01   3.2339647E-01   8.9829276E+03   1.5073805E+06   1.5131419E+06   0.0000000E+00   0.0000000E+00   0.0000000E+00   0.0000000E+00   0.0000000E+00
   8.6781342E-02   1.4409226E+06   1.4409226E+06   2.7040114E+01   2.8765620E-01   8.3374023E+03   1.4354325E+06   1.4409226E+06   0.0000000E+00   0.0000000E+00   0.0000000E+00   0.0000000E+00   0.0000000E+00
   8.9848092E-02   1.3709874E+06   1.3709874E+06   2.4877982E+01   2.5582684E-01   7.7363884E+03   1.3657605E+06   1.3709874E+06   0.0000000E+00   0.0000000E+00   0.0000000E+00   0.0000000E+00   0.0000000E+00
   9.2993450E-02   1.3046299E+06   1.3046299E+06   2.2302924E+01   2.2765304E-01   7.1625952E+03   1.2996530E+06   1.3046299E+06   0.0000000E+00   0.0000000E+00   0.0000000E+00   0.0000000E+00   0.0000000E+00
   9.6222779E-02   1.2430433E+06   1.2430433E+06   1.9138446E+01   2.0288773E-01   6.6746937E+03   1.2382988E+06   1.2430433E+06   0.0000000E+00   0.0000000E+00   0.0000000E+00   0.0000000E+00   0.0000000E+00
   9.9541358E-02   1.1871660E+06   1.1871660E+06   1.7644326E+01   1.8126506E-01   6.2174296E+03   1.1826324E+06   1.1871660E+06   0.0000000E+00   0.0000000E+00   0.0000000E+00   0.0000000E+00   0.0000000E+00
   1.0295441E-01   1.1375368E+06   1.1375368E+06   1.5759437E+01   1.6247598E-01   5.8393859E+03   1.1331906E+06   1.1375368E+06   0.0000000E+00   0.0000000E+00   0.0000000E+00   0.0000000E+00   0.0000000E+00
   1.0646714E-01   1.0941808E+06   1.0941808E+06   1.3665559E+01   1.4618224E-01   5.4936954E+03   1.0899983E+06   1.0941808E+06   0.0000000E+00   0.0000000E+00   0.0000000E+00   0.0000000E+00   0.0000000E+00
   1.1008474E-01   1.0565480E+06   1.0565480E+06   1.2435699E+01   1.3202411E-01   5.1906101E+03   1.0525076E+06   1.0565480E+06   0.0000000E+00   0.0000000E+00   0.0000000E+00   0.0000000E+00   0.0000000E+00
   1.1381241E-01   1.0235260E+06   1.0235260E+06   1.1356924E+01   1.1961893E-01   4.9296187E+03   1.0196103E+06   1.0235260E+06   0.0000000E+00   0.0000000E+00   0.0000000E+00   0.0000000E+00   0.0000000E+00
   1.1765538E-01   9.9354140E+05   9.9354140E+05   1.0231632E+01   1.0860708E-01   4.6972933E+03   9.8973897E+05   9.9354140E+05   0.0000000E+00   0.0000000E+00   0.0000000E+00   0.0000000E+00   0.0000000E+00
   1.2161893E-01   9.6475132E+05   9.6475132E+05   9.3146907E+00   9.8662160E-02   4.4845081E+03   9.6105775E+05   9.6475132E+05   0.0000000E+00   0.0000000E+00   0.0000000E+00   0.0000000E+00   0.0000000E+00
   1.2570836E-01   9.3531237E+05   9.3531237E+05   8.7857669E+00   8.9518096E-02   4.2708567E+03   9.3173028E+05   9.3531237E+05   0.0000000E+00   0.0000000E+00   0.0000000E+00   0.0000000E+00   0.0000000E+00
   1.2992904E-01   9.0369140E+05   9.0369140E+05   7.6162751E+00   8.0981288E-02   4.0554374E+03   9.0022931E+05   9.0369140E+05   0.0000000E+00   0.0000000E+00   0.0000000E+00   0.0000000E+00   0.0000000E+00
   1.3428638E-01   8.6896509E+05   8.6896509E+05   7.1307695E+00   7.2943311E-02   3.8366974E+03   8.6563503E+05   8.6896509E+05   0.0000000E+00   0.0000000E+00   0.0000000E+00   0.0000000E+00   0.0000000E+00
   1.3878586E-01   8.3104148E+05   8.3104148E+05   6.3737166E+00   6.5375622E-02   3.6168300E+03   8.2785585E+05   8.3104148E+05   0.0000000E+00   0.0000000E+00   0.0000000E+00   0.0000000E+00   0.0000000E+00
   1.4343305E-01   7.9073634E+05   7.9073634E+05   5.6597560E+00   5.8316846E-02   3.3915957E+03   7.8770439E+05   7.9073634E+05   0.0000000E+00   0.0000000E+00   0.0000000E+00   0.0000000E+00   0.0000000E+00
   1.4823355E-01   7.4965484E+05   7.4965484E+05   5.0566151E+00   5.1841237E-02   3.1690464E+03   7.4677969E+05   7.4965484E+05   0.0000000E+00   0.0000000E+00   0.0000000E+00   0.0000000E+00   0.0000000E+00
   1.5319308E-01   7.0986747E+05   7.0986747E+05   4.4136288E+00   4.6027771E-02   2.9576790E+03   7.0714427E+05   7.0986747E+05   0.0000000E+00   0.0000000E+00   0.0000000E+00   0.0000000E+00   0.0000000E+00
   1.5831741E-01   6.7342360E+05   6.7342360E+05   3.8624500E+00   4.0926907E-02   2.7735773E+03   6.7083962E+05   6.7342360E+05   0.0000000E+00   0.0000000E+00   0.0000000E+00   0.0000000E+00   0.0000000E+00
   1.6361243E-01   6.4180684E+05   6.4180684E+05   3.4718623E+00   3.6540176E-02   2.6076610E+03   6.3934365E+05   6.4180684E+05   0.0000000E+00   0.0000000E+00   0.0000000E+00   0.0000000E+00   0.0000000E+00
   1.6908413E-01   6.1548205E+05   6.1548205E+05   3.1764639E+00   3.2807832E-02   2.4721257E+03   6.1311942E+05   6.1548205E+05   0.0000000E+00   0.0000000E+00   0.0000000E+00   0.0000000E+00   0.0000000E+00
   1.7473860E-01   5.9369329E+05   5.9369329E+05   2.8562950E+00   2.9614190E-02   2.3579451E+03   5.9141387E+05   5.9369329E+05   0.0000000E+00   0.0000000E+00   0.0000000E+00   0.0000000E+00   0.0000000E+00
   1.8058207E-01   5.7462602E+05   5.7462602E+05   2.5322206E+00   2.6818092E-02   2.2581563E+03   5.7241941E+05   5.7462602E+05   0.0000000E+00   0.0000000E+00   0.0000000E+00   0.0000000E+00   0.0000000E+00
   1.8662093E-01   5.5594251E+05   5.5594251E+05   2.3308117E+00   2.4279938E-02   2.1644319E+03   5.5380730E+05   5.5594251E+05   0.0000000E+00   0.0000000E+00   0.0000000E+00   0.0000000E+00   0.0000000E+00
   1.9286173E-01   5.3555893E+05   5.3555893E+05   2.0642257E+00   2.1897932E-02   2.0635420E+03   5.3350167E+05   5.3555893E+05   0.0000000E+00   0.0000000E+00   0.0000000E+00   0.0000000E+00   0.0000000E+00
   1.9931123E-01   5.1240406E+05   5.1240406E+05   1.8694869E+00   1.9626267E-02   1.9557324E+03   5.1043546E+05   5.1240406E+05   0.0000000E+00   0.0000000E+00   0.0000000E+00   0.0000000E+00   0.0000000E+00
   2.0597642E-01   4.8684840E+05   4.8684840E+05   1.6529991E+00   1.7476839E-02   1.8421182E+03   4.8497772E+05   4.8684840E+05   0.0000000E+00   0.0000000E+00   0.0000000E+00   0.0000000E+00   0.0000000E+00
   2.1286456E-01   4.6056972E+05   4.6056972E+05   1.4703050E+00   1.5498630E-02   1.7294827E+03   4.5879977E+05   4.6056972E+05   0.0000000E+00   0.0000000E+00   0.0000000E+00   0.0000000E+00   0.0000000E+00
   2.1998321E-01   4.3583478E+05   4.3583478E+05   1.3025940E+00   1.3745356E-02   1.6226264E+03   4.3415969E+05   4.3583478E+05   0.0000000E+00   0.0000000E+00   0.0000000E+00   0.0000000E+00   0.0000000E+00
   2.2734032E-01   4.1445914E+05   4.1445914E+05   1.1729085E+00   1.2243606E-02   1.5315744E+03   4.1286602E+05   4.1445914E+05   0.0000000E+00   0.0000000E+00   0.0000000E+00   0.0000000E+00   0.0000000E+00
   2.3494425E-01   3.9692382E+05   3.9692382E+05   1.0471000E+00   1.0976181E-02   1.4563358E+03   3.9539793E+05   3.9692382E+05   0.0000000E+00   0.0000000E+00   0.0000000E+00   0.0000000E+00   0.0000000E+00
   2.4280384E-01   3.8213276E+05   3.8213276E+05   9.3219792E-01   9.8879650E-03   1.3931681E+03   3.8066358E+05   3.8213276E+05   0.0000000E+00   0.0000000E+00   0.0000000E+00   0.0000000E+00   0.0000000E+00
   2.5092851E-01   3.6801628E+05   3.6801628E+05   8.5053636E-01   8.9114806E-03   1.3327075E+03   3.6660123E+05   3.6801628E+05   0.0000000E+00   0.0000000E+00   0.0000000E+00   0.0000000E+00   0.0000000E+00
   2.5932833E-01   3.5271411E+05   3.5271411E+05   7.6337300E-01   7.9963928E-03   1.2696630E+03   3.5135777E+05   3.5271411E+05   0.0000000E+00   0.0000000E+00   0.0000000E+00   0.0000000E+00   0.0000000E+00
   2.6801412E-01   3.3566432E+05   3.3566432E+05   6.7379874E-01   7.1283528E-03   1.2014440E+03   3.3437344E+05   3.3566432E+05   0.0000000E+00   0.0000000E+00   0.0000000E+00   0.0000000E+00   0.0000000E+00
   2.7699758E-01   3.1788469E+05   3.1788469E+05   6.0554575E-01   6.3249675E-03   1.1318008E+03   3.1666208E+05   3.1788469E+05   0.0000000E+00   0.0000000E+00   0.0000000E+00   0.0000000E+00   0.0000000E+00
   2.8629141E-01   3.0119399E+05   3.0119399E+05   5.3548113E-01   5.6134454E-03   1.0669947E+03   3.0003549E+05   3.0119399E+05   0.0000000E+00   0.0000000E+00   0.0000000E+00   0.0000000E+00   0.0000000E+00
   2.9590947E-01   2.8686419E+05   2.8686419E+05   4.7730480E-01   5.0047477E-03   1.0111105E+03   2.8576073E+05   2.8686419E+05   0.0000000E+00   0.0000000E+00   0.0000000E+00   0.0000000E+00   0.0000000E+00
   3.0586696E-01   2.7469405E+05   2.7469405E+05   4.2596470E-01   4.4838061E-03   9.6395802E+02   2.7363732E+05   2.7469405E+05   0.0000000E+00   0.0000000E+00   0.0000000E+00   0.0000000E+00   0.0000000E+00
   3.1618064E-01   2.6326566E+05   2.6326566E+05   3.8145152E-01   4.0201707E-03   9.1983437E+02   2.6225284E+05   2.6326566E+05   0.0000000E+00   0.0000000E+00   0.0000000E+00   0.0000000E+00   0.0000000E+00
   3.2686904E-01   2.5121216E+05   2.5121216E+05   3.4268734E-01   3.5895924E-03   8.7397796E+02   2.5024565E+05   2.5121216E+05   0.0000000E+00   0.0000000E+00   0.0000000E+00   0.0000000E+00   0.0000000E+00
   3.3795280E-01   2.3839446E+05   2.3839446E+05   3.0375053E-01   3.1880790E-03   8.2622867E+02   2.3747722E+05   2.3839446E+05   0.0000000E+00   0.0000000E+00   0.0000000E+00   0.0000000E+00   0.0000000E+00
   3.4945499E-01   2.2587635E+05   2.2587635E+05   2.6911910E-01   2.8263599E-03   7.7986751E+02   2.2500722E+05   2.2587635E+05   0.0000000E+00   0.0000000E+00   0.0000000E+00   0.0000000E+00   0.0000000E+00
   3.6140151E-01   2.1471122E+05   2.1471122E+05   2.3889212E-01   2.5121277E-03   7.3893793E+02   2.1388501E+05   2.1471122E+05   0.0000000E+00   0.0000000E+00   0.0000000E+00   0.0000000E+00   0.0000000E+00
   3.7382163E-01   2.0482027E+05   2.0482027E+05   2.1313523E-01   2.2392412E-03   7.0241902E+02   2.0403208E+05   2.0482027E+05   0.0000000E+00   0.0000000E+00   0.0000000E+00   0.0000000E+00   0.0000000E+00
   3.8674858E-01   1.9521382E+05   1.9521382E+05   1.8965393E-01   1.9937839E-03   6.6747202E+02   1.9446257E+05   1.9521382E+05   0.0000000E+00   0.0000000E+00   0.0000000E+00   0.0000000E+00   0.0000000E+00
   4.0022030E-01   1.8526596E+05   1.8526596E+05   1.6805299E-01   1.7672542E-03   6.3150064E+02   1.8455296E+05   1.8526596E+05   0.0000000E+00   0.0000000E+00   0.0000000E+00   0.0000000E+00   0.0000000E+00
   4.1428036E-01   1.7540888E+05   1.7540888E+05   1.4842027E-01   1.5620709E-03   5.9628316E+02   1.7473379E+05   1.7540888E+05   0.0000000E+00   0.0000000E+00   0.0000000E+00   0.0000000E+00   0.0000000E+00
   4.2897913E-01   1.6634624E+05   1.6634624E+05   1.3124490E-01   1.3816033E-03   5.6397064E+02   1.6570600E+05   1.6634624E+05   0.0000000E+00   0.0000000E+00   0.0000000E+00   0.0000000E+00   0.0000000E+00
   4.4437520E-01   1.5798203E+05   1.5798203E+05   1.1614697E-01   1.2226991E-03   5.3424395E+02   1.5737396E+05   1.5798203E+05   0.0000000E+00   0.0000000E+00   0.0000000E+00   0.0000000E+00   0.0000000E+00
   4.6053720E-01   1.4969957E+05   1.4969957E+05   1.0234587E-01   1.0787610E-03   5.0500480E+02   1.4912337E+05   1.4969957E+05   0.0000000E+00   0.0000000E+00   0.0000000E+00   0.0000000E+00   0.0000000E+00
   4.7754613E-01   1.4142964E+05   1.4142964E+05   8.9926173E-02   9.4800308E-04   4.7605207E+02   1.4088525E+05   1.4142964E+05   0.0000000E+00   0.0000000E+00   0.0000000E+00   0.0000000E+00   0.0000000E+00
   4.9549833E-01   1.3360054E+05   1.3360054E+05   7.8949434E-02   8.3188546E-04   4.4871678E+02   1.3308626E+05   1.3360054E+05   0.0000000E+00   0.0000000E+00   0.0000000E+00   0.0000000E+00   0.0000000E+00
   5.1450925E-01   1.2619508E+05   1.2619508E+05   6.9201114E-02   7.2874286E-04   4.2296677E+02   1.2570930E+05   1.2619508E+05   0.0000000E+00   0.0000000E+00   0.0000000E+00   0.0000000E+00   0.0000000E+00
   5.3471840E-01   1.1887584E+05   1.1887584E+05   6.0312268E-02   6.3562640E-04   3.9765342E+02   1.1841822E+05   1.1887584E+05   0.0000000E+00   0.0000000E+00   0.0000000E+00   0.0000000E+00   0.0000000E+00
   5.5629566E-01   1.1173774E+05   1.1173774E+05   5.2379421E-02   5.5206952E-04   3.7308222E+02   1.1130758E+05   1.1173774E+05   0.0000000E+00   0.0000000E+00   0.0000000E+00   0.0000000E+00   0.0000000E+00
   5.7944938E-01   1.0490448E+05   1.0490448E+05   4.5340196E-02   4.7771974E-04   3.4963497E+02   1.0450063E+05   1.0490448E+05   0.0000000E+00   0.0000000E+00   0.0000000E+00   0.0000000E+00   0.0000000E+00
   6.0443667E-01   9.8191362E+04   9.8191362E+04   3.8996098E-02   4.1096082E-04   3.2670038E+02   9.7813341E+04   9.8191362E+04   0.0000000E+00   0.0000000E+00   0.0000000E+00   0.0000000E+00   0.0000000E+00
   6.3157591E-01   9.1637411E+04   9.1637411E+04   3.3330395E-02   3.5128607E-04   3.0440983E+02   9.1284614E+04   9.1637411E+04   0.0000000E+00   0.0000000E+00   0.0000000E+00   0.0000000E+00   0.0000000E+00
   6.6126113E-01   8.5249906E+04   8.5249906E+04   2.8286731E-02   2.9813707E-04   2.8273058E+02   8.4921693E+04   8.5249906E+04   0.0000000E+00   0.0000000E+00   0.0000000E+00   0.0000000E+00   0.0000000E+00
   6.9397640E-01   7.8969438E+04   7.8969438E+04   2.3790736E-02   2.5075580E-04   2.6150326E+02   7.8665398E+04   7.8969438E+04   0.0000000E+00   0.0000000E+00   0.0000000E+00   0.0000000E+00   0.0000000E+00
   7.3030521E-01   7.2824312E+04   7.2824312E+04   1.9810525E-02   2.0882041E-04   2.4080489E+02   7.2543927E+04   7.2824312E+04   0.0000000E+00   0.0000000E+00   0.0000000E+00   0.0000000E+00   0.0000000E+00
   7.7092510E-01   6.6796560E+04   6.6796560E+04   1.6305910E-02   1.7188916E-04   2.2056362E+02   6.6539377E+04   6.6796560E+04   0.0000000E+00   0.0000000E+00   0.0000000E+00   0.0000000E+00   0.0000000E+00
   8.1657199E-01   6.0913574E+04   6.0913574E+04   1.3253501E-02   1.3972480E-04   2.0086539E+02   6.0679037E+04   6.0913574E+04   0.0000000E+00   0.0000000E+00   0.0000000E+00   0.0000000E+00   0.0000000E+00
   8.6795911E-01   5.5213744E+04   5.5213744E+04   1.0632681E-02   1.1209821E-04   1.8184874E+02   5.5001150E+04   5.5213744E+04   0.0000000E+00   0.0000000E+00   0.0000000E+00   0.0000000E+00   0.0000000E+00
   9.2565690E-01   4.9756225E+04   4.9756225E+04   8.4243018E-03   8.8821563E-05   1.6367862E+02   4.9564641E+04   4.9756225E+04   0.0000000E+00   0.0000000E+00   0.0000000E+00   0.0000000E+00   0.0000000E+00
   9.8998684E-01   4.4611033E+04   4.4611033E+04   6.6032219E-03   6.9628569E-05   1.4658710E+02   4.4439258E+04   4.4611033E+04   0.0000000E+00   0.0000000E+00   0.0000000E+00   0.0000000E+00   0.0000000E+00
   1.0610140E+00   3.9840529E+04   3.9840529E+04   5.1360059E-03   5.4137506E-05   1.3078606E+02   3.9687121E+04   3.9840529E+04   0.0000000E+00   0.0000000E+00   0.0000000E+00   0.0000000E+00   0.0000000E+00
   1.1386683E+00   3.5483567E+04   3.5483567E+04   3.9706539E-03   4.1866730E-05   1.1638350E+02   3.5346934E+04   3.5483567E+04   0.0000000E+00   0.0000000E+00   0.0000000E+00   0.0000000E+00   0.0000000E+00
   1.2229137E+00   3.1548215E+04   3.1548215E+04   3.0603054E-03   3.2272848E-05   1.0339462E+02   3.1426734E+04   3.1548215E+04   0.0000000E+00   0.0000000E+00   0.0000000E+00   0.0000000E+00   0.0000000E+00
   1.3138580E+00   2.8018345E+04   2.8018345E+04   2.3545510E-03   2.4832499E-05   9.1765240E+01   2.7910455E+04   2.8018345E+04   0.0000000E+00   0.0000000E+00   0.0000000E+00   0.0000000E+00   0.0000000E+00
   1.4117739E+00   2.4865121E+04   2.4865121E+04   1.8097177E-03   1.9087882E-05   8.1390343E+01   2.4769372E+04   2.4865121E+04   0.0000000E+00   0.0000000E+00   0.0000000E+00   0.0000000E+00   0.0000000E+00
   1.5170685E+00   2.2053998E+04   2.2053998E+04   1.3900130E-03   1.4662461E-05   7.2150641E+01   2.1969074E+04   2.2053998E+04   0.0000000E+00   0.0000000E+00   0.0000000E+00   0.0000000E+00   0.0000000E+00
   1.6302439E+00   1.9551045E+04   1.9551045E+04   1.0670865E-03   1.1256875E-05   6.3934043E+01   1.9475759E+04   1.9551045E+04   0.0000000E+00   0.0000000E+00   0.0000000E+00   0.0000000E+00   0.0000000E+00
   1.7518705E+00   1.7324096E+04   1.7324096E+04   8.1879576E-04   8.6382962E-06   5.6630644E+01   1.7257385E+04   1.7324096E+04   0.0000000E+00   0.0000000E+00   0.0000000E+00   0.0000000E+00   0.0000000E+00
   1.8825733E+00   1.5344080E+04   1.5344080E+04   6.2799327E-04   6.6260720E-06   5.0141097E+01   1.5284993E+04   1.5344080E+04   0.0000000E+00   0.0000000E+00   0.0000000E+00   0.0000000E+00   0.0000000E+00
   2.0230279E+00   1.3584539E+04   1.3584539E+04   4.8120440E-04   5.0804181E-06   4.4378012E+01   1.3532227E+04   1.3584539E+04   0.0000000E+00   0.0000000E+00   0.0000000E+00   0.0000000E+00   0.0000000E+00
   2.1739616E+00   1.2021822E+04   1.2021822E+04   3.6902390E-04   3.8937144E-06   3.9263454E+01   1.1975528E+04   1.2021822E+04   0.0000000E+00   0.0000000E+00   0.0000000E+00   0.0000000E+00   0.0000000E+00
   2.3361562E+00   1.0634625E+04   1.0634625E+04   2.8268439E-04   2.9830774E-06   3.4725395E+01   1.0593672E+04   1.0634625E+04   0.0000000E+00   0.0000000E+00   0.0000000E+00   0.0000000E+00   0.0000000E+00
   2.5104517E+00   9.4038447E+03   9.4038447E+03   2.1645033E-04   2.2845697E-06   3.0700948E+01   9.3676320E+03   9.4038447E+03   0.0000000E+00   0.0000000E+00   0.0000000E+00   0.0000000E+00   0.0000000E+00
   2.6977510E+00   8.3123831E+03   8.3123831E+03   1.6567792E-04   1.7490018E-06   2.7133022E+01   8.2803733E+03   8.3123831E+03   0.0000000E+00   0.0000000E+00   0.0000000E+00   0.0000000E+00   0.0000000E+00
   2.8990244E+00   7.3449263E+03   7.3449263E+03   1.2677036E-04   1.3385201E-06   2.3971710E+01   7.3166420E+03   7.3449263E+03   0.0000000E+00   0.0000000E+00   0.0000000E+00   0.0000000E+00   0.0000000E+00
   3.1153143E+00   6.4877752E+03   6.4877752E+03   9.6960124E-05   1.0240419E-06   2.1171361E+01   6.4627917E+03   6.4877752E+03   0.0000000E+00   0.0000000E+00   0.0000000E+00   0.0000000E+00   0.0000000E+00
   3.3477411E+00   5.7286877E+03   5.7286877E+03   7.4149755E-05   7.8320568E-07   1.8692353E+01   5.7066272E+03   5.7286877E+03   0.0000000E+00   0.0000000E+00   0.0000000E+00   0.0000000E+00   0.0000000E+00
   3.5975088E+00   5.0567310E+03   5.0567310E+03   5.6675307E-05   5.9882940E-07   1.6498278E+01   5.0372581E+03   5.0567310E+03   0.0000000E+00   0.0000000E+00   0.0000000E+00   0.0000000E+00   0.0000000E+00
   3.8659112E+00   4.4621495E+03   4.4621495E+03   4.3307524E-05   4.5772695E-07   1.4557128E+01   4.4449663E+03   4.4621495E+03   0.0000000E+00   0.0000000E+00   0.0000000E+00   0.0000000E+00   0.0000000E+00
   4.1543384E+00   3.9362436E+03   3.9362436E+03   3.3067124E-05   3.4977875E-07   1.2840554E+01   3.9210856E+03   3.9362436E+03   0.0000000E+00   0.0000000E+00   0.0000000E+00   0.0000000E+00   0.0000000E+00
   4.4642846E+00   3.4712613E+03   3.4712613E+03   2.5266217E-05   2.6722021E-07   1.1323076E+01   3.4578938E+03   3.4712613E+03   0.0000000E+00   0.0000000E+00   0.0000000E+00   0.0000000E+00   0.0000000E+00
   4.7973551E+00   3.0602990E+03   3.0602990E+03   1.9288580E-05   2.0410082E-07   9.9820209E+00   3.0485141E+03   3.0602990E+03   0.0000000E+00   0.0000000E+00   0.0000000E+00   0.0000000E+00   0.0000000E+00
   5.1552754E+00   2.6972129E+03   2.6972129E+03   1.4721244E-05   1.5585577E-07   8.7972933E+00   2.6868262E+03   2.6972129E+03   0.0000000E+00   0.0000000E+00   0.0000000E+00   0.0000000E+00   0.0000000E+00
   5.5398993E+00   2.3765386E+03   2.3765386E+03   1.1233015E-05   1.1899227E-07   7.7509707E+00   2.3673868E+03   2.3765386E+03   0.0000000E+00   0.0000000E+00   0.0000000E+00   0.0000000E+00   0.0000000E+00
   5.9532191E+00   2.0934186E+03   2.0934186E+03   8.5677351E-06   9.0830886E-08   6.8273842E+00   2.0853571E+03   2.0934186E+03   0.0000000E+00   0.0000000E+00   0.0000000E+00   0.0000000E+00   0.0000000E+00
   6.3973759E+00   1.8435380E+03   1.8435380E+03   6.5382749E-06   6.9323522E-08   6.0122353E+00   1.8364387E+03   1.8435380E+03   0.0000000E+00   0.0000000E+00   0.0000000E+00   0.0000000E+00   0.0000000E+00
   6.8746702E+00   1.6230651E+03   1.6230651E+03   4.9817747E-06   5.2901741E-08   5.2930748E+00   1.6168148E+03   1.6230651E+03   0.0000000E+00   0.0000000E+00   0.0000000E+00   0.0000000E+00   0.0000000E+00
   7.3875744E+00   1.4285998E+03   1.4285998E+03   3.7970209E-06   4.0365763E-08   4.6587726E+00   1.4230984E+03   1.4285998E+03   0.0000000E+00   0.0000000E+00   0.0000000E+00   0.0000000E+00   0.0000000E+00
   7.9387453E+00   1.2571262E+03   1.2571262E+03   2.8934037E-06   3.0797818E-08   4.0994989E+00   1.2522851E+03   1.2571262E+03   0.0000000E+00   0.0000000E+00   0.0000000E+00   0.0000000E+00   0.0000000E+00
   8.5310379E+00   1.1059704E+03   1.1059704E+03   2.2054467E-06   2.3496661E-08   3.6064710E+00   1.1017114E+03   1.1059704E+03   0.0000000E+00   0.0000000E+00   0.0000000E+00   0.0000000E+00   0.0000000E+00
