#           k/h    CDM            baryon         photon         nu             mass_nu        total          no_nu          total_de       Weyl           v_CDM          v_b            v_b-v_c     
   1.0320792E-05   2.0010300E+07   2.0010300E+07   2.6669010E+07   1.7212536E+04   1.8373545E+07   2.0010330E+07   2.0010300E+07   0.0000000E+00   0.0000000E+00   0.0000000E+00   0.0000000E+00   0.0000000E+00
   1.1090804E-05   2.0010295E+07   2.0010295E+07   2.6667241E+07   1.7211801E+04   1.8373206E+07   2.0010325E+07   2.0010295E+07   0.0000000E+00   0.0000000E+00   0.0000000E+00   0.0000000E+00   0.0000000E+00
   1.1918265E-05   2.0010290E+07   2.0010290E+07   2.6665198E+07   1.7210953E+04   1.8372814E+07   2.0010319E+07   2.0010290E+07   0.0000000E+00   0.0000000E+00   0.0000000E+00   0.0000000E+00   0.0000000E+00
   1.2807461E-05   2.0010283E+07   2.0010283E+07   2.6662840E+07   1.7209973E+04   1.8372362E+07   2.0010312E+07   2.0010283E+07   0.0000000E+00   0.0000000E+00   0.0000000E+00   0.0000000E+00   0.0000000E+00
   1.3762997E-05   2.0010276E+07   2.0010276E+07   2.6660116E+07   1.7208842E+04   1.8371840E+07   2.0010304E+07   2.0010276E+07   0.0000000E+00   0.0000000E+00   0.0000000E+00   0.0000000E+00   0.0000000E+00
   1.4789825E-05   2.0010267E+07   2.0010267E+07   2.6656971E+07   1.7207536E+04   1.8371237E+07   2.0010295E+07   2.0010267E+07   0.0000000E+00   0.0000000E+00   0.0000000E+00   0.0000000E+00   0.0000000E+00
   1.5893262E-05   2.0010258E+07   2.0010258E+07   2.6653340E+07   1.7206027E+04   1.8370541E+07   2.0010285E+07   2.0010258E+07   0.0000000E+00   0.0000000E+00   0.0000000E+00   0.0000000E+00   0.0000000E+00
   1.7079023E-05   2.0010246E+07   2.0010246E+07   2.6649148E+07   1.7204286E+04   1.8369738E+07   2.0010273E+07   2.0010246E+07   0.0000000E+00   0.0000000E+00   0.0000000E+00   0.0000000E+00   0.0000000E+00
   1.8353252E-05   2.0010233E+07   2.0010233E+07   2.6644307E+07   1.7202275E+04   1.8368810E+07   2.0010259E+07   2.0010233E+07   0.0000000E+00   0.0000000E+00   0.0000000E+00   0.0000000E+00   0.0000000E+00
   1.9722548E-05   2.0010218E+07   2.0010218E+07   2.6638718E+07   1.7199953E+04   1.8367739E+07   2.0010243E+07   2.0010218E+07   0.0000000E+00   0.0000000E+00   0.0000000E+00   0.0000000E+00   0.0000000E+00
   2.1194005E-05   2.0010200E+07   2.0010200E+07   2.6632266E+07   1.7197272E+04   1.8366502E+07   2.0010225E+07   2.0010200E+07   0.0000000E+00   0.0000000E+00   0.0000000E+00   0.0000000E+00   0.0000000E+00
   2.2775244E-05   2.0010180E+07   2.0010180E+07   2.6624816E+07   1.7194177E+04   1.8365075E+07   2.0010204E+07   2.0010180E+07   0.0000000E+00   0.0000000E+00   0.0000000E+00   0.0000000E+00   0.0000000E+00
   2.4474455E-05   2.0010156E+07   2.0010156E+07   2.6616216E+07   1.7190603E+04   1.8363428E+07   2.0010179E+07   2.0010156E+07   0.0000000E+00   0.0000000E+00   0.0000000E+00   0.0000000E+00   0.0000000E+00
   2.6300441E-05   2.0010129E+07   2.0010129E+07   2.6606288E+07   1.7186478E+04   1.8361526E+07   2.0010151E+07   2.0010129E+07   0.0000000E+00   0.0000000E+00   0.0000000E+00   0.0000000E+00   0.0000000E+00
   2.8262660E-05   2.0010098E+07   2.0010098E+07   2.6594827E+07   1.7181715E+04   1.8359332E+07   2.0010118E+07   2.0010098E+07   0.0000000E+00   0.0000000E+00   0.0000000E+00   0.0000000E+00   0.0000000E+00
   3.0371275E-05   2.0010062E+07   2.0010062E+07   2.6581599E+07   1.7176217E+04   1.8356799E+07   2.0010080E+07   2.0010062E+07   0.0000000E+00   0.0000000E+00   0.0000000E+00   0.0000000E+00   0.0000000E+00
   3.2637210E-05   2.0010020E+07   2.0010020E+07   2.6566330E+07   1.7169870E+04   1.8353876E+07   2.0010037E+07   2.0010020E+07   0.0000000E+00   0.0000000E+00   0.0000000E+00   0.0000000E+00   0.0000000E+00
   3.5072202E-05   2.0009972E+07   2.0009972E+07   2.6548709E+07   1.7162545E+04   1.8350505E+07   2.0009986E+07   2.0009972E+07   0.0000000E+00   0.0000000E+00   0.0000000E+00   0.0000000E+00   0.0000000E+00
   3.7688863E-05   2.0009916E+07   2.0009916E+07   2.6528373E+07   1.7154090E+04   1.8346615E+07   2.0009928E+07   2.0009916E+07   0.0000000E+00   0.0000000E+00   0.0000000E+00   0.0000000E+00   0.0000000E+00
   4.0500747E-05   2.0009852E+07   2.0009852E+07   2.6504908E+07   1.7144331E+04   1.8342128E+07   2.0009861E+07   2.0009852E+07   0.0000000E+00   0.0000000E+00   0.0000000E+00   0.0000000E+00   0.0000000E+00
   4.3522419E-05   2.0009778E+07   2.0009778E+07   2.6477835E+07   1.7133071E+04   1.8336954E+07   2.0009783E+07   2.0009778E+07   0.0000000E+00   0.0000000E+00   0.0000000E+00   0.0000000E+00   0.0000000E+00
   4.6769533E-05   2.0009692E+07   2.0009692E+07   2.6446605E+07   1.7120077E+04   1.8330988E+07   2.0009694E+07   2.0009692E+07   0.0000000E+00   0.0000000E+00   0.0000000E+00   0.0000000E+00   0.0000000E+00
   5.0258906E-05   2.0009593E+07   2.0009593E+07   2.6410583E+07   1.7105086E+04   1.8324111E+07   2.0009590E+07   2.0009593E+07   0.0000000E+00   0.0000000E+00   0.0000000E+00   0.0000000E+00   0.0000000E+00
   5.4008614E-05   2.0009479E+07   2.0009479E+07   2.6369042E+07   1.7087793E+04   1.8316185E+07   2.0009471E+07   2.0009479E+07   0.0000000E+00   0.0000000E+00   0.0000000E+00   0.0000000E+00   0.0000000E+00
   5.8038079E-05   2.0009347E+07   2.0009347E+07   2.6321148E+07   1.7067848E+04   1.8307055E+07   2.0009333E+07   2.0009347E+07   0.0000000E+00   0.0000000E+00   0.0000000E+00   0.0000000E+00   0.0000000E+00
   6.2368174E-05   2.0009195E+07   2.0009195E+07   2.6265942E+07   1.7044849E+04   1.8296541E+07   2.0009174E+07   2.0009195E+07   0.0000000E+00   0.0000000E+00   0.0000000E+00   0.0000000E+00   0.0000000E+00
   6.7021328E-05   2.0009019E+07   2.0009019E+07   2.6202327E+07   1.7018332E+04   1.8284438E+07   2.0008991E+07   2.0009019E+07   0.0000000E+00   0.0000000E+00   0.0000000E+00   0.0000000E+00   0.0000000E+00
   7.2021644E-05   2.0008816E+07   2.0008816E+07   2.6129044E+07   1.6987769E+04   1.8270513E+07   2.0008779E+07   2.0008816E+07   0.0000000E+00   0.0000000E+00   0.0000000E+00   0.0000000E+00   0.0000000E+00
   7.7395022E-05   2.0008582E+07   2.0008582E+07   2.6044657E+07   1.6952552E+04   1.8254500E+07   2.0008534E+07   2.0008582E+07   0.0000000E+00   0.0000000E+00   0.0000000E+00   0.0000000E+00   0.0000000E+00
   8.3169297E-05   2.0008312E+07   2.0008312E+07   2.5947526E+07   1.6911986E+04   1.8236100E+07   2.0008252E+07   2.0008312E+07   0.0000000E+00   0.0000000E+00   0.0000000E+00   0.0000000E+00   0.0000000E+00
   8.9374378E-05   2.0008001E+07   2.0008001E+07   2.5835783E+07   1.6865276E+04   1.8214972E+07   2.0007926E+07   2.0008001E+07   0.0000000E+00   0.0000000E+00   0.0000000E+00   0.0000000E+00   0.0000000E+00
   9.6042406E-05   2.0007641E+07   2.0007641E+07   2.5707306E+07   1.6811517E+04   1.8190733E+07   2.0007550E+07   2.0007641E+07   0.0000000E+00   0.0000000E+00   0.0000000E+00   0.0000000E+00   0.0000000E+00
   1.0320792E-04   2.0007226E+07   2.0007226E+07   2.5559687E+07   1.6749677E+04   1.8162954E+07   2.0007117E+07   2.0007226E+07   0.0000000E+00   0.0000000E+00   0.0000000E+00   0.0000000E+00   0.0000000E+00
   1.1090804E-04   2.0006748E+07   2.0006748E+07   2.5390209E+07   1.6678584E+04   1.8131155E+07   2.0006617E+07   2.0006748E+07   0.0000000E+00   0.0000000E+00   0.0000000E+00   0.0000000E+00   0.0000000E+00
   1.1918265E-04   2.0006196E+07   2.0006196E+07   2.5195810E+07   1.6596909E+04   1.8094805E+07   2.0006040E+07   2.0006196E+07   0.0000000E+00   0.0000000E+00   0.0000000E+00   0.0000000E+00   0.0000000E+00
   1.2807461E-04   2.0005559E+07   2.0005559E+07   2.4973059E+07   1.6503154E+04   1.8053319E+07   2.0005374E+07   2.0005559E+07   0.0000000E+00   0.0000000E+00   0.0000000E+00   0.0000000E+00   0.0000000E+00
   1.3762997E-04   2.0004826E+07   2.0004826E+07   2.4718131E+07   1.6395630E+04   1.8006057E+07   2.0004607E+07   2.0004826E+07   0.0000000E+00   0.0000000E+00   0.0000000E+00   0.0000000E+00   0.0000000E+00
   1.4789825E-04   2.0003980E+07   2.0003980E+07   2.4426787E+07   1.6272448E+04   1.7952332E+07   2.0003723E+07   2.0003980E+07   0.0000000E+00   0.0000000E+00   0.0000000E+00   0.0000000E+00   0.0000000E+00
   1.5893262E-04   2.0003005E+07   2.0003005E+07   2.4094364E+07   1.6131501E+04   1.7891412E+07   2.0002705E+07   2.0003005E+07   0.0000000E+00   0.0000000E+00   0.0000000E+00   0.0000000E+00   0.0000000E+00
   1.7079023E-04   2.0001882E+07   2.0001882E+07   2.3715785E+07   1.5970460E+04   1.7822531E+07   2.0001531E+07   2.0001882E+07   0.0000000E+00   0.0000000E+00   0.0000000E+00   0.0000000E+00   0.0000000E+00
   1.8353252E-04   2.0000590E+07   2.0000590E+07   2.3285579E+07   1.5786762E+04   1.7744912E+07   2.0000180E+07   2.0000590E+07   0.0000000E+00   0.0000000E+00   0.0000000E+00   0.0000000E+00   0.0000000E+00
   1.9722548E-04   1.9999102E+07   1.9999102E+07   2.2797940E+07   1.5577622E+04   1.7657788E+07   1.9998624E+07   1.9999102E+07   0.0000000E+00   0.0000000E+00   0.0000000E+00   0.0000000E+00   0.0000000E+00
   2.1194005E-04   1.9997390E+07   1.9997390E+07   2.2246820E+07   1.5340042E+04   1.7560441E+07   1.9996834E+07   1.9997390E+07   0.0000000E+00   0.0000000E+00   0.0000000E+00   0.0000000E+00   0.0000000E+00
   2.2775244E-04   1.9995422E+07   1.9995422E+07   2.1626072E+07   1.5070847E+04   1.7452253E+07   1.9994776E+07   1.9995422E+07   0.0000000E+00   0.0000000E+00   0.0000000E+00   0.0000000E+00   0.0000000E+00
   2.4474455E-04   1.9993160E+07   1.9993160E+07   2.0929662E+07   1.4766731E+04   1.7332766E+07   1.9992412E+07   1.9993160E+07   0.0000000E+00   0.0000000E+00   0.0000000E+00   0.0000000E+00   0.0000000E+00
   2.6300441E-04   1.9990562E+07   1.9990562E+07   2.0151956E+07   1.4424346E+04   1.7201764E+07   1.9989696E+07   1.9990562E+07   0.0000000E+00   0.0000000E+00   0.0000000E+00   0.0000000E+00   0.0000000E+00
   2.8262660E-04   1.9987582E+07   1.9987582E+07   1.9288109E+07   1.4040406E+04   1.7059375E+07   1.9986580E+07   1.9987582E+07   0.0000000E+00   0.0000000E+00   0.0000000E+00   0.0000000E+00   0.0000000E+00
   3.0371275E-04   1.9984166E+07   1.9984166E+07   1.8334563E+07   1.3611851E+04   1.6906178E+07   1.9983007E+07   1.9984166E+07   0.0000000E+00   0.0000000E+00   0.0000000E+00   0.0000000E+00   0.0000000E+00
   3.2637210E-04   1.9980254E+07   1.9980254E+07   1.7289668E+07   1.3136052E+04   1.6743334E+07   1.9978916E+07   1.9980254E+07   0.0000000E+00   0.0000000E+00   0.0000000E+00   0.0000000E+00   0.0000000E+00
   3.5072202E-04   1.9975779E+07   1.9975779E+07   1.6154428E+07   1.2611072E+04   1.6572707E+07   1.9974236E+07   1.9975779E+07   0.0000000E+00   0.0000000E+00   0.0000000E+00   0.0000000E+00   0.0000000E+00
   3.7688863E-04   1.9970666E+07   1.9970666E+07   1.4933349E+07   1.2035991E+04   1.6396972E+07   1.9968888E+07   1.9970666E+07   0.0000000E+00   0.0000000E+00   0.0000000E+00   0.0000000E+00   0.0000000E+00
   4.0500747E-04   1.9964833E+07   1.9964833E+07   1.3635364E+07   1.1411287E+04   1.6219683E+07   1.9962786E+07   1.9964833E+07   0.0000000E+00   0.0000000E+00   0.0000000E+00   0.0000000E+00   0.0000000E+00
   4.3522419E-04   1.9958188E+07   1.9958188E+07   1.2274731E+07   1.0739259E+04   1.6045249E+07   1.9955834E+07   1.9958188E+07   0.0000000E+00   0.0000000E+00   0.0000000E+00   0.0000000E+00   0.0000000E+00
   4.6769533E-04   1.9950630E+07   1.9950630E+07   1.0871801E+07   1.0024472E+04   1.5878782E+07   1.9947927E+07   1.9950630E+07   0.0000000E+00   0.0000000E+00   0.0000000E+00   0.0000000E+00   0.0000000E+00
   5.0258906E-04   1.9942049E+07   1.9942049E+07   9.4534346E+06   9.2741709E+03   1.5725743E+07   1.9938949E+07   1.9942049E+07   0.0000000E+00   0.0000000E+00   0.0000000E+00   0.0000000E+00   0.0000000E+00
   5.4008614E-04   1.9932324E+07   1.9932324E+07   8.0528375E+06   8.4985921E+03   1.5591341E+07   1.9928774E+07   1.9932324E+07   0.0000000E+00   0.0000000E+00   0.0000000E+00   0.0000000E+00   0.0000000E+00
   5.8038079E-04   1.9921323E+07   1.9921323E+07   6.7084800E+06   7.7110764E+03   1.5479626E+07   1.9917264E+07   1.9921323E+07   0.0000000E+00   0.0000000E+00   0.0000000E+00   0.0000000E+00   0.0000000E+00
   6.2368174E-04   1.9908902E+07   1.9908902E+07   5.4617995E+06   6.9278522E+03   1.5392320E+07   1.9904269E+07   1.9908902E+07   0.0000000E+00   0.0000000E+00   0.0000000E+00   0.0000000E+00   0.0000000E+00
   6.7021328E-04   1.9894906E+07   1.9894906E+07   4.3534412E+06   6.1673558E+03   1.5327472E+07   1.9889628E+07   1.9894906E+07   0.0000000E+00   0.0000000E+00   0.0000000E+00   0.0000000E+00   0.0000000E+00
   7.2021644E-04   1.9879164E+07   1.9879164E+07   3.4180311E+06   5.4489693E+03   1.5278233E+07   1.9873164E+07   1.9879164E+07   0.0000000E+00   0.0000000E+00   0.0000000E+00   0.0000000E+00   0.0000000E+00
   7.7395022E-04   1.9861487E+07   1.9861487E+07   2.6779008E+06   4.7911274E+03   1.5232206E+07   1.9854684E+07   1.9861487E+07   0.0000000E+00   0.0000000E+00   0.0000000E+00   0.0000000E+00   0.0000000E+00
   8.3169297E-04   1.9841670E+07   1.9841670E+07   2.1368246E+06   4.2088915E+03   1.5172011E+07   1.9833978E+07   1.9841670E+07   0.0000000E+00   0.0000000E+00   0.0000000E+00   0.0000000E+00   0.0000000E+00
   8.9374378E-04   1.9819486E+07   1.9819486E+07   1.7755885E+06   3.7113084E+03   1.5077730E+07   1.9810813E+07   1.9819486E+07   0.0000000E+00   0.0000000E+00   0.0000000E+00   0.0000000E+00   0.0000000E+00
   9.6042406E-04   1.9794683E+07   1.9794683E+07   1.5518098E+06   3.2991586E+03   1.4931567E+07   1.9784937E+07   1.9794683E+07   0.0000000E+00   0.0000000E+00   0.0000000E+00   0.0000000E+00   0.0000000E+00
   1.0320792E-03   1.9766982E+07   1.9766982E+07   1.4063503E+06   2.9639396E+03   1.4724203E+07   1.9756071E+07   1.9766982E+07   0.0000000E+00   0.0000000E+00   0.0000000E+00   0.0000000E+00   0.0000000E+00
   1.1090804E-03   1.9736082E+07   1.9736082E+07   1.2772495E+06   2.6889804E+03   1.4460854E+07   1.9723916E+07   1.9736082E+07   0.0000000E+00   0.0000000E+00   0.0000000E+00   0.0000000E+00   0.0000000E+00
   1.1918265E-03   1.9701657E+07   1.9701657E+07   1.1188626E+06   2.4532030E+03   1.4163462E+07   1.9688151E+07   1.9701657E+07   0.0000000E+00   0.0000000E+00   0.0000000E+00   0.0000000E+00   0.0000000E+00
   1.2807461E-03   1.9663362E+07   1.9663362E+07   9.1931389E+05   2.2370756E+03   1.3864976E+07   1.9648438E+07   1.9663362E+07   0.0000000E+00   0.0000000E+00   0.0000000E+00   0.0000000E+00   0.0000000E+00
   1.3762997E-03   1.9620840E+07   1.9620840E+07   7.0576076E+05   2.0288640E+03   1.3594200E+07   1.9604433E+07   1.9620840E+07   0.0000000E+00   0.0000000E+00   0.0000000E+00   0.0000000E+00   0.0000000E+00
   1.4789825E-03   1.9573729E+07   1.9573729E+07   5.2861727E+05   1.8280648E+03   1.3356460E+07   1.9555782E+07   1.9573729E+07   0.0000000E+00   0.0000000E+00   0.0000000E+00   0.0000000E+00   0.0000000E+00
   1.5893262E-03   1.9521655E+07   1.9521655E+07   4.2678686E+05   1.6431386E+03   1.3123917E+07   1.9502128E+07   1.9521655E+07   0.0000000E+00   0.0000000E+00   0.0000000E+00   0.0000000E+00   0.0000000E+00
   1.7079023E-03   1.9464236E+07   1.9464236E+07   3.9407425E+05   1.4834989E+03   1.2851149E+07   1.9443102E+07   1.9464236E+07   0.0000000E+00   0.0000000E+00   0.0000000E+00   0.0000000E+00   0.0000000E+00
   1.8353252E-03   1.9401075E+07   1.9401075E+07   3.7816393E+05   1.3505147E+03   1.2515439E+07   1.9378317E+07   1.9401075E+07   0.0000000E+00   0.0000000E+00   0.0000000E+00   0.0000000E+00   0.0000000E+00
   1.9722548E-03   1.9331754E+07   1.9331754E+07   3.2603030E+05   1.2352780E+03   1.2148688E+07   1.9307365E+07   1.9331754E+07   0.0000000E+00   0.0000000E+00   0.0000000E+00   0.0000000E+00   0.0000000E+00
   2.1194005E-03   1.9255846E+07   1.9255846E+07   2.3992331E+05   1.1267479E+03   1.1813017E+07   1.9229820E+07   1.9255846E+07   0.0000000E+00   0.0000000E+00   0.0000000E+00   0.0000000E+00   0.0000000E+00
   2.2775244E-03   1.9172919E+07   1.9172919E+07   1.7401537E+05   1.0226975E+03   1.1523884E+07   1.9145251E+07   1.9172919E+07   0.0000000E+00   0.0000000E+00   0.0000000E+00   0.0000000E+00   0.0000000E+00
   2.4474455E-03   1.9082538E+07   1.9082538E+07   1.5764426E+05   9.2954981E+02   1.1219026E+07   1.9053217E+07   1.9082538E+07   0.0000000E+00   0.0000000E+00   0.0000000E+00   0.0000000E+00   0.0000000E+00
   2.6300441E-03   1.8984253E+07   1.8984253E+07   1.4979162E+05   8.4992271E+02   1.0852096E+07   1.8953263E+07   1.8984253E+07   0.0000000E+00   0.0000000E+00   0.0000000E+00   0.0000000E+00   0.0000000E+00
   2.8262660E-03   1.8877595E+07   1.8877595E+07   1.1440297E+05   7.7723059E+02   1.0477640E+07   1.8844916E+07   1.8877595E+07   0.0000000E+00   0.0000000E+00   0.0000000E+00   0.0000000E+00   0.0000000E+00
   3.0371275E-03   1.8762083E+07   1.8762083E+07   8.7692794E+04   7.0756034E+02   1.0136959E+07   1.8727696E+07   1.8762083E+07   0.0000000E+00   0.0000000E+00   0.0000000E+00   0.0000000E+00   0.0000000E+00
   3.2637210E-03   1.8637231E+07   1.8637231E+07   8.6651411E+04   6.4491806E+02   9.7593236E+06   1.8601119E+07   1.8637231E+07   0.0000000E+00   0.0000000E+00   0.0000000E+00   0.0000000E+00   0.0000000E+00
   3.5072202E-03   1.8502534E+07   1.8502534E+07   6.7128871E+04   5.8843337E+02   9.3489285E+06   1.8464690E+07   1.8502534E+07   0.0000000E+00   0.0000000E+00   0.0000000E+00   0.0000000E+00   0.0000000E+00
   3.7688863E-03   1.8357477E+07   1.8357477E+07   4.8822863E+04   5.3422639E+02   8.9799706E+06   1.8317901E+07   1.8357477E+07   0.0000000E+00   0.0000000E+00   0.0000000E+00   0.0000000E+00   0.0000000E+00
   4.0500747E-03   1.8201545E+07   1.8201545E+07   5.1335173E+04   4.8540006E+02   8.5716073E+06   1.8160250E+07   1.8201545E+07   0.0000000E+00   0.0000000E+00   0.0000000E+00   0.0000000E+00   0.0000000E+00
   4.3522419E-03   1.8034227E+07   1.8034227E+07   3.5856063E+04   4.4040751E+02   8.1548782E+06   1.7991245E+07   1.8034227E+07   0.0000000E+00   0.0000000E+00   0.0000000E+00   0.0000000E+00   0.0000000E+00
   4.6769533E-03   1.7855026E+07   1.7855026E+07   3.3618751E+04   3.9797898E+02   7.7606141E+06   1.7810418E+07   1.7855026E+07   0.0000000E+00   0.0000000E+00   0.0000000E+00   0.0000000E+00   0.0000000E+00
   5.0258906E-03   1.7663468E+07   1.7663468E+07   2.5012439E+04   3.5942751E+02   7.3444006E+06   1.7617316E+07   1.7663468E+07   0.0000000E+00   0.0000000E+00   0.0000000E+00   0.0000000E+00   0.0000000E+00
   5.4008614E-03   1.7459081E+07   1.7459081E+07   2.4160812E+04   3.2362532E+02   6.9539248E+06   1.7411473E+07   1.7459081E+07   0.0000000E+00   0.0000000E+00   0.0000000E+00   0.0000000E+00   0.0000000E+00
   5.8038079E-03   1.7241392E+07   1.7241392E+07   1.6681551E+04   2.9132256E+02   6.5427977E+06   1.7192396E+07   1.7241392E+07   0.0000000E+00   0.0000000E+00   0.0000000E+00   0.0000000E+00   0.0000000E+00
   6.2368174E-03   1.7009914E+07   1.7009914E+07   1.7140275E+04   2.6131792E+02   6.1446711E+06   1.6959607E+07   1.7009914E+07   0.0000000E+00   0.0000000E+00   0.0000000E+00   0.0000000E+00   0.0000000E+00
   6.7021328E-03   1.6764170E+07   1.6764170E+07   1.2388698E+04   2.3359129E+02   5.7550683E+06   1.6712669E+07   1.6764170E+07   0.0000000E+00   0.0000000E+00   0.0000000E+00   0.0000000E+00   0.0000000E+00
   7.2021644E-03   1.6503710E+07   1.6503710E+07   9.8738809E+03   2.0842568E+02   5.3635142E+06   1.6451161E+07   1.6503710E+07   0.0000000E+00   0.0000000E+00   0.0000000E+00   0.0000000E+00   0.0000000E+00
   7.7395022E-03   1.6228099E+07   1.6228099E+07   9.8664462E+03   1.8548039E+02   4.9885343E+06   1.6174637E+07   1.6228099E+07   0.0000000E+00   0.0000000E+00   0.0000000E+00   0.0000000E+00   0.0000000E+00
   8.3169297E-03   1.5936894E+07   1.5936894E+07   8.1483743E+03   1.6449666E+02   4.6274120E+06   1.5882655E+07   1.5936894E+07   0.0000000E+00   0.0000000E+00   0.0000000E+00   0.0000000E+00   0.0000000E+00
   8.9374378E-03   1.5629653E+07   1.5629653E+07   6.4361134E+03   1.4544905E+02   4.2744197E+06   1.5574796E+07   1.5629653E+07   0.0000000E+00   0.0000000E+00   0.0000000E+00   0.0000000E+00   0.0000000E+00
   9.6042406E-03   1.5305951E+07   1.5305951E+07   5.0144550E+03   1.2821942E+02   3.9333564E+06   1.5250646E+07   1.5305951E+07   0.0000000E+00   0.0000000E+00   0.0000000E+00   0.0000000E+00   0.0000000E+00
   1.0320792E-02   1.4965366E+07   1.4965366E+07   4.1735993E+03   1.1268156E+02   3.6046959E+06   1.4909784E+07   1.4965366E+07   0.0000000E+00   0.0000000E+00   0.0000000E+00   0.0000000E+00   0.0000000E+00
   1.1090804E-02   1.4607485E+07   1.4607485E+07   3.6763022E+03   9.8671042E+01   3.2907571E+06   1.4551805E+07   1.4607485E+07   0.0000000E+00   0.0000000E+00   0.0000000E+00   0.0000000E+00   0.0000000E+00
   1.1918265E-02   1.4231924E+07   1.4231924E+07   3.2836509E+03   8.6099976E+01   2.9919667E+06   1.4176342E+07   1.4231924E+07   0.0000000E+00   0.0000000E+00   0.0000000E+00   0.0000000E+00   0.0000000E+00
   1.2807461E-02   1.3838330E+07   1.3838330E+07   2.6460779E+03   7.4879819E+01   2.7058679E+06   1.3783030E+07   1.3838330E+07   0.0000000E+00   0.0000000E+00   0.0000000E+00   0.0000000E+00   0.0000000E+00
   1.3762997E-02   1.3426405E+07   1.3426405E+07   1.8246006E+03   6.4842705E+01   2.4409826E+06   1.3371588E+07   1.3426405E+07   0.0000000E+00   0.0000000E+00   0.0000000E+00   0.0000000E+00   0.0000000E+00
   1.4789825E-02   1.2995936E+07   1.2995936E+07   1.8622930E+03   5.5938301E+01   2.1920408E+06   1.2941799E+07   1.2995936E+07   0.0000000E+00   0.0000000E+00   0.0000000E+00   0.0000000E+00   0.0000000E+00
   1.5893262E-02   1.2546840E+07   1.2546840E+07   1.2702407E+03   4.8058147E+01   1.9566143E+06   1.2493585E+07   1.2546840E+07   0.0000000E+00   0.0000000E+00   0.0000000E+00   0.0000000E+00   0.0000000E+00
   1.7079023E-02   1.2079222E+07   1.2079222E+07   1.2847571E+03   4.1110917E+01   1.7391769E+06   1.2027045E+07   1.2079222E+07   0.0000000E+00   0.0000000E+00   0.0000000E+00   0.0000000E+00   0.0000000E+00
   1.8353252E-02   1.1593443E+07   1.1593443E+07   1.0005916E+03   3.5000348E+01   1.5395913E+06   1.1542544E+07   1.1593443E+07   0.0000000E+00   0.0000000E+00   0.0000000E+00   0.0000000E+00   0.0000000E+00
   1.9722548E-02   1.1090226E+07   1.1090226E+07   7.6234690E+02   2.9660437E+01   1.3540925E+06   1.1040793E+07   1.1090226E+07   0.0000000E+00   0.0000000E+00   0.0000000E+00   0.0000000E+00   0.0000000E+00
   2.1194004E-02   1.0570760E+07   1.0570760E+07   6.4066969E+02   2.5011596E+01   1.1843006E+06   1.0522977E+07   1.0570760E+07   0.0000000E+00   0.0000000E+00   0.0000000E+00   0.0000000E+00   0.0000000E+00
   2.2775238E-02   1.0036841E+07   1.0036841E+07   5.7364831E+02   2.0981555E+01   1.0292521E+06   9.9908790E+06   1.0036841E+07   0.0000000E+00   0.0000000E+00   0.0000000E+00   0.0000000E+00   0.0000000E+00
   2.4474421E-02   9.4910193E+06   9.4910193E+06   4.0854292E+02   1.7506639E+01   8.8864283E+05   9.4470326E+06   9.4910193E+06   0.0000000E+00   0.0000000E+00   0.0000000E+00   0.0000000E+00   0.0000000E+00
   2.6300270E-02   8.9367639E+06   8.9367639E+06   3.6103238E+02   1.4526616E+01   7.6413951E+05   8.8948853E+06   8.9367639E+06   0.0000000E+00   0.0000000E+00   0.0000000E+00   0.0000000E+00   0.0000000E+00
   2.8261913E-02   8.3786345E+06   8.3786345E+06   2.5103677E+02   1.1988786E+01   6.5200779E+05   8.3389697E+06   8.3786345E+06   0.0000000E+00   0.0000000E+00   0.0000000E+00   0.0000000E+00   0.0000000E+00
   3.0368424E-02   7.8224755E+06   7.8224755E+06   1.9957148E+02   9.8422634E+00   5.5299896E+05   7.7850960E+06   7.8224755E+06   0.0000000E+00   0.0000000E+00   0.0000000E+00   0.0000000E+00   0.0000000E+00
   3.2627595E-02   7.2756225E+06   7.2756225E+06   1.6699888E+02   8.0425452E+00   4.6690196E+05   7.2405577E+06   7.2756225E+06   0.0000000E+00   0.0000000E+00   0.0000000E+00   0.0000000E+00   0.0000000E+00
   3.5043375E-02   6.7470568E+06   6.7470568E+06   1.5607301E+02   6.5495772E+00   3.9201661E+05   6.7142850E+06   6.7470568E+06   0.0000000E+00   0.0000000E+00   0.0000000E+00   0.0000000E+00   0.0000000E+00
   3.7611630E-02   6.2472691E+06   6.2472691E+06   1.0308791E+02   5.3269360E+00   3.2879545E+05   6.2167099E+06   6.2472691E+06   0.0000000E+00   0.0000000E+00   0.0000000E+00   0.0000000E+00   0.0000000E+00
   4.0315212E-02   5.7873767E+06   5.7873767E+06   8.4716930E+01   4.3408809E+00   2.7549867E+05   5.7588872E+06   5.7873767E+06   0.0000000E+00   0.0000000E+00   0.0000000E+00   0.0000000E+00   0.0000000E+00
   4.3121728E-02   5.3771204E+06   5.3771204E+06   7.3280346E+01   3.5582018E+00   2.3209772E+05   5.3505014E+06   5.3771204E+06   0.0000000E+00   0.0000000E+00   0.0000000E+00   0.0000000E+00   0.0000000E+00
   4.5988254E-02   5.0221993E+06   5.0221993E+06   6.0736791E+01   2.9456840E+00   1.9719117E+05   4.9972147E+06   5.0221993E+06   0.0000000E+00   0.0000000E+00   0.0000000E+00   0.0000000E+00   0.0000000E+00
   4.8872747E-02   4.7225183E+06   4.7225183E+06   5.0184403E+01   2.4696133E+00   1.6934294E+05   4.6989239E+06   4.7225183E+06   0.0000000E+00   0.0000000E+00   0.0000000E+00   0.0000000E+00   0.0000000E+00
   5.1744999E-02   4.4726476E+06   4.4726476E+06   4.2595622E+01   2.0987153E+00   1.4715858E+05   4.4502188E+06   4.4726476E+06   0.0000000E+00   0.0000000E+00   0.0000000E+00   0.0000000E+00   0.0000000E+00
   5.4590478E-02   4.2639745E+06   4.2639745E+06   3.7402769E+01   1.8066796E+00   1.2932784E+05   4.2425233E+06   4.2639745E+06   0.0000000E+00   0.0000000E+00   0.0000000E+00   0.0000000E+00   0.0000000E+00
   5.7407518E-02   4.0869780E+06   4.0869780E+06   3.3338518E+01   1.5726729E+00   1.1476520E+05   4.0663594E+06   4.0869780E+06   0.0000000E+00   0.0000000E+00   0.0000000E+00   0.0000000E+00   0.0000000E+00
   6.0202304E-02   3.9326907E+06   3.9326907E+06   2.9323435E+01   1.3812670E+00   1.0264206E+05   3.9128015E+06   3.9326907E+06   0.0000000E+00   0.0000000E+00   0.0000000E+00   0.0000000E+00   0.0000000E+00
   6.2984726E-02   3.7933477E+06   3.7933477E+06   2.5046658E+01   1.2213778E+00   9.2309550E+04   3.7741210E+06   3.7933477E+06   0.0000000E+00   0.0000000E+00   0.0000000E+00   0.0000000E+00   0.0000000E+00
   6.5765837E-02   3.6625626E+06   3.6625626E+06   2.0844465E+01   1.0850243E+00   8.3287972E+04   3.6439621E+06   3.6625626E+06   0.0000000E+00   0.0000000E+00   0.0000000E+00   0.0000000E+00   0.0000000E+00
   6.8556562E-02   3.5353106E+06   3.5353106E+06   1.7333831E+01   9.6659043E-01   7.5260015E+04   3.5173244E+06   3.5353106E+06   0.0000000E+00   0.0000000E+00   0.0000000E+00   0.0000000E+00   0.0000000E+00
   7.1367155E-02   3.4078606E+06   3.4078606E+06   1.4833323E+01   8.6218891E-01   6.8020271E+04   3.3904948E+06   3.4078606E+06   0.0000000E+00   0.0000000E+00   0.0000000E+00   0.0000000E+00   0.0000000E+00
   7.4207042E-02   3.2777079E+06   3.2777079E+06   1.3050566E+01   7.6906224E-01   6.1432987E+04   3.2609804E+06   3.2777079E+06   0.0000000E+00   0.0000000E+00   0.0000000E+00   0.0000000E+00   0.0000000E+00
   7.7084847E-02   3.1435142E+06   3.1435142E+06   1.1531232E+01   6.8530110E-01   5.5414185E+04   3.1274497E+06   3.1435142E+06   0.0000000E+00   0.0000000E+00   0.0000000E+00   0.0000000E+00   0.0000000E+00
   8.0008483E-02   3.0050447E+06   3.0050447E+06   1.0220506E+01   6.0965911E-01   4.9901348E+04   2.9896685E+06   3.0050447E+06   0.0000000E+00   0.0000000E+00   0.0000000E+00   0.0000000E+00   0.0000000E+00
   8.2985266E-02   2.8630831E+06   2.8630831E+06   9.6126897E+00   5.4127456E-01   4.4839194E+04   2.8484161E+06   2.8630831E+06   0.0000000E+00   0.0000000E+00   0.0000000E+00   0.0000000E+00   0.0000000E+00
   8.6022031E-02   2.7193093E+06   2.7193093E+06   9.7507873E+00   4.7959942E-01   4.0152140E+04   2.7053637E+06   2.7193093E+06   0.0000000E+00   0.0000000E+00   0.0000000E+00   0.0000000E+00   0.0000000E+00
   8.9125226E-02   2.5761274E+06   2.5761274E+06   8.2407656E+00   4.2426684E-01   3.5819731E+04   2.5629027E+06   2.5761274E+06   0.0000000E+00   0.0000000E+00   0.0000000E+00   0.0000000E+00   0.0000000E+00
   9.2301001E-02   2.4364347E+06   2.4364347E+06   6.4266858E+00   3.7496177E-01   3.2041257E+04   2.4239153E+06   2.4364347E+06   0.0000000E+00   0.0000000E+00   0.0000000E+00   0.0000000E+00   0.0000000E+00
   9.5555279E-02   2.3033350E+06   2.3033350E+06   6.5801638E+00   3.3145201E-01   2.8564511E+04   2.2914890E+06   2.3033350E+06   0.0000000E+00   0.0000000E+00   0.0000000E+00   0.0000000E+00   0.0000000E+00
   9.8893813E-02   2.1798053E+06   2.1798053E+06   5.4781546E+00   2.9341728E-01   2.5587973E+04   2.1685853E+06   2.1798053E+06   0.0000000E+00   0.0000000E+00   0.0000000E+00   0.0000000E+00   0.0000000E+00
   1.0232224E-01   2.0683400E+06   2.0683400E+06   4.3596145E+00   2.6051244E-01   2.2922834E+04   2.0576853E+06   2.0683400E+06   0.0000000E+00   0.0000000E+00   0.0000000E+00   0.0000000E+00   0.0000000E+00
   1.0584610E-01   1.9706055E+06   1.9706055E+06   3.8758216E+00   2.3228685E-01   2.0627479E+04   1.9604468E+06   1.9706055E+06   0.0000000E+00   0.0000000E+00   0.0000000E+00   0.0000000E+00   0.0000000E+00
   1.0947092E-01   1.8871497E+06   1.8871497E+06   3.4349581E+00   2.0820201E-01   1.8680357E+04   1.8774144E+06   1.8871497E+06   0.0000000E+00   0.0000000E+00   0.0000000E+00   0.0000000E+00   0.0000000E+00
   1.1320216E-01   1.8172171E+06   1.8172171E+06   3.2816639E+00   1.8765554E-01   1.7028756E+04   1.8078364E+06   1.8172171E+06   0.0000000E+00   0.0000000E+00   0.0000000E+00   0.0000000E+00   0.0000000E+00
   1.1704532E-01   1.7587172E+06   1.7587172E+06   3.4240004E+00   1.7000144E-01   1.5561080E+04   1.7496329E+06   1.7587172E+06   0.0000000E+00   0.0000000E+00   0.0000000E+00   0.0000000E+00   0.0000000E+00
   1.2100589E-01   1.7083856E+06   1.7083856E+06   2.5655972E+00   1.5458985E-01   1.4298366E+04   1.6995561E+06   1.7083856E+06   0.0000000E+00   0.0000000E+00   0.0000000E+00   0.0000000E+00   0.0000000E+00
   1.2508939E-01   1.6621516E+06   1.6621516E+06   2.6366566E+00   1.4081855E-01   1.3136886E+04   1.6535564E+06   1.6621516E+06   0.0000000E+00   0.0000000E+00   0.0000000E+00   0.0000000E+00   0.0000000E+00
   1.2930139E-01   1.6156949E+06   1.6156949E+06   2.5176091E+00   1.2818076E-01   1.2085074E+04   1.6073356E+06   1.6156949E+06   0.0000000E+00   0.0000000E+00   0.0000000E+00   0.0000000E+00   0.0000000E+00
   1.3364752E-01   1.5651285E+06   1.5651285E+06   2.2540448E+00   1.1630328E-01   1.1068331E+04   1.5570268E+06   1.5651285E+06   0.0000000E+00   0.0000000E+00   0.0000000E+00   0.0000000E+00   0.0000000E+00
   1.3813343E-01   1.5077014E+06   1.5077014E+06   1.8341601E+00   1.0496554E-01   1.0079369E+04   1.4998934E+06   1.5077014E+06   0.0000000E+00   0.0000000E+00   0.0000000E+00   0.0000000E+00   0.0000000E+00
   1.4276486E-01   1.4423822E+06   1.4423822E+06   1.7327592E+00   9.4104145E-02   9.1403220E+03   1.4349092E+06   1.4423822E+06   0.0000000E+00   0.0000000E+00   0.0000000E+00   0.0000000E+00   0.0000000E+00
   1.4754761E-01   1.3701690E+06   1.3701690E+06   1.4072906E+00   8.3791630E-02   8.1966459E+03   1.3630672E+06   1.3701690E+06   0.0000000E+00   0.0000000E+00   0.0000000E+00   0.0000000E+00   0.0000000E+00
   1.5248756E-01   1.2939994E+06   1.2939994E+06   1.3083548E+00   7.4185771E-02   7.3156083E+03   1.2872898E+06   1.2939994E+06   0.0000000E+00   0.0000000E+00   0.0000000E+00   0.0000000E+00   0.0000000E+00
   1.5759065E-01   1.2182006E+06   1.2182006E+06   1.1085622E+00   6.5473770E-02   6.5164935E+03   1.2118817E+06   1.2182006E+06   0.0000000E+00   0.0000000E+00   0.0000000E+00   0.0000000E+00   0.0000000E+00
   1.6286293E-01   1.1475292E+06   1.1475292E+06   1.0353277E+00   5.7813971E-02   5.8170818E+03   1.1415747E+06   1.1475292E+06   0.0000000E+00   0.0000000E+00   0.0000000E+00   0.0000000E+00   0.0000000E+00
   1.6831052E-01   1.0859816E+06   1.0859816E+06   9.0053552E-01   5.1274372E-02   5.1940847E+03   1.0803446E+06   1.0859816E+06   0.0000000E+00   0.0000000E+00   0.0000000E+00   0.0000000E+00   0.0000000E+00
   1.7393964E-01   1.0356716E+06   1.0356716E+06   8.6213797E-01   4.5810910E-02   4.6861930E+03   1.0302941E+06   1.0356716E+06   0.0000000E+00   0.0000000E+00   0.0000000E+00   0.0000000E+00   0.0000000E+00
   1.7975664E-01   9.9612522E+05   9.9612522E+05   7.5058903E-01   4.1265770E-02   4.2617131E+03   9.9095152E+05   9.9612522E+05   0.0000000E+00   0.0000000E+00   0.0000000E+00   0.0000000E+00   0.0000000E+00
   1.8576798E-01   9.6429169E+05   9.6429169E+05   6.3418257E-01   3.7404639E-02   3.9095475E+03   9.5928193E+05   9.6429169E+05   0.0000000E+00   0.0000000E+00   0.0000000E+00   0.0000000E+00   0.0000000E+00
   1.9198028E-01   9.3538862E+05   9.3538862E+05   6.1346379E-01   3.3973788E-02   3.5812002E+03   9.3052774E+05   9.3538862E+05   0.0000000E+00   0.0000000E+00   0.0000000E+00   0.0000000E+00   0.0000000E+00
   1.9840031E-01   9.0441965E+05   9.0441965E+05   5.6662608E-01   3.0762446E-02   3.2765092E+03   8.9971854E+05   9.0441965E+05   0.0000000E+00   0.0000000E+00   0.0000000E+00   0.0000000E+00   0.0000000E+00
   2.0503502E-01   8.6790498E+05   8.6790498E+05   4.7544273E-01   2.7652539E-02   2.9758975E+03   8.6339261E+05   8.6790498E+05   0.0000000E+00   0.0000000E+00   0.0000000E+00   0.0000000E+00   0.0000000E+00
   2.1189161E-01   8.2517796E+05   8.2517796E+05   4.5898390E-01   2.4634234E-02   2.6804311E+03   8.2088679E+05   8.2517796E+05   0.0000000E+00   0.0000000E+00   0.0000000E+00   0.0000000E+00   0.0000000E+00
   2.1897751E-01   7.7865112E+05   7.7865112E+05   3.9200552E-01   2.1783684E-02   2.3950434E+03   7.7460105E+05   7.7865112E+05   0.0000000E+00   0.0000000E+00   0.0000000E+00   0.0000000E+00   0.0000000E+00
   2.2630045E-01   7.3279880E+05   7.3279880E+05   3.5829661E-01   1.9212054E-02   2.1318282E+03   7.2898647E+05   7.3279880E+05   0.0000000E+00   0.0000000E+00   0.0000000E+00   0.0000000E+00   0.0000000E+00
   2.3386850E-01   6.9216216E+05   6.9216216E+05   2.8950112E-01   1.7001882E-02   1.9060893E+03   6.8856057E+05   6.9216216E+05   0.0000000E+00   0.0000000E+00   0.0000000E+00   0.0000000E+00   0.0000000E+00
   2.4169014E-01   6.5922405E+05   6.5922405E+05   2.6195752E-01   1.5166338E-02   1.7179881E+03   6.5579325E+05   6.5922405E+05   0.0000000E+00   0.0000000E+00   0.0000000E+00   0.0000000E+00   0.0000000E+00
   2.4977429E-01   6.3321735E+05   6.3321735E+05   2.3586328E-01   1.3640539E-02   1.5647370E+03   6.2992135E+05   6.3321735E+05   0.0000000E+00   0.0000000E+00   0.0000000E+00   0.0000000E+00   0.0000000E+00
   2.5813042E-01   6.1059421E+05   6.1059421E+05   2.1926714E-01   1.2314534E-02   1.4279294E+03   6.0741548E+05   6.1059421E+05   0.0000000E+00   0.0000000E+00   0.0000000E+00   0.0000000E+00   0.0000000E+00
   2.6676862E-01   5.8703927E+05   5.8703927E+05   1.9616554E-01   1.1085888E-02   1.3006057E+03   5.8398271E+05   5.8703927E+05   0.0000000E+00   0.0000000E+00   0.0000000E+00   0.0000000E+00   0.0000000E+00
   2.7569968E-01   5.5995779E+05   5.5995779E+05   1.7432423E-01   9.9036311E-03   1.1778554E+03   5.5704183E+05   5.5995779E+05   0.0000000E+00   0.0000000E+00   0.0000000E+00   0.0000000E+00   0.0000000E+00
   2.8493523E-01   5.2992117E+05   5.2992117E+05   1.5181092E-01   8.7795871E-03   1.0562455E+03   5.2716126E+05   5.2992117E+05   0.0000000E+00   0.0000000E+00   0.0000000E+00   0.0000000E+00   0.0000000E+00
   2.9448784E-01   5.0005922E+05   5.0005922E+05   1.3927499E-01   7.7603558E-03   9.4574829E+02   4.9745452E+05   5.0005922E+05   0.0000000E+00   0.0000000E+00   0.0000000E+00   0.0000000E+00   0.0000000E+00
   3.0437118E-01   4.7371680E+05   4.7371680E+05   1.1960127E-01   6.8841399E-03   8.4999623E+02   4.7124902E+05   4.7371680E+05   0.0000000E+00   0.0000000E+00   0.0000000E+00   0.0000000E+00   0.0000000E+00
   3.1460019E-01   4.5201274E+05   4.5201274E+05   1.0994973E-01   6.1490913E-03   7.6980113E+02   4.4965777E+05   4.5201274E+05   0.0000000E+00   0.0000000E+00   0.0000000E+00   0.0000000E+00   0.0000000E+00
   3.2519124E-01   4.3317252E+05   4.3317252E+05   9.5946912E-02   5.5150785E-03   7.0019828E+02   4.3091547E+05   4.3317252E+05   0.0000000E+00   0.0000000E+00   0.0000000E+00   0.0000000E+00   0.0000000E+00
   3.3616244E-01   4.1421056E+05   4.1421056E+05   8.8007027E-02   4.9355357E-03   6.3583884E+02   4.1205210E+05   4.1421056E+05   0.0000000E+00   0.0000000E+00   0.0000000E+00   0.0000000E+00   0.0000000E+00
   3.4753383E-01   3.9354813E+05   3.9354813E+05   7.6968305E-02   4.3886361E-03   5.7452922E+02   3.9149716E+05   3.9354813E+05   0.0000000E+00   0.0000000E+00   0.0000000E+00   0.0000000E+00   0.0000000E+00
   3.5932773E-01   3.7220562E+05   3.7220562E+05   6.9483267E-02   3.8840010E-03   5.1540768E+02   3.7026571E+05   3.7220562E+05   0.0000000E+00   0.0000000E+00   0.0000000E+00   0.0000000E+00   0.0000000E+00
   3.7156914E-01   3.5244898E+05   3.5244898E+05   6.1382582E-02   3.4403511E-03   4.6418751E+02   3.5061189E+05   3.5244898E+05   0.0000000E+00   0.0000000E+00   0.0000000E+00   0.0000000E+00   0.0000000E+00
   3.8428615E-01   3.3530714E+05   3.3530714E+05   5.4229671E-02   3.0604064E-03   4.2016547E+02   3.3355926E+05   3.3530714E+05   0.0000000E+00   0.0000000E+00   0.0000000E+00   0.0000000E+00   0.0000000E+00
   3.9751056E-01   3.1963962E+05   3.1963962E+05   4.8285627E-02   2.7265263E-03   3.8087202E+02   3.1797329E+05   3.1963962E+05   0.0000000E+00   0.0000000E+00   0.0000000E+00   0.0000000E+00   0.0000000E+00
   4.1127849E-01   3.0373778E+05   3.0373778E+05   4.2507540E-02   2.4206322E-03   3.4479562E+02   3.0215424E+05   3.0373778E+05   0.0000000E+00   0.0000000E+00   0.0000000E+00   0.0000000E+00   0.0000000E+00
   4.2563126E-01   2.8740960E+05   2.8740960E+05   3.7595503E-02   2.1391428E-03   3.1060046E+02   2.8591109E+05   2.8740960E+05   0.0000000E+00   0.0000000E+00   0.0000000E+00   0.0000000E+00   0.0000000E+00
   4.4061638E-01   2.7187745E+05   2.7187745E+05   3.3370771E-02   1.8885883E-03   2.7966289E+02   2.7045984E+05   2.7187745E+05   0.0000000E+00   0.0000000E+00   0.0000000E+00   0.0000000E+00   0.0000000E+00
   4.5628885E-01   2.5780043E+05   2.5780043E+05   2.9568602E-02   1.6700506E-03   2.5268941E+02   2.5645614E+05   2.5780043E+05   0.0000000E+00   0.0000000E+00   0.0000000E+00   0.0000000E+00   0.0000000E+00
   4.7271274E-01   2.4441719E+05   2.4441719E+05   2.6050705E-02   1.4752947E-03   2.2830875E+02   2.4314261E+05   2.4441719E+05   0.0000000E+00   0.0000000E+00   0.0000000E+00   0.0000000E+00   0.0000000E+00
   4.8996325E-01   2.3098731E+05   2.3098731E+05   2.2912039E-02   1.2980087E-03   2.0560768E+02   2.2978270E+05   2.3098731E+05   0.0000000E+00   0.0000000E+00   0.0000000E+00   0.0000000E+00   0.0000000E+00
   5.0812929E-01   2.1791836E+05   2.1791836E+05   2.0071281E-02   1.1387099E-03   1.8496598E+02   2.1678185E+05   2.1791836E+05   0.0000000E+00   0.0000000E+00   0.0000000E+00   0.0000000E+00   0.0000000E+00
   5.2731676E-01   2.0568800E+05   2.0568800E+05   1.7590776E-02   9.9809266E-04   1.6645436E+02   2.0461522E+05   2.0568800E+05   0.0000000E+00   0.0000000E+00   0.0000000E+00   0.0000000E+00   0.0000000E+00
   5.4765285E-01   1.9389539E+05   1.9389539E+05   1.5357077E-02   8.7237751E-04   1.4971496E+02   1.9288407E+05   1.9389539E+05   0.0000000E+00   0.0000000E+00   0.0000000E+00   0.0000000E+00   0.0000000E+00
   5.6929149E-01   1.8226324E+05   1.8226324E+05   1.3341337E-02   7.5897740E-04   1.3421126E+02   1.8131256E+05   1.8226324E+05   0.0000000E+00   0.0000000E+00   0.0000000E+00   0.0000000E+00   0.0000000E+00
   5.9242049E-01   1.7109091E+05   1.7109091E+05   1.1558230E-02   6.5796475E-04   1.2014689E+02   1.7019847E+05   1.7109091E+05   0.0000000E+00   0.0000000E+00   0.0000000E+00   0.0000000E+00   0.0000000E+00
   6.1727052E-01   1.6030633E+05   1.6030633E+05   9.9858452E-03   5.6788709E-04   1.0728679E+02   1.5947011E+05   1.6030633E+05   0.0000000E+00   0.0000000E+00   0.0000000E+00   0.0000000E+00   0.0000000E+00
   6.4412655E-01   1.4972323E+05   1.4972323E+05   8.5554812E-03   4.8714260E-04   9.5530588E+01   1.4894218E+05   1.4972323E+05   0.0000000E+00   0.0000000E+00   0.0000000E+00   0.0000000E+00   0.0000000E+00
   6.7334157E-01   1.3945893E+05   1.3945893E+05   7.2948575E-03   4.1526427E-04   8.4815328E+01   1.3873140E+05   1.3945893E+05   0.0000000E+00   0.0000000E+00   0.0000000E+00   0.0000000E+00   0.0000000E+00
   7.0535203E-01   1.2941707E+05   1.2941707E+05   6.1668921E-03   3.5120467E-04   7.4980757E+01   1.2874191E+05   1.2941707E+05   0.0000000E+00   0.0000000E+00   0.0000000E+00   0.0000000E+00   0.0000000E+00
   7.4069239E-01   1.1959610E+05   1.1959610E+05   5.1674526E-03   2.9434604E-04   6.5988063E+01   1.1897215E+05   1.1959610E+05   0.0000000E+00   0.0000000E+00   0.0000000E+00   0.0000000E+00   0.0000000E+00
   7.8000263E-01   1.0998540E+05   1.0998540E+05   4.2835654E-03   2.4411138E-04   5.7786885E+01   1.0941158E+05   1.0998540E+05   0.0000000E+00   0.0000000E+00   0.0000000E+00   0.0000000E+00   0.0000000E+00
   8.2401675E-01   1.0059577E+05   1.0059577E+05   3.5221584E-03   2.0006959E-04   5.0296970E+01   1.0007091E+05   1.0059577E+05   0.0000000E+00   0.0000000E+00   0.0000000E+00   0.0000000E+00   0.0000000E+00
   8.7351512E-01   9.1458714E+04   9.1458714E+04   2.8405050E-03   1.6188167E-04   4.3499807E+01   9.0981516E+04   9.1458714E+04   0.0000000E+00   0.0000000E+00   0.0000000E+00   0.0000000E+00   0.0000000E+00
   9.2922745E-01   8.2646178E+04   8.2646178E+04   2.2671031E-03   1.2927653E-04   3.7420326E+01   8.2214948E+04   8.2646178E+04   0.0000000E+00   0.0000000E+00   0.0000000E+00   0.0000000E+00   0.0000000E+00
   9.9170233E-01   7.4255728E+04   7.4255728E+04   1.7875900E-03   1.0198697E-04   3.2032062E+01   7.3868268E+04   7.4255728E+04   0.0000000E+00   0.0000000E+00   0.0000000E+00   0.0000000E+00   0.0000000E+00
   1.0612117E+00   6.6394742E+04   6.6394742E+04   1.3955797E-03   7.9641372E-05   2.7342346E+01   6.6048293E+04   6.6394742E+04   0.0000000E+00   0.0000000E+00   0.0000000E+00   0.0000000E+00   0.0000000E+00
   1.1377760E+00   5.9149898E+04   5.9149898E+04   1.0813854E-03   6.1726381E-05   2.3327824E+01   5.8841245E+04   5.9149898E+04   0.0000000E+00   0.0000000E+00   0.0000000E+00   0.0000000E+00   0.0000000E+00
   1.2213144E+00   5.2566755E+04   5.2566755E+04   8.3377829E-04   4.7612404E-05   1.9908555E+01   5.2292449E+04   5.2566755E+04   0.0000000E+00   0.0000000E+00   0.0000000E+00   0.0000000E+00   0.0000000E+00
   1.3118173E+00   4.6645855E+04   4.6645855E+04   6.4124202E-04   3.6623262E-05   1.7026535E+01   4.6402442E+04   4.6645855E+04   0.0000000E+00   0.0000000E+00   0.0000000E+00   0.0000000E+00   0.0000000E+00
   1.4094399E+00   4.1352449E+04   4.1352449E+04   4.9259131E-04   2.8127546E-05   1.4599023E+01   4.1136656E+04   4.1352449E+04   0.0000000E+00   0.0000000E+00   0.0000000E+00   0.0000000E+00   0.0000000E+00
   1.5145063E+00   3.6636211E+04   3.6636211E+04   3.7785926E-04   2.1583363E-05   1.2551598E+01   3.6445026E+04   3.6636211E+04   0.0000000E+00   0.0000000E+00   0.0000000E+00   0.0000000E+00   0.0000000E+00
   1.6274726E+00   3.2441776E+04   3.2441776E+04   2.9148055E-04   1.6552222E-05   1.0821760E+01   3.2272478E+04   3.2441776E+04   0.0000000E+00   0.0000000E+00   0.0000000E+00   0.0000000E+00   0.0000000E+00
   1.7488873E+00   2.8714791E+04   2.8714791E+04   2.2205985E-04   1.2688001E-05   9.3542238E+00   2.8564941E+04   2.8714791E+04   0.0000000E+00   0.0000000E+00   0.0000000E+00   0.0000000E+00   0.0000000E+00
   1.8793662E+00   2.5405685E+04   2.5405685E+04   1.7009198E-04   9.7220657E-06   8.1003814E+00   2.5273103E+04   2.5405685E+04   0.0000000E+00   0.0000000E+00   0.0000000E+00   0.0000000E+00   0.0000000E+00
   2.0195813E+00   2.2469005E+04   2.2469005E+04   1.3024949E-04   7.4463926E-06   7.0320261E+00   2.2351747E+04   2.2469005E+04   0.0000000E+00   0.0000000E+00   0.0000000E+00   0.0000000E+00   0.0000000E+00
   2.1702578E+00   1.9864256E+04   1.9864256E+04   9.9704647E-05   5.7013318E-06   6.1143644E+00   1.9760591E+04   1.9864256E+04   0.0000000E+00   0.0000000E+00   0.0000000E+00   0.0000000E+00   0.0000000E+00
   2.3321761E+00   1.7555004E+04   1.7555004E+04   7.6296104E-05   4.3637023E-06   5.3242781E+00   1.7463390E+04   1.7555004E+04   0.0000000E+00   0.0000000E+00   0.0000000E+00   0.0000000E+00   0.0000000E+00
   2.5061747E+00   1.5508639E+04   1.5508639E+04   5.8343110E-05   3.3386939E-06   4.6442827E+00   1.5427703E+04   1.5508639E+04   0.0000000E+00   0.0000000E+00   0.0000000E+00   0.0000000E+00   0.0000000E+00
   2.6931549E+00   1.3696074E+04   1.3696074E+04   4.4646693E-05   2.5536544E-06   4.0546339E+00   1.3624597E+04   1.3696074E+04   0.0000000E+00   0.0000000E+00   0.0000000E+00   0.0000000E+00   0.0000000E+00
   2.8940853E+00   1.2091282E+04   1.2091282E+04   3.4126917E-05   1.9525605E-06   3.5445209E+00   1.2028180E+04   1.2091282E+04   0.0000000E+00   0.0000000E+00   0.0000000E+00   0.0000000E+00   0.0000000E+00
   3.1100068E+00   1.0671034E+04   1.0671034E+04   2.6078497E-05   1.4924954E-06   3.1015375E+00   1.0615344E+04   1.0671034E+04   0.0000000E+00   0.0000000E+00   0.0000000E+00   0.0000000E+00   0.0000000E+00
   3.3420376E+00   9.4146180E+03   9.4146180E+03   1.9928681E-05   1.1405094E-06   2.7154402E+00   9.3654850E+03   9.4146180E+03   0.0000000E+00   0.0000000E+00   0.0000000E+00   0.0000000E+00   0.0000000E+00
   3.5913798E+00   8.3035715E+03   8.3035715E+03   1.5216462E-05   8.7128791E-07   2.3790048E+00   8.2602367E+03   8.3035715E+03   0.0000000E+00   0.0000000E+00   0.0000000E+00   0.0000000E+00   0.0000000E+00
   3.8593248E+00   7.3214476E+03   7.3214476E+03   1.1605643E-05   6.6544047E-07   2.0856520E+00   7.2832382E+03   7.3214476E+03   0.0000000E+00   0.0000000E+00   0.0000000E+00   0.0000000E+00   0.0000000E+00
   4.1472607E+00   6.4536057E+03   6.4536057E+03   8.8712142E-06   5.0810099E-07   1.8290425E+00   6.4199254E+03   6.4536057E+03   0.0000000E+00   0.0000000E+00   0.0000000E+00   0.0000000E+00   0.0000000E+00
   4.4566788E+00   5.6870211E+03   5.6870211E+03   6.7677926E-06   3.8786797E-07   1.6047096E+00   5.6573414E+03   5.6870211E+03   0.0000000E+00   0.0000000E+00   0.0000000E+00   0.0000000E+00   0.0000000E+00
   4.7891819E+00   5.0101134E+03   5.0101134E+03   5.1629868E-06   2.9602179E-07   1.4082881E+00   4.9839664E+03   5.0101134E+03   0.0000000E+00   0.0000000E+00   0.0000000E+00   0.0000000E+00   0.0000000E+00
   5.1464924E+00   4.4125922E+03   4.4125922E+03   3.9347396E-06   2.2587750E-07   1.2362268E+00   4.3895636E+03   4.4125922E+03   0.0000000E+00   0.0000000E+00   0.0000000E+00   0.0000000E+00   0.0000000E+00
   5.5304610E+00   3.8853190E+03   3.8853190E+03   3.0024840E-06   1.7232178E-07   1.0852883E+00   3.8650421E+03   3.8853190E+03   0.0000000E+00   0.0000000E+00   0.0000000E+00   0.0000000E+00   0.0000000E+00
   5.9430767E+00   3.4201819E+03   3.4201819E+03   2.2889663E-06   1.3144219E-07   9.5292582E-01   3.4023325E+03   3.4201819E+03   0.0000000E+00   0.0000000E+00   0.0000000E+00   0.0000000E+00   0.0000000E+00
   6.3864767E+00   3.0099844E+03   3.0099844E+03   1.7428884E-06   1.0024455E-07   8.3682116E-01   2.9942757E+03   3.0099844E+03   0.0000000E+00   0.0000000E+00   0.0000000E+00   0.0000000E+00   0.0000000E+00
   6.8629579E+00   2.6483450E+03   2.6483450E+03   1.3291429E-06   7.6441641E-08   7.3487059E-01   2.6345236E+03   2.6483450E+03   0.0000000E+00   0.0000000E+00   0.0000000E+00   0.0000000E+00   0.0000000E+00
   7.3749883E+00   2.3296076E+03   2.3296076E+03   1.0126922E-06   5.8284681E-08   6.4531070E-01   2.3174497E+03   2.3296076E+03   0.0000000E+00   0.0000000E+00   0.0000000E+00   0.0000000E+00   0.0000000E+00
   7.9252201E+00   2.0487617E+03   2.0487617E+03   7.7106092E-07   4.4436559E-08   5.6671524E-01   2.0380695E+03   2.0487617E+03   0.0000000E+00   0.0000000E+00   0.0000000E+00   0.0000000E+00   0.0000000E+00
   8.5165036E+00   1.8013704E+03   1.8013704E+03   5.8712079E-07   3.3876845E-08   4.9768046E-01   1.7919693E+03   1.8013704E+03   0.0000000E+00   0.0000000E+00   0.0000000E+00   0.0000000E+00   0.0000000E+00
