#           k/h    CDM            baryon         photon         nu             mass_nu        total          no_nu          total_de       Weyl           v_CDM          v_b            v_b-v_c     
   1.0071825E-05   1.1334687E+06   1.1334687E+06   1.5112511E+06   1.1999597E+04   1.4433488E+03   1.1339687E+06   1.1334687E+06   0.0000000E+00   0.0000000E+00   0.0000000E+00   0.0000000E+00   0.0000000E+00
   1.0823262E-05   1.1334686E+06   1.1334686E+06   1.5112447E+06   1.1999563E+04   1.4433323E+03   1.1339686E+06   1.1334686E+06   0.0000000E+00   0.0000000E+00   0.0000000E+00   0.0000000E+00   0.0000000E+00
   1.1630762E-05   1.1334685E+06   1.1334685E+06   1.5112373E+06   1.1999524E+04   1.4433132E+03   1.1339684E+06   1.1334685E+06   0.0000000E+00   0.0000000E+00   0.0000000E+00   0.0000000E+00   0.0000000E+00
   1.2498508E-05   1.1334683E+06   1.1334683E+06   1.5112287E+06   1.1999480E+04   1.4432912E+03   1.1339682E+06   1.1334683E+06   0.0000000E+00   0.0000000E+00   0.0000000E+00   0.0000000E+00   0.0000000E+00
   1.3430995E-05   1.1334681E+06   1.1334681E+06   1.5112188E+06   1.1999428E+04   1.4432658E+03   1.1339680E+06   1.1334681E+06   0.0000000E+00   0.0000000E+00   0.0000000E+00   0.0000000E+00   0.0000000E+00
   1.4433052E-05   1.1334679E+06   1.1334679E+06   1.5112073E+06   1.1999369E+04   1.4432364E+03   1.1339678E+06   1.1334679E+06   0.0000000E+00   0.0000000E+00   0.0000000E+00   0.0000000E+00   0.0000000E+00
   1.5509871E-05   1.1334676E+06   1.1334676E+06   1.5111941E+06   1.1999300E+04   1.4432026E+03   1.1339675E+06   1.1334676E+06   0.0000000E+00   0.0000000E+00   0.0000000E+00   0.0000000E+00   0.0000000E+00
   1.6667028E-05   1.1334673E+06   1.1334673E+06   1.5111788E+06   1.1999220E+04   1.4431634E+03   1.1339671E+06   1.1334673E+06   0.0000000E+00   0.0000000E+00   0.0000000E+00   0.0000000E+00   0.0000000E+00
   1.7910519E-05   1.1334670E+06   1.1334670E+06   1.5111612E+06   1.1999128E+04   1.4431182E+03   1.1339668E+06   1.1334670E+06   0.0000000E+00   0.0000000E+00   0.0000000E+00   0.0000000E+00   0.0000000E+00
   1.9246784E-05   1.1334666E+06   1.1334666E+06   1.5111408E+06   1.1999023E+04   1.4430661E+03   1.1339663E+06   1.1334666E+06   0.0000000E+00   0.0000000E+00   0.0000000E+00   0.0000000E+00   0.0000000E+00
   2.0682745E-05   1.1334661E+06   1.1334661E+06   1.5111173E+06   1.1998900E+04   1.4430058E+03   1.1339658E+06   1.1334661E+06   0.0000000E+00   0.0000000E+00   0.0000000E+00   0.0000000E+00   0.0000000E+00
   2.2225840E-05   1.1334656E+06   1.1334656E+06   1.5110902E+06   1.1998759E+04   1.4429362E+03   1.1339652E+06   1.1334656E+06   0.0000000E+00   0.0000000E+00   0.0000000E+00   0.0000000E+00   0.0000000E+00
   2.3884061E-05   1.1334650E+06   1.1334650E+06   1.5110588E+06   1.1998596E+04   1.4428559E+03   1.1339645E+06   1.1334650E+06   0.0000000E+00   0.0000000E+00   0.0000000E+00   0.0000000E+00   0.0000000E+00
   2.5665999E-05   1.1334643E+06   1.1334643E+06   1.5110226E+06   1.1998407E+04   1.4427631E+03   1.1339637E+06   1.1334643E+06   0.0000000E+00   0.0000000E+00   0.0000000E+00   0.0000000E+00   0.0000000E+00
   2.7580884E-05   1.1334635E+06   1.1334635E+06   1.5109808E+06   1.1998190E+04   1.4426560E+03   1.1339628E+06   1.1334635E+06   0.0000000E+00   0.0000000E+00   0.0000000E+00   0.0000000E+00   0.0000000E+00
   2.9638633E-05   1.1334625E+06   1.1334625E+06   1.5109325E+06   1.1997939E+04   1.4425323E+03   1.1339617E+06   1.1334625E+06   0.0000000E+00   0.0000000E+00   0.0000000E+00   0.0000000E+00   0.0000000E+00
   3.1849907E-05   1.1334615E+06   1.1334615E+06   1.5108768E+06   1.1997648E+04   1.4423894E+03   1.1339605E+06   1.1334615E+06   0.0000000E+00   0.0000000E+00   0.0000000E+00   0.0000000E+00   0.0000000E+00
   3.4226160E-05   1.1334602E+06   1.1334602E+06   1.5108124E+06   1.1997313E+04   1.4422245E+03   1.1339591E+06   1.1334602E+06   0.0000000E+00   0.0000000E+00   0.0000000E+00   0.0000000E+00   0.0000000E+00
   3.6779699E-05   1.1334588E+06   1.1334588E+06   1.5107381E+06   1.1996927E+04   1.4420340E+03   1.1339575E+06   1.1334588E+06   0.0000000E+00   0.0000000E+00   0.0000000E+00   0.0000000E+00   0.0000000E+00
   3.9523753E-05   1.1334571E+06   1.1334571E+06   1.5106523E+06   1.1996480E+04   1.4418141E+03   1.1339556E+06   1.1334571E+06   0.0000000E+00   0.0000000E+00   0.0000000E+00   0.0000000E+00   0.0000000E+00
   4.2472534E-05   1.1334552E+06   1.1334552E+06   1.5105532E+06   1.1995964E+04   1.4415602E+03   1.1339534E+06   1.1334552E+06   0.0000000E+00   0.0000000E+00   0.0000000E+00   0.0000000E+00   0.0000000E+00
   4.5641318E-05   1.1334530E+06   1.1334530E+06   1.5104387E+06   1.1995368E+04   1.4412670E+03   1.1339509E+06   1.1334530E+06   0.0000000E+00   0.0000000E+00   0.0000000E+00   0.0000000E+00   0.0000000E+00
   4.9046517E-05   1.1334504E+06   1.1334504E+06   1.5103066E+06   1.1994681E+04   1.4409285E+03   1.1339480E+06   1.1334504E+06   0.0000000E+00   0.0000000E+00   0.0000000E+00   0.0000000E+00   0.0000000E+00
   5.2705772E-05   1.1334474E+06   1.1334474E+06   1.5101540E+06   1.1993886E+04   1.4405377E+03   1.1339446E+06   1.1334474E+06   0.0000000E+00   0.0000000E+00   0.0000000E+00   0.0000000E+00   0.0000000E+00
   5.6638035E-05   1.1334440E+06   1.1334440E+06   1.5099778E+06   1.1992969E+04   1.4400864E+03   1.1339408E+06   1.1334440E+06   0.0000000E+00   0.0000000E+00   0.0000000E+00   0.0000000E+00   0.0000000E+00
   6.0863675E-05   1.1334401E+06   1.1334401E+06   1.5097744E+06   1.1991910E+04   1.4395654E+03   1.1339363E+06   1.1334401E+06   0.0000000E+00   0.0000000E+00   0.0000000E+00   0.0000000E+00   0.0000000E+00
   6.5404582E-05   1.1334355E+06   1.1334355E+06   1.5095395E+06   1.1990688E+04   1.4389640E+03   1.1339311E+06   1.1334355E+06   0.0000000E+00   0.0000000E+00   0.0000000E+00   0.0000000E+00   0.0000000E+00
   7.0284276E-05   1.1334302E+06   1.1334302E+06   1.5092683E+06   1.1989276E+04   1.4382697E+03   1.1339252E+06   1.1334302E+06   0.0000000E+00   0.0000000E+00   0.0000000E+00   0.0000000E+00   0.0000000E+00
   7.5528033E-05   1.1334241E+06   1.1334241E+06   1.5089551E+06   1.1987646E+04   1.4374682E+03   1.1339183E+06   1.1334241E+06   0.0000000E+00   0.0000000E+00   0.0000000E+00   0.0000000E+00   0.0000000E+00
   8.1163016E-05   1.1334171E+06   1.1334171E+06   1.5085936E+06   1.1985764E+04   1.4365430E+03   1.1339104E+06   1.1334171E+06   0.0000000E+00   0.0000000E+00   0.0000000E+00   0.0000000E+00   0.0000000E+00
   8.7218412E-05   1.1334090E+06   1.1334090E+06   1.5081762E+06   1.1983591E+04   1.4354751E+03   1.1339012E+06   1.1334090E+06   0.0000000E+00   0.0000000E+00   0.0000000E+00   0.0000000E+00   0.0000000E+00
   9.3725588E-05   1.1333996E+06   1.1333996E+06   1.5076944E+06   1.1981082E+04   1.4342427E+03   1.1338906E+06   1.1333996E+06   0.0000000E+00   0.0000000E+00   0.0000000E+00   0.0000000E+00   0.0000000E+00
   1.0071825E-04   1.1333888E+06   1.1333888E+06   1.5071381E+06   1.1978185E+04   1.4328204E+03   1.1338784E+06   1.1333888E+06   0.0000000E+00   0.0000000E+00   0.0000000E+00   0.0000000E+00   0.0000000E+00
   1.0823262E-04   1.1333763E+06   1.1333763E+06   1.5064960E+06   1.1974841E+04   1.4311791E+03   1.1338642E+06   1.1333763E+06   0.0000000E+00   0.0000000E+00   0.0000000E+00   0.0000000E+00   0.0000000E+00
   1.1630762E-04   1.1333619E+06   1.1333619E+06   1.5057548E+06   1.1970981E+04   1.4292855E+03   1.1338479E+06   1.1333619E+06   0.0000000E+00   0.0000000E+00   0.0000000E+00   0.0000000E+00   0.0000000E+00
   1.2498508E-04   1.1333453E+06   1.1333453E+06   1.5048993E+06   1.1966525E+04   1.4271008E+03   1.1338291E+06   1.1333453E+06   0.0000000E+00   0.0000000E+00   0.0000000E+00   0.0000000E+00   0.0000000E+00
   1.3430995E-04   1.1333260E+06   1.1333260E+06   1.5039120E+06   1.1961381E+04   1.4245810E+03   1.1338074E+06   1.1333260E+06   0.0000000E+00   0.0000000E+00   0.0000000E+00   0.0000000E+00   0.0000000E+00
   1.4433052E-04   1.1333039E+06   1.1333039E+06   1.5027725E+06   1.1955443E+04   1.4216749E+03   1.1337823E+06   1.1333039E+06   0.0000000E+00   0.0000000E+00   0.0000000E+00   0.0000000E+00   0.0000000E+00
   1.5509871E-04   1.1332782E+06   1.1332782E+06   1.5014576E+06   1.1948591E+04   1.4183241E+03   1.1337533E+06   1.1332782E+06   0.0000000E+00   0.0000000E+00   0.0000000E+00   0.0000000E+00   0.0000000E+00
   1.6667028E-04   1.1332487E+06   1.1332487E+06   1.4999406E+06   1.1940683E+04   1.4144615E+03   1.1337199E+06   1.1332487E+06   0.0000000E+00   0.0000000E+00   0.0000000E+00   0.0000000E+00   0.0000000E+00
   1.7910519E-04   1.1332145E+06   1.1332145E+06   1.4981905E+06   1.1931557E+04   1.4100100E+03   1.1336812E+06   1.1332145E+06   0.0000000E+00   0.0000000E+00   0.0000000E+00   0.0000000E+00   0.0000000E+00
   1.9246784E-04   1.1331751E+06   1.1331751E+06   1.4961718E+06   1.1921028E+04   1.4048817E+03   1.1336367E+06   1.1331751E+06   0.0000000E+00   0.0000000E+00   0.0000000E+00   0.0000000E+00   0.0000000E+00
   2.0682745E-04   1.1331296E+06   1.1331296E+06   1.4938438E+06   1.1908881E+04   1.3989756E+03   1.1335852E+06   1.1331296E+06   0.0000000E+00   0.0000000E+00   0.0000000E+00   0.0000000E+00   0.0000000E+00
   2.2225840E-04   1.1330771E+06   1.1330771E+06   1.4911595E+06   1.1894870E+04   1.3921767E+03   1.1335259E+06   1.1330771E+06   0.0000000E+00   0.0000000E+00   0.0000000E+00   0.0000000E+00   0.0000000E+00
   2.3884061E-04   1.1330165E+06   1.1330165E+06   1.4880653E+06   1.1878712E+04   1.3843538E+03   1.1334574E+06   1.1330165E+06   0.0000000E+00   0.0000000E+00   0.0000000E+00   0.0000000E+00   0.0000000E+00
   2.5665999E-04   1.1329465E+06   1.1329465E+06   1.4844994E+06   1.1860080E+04   1.3753580E+03   1.1333783E+06   1.1329465E+06   0.0000000E+00   0.0000000E+00   0.0000000E+00   0.0000000E+00   0.0000000E+00
   2.7580884E-04   1.1328658E+06   1.1328658E+06   1.4803914E+06   1.1838602E+04   1.3650200E+03   1.1332871E+06   1.1328658E+06   0.0000000E+00   0.0000000E+00   0.0000000E+00   0.0000000E+00   0.0000000E+00
   2.9638633E-04   1.1327727E+06   1.1327727E+06   1.4756605E+06   1.1813850E+04   1.3531487E+03   1.1331819E+06   1.1327727E+06   0.0000000E+00   0.0000000E+00   0.0000000E+00   0.0000000E+00   0.0000000E+00
   3.1849907E-04   1.1326652E+06   1.1326652E+06   1.4702145E+06   1.1785333E+04   1.3395286E+03   1.1330606E+06   1.1326652E+06   0.0000000E+00   0.0000000E+00   0.0000000E+00   0.0000000E+00   0.0000000E+00
   3.4226160E-04   1.1325413E+06   1.1325413E+06   1.4639485E+06   1.1752490E+04   1.3239182E+03   1.1329206E+06   1.1325413E+06   0.0000000E+00   0.0000000E+00   0.0000000E+00   0.0000000E+00   0.0000000E+00
   3.6779699E-04   1.1323984E+06   1.1323984E+06   1.4567430E+06   1.1714682E+04   1.3060478E+03   1.1327593E+06   1.1323984E+06   0.0000000E+00   0.0000000E+00   0.0000000E+00   0.0000000E+00   0.0000000E+00
   3.9523753E-04   1.1322336E+06   1.1322336E+06   1.4484627E+06   1.1671177E+04   1.2856183E+03   1.1325733E+06   1.1322336E+06   0.0000000E+00   0.0000000E+00   0.0000000E+00   0.0000000E+00   0.0000000E+00
   4.2472534E-04   1.1320436E+06   1.1320436E+06   1.4389545E+06   1.1621146E+04   1.2623009E+03   1.1323589E+06   1.1320436E+06   0.0000000E+00   0.0000000E+00   0.0000000E+00   0.0000000E+00   0.0000000E+00
   4.5641318E-04   1.1318247E+06   1.1318247E+06   1.4280457E+06   1.1563648E+04   1.2357369E+03   1.1321120E+06   1.1318247E+06   0.0000000E+00   0.0000000E+00   0.0000000E+00   0.0000000E+00   0.0000000E+00
   4.9046517E-04   1.1315725E+06   1.1315725E+06   1.4155429E+06   1.1497615E+04   1.2055401E+03   1.1318276E+06   1.1315725E+06   0.0000000E+00   0.0000000E+00   0.0000000E+00   0.0000000E+00   0.0000000E+00
   5.2705772E-04   1.1312820E+06   1.1312820E+06   1.4012299E+06   1.1421846E+04   1.1713009E+03   1.1315003E+06   1.1312820E+06   0.0000000E+00   0.0000000E+00   0.0000000E+00   0.0000000E+00   0.0000000E+00
   5.6638035E-04   1.1309476E+06   1.1309476E+06   1.3848668E+06   1.1334993E+04   1.1325935E+03   1.1311237E+06   1.1309476E+06   0.0000000E+00   0.0000000E+00   0.0000000E+00   0.0000000E+00   0.0000000E+00
   6.0863675E-04   1.1305628E+06   1.1305628E+06   1.3661895E+06   1.1235549E+04   1.0889873E+03   1.1306907E+06   1.1305628E+06   0.0000000E+00   0.0000000E+00   0.0000000E+00   0.0000000E+00   0.0000000E+00
   6.5404582E-04   1.1301203E+06   1.1301203E+06   1.3449095E+06   1.1121837E+04   1.0400635E+03   1.1301930E+06   1.1301203E+06   0.0000000E+00   0.0000000E+00   0.0000000E+00   0.0000000E+00   0.0000000E+00
   7.0284276E-04   1.1296117E+06   1.1296117E+06   1.3207153E+06   1.0992011E+04   9.8543870E+02   1.1296216E+06   1.1296117E+06   0.0000000E+00   0.0000000E+00   0.0000000E+00   0.0000000E+00   0.0000000E+00
   7.5528033E-04   1.1290276E+06   1.1290276E+06   1.2932754E+06   1.0844051E+04   9.2479761E+02   1.1289659E+06   1.1290276E+06   0.0000000E+00   0.0000000E+00   0.0000000E+00   0.0000000E+00   0.0000000E+00
   8.1163016E-04   1.1283573E+06   1.1283573E+06   1.2622426E+06   1.0675770E+04   8.5793579E+02   1.1282144E+06   1.1283573E+06   0.0000000E+00   0.0000000E+00   0.0000000E+00   0.0000000E+00   0.0000000E+00
   8.7218412E-04   1.1275888E+06   1.1275888E+06   1.2272627E+06   1.0484831E+04   7.8481580E+02   1.1273539E+06   1.1275888E+06   0.0000000E+00   0.0000000E+00   0.0000000E+00   0.0000000E+00   0.0000000E+00
   9.3725588E-04   1.1267087E+06   1.1267087E+06   1.1879848E+06   1.0268779E+04   7.0563763E+02   1.1263700E+06   1.1267087E+06   0.0000000E+00   0.0000000E+00   0.0000000E+00   0.0000000E+00   0.0000000E+00
   1.0071825E-03   1.1257020E+06   1.1257020E+06   1.1440783E+06   1.0025092E+04   6.2092498E+02   1.1252465E+06   1.1257020E+06   0.0000000E+00   0.0000000E+00   0.0000000E+00   0.0000000E+00   0.0000000E+00
   1.0823262E-03   1.1245520E+06   1.1245520E+06   1.0952534E+06   9.7512500E+03   5.3162698E+02   1.1239658E+06   1.1245520E+06   0.0000000E+00   0.0000000E+00   0.0000000E+00   0.0000000E+00   0.0000000E+00
   1.1630762E-03   1.1232406E+06   1.1232406E+06   1.0412896E+06   9.4448395E+03   4.3923264E+02   1.1225086E+06   1.1232406E+06   0.0000000E+00   0.0000000E+00   0.0000000E+00   0.0000000E+00   0.0000000E+00
   1.2498508E-03   1.1217477E+06   1.1217477E+06   9.8207047E+05   9.1036917E+03   3.4589102E+02   1.1208541E+06   1.1217477E+06   0.0000000E+00   0.0000000E+00   0.0000000E+00   0.0000000E+00   0.0000000E+00
   1.3430995E-03   1.1200516E+06   1.1200516E+06   9.1762642E+05   8.7260606E+03   2.5452441E+02   1.1189802E+06   1.1200516E+06   0.0000000E+00   0.0000000E+00   0.0000000E+00   0.0000000E+00   0.0000000E+00
   1.4433052E-03   1.1181292E+06   1.1181292E+06   8.4818420E+05   8.3108487E+03   1.6891277E+02   1.1168634E+06   1.1181292E+06   0.0000000E+00   0.0000000E+00   0.0000000E+00   0.0000000E+00   0.0000000E+00
   1.5509871E-03   1.1159558E+06   1.1159558E+06   7.7422146E+05   7.8578778E+03   9.3716637E+01   1.1144795E+06   1.1159558E+06   0.0000000E+00   0.0000000E+00   0.0000000E+00   0.0000000E+00   0.0000000E+00
   1.6667028E-03   1.1135056E+06   1.1135056E+06   6.9652223E+05   7.3682026E+03   3.4392359E+01   1.1118037E+06   1.1135056E+06   0.0000000E+00   0.0000000E+00   0.0000000E+00   0.0000000E+00   0.0000000E+00
   1.7910519E-03   1.1107520E+06   1.1107520E+06   6.1622657E+05   6.8444533E+03   -3.0604229E+00   1.1088115E+06   1.1107520E+06   0.0000000E+00   0.0000000E+00   0.0000000E+00   0.0000000E+00   0.0000000E+00
   1.9246784E-03   1.1076683E+06   1.1076683E+06   5.3486364E+05   6.2911787E+03   -1.2588603E+01   1.1054789E+06   1.1076683E+06   0.0000000E+00   0.0000000E+00   0.0000000E+00   0.0000000E+00   0.0000000E+00
   2.0682745E-03   1.1042277E+06   1.1042277E+06   4.5435360E+05   5.7151481E+03   1.1119342E+01   1.1017832E+06   1.1042277E+06   0.0000000E+00   0.0000000E+00   0.0000000E+00   0.0000000E+00   0.0000000E+00
   2.2225840E-03   1.1004044E+06   1.1004044E+06   3.7695978E+05   5.1255443E+03   7.1490780E+01   1.0977036E+06   1.1004044E+06   0.0000000E+00   0.0000000E+00   0.0000000E+00   0.0000000E+00   0.0000000E+00
   2.3884061E-03   1.0961737E+06   1.0961737E+06   3.0517065E+05   4.5339609E+03   1.6860252E+02   1.0932218E+06   1.0961737E+06   0.0000000E+00   0.0000000E+00   0.0000000E+00   0.0000000E+00   0.0000000E+00
   2.5665999E-03   1.0915126E+06   1.0915126E+06   2.4149349E+05   3.9540984E+03   2.9753906E+02   1.0883217E+06   1.0915126E+06   0.0000000E+00   0.0000000E+00   0.0000000E+00   0.0000000E+00   0.0000000E+00
   2.7580884E-03   1.0863997E+06   1.0863997E+06   1.8815213E+05   3.4010503E+03   4.4691938E+02   1.0829893E+06   1.0863997E+06   0.0000000E+00   0.0000000E+00   0.0000000E+00   0.0000000E+00   0.0000000E+00
   2.9638633E-03   1.0808150E+06   1.0808150E+06   1.4670297E+05   2.8900991E+03   5.9818970E+02   1.0772114E+06   1.0808150E+06   0.0000000E+00   0.0000000E+00   0.0000000E+00   0.0000000E+00   0.0000000E+00
   3.1849907E-03   1.0747390E+06   1.0747390E+06   1.1761999E+05   2.4350153E+03   7.2652694E+02   1.0709738E+06   1.0747390E+06   0.0000000E+00   0.0000000E+00   0.0000000E+00   0.0000000E+00   0.0000000E+00
   3.4226160E-03   1.0681511E+06   1.0681511E+06   9.9947704E+04   2.0459926E+03   8.0428583E+02   1.0642592E+06   1.0681511E+06   0.0000000E+00   0.0000000E+00   0.0000000E+00   0.0000000E+00   0.0000000E+00
   3.6779699E-03   1.0610285E+06   1.0610285E+06   9.1169751E+04   1.7275528E+03   8.0759587E+02   1.0570440E+06   1.0610285E+06   0.0000000E+00   0.0000000E+00   0.0000000E+00   0.0000000E+00   0.0000000E+00
   3.9523753E-03   1.0533439E+06   1.0533439E+06   8.7462080E+04   1.4769863E+03   7.2565368E+02   1.0492965E+06   1.0533439E+06   0.0000000E+00   0.0000000E+00   0.0000000E+00   0.0000000E+00   0.0000000E+00
   4.2472534E-03   1.0450644E+06   1.0450644E+06   8.4452190E+04   1.2840594E+03   5.7028133E+02   1.0409761E+06   1.0450644E+06   0.0000000E+00   0.0000000E+00   0.0000000E+00   0.0000000E+00   0.0000000E+00
   4.5641318E-03   1.0361523E+06   1.0361523E+06   7.8443734E+04   1.1326701E+03   3.8079097E+02   1.0320349E+06   1.0361523E+06   0.0000000E+00   0.0000000E+00   0.0000000E+00   0.0000000E+00   0.0000000E+00
   4.9046517E-03   1.0265661E+06   1.0265661E+06   6.7779964E+04   1.0046764E+03   2.1756181E+02   1.0224228E+06   1.0265661E+06   0.0000000E+00   0.0000000E+00   0.0000000E+00   0.0000000E+00   0.0000000E+00
   5.2705772E-03   1.0162643E+06   1.0162643E+06   5.3697354E+04   8.8517285E+02   1.3976101E+02   1.0120930E+06   1.0162643E+06   0.0000000E+00   0.0000000E+00   0.0000000E+00   0.0000000E+00   0.0000000E+00
   5.6638035E-03   1.0052100E+06   1.0052100E+06   3.9900702E+04   7.6727140E+02   1.7124289E+02   1.0010094E+06   1.0052100E+06   0.0000000E+00   0.0000000E+00   0.0000000E+00   0.0000000E+00   0.0000000E+00
   6.0863675E-03   9.9337175E+05   9.9337175E+05   3.0510727E+04   6.5366206E+02   2.7323468E+02   9.8914709E+05   9.9337175E+05   0.0000000E+00   0.0000000E+00   0.0000000E+00   0.0000000E+00   0.0000000E+00
   6.5404582E-03   9.8072241E+05   9.8072241E+05   2.7161110E+04   5.5301819E+02   3.5328702E+02   9.7648724E+05   9.8072241E+05   0.0000000E+00   0.0000000E+00   0.0000000E+00   0.0000000E+00   0.0000000E+00
   7.0284276E-03   9.6723427E+05   9.6723427E+05   2.7340837E+04   4.7232218E+02   3.2755641E+02   9.6300646E+05   9.6723427E+05   0.0000000E+00   0.0000000E+00   0.0000000E+00   0.0000000E+00   0.0000000E+00
   7.5528033E-03   9.5287372E+05   9.5287372E+05   2.6147638E+04   4.1022747E+02   2.0421161E+02   9.4866818E+05   9.5287372E+05   0.0000000E+00   0.0000000E+00   0.0000000E+00   0.0000000E+00   0.0000000E+00
   8.1163016E-03   9.3760078E+05   9.3760078E+05   2.1000835E+04   3.5775968E+02   9.8703552E+01   9.3342486E+05   9.3760078E+05   0.0000000E+00   0.0000000E+00   0.0000000E+00   0.0000000E+00   0.0000000E+00
   8.7218412E-03   9.2137491E+05   9.2137491E+05   1.4716394E+04   3.0706891E+02   1.1609010E+02   9.1723134E+05   9.2137491E+05   0.0000000E+00   0.0000000E+00   0.0000000E+00   0.0000000E+00   0.0000000E+00
   9.3725588E-03   9.0416118E+05   9.0416118E+05   1.2040517E+04   2.5919184E+02   2.0047875E+02   9.0005598E+05   9.0416118E+05   0.0000000E+00   0.0000000E+00   0.0000000E+00   0.0000000E+00   0.0000000E+00
   1.0071825E-02   8.8592849E+05   8.8592849E+05   1.2620627E+04   2.2017275E+02   1.9055216E+02   8.8187423E+05   8.8592849E+05   0.0000000E+00   0.0000000E+00   0.0000000E+00   0.0000000E+00   0.0000000E+00
   1.0823262E-02   8.6664198E+05   8.6664198E+05   1.1353515E+04   1.8997741E+02   8.6869773E+01   8.6265158E+05   8.6664198E+05   0.0000000E+00   0.0000000E+00   0.0000000E+00   0.0000000E+00   0.0000000E+00
   1.1630762E-02   8.4626279E+05   8.4626279E+05   7.6695471E+03   1.6234269E+02   7.5298263E+01   8.4234336E+05   8.4626279E+05   0.0000000E+00   0.0000000E+00   0.0000000E+00   0.0000000E+00   0.0000000E+00
   1.2498508E-02   8.2475740E+05   8.2475740E+05   6.4984476E+03   1.3640654E+02   1.4287805E+02   8.2091412E+05   8.2475740E+05   0.0000000E+00   0.0000000E+00   0.0000000E+00   0.0000000E+00   0.0000000E+00
   1.3430995E-02   8.0209913E+05   8.0209913E+05   6.8844413E+03   1.1604572E+02   9.2225688E+01   7.9834150E+05   8.0209913E+05   0.0000000E+00   0.0000000E+00   0.0000000E+00   0.0000000E+00   0.0000000E+00
   1.4433052E-02   7.7826228E+05   7.7826228E+05   4.7841200E+03   9.8813201E+01   4.8363139E+01   7.7460095E+05   7.7826228E+05   0.0000000E+00   0.0000000E+00   0.0000000E+00   0.0000000E+00   0.0000000E+00
   1.5509871E-02   7.5322955E+05   7.5322955E+05   3.9444345E+03   8.2625774E+01   1.0493136E+02   7.4967181E+05   7.5322955E+05   0.0000000E+00   0.0000000E+00   0.0000000E+00   0.0000000E+00   0.0000000E+00
   1.6667028E-02   7.2699924E+05   7.2699924E+05   3.9933625E+03   7.0064382E+01   4.8748050E+01   7.2355190E+05   7.2699924E+05   0.0000000E+00   0.0000000E+00   0.0000000E+00   0.0000000E+00   0.0000000E+00
   1.7910519E-02   6.9958294E+05   6.9958294E+05   2.5351550E+03   5.8677772E+01   6.1249822E+01   6.9625508E+05   6.9958294E+05   0.0000000E+00   0.0000000E+00   0.0000000E+00   0.0000000E+00   0.0000000E+00
   1.9246784E-02   6.7101774E+05   6.7101774E+05   2.7567217E+03   4.9117977E+01   5.6618063E+01   6.6781661E+05   6.7101774E+05   0.0000000E+00   0.0000000E+00   0.0000000E+00   0.0000000E+00   0.0000000E+00
   2.0682742E-02   6.4137066E+05   6.4137066E+05   1.7804136E+03   4.1082432E+01   4.1851318E+01   6.3830258E+05   6.4137066E+05   0.0000000E+00   0.0000000E+00   0.0000000E+00   0.0000000E+00   0.0000000E+00
   2.2225824E-02   6.1074764E+05   6.1074764E+05   1.8731012E+03   3.4142050E+01   4.3411288E+01   6.0781961E+05   6.1074764E+05   0.0000000E+00   0.0000000E+00   0.0000000E+00   0.0000000E+00   0.0000000E+00
   2.3883977E-02   5.7930370E+05   5.7930370E+05   1.2073633E+03   2.8287921E+01   4.2353164E+01   5.7652040E+05   5.7930370E+05   0.0000000E+00   0.0000000E+00   0.0000000E+00   0.0000000E+00   0.0000000E+00
   2.5665609E-02   5.4725303E+05   5.4725303E+05   1.2025684E+03   2.3460033E+01   2.2237949E+01   5.4461900E+05   5.4725303E+05   0.0000000E+00   0.0000000E+00   0.0000000E+00   0.0000000E+00   0.0000000E+00
   2.7579312E-02   5.1488083E+05   5.1488083E+05   9.4481157E+02   1.9198556E+01   4.0021022E+01   5.1239869E+05   5.1488083E+05   0.0000000E+00   0.0000000E+00   0.0000000E+00   0.0000000E+00   0.0000000E+00
   2.9633064E-02   4.8255829E+05   4.8255829E+05   6.6337691E+02   1.5782100E+01   2.7573158E+01   4.8022828E+05   4.8255829E+05   0.0000000E+00   0.0000000E+00   0.0000000E+00   0.0000000E+00   0.0000000E+00
   3.1832406E-02   4.5075668E+05   4.5075668E+05   5.9097271E+02   1.2921100E+01   1.5854314E+01   4.4857773E+05   4.5075668E+05   0.0000000E+00   0.0000000E+00   0.0000000E+00   0.0000000E+00   0.0000000E+00
   3.4177105E-02   4.2005557E+05   4.2005557E+05   5.2665481E+02   1.0507463E+01   1.7919094E+01   4.1802277E+05   4.2005557E+05   0.0000000E+00   0.0000000E+00   0.0000000E+00   0.0000000E+00   0.0000000E+00
   3.6656558E-02   3.9112071E+05   3.9112071E+05   4.2980192E+02   8.5387061E+00   2.0997077E+01   3.8922601E+05   3.9112071E+05   0.0000000E+00   0.0000000E+00   0.0000000E+00   0.0000000E+00   0.0000000E+00
   3.9246166E-02   3.6462104E+05   3.6462104E+05   3.3677305E+02   6.9608567E+00   2.0914582E+01   3.6285315E+05   3.6462104E+05   0.0000000E+00   0.0000000E+00   0.0000000E+00   0.0000000E+00   0.0000000E+00
   4.1908765E-02   3.4107980E+05   3.4107980E+05   2.6339452E+02   5.7081056E+00   1.9168942E+01   3.3942488E+05   3.4107980E+05   0.0000000E+00   0.0000000E+00   0.0000000E+00   0.0000000E+00   0.0000000E+00
   4.4603257E-02   3.2072462E+05   3.2072462E+05   2.0906722E+02   4.7195863E+00   1.7063317E+01   3.1916757E+05   3.2072462E+05   0.0000000E+00   0.0000000E+00   0.0000000E+00   0.0000000E+00   0.0000000E+00
   4.7296025E-02   3.0343925E+05   3.0343925E+05   1.6993391E+02   3.9431904E+00   1.4919453E+01   3.0196535E+05   3.0343925E+05   0.0000000E+00   0.0000000E+00   0.0000000E+00   0.0000000E+00   0.0000000E+00
   4.9967583E-02   2.8884465E+05   2.8884465E+05   1.4263453E+02   3.3321990E+00   1.2801529E+01   2.8744101E+05   2.8884465E+05   0.0000000E+00   0.0000000E+00   0.0000000E+00   0.0000000E+00   0.0000000E+00
   5.2612032E-02   2.7643529E+05   2.7643529E+05   1.2403648E+02   2.8468609E+00   1.0856401E+01   2.7509144E+05   2.7643529E+05   0.0000000E+00   0.0000000E+00   0.0000000E+00   0.0000000E+00   0.0000000E+00
   5.5232722E-02   2.6568969E+05   2.6568969E+05   1.1103902E+02   2.4565883E+00   9.3174034E+00   2.6439766E+05   2.6568969E+05   0.0000000E+00   0.0000000E+00   0.0000000E+00   0.0000000E+00   0.0000000E+00
   5.7837864E-02   2.5613074E+05   2.5613074E+05   1.0128565E+02   2.1374126E+00   8.4539696E+00   2.5488488E+05   2.5613074E+05   0.0000000E+00   0.0000000E+00   0.0000000E+00   0.0000000E+00   0.0000000E+00
   6.0437551E-02   2.4734911E+05   2.4734911E+05   9.3424920E+01   1.8722296E+00   8.2977680E+00   2.4614568E+05   2.4734911E+05   0.0000000E+00   0.0000000E+00   0.0000000E+00   0.0000000E+00   0.0000000E+00
   6.3042140E-02   2.3900832E+05   2.3900832E+05   8.6332562E+01   1.6496568E+00   8.6003869E+00   2.3784520E+05   2.3900832E+05   0.0000000E+00   0.0000000E+00   0.0000000E+00   0.0000000E+00   0.0000000E+00
   6.5661504E-02   2.3084321E+05   2.3084321E+05   7.8735378E+01   1.4608241E+00   9.0438777E+00   2.2971960E+05   2.3084321E+05   0.0000000E+00   0.0000000E+00   0.0000000E+00   0.0000000E+00   0.0000000E+00
   6.8304777E-02   2.2265732E+05   2.2265732E+05   6.9966335E+01   1.2990074E+00   9.3311822E+00   2.2157335E+05   2.2265732E+05   0.0000000E+00   0.0000000E+00   0.0000000E+00   0.0000000E+00   0.0000000E+00
   7.0980317E-02   2.1432044E+05   2.1432044E+05   6.0560334E+01   1.1587799E+00   9.3197293E+00   2.1327689E+05   2.1432044E+05   0.0000000E+00   0.0000000E+00   0.0000000E+00   0.0000000E+00   0.0000000E+00
   7.3695781E-02   2.0576655E+05   2.0576655E+05   5.1704813E+01   1.0357812E+00   9.0296358E+00   2.0476452E+05   2.0576655E+05   0.0000000E+00   0.0000000E+00   0.0000000E+00   0.0000000E+00   0.0000000E+00
   7.6458223E-02   1.9699105E+05   1.9699105E+05   4.4265929E+01   9.2706733E-01   8.5461013E+00   1.9603163E+05   1.9699105E+05   0.0000000E+00   0.0000000E+00   0.0000000E+00   0.0000000E+00   0.0000000E+00
   7.9274205E-02   1.8804653E+05   1.8804653E+05   3.8406617E+01   8.3033707E-01   7.9975245E+00   1.8713056E+05   1.8804653E+05   0.0000000E+00   0.0000000E+00   0.0000000E+00   0.0000000E+00   0.0000000E+00
   8.2149891E-02   1.7903590E+05   1.7903590E+05   3.3852816E+01   7.4373647E-01   7.4897607E+00   1.7816372E+05   1.7903590E+05   0.0000000E+00   0.0000000E+00   0.0000000E+00   0.0000000E+00   0.0000000E+00
   8.5091138E-02   1.7010243E+05   1.7010243E+05   3.0284612E+01   6.6596595E-01   7.0553784E+00   1.6927368E+05   1.7010243E+05   0.0000000E+00   0.0000000E+00   0.0000000E+00   0.0000000E+00   0.0000000E+00
   8.8103563E-02   1.6141613E+05   1.6141613E+05   2.7504086E+01   5.9600263E-01   6.6738936E+00   1.6062962E+05   1.6141613E+05   0.0000000E+00   0.0000000E+00   0.0000000E+00   0.0000000E+00   0.0000000E+00
   9.1192602E-02   1.5315674E+05   1.5315674E+05   2.5354627E+01   5.3302723E-01   6.2721453E+00   1.5241041E+05   1.5315674E+05   0.0000000E+00   0.0000000E+00   0.0000000E+00   0.0000000E+00   0.0000000E+00
   9.4363564E-02   1.4549396E+05   1.4549396E+05   2.3498538E+01   4.7646007E-01   5.7353662E+00   1.4478491E+05   1.4549396E+05   0.0000000E+00   0.0000000E+00   0.0000000E+00   0.0000000E+00   0.0000000E+00
   9.7621669E-02   1.3856641E+05   1.3856641E+05   2.1282130E+01   4.2582464E-01   5.0204945E+00   1.3789107E+05   1.3856641E+05   0.0000000E+00   0.0000000E+00   0.0000000E+00   0.0000000E+00   0.0000000E+00
   1.0097208E-01   1.3246144E+05   1.3246144E+05   1.8139641E+01   3.8059692E-01   4.3529198E+00   1.3181581E+05   1.3246144E+05   0.0000000E+00   0.0000000E+00   0.0000000E+00   0.0000000E+00   0.0000000E+00
   1.0441992E-01   1.2719852E+05   1.2719852E+05   1.4731533E+01   3.4020914E-01   4.2054484E+00   1.2657850E+05   1.2719852E+05   0.0000000E+00   0.0000000E+00   0.0000000E+00   0.0000000E+00   0.0000000E+00
   1.0797033E-01   1.2271922E+05   1.2271922E+05   1.3144737E+01   3.0424864E-01   4.6037511E+00   1.2212101E+05   1.2271922E+05   0.0000000E+00   0.0000000E+00   0.0000000E+00   0.0000000E+00   0.0000000E+00
   1.1162843E-01   1.1888684E+05   1.1888684E+05   1.3523857E+01   2.7256589E-01   4.5517764E+00   1.1830727E+05   1.1888684E+05   0.0000000E+00   0.0000000E+00   0.0000000E+00   0.0000000E+00   0.0000000E+00
   1.1539938E-01   1.1549767E+05   1.1549767E+05   1.2189672E+01   2.4477154E-01   3.7892448E+00   1.1493459E+05   1.1549767E+05   0.0000000E+00   0.0000000E+00   0.0000000E+00   0.0000000E+00   0.0000000E+00
   1.1928837E-01   1.1230487E+05   1.1230487E+05   9.8555192E+00   2.1999107E-01   3.9063932E+00   1.1175733E+05   1.1230487E+05   0.0000000E+00   0.0000000E+00   0.0000000E+00   0.0000000E+00   0.0000000E+00
   1.2330062E-01   1.0905331E+05   1.0905331E+05   1.0220686E+01   1.9794744E-01   4.0323988E+00   1.0852159E+05   1.0905331E+05   0.0000000E+00   0.0000000E+00   0.0000000E+00   0.0000000E+00   0.0000000E+00
   1.2744142E-01   1.0552136E+05   1.0552136E+05   8.4302388E+00   1.7842853E-01   3.5164238E+00   1.0500684E+05   1.0552136E+05   0.0000000E+00   0.0000000E+00   0.0000000E+00   0.0000000E+00   0.0000000E+00
   1.3171611E-01   1.0156280E+05   1.0156280E+05   8.1212420E+00   1.6074624E-01   3.7172048E+00   1.0106756E+05   1.0156280E+05   0.0000000E+00   0.0000000E+00   0.0000000E+00   0.0000000E+00   0.0000000E+00
   1.3613008E-01   9.7140042E+04   9.7140042E+04   6.7919949E+00   1.4476680E-01   3.2440589E+00   9.6666351E+04   9.7140042E+04   0.0000000E+00   0.0000000E+00   0.0000000E+00   0.0000000E+00   0.0000000E+00
   1.4068879E-01   9.2339257E+04   9.2339257E+04   6.6584607E+00   1.3012751E-01   3.3052289E+00   9.1888961E+04   9.2339257E+04   0.0000000E+00   0.0000000E+00   0.0000000E+00   0.0000000E+00   0.0000000E+00
   1.4539779E-01   8.7360121E+04   8.7360121E+04   5.2088162E+00   1.1675894E-01   3.0602654E+00   8.6934090E+04   8.7360121E+04   0.0000000E+00   0.0000000E+00   0.0000000E+00   0.0000000E+00   0.0000000E+00
   1.5026267E-01   8.2477210E+04   8.2477210E+04   4.9811872E+00   1.0454069E-01   2.7384110E+00   8.2074980E+04   8.2477210E+04   0.0000000E+00   0.0000000E+00   0.0000000E+00   0.0000000E+00   0.0000000E+00
   1.5528914E-01   7.7977394E+04   7.7977394E+04   4.6118458E+00   9.3392359E-02   2.7322867E+00   7.7597095E+04   7.7977394E+04   0.0000000E+00   0.0000000E+00   0.0000000E+00   0.0000000E+00   0.0000000E+00
   1.6048298E-01   7.4085708E+04   7.4085708E+04   3.8966730E+00   8.3375185E-02   2.6244737E+00   7.3724380E+04   7.4085708E+04   0.0000000E+00   0.0000000E+00   0.0000000E+00   0.0000000E+00   0.0000000E+00
   1.6585007E-01   7.0899109E+04   7.0899109E+04   3.3293056E+00   7.4421184E-02   2.5219178E+00   7.0553314E+04   7.0899109E+04   0.0000000E+00   0.0000000E+00   0.0000000E+00   0.0000000E+00   0.0000000E+00
   1.7139641E-01   6.8350108E+04   6.8350108E+04   2.9650105E+00   6.6522566E-02   2.3902854E+00   6.8016735E+04   6.8350108E+04   0.0000000E+00   0.0000000E+00   0.0000000E+00   0.0000000E+00   0.0000000E+00
   1.7712813E-01   6.6217685E+04   6.6217685E+04   2.6950384E+00   5.9575880E-02   2.2823027E+00   6.5894705E+04   6.6217685E+04   0.0000000E+00   0.0000000E+00   0.0000000E+00   0.0000000E+00   0.0000000E+00
   1.8305148E-01   6.4190289E+04   6.4190289E+04   2.4678553E+00   5.3447498E-02   2.2220522E+00   6.3877191E+04   6.4190289E+04   0.0000000E+00   0.0000000E+00   0.0000000E+00   0.0000000E+00   0.0000000E+00
   1.8917292E-01   6.1967197E+04   6.1967197E+04   2.2975573E+00   4.7996032E-02   2.1662968E+00   6.1664937E+04   6.1967197E+04   0.0000000E+00   0.0000000E+00   0.0000000E+00   0.0000000E+00   0.0000000E+00
   1.9549906E-01   5.9365991E+04   5.9365991E+04   2.1642790E+00   4.3095602E-02   2.0441041E+00   5.9076412E+04   5.9365991E+04   0.0000000E+00   0.0000000E+00   0.0000000E+00   0.0000000E+00   0.0000000E+00
   2.0203677E-01   5.6393963E+04   5.6393963E+04   1.9077527E+00   3.8634646E-02   1.8747775E+00   5.6118877E+04   5.6393963E+04   0.0000000E+00   0.0000000E+00   0.0000000E+00   0.0000000E+00   0.0000000E+00
   2.0879314E-01   5.3247724E+04   5.3247724E+04   1.5782961E+00   3.4544844E-02   1.8198706E+00   5.2987980E+04   5.3247724E+04   0.0000000E+00   0.0000000E+00   0.0000000E+00   0.0000000E+00   0.0000000E+00
   2.1577560E-01   5.0230725E+04   5.0230725E+04   1.5008372E+00   3.0820896E-02   1.7126511E+00   4.9985694E+04   5.0230725E+04   0.0000000E+00   0.0000000E+00   0.0000000E+00   0.0000000E+00   0.0000000E+00
   2.2299190E-01   4.7616118E+04   4.7616118E+04   1.2507695E+00   2.7461348E-02   1.6297069E+00   4.7383837E+04   4.7616118E+04   0.0000000E+00   0.0000000E+00   0.0000000E+00   0.0000000E+00   0.0000000E+00
   2.3045022E-01   4.5515627E+04   4.5515627E+04   1.1940153E+00   2.4486248E-02   1.5376315E+00   4.5293590E+04   4.5515627E+04   0.0000000E+00   0.0000000E+00   0.0000000E+00   0.0000000E+00   0.0000000E+00
   2.3815920E-01   4.3823382E+04   4.3823382E+04   1.0246624E+00   2.1866434E-02   1.5190887E+00   4.3609598E+04   4.3823382E+04   0.0000000E+00   0.0000000E+00   0.0000000E+00   0.0000000E+00   0.0000000E+00
   2.4612802E-01   4.2273955E+04   4.2273955E+04   9.1616602E-01   1.9564118E-02   1.4471273E+00   4.2067727E+04   4.2273955E+04   0.0000000E+00   0.0000000E+00   0.0000000E+00   0.0000000E+00   0.0000000E+00
   2.5436649E-01   4.0592980E+04   4.0592980E+04   8.4087160E-01   1.7522641E-02   1.3510805E+00   4.0394949E+04   4.0592980E+04   0.0000000E+00   0.0000000E+00   0.0000000E+00   0.0000000E+00   0.0000000E+00
   2.6288516E-01   3.8657621E+04   3.8657621E+04   7.5526762E-01   1.5675274E-02   1.2846218E+00   3.8469030E+04   3.8657621E+04   0.0000000E+00   0.0000000E+00   0.0000000E+00   0.0000000E+00   0.0000000E+00
   2.7169540E-01   3.6564961E+04   3.6564961E+04   6.6363126E-01   1.3989640E-02   1.2283491E+00   3.6386577E+04   3.6564961E+04   0.0000000E+00   0.0000000E+00   0.0000000E+00   0.0000000E+00   0.0000000E+00
   2.8080957E-01   3.4555018E+04   3.4555018E+04   5.7878720E-01   1.2459708E-02   1.1752202E+00   3.4386437E+04   3.4555018E+04   0.0000000E+00   0.0000000E+00   0.0000000E+00   0.0000000E+00   0.0000000E+00
   2.9024113E-01   3.2833177E+04   3.2833177E+04   5.2338766E-01   1.1089383E-02   1.1357752E+00   3.2672996E+04   3.2833177E+04   0.0000000E+00   0.0000000E+00   0.0000000E+00   0.0000000E+00   0.0000000E+00
   3.0000482E-01   3.1419272E+04   3.1419272E+04   4.7663593E-01   9.8812374E-03   1.0601899E+00   3.1265988E+04   3.1419272E+04   0.0000000E+00   0.0000000E+00   0.0000000E+00   0.0000000E+00   0.0000000E+00
   3.1011689E-01   3.0144074E+04   3.0144074E+04   4.1743633E-01   8.8149725E-03   1.0340904E+00   2.9997010E+04   3.0144074E+04   0.0000000E+00   0.0000000E+00   0.0000000E+00   0.0000000E+00   0.0000000E+00
   3.2059530E-01   2.8802232E+04   2.8802232E+04   3.7757288E-01   7.8678338E-03   9.6340534E-01   2.8661713E+04   2.8802232E+04   0.0000000E+00   0.0000000E+00   0.0000000E+00   0.0000000E+00   0.0000000E+00
   3.3146002E-01   2.7331807E+04   2.7331807E+04   3.3922918E-01   7.0097876E-03   9.2807231E-01   2.7198461E+04   2.7331807E+04   0.0000000E+00   0.0000000E+00   0.0000000E+00   0.0000000E+00   0.0000000E+00
   3.4273337E-01   2.5853728E+04   2.5853728E+04   2.9942443E-01   6.2313553E-03   8.8717450E-01   2.5727592E+04   2.5853728E+04   0.0000000E+00   0.0000000E+00   0.0000000E+00   0.0000000E+00   0.0000000E+00
   3.5444038E-01   2.4530413E+04   2.4530413E+04   2.6553890E-01   5.5335922E-03   8.3787264E-01   2.4410733E+04   2.4530413E+04   0.0000000E+00   0.0000000E+00   0.0000000E+00   0.0000000E+00   0.0000000E+00
   3.6660932E-01   2.3390245E+04   2.3390245E+04   2.3489230E-01   4.9156559E-03   7.8778784E-01   2.3276126E+04   2.3390245E+04   0.0000000E+00   0.0000000E+00   0.0000000E+00   0.0000000E+00   0.0000000E+00
   3.7927222E-01   2.2311829E+04   2.2311829E+04   2.0785471E-01   4.3678817E-03   7.4559599E-01   2.2202971E+04   2.2311829E+04   0.0000000E+00   0.0000000E+00   0.0000000E+00   0.0000000E+00   0.0000000E+00
   3.9246564E-01   2.1183889E+04   2.1183889E+04   1.8570321E-01   3.8760067E-03   7.1723215E-01   2.1080534E+04   2.1183889E+04   0.0000000E+00   0.0000000E+00   0.0000000E+00   0.0000000E+00   0.0000000E+00
   4.0623153E-01   2.0037669E+04   2.0037669E+04   1.6443088E-01   3.4316874E-03   6.7939003E-01   1.9939906E+04   2.0037669E+04   0.0000000E+00   0.0000000E+00   0.0000000E+00   0.0000000E+00   0.0000000E+00
   4.2061831E-01   1.8978416E+04   1.8978416E+04   1.4514647E-01   3.0335609E-03   6.3593562E-01   1.8885821E+04   1.8978416E+04   0.0000000E+00   0.0000000E+00   0.0000000E+00   0.0000000E+00   0.0000000E+00
   4.3568225E-01   1.8021883E+04   1.8021883E+04   1.2806777E-01   2.6787838E-03   6.1325500E-01   1.7933954E+04   1.8021883E+04   0.0000000E+00   0.0000000E+00   0.0000000E+00   0.0000000E+00   0.0000000E+00
   4.5148918E-01   1.7085464E+04   1.7085464E+04   1.1279541E-01   2.3630549E-03   5.8027132E-01   1.7002103E+04   1.7085464E+04   0.0000000E+00   0.0000000E+00   0.0000000E+00   0.0000000E+00   0.0000000E+00
   4.6811669E-01   1.6136123E+04   1.6136123E+04   9.8980256E-02   2.0790492E-03   5.4923460E-01   1.6057394E+04   1.6136123E+04   0.0000000E+00   0.0000000E+00   0.0000000E+00   0.0000000E+00   0.0000000E+00
   4.8565694E-01   1.5230238E+04   1.5230238E+04   8.6841141E-02   1.8240858E-03   5.1578265E-01   1.5155929E+04   1.5230238E+04   0.0000000E+00   0.0000000E+00   0.0000000E+00   0.0000000E+00   0.0000000E+00
   5.0422021E-01   1.4385525E+04   1.4385525E+04   7.6348672E-02   1.5967224E-03   4.8191931E-01   1.4315337E+04   1.4385525E+04   0.0000000E+00   0.0000000E+00   0.0000000E+00   0.0000000E+00   0.0000000E+00
   5.2393960E-01   1.3553877E+04   1.3553877E+04   6.6569412E-02   1.3931841E-03   4.5778985E-01   1.3487746E+04   1.3553877E+04   0.0000000E+00   0.0000000E+00   0.0000000E+00   0.0000000E+00   0.0000000E+00
   5.4497694E-01   1.2734698E+04   1.2734698E+04   5.7792511E-02   1.2106725E-03   4.3060269E-01   1.2672564E+04   1.2734698E+04   0.0000000E+00   0.0000000E+00   0.0000000E+00   0.0000000E+00   0.0000000E+00
   5.6753050E-01   1.1954751E+04   1.1954751E+04   5.0037089E-02   1.0475915E-03   4.0624274E-01   1.1896422E+04   1.1954751E+04   0.0000000E+00   0.0000000E+00   0.0000000E+00   0.0000000E+00   0.0000000E+00
   5.9184469E-01   1.1191949E+04   1.1191949E+04   4.3027855E-02   9.0175320E-04   3.7488227E-01   1.1137342E+04   1.1191949E+04   0.0000000E+00   0.0000000E+00   0.0000000E+00   0.0000000E+00   0.0000000E+00
   6.1822209E-01   1.0443748E+04   1.0443748E+04   3.6806579E-02   7.7133670E-04   3.5175243E-01   1.0392792E+04   1.0443748E+04   0.0000000E+00   0.0000000E+00   0.0000000E+00   0.0000000E+00   0.0000000E+00
   6.4703733E-01   9.7182344E+03   9.7182344E+03   3.1270004E-02   6.5516858E-04   3.2752191E-01   9.6708174E+03   9.7182344E+03   0.0000000E+00   0.0000000E+00   0.0000000E+00   0.0000000E+00   0.0000000E+00
   6.7875157E-01   9.0040535E+03   9.0040535E+03   2.6329478E-02   5.5164955E-04   3.0359079E-01   8.9601210E+03   9.0040535E+03   0.0000000E+00   0.0000000E+00   0.0000000E+00   0.0000000E+00   0.0000000E+00
   7.1392313E-01   8.3065182E+03   8.3065182E+03   2.1957999E-02   4.5995014E-04   2.8002234E-01   8.2659891E+03   8.3065182E+03   0.0000000E+00   0.0000000E+00   0.0000000E+00   0.0000000E+00   0.0000000E+00
   7.5320571E-01   7.6221051E+03   7.6221051E+03   1.8099932E-02   3.7915208E-04   2.5770981E-01   7.5849153E+03   7.6221051E+03   0.0000000E+00   0.0000000E+00   0.0000000E+00   0.0000000E+00   0.0000000E+00
   7.9731962E-01   6.9543729E+03   6.9543729E+03   1.4738261E-02   3.0875067E-04   2.3424849E-01   6.9204410E+03   6.9543729E+03   0.0000000E+00   0.0000000E+00   0.0000000E+00   0.0000000E+00   0.0000000E+00
   8.4698021E-01   6.3067075E+03   6.3067075E+03   1.1844018E-02   2.4810543E-04   2.1379195E-01   6.2759356E+03   6.3067075E+03   0.0000000E+00   0.0000000E+00   0.0000000E+00   0.0000000E+00   0.0000000E+00
   9.0278376E-01   5.6855616E+03   5.6855616E+03   9.3982523E-03   1.9688516E-04   1.9132714E-01   5.6578204E+03   5.6855616E+03   0.0000000E+00   0.0000000E+00   0.0000000E+00   0.0000000E+00   0.0000000E+00
   9.6509450E-01   5.0987859E+03   5.0987859E+03   7.3750917E-03   1.5450115E-04   1.7136146E-01   5.0739077E+03   5.0987859E+03   0.0000000E+00   0.0000000E+00   0.0000000E+00   0.0000000E+00   0.0000000E+00
   1.0340152E+00   4.5536103E+03   4.5536103E+03   5.7377313E-03   1.2018381E-04   1.5433732E-01   4.5313921E+03   4.5536103E+03   0.0000000E+00   0.0000000E+00   0.0000000E+00   0.0000000E+00   0.0000000E+00
   1.1094878E+00   4.0548776E+03   4.0548776E+03   4.4378335E-03   9.2966134E-05   1.3630286E-01   4.0350928E+03   4.0548776E+03   0.0000000E+00   0.0000000E+00   0.0000000E+00   0.0000000E+00   0.0000000E+00
   1.1914603E+00   3.6040313E+03   3.6040313E+03   3.4203179E-03   7.1649002E-05   1.2134248E-01   3.5864463E+03   3.6040313E+03   0.0000000E+00   0.0000000E+00   0.0000000E+00   0.0000000E+00   0.0000000E+00
   1.2800109E+00   3.1995411E+03   3.1995411E+03   2.6308524E-03   5.5111072E-05   1.0763584E-01   3.1839297E+03   3.1995411E+03   0.0000000E+00   0.0000000E+00   0.0000000E+00   0.0000000E+00   0.0000000E+00
   1.3753815E+00   2.8382713E+03   2.8382713E+03   2.0213542E-03   4.2341785E-05   9.5565858E-02   2.8244225E+03   2.8382713E+03   0.0000000E+00   0.0000000E+00   0.0000000E+00   0.0000000E+00   0.0000000E+00
   1.4779534E+00   2.5163392E+03   2.5163392E+03   1.5519658E-03   3.2511001E-05   8.4660819E-02   2.5040612E+03   2.5163392E+03   0.0000000E+00   0.0000000E+00   0.0000000E+00   0.0000000E+00   0.0000000E+00
   1.5882082E+00   2.2298300E+03   2.2298300E+03   1.1909405E-03   2.4946735E-05   7.5280026E-02   2.2189501E+03   2.2298300E+03   0.0000000E+00   0.0000000E+00   0.0000000E+00   0.0000000E+00   0.0000000E+00
   1.7066979E+00   1.9750550E+03   1.9750550E+03   9.1347958E-04   1.9135922E-05   6.6130050E-02   1.9654181E+03   1.9750550E+03   0.0000000E+00   0.0000000E+00   0.0000000E+00   0.0000000E+00   0.0000000E+00
   1.8340303E+00   1.7486408E+03   1.7486408E+03   7.0035573E-04   1.4669475E-05   5.9326896E-02   1.7401086E+03   1.7486408E+03   0.0000000E+00   0.0000000E+00   0.0000000E+00   0.0000000E+00   0.0000000E+00
   1.9708632E+00   1.5475396E+03   1.5475396E+03   5.3673471E-04   1.1242829E-05   5.2417979E-02   1.5399887E+03   1.5475396E+03   0.0000000E+00   0.0000000E+00   0.0000000E+00   0.0000000E+00   0.0000000E+00
   2.1179050E+00   1.3690205E+03   1.3690205E+03   4.1117643E-04   8.6137177E-06   4.5798279E-02   1.3623406E+03   1.3690205E+03   0.0000000E+00   0.0000000E+00   0.0000000E+00   0.0000000E+00   0.0000000E+00
   2.2759173E+00   1.2106235E+03   1.2106235E+03   3.1486645E-04   6.5958696E-06   4.0617697E-02   1.2047165E+03   1.2106235E+03   0.0000000E+00   0.0000000E+00   0.0000000E+00   0.0000000E+00   0.0000000E+00
   2.4457186E+00   1.0701502E+03   1.0701502E+03   2.4102500E-04   5.0493639E-06   3.5815825E-02   1.0649286E+03   1.0701502E+03   0.0000000E+00   0.0000000E+00   0.0000000E+00   0.0000000E+00   0.0000000E+00
   2.6281883E+00   9.4563189E+02   9.4563189E+02   1.8443304E-04   3.8637232E-06   3.1795441E-02   9.4101787E+02   9.4563189E+02   0.0000000E+00   0.0000000E+00   0.0000000E+00   0.0000000E+00   0.0000000E+00
   2.8242717E+00   8.3530623E+02   8.3530623E+02   1.4107890E-04   2.9555766E-06   2.8026054E-02   8.3123052E+02   8.3530623E+02   0.0000000E+00   0.0000000E+00   0.0000000E+00   0.0000000E+00   0.0000000E+00
   3.0349845E+00   7.3759860E+02   7.3759860E+02   1.0787870E-04   2.2600410E-06   2.4803218E-02   7.3399963E+02   7.3759860E+02   0.0000000E+00   0.0000000E+00   0.0000000E+00   0.0000000E+00   0.0000000E+00
   3.2614181E+00   6.5110283E+02   6.5110283E+02   8.2464044E-05   1.7277030E-06   2.1885906E-02   6.4792591E+02   6.5110283E+02   0.0000000E+00   0.0000000E+00   0.0000000E+00   0.0000000E+00   0.0000000E+00
   3.5047454E+00   5.7456405E+02   5.7456405E+02   6.3069407E-05   1.3202579E-06   1.9373415E-02   5.7176058E+02   5.7456405E+02   0.0000000E+00   0.0000000E+00   0.0000000E+00   0.0000000E+00   0.0000000E+00
   3.7662269E+00   5.0686316E+02   5.0686316E+02   4.8154833E-05   1.0087164E-06   1.6970385E-02   5.0439002E+02   5.0686316E+02   0.0000000E+00   0.0000000E+00   0.0000000E+00   0.0000000E+00   0.0000000E+00
   4.0472169E+00   4.4700288E+02   4.4700288E+02   3.6770790E-05   7.7035803E-07   1.5010270E-02   4.4482181E+02   4.4700288E+02   0.0000000E+00   0.0000000E+00   0.0000000E+00   0.0000000E+00   0.0000000E+00
   4.3491709E+00   3.9409503E+02   3.9409503E+02   2.8071632E-05   5.8818179E-07   1.3287332E-02   3.9217212E+02   3.9409503E+02   0.0000000E+00   0.0000000E+00   0.0000000E+00   0.0000000E+00   0.0000000E+00
   4.6736531E+00   3.4734915E+02   3.4734915E+02   2.1424895E-05   4.4896854E-07   1.1672554E-02   3.4565433E+02   3.4734915E+02   0.0000000E+00   0.0000000E+00   0.0000000E+00   0.0000000E+00   0.0000000E+00
   5.0223443E+00   3.0606218E+02   3.0606218E+02   1.6347574E-05   3.4260811E-07   1.0300979E-02   3.0456881E+02   3.0606218E+02   0.0000000E+00   0.0000000E+00   0.0000000E+00   0.0000000E+00   0.0000000E+00
   5.3970505E+00   2.6960911E+02   2.6960911E+02   1.2470171E-05   2.6137545E-07   9.0786878E-03   2.6829360E+02   2.6960911E+02   0.0000000E+00   0.0000000E+00   0.0000000E+00   0.0000000E+00   0.0000000E+00
   5.7997127E+00   2.3743467E+02   2.3743467E+02   9.5099513E-06   1.9935829E-07   7.9961952E-03   2.3627616E+02   2.3743467E+02   0.0000000E+00   0.0000000E+00   0.0000000E+00   0.0000000E+00   0.0000000E+00
   6.2324166E+00   2.0904583E+02   2.0904583E+02   7.2505952E-06   1.5202199E-07   7.0121443E-03   2.0802583E+02   2.0904583E+02   0.0000000E+00   0.0000000E+00   0.0000000E+00   0.0000000E+00   0.0000000E+00
   6.6974037E+00   1.8400500E+02   1.8400500E+02   5.5266793E-06   1.1589367E-07   6.1989827E-03   1.8310719E+02   1.8400500E+02   0.0000000E+00   0.0000000E+00   0.0000000E+00   0.0000000E+00   0.0000000E+00
   7.1970824E+00   1.6192406E+02   1.6192406E+02   4.2125856E-06   8.8329570E-08   5.4737842E-03   1.6113398E+02   1.6192406E+02   0.0000000E+00   0.0000000E+00   0.0000000E+00   0.0000000E+00   0.0000000E+00
   7.7340411E+00   1.4245888E+02   1.4245888E+02   3.2090086E-06   6.7312489E-08   4.8027109E-03   1.4176378E+02   1.4245888E+02   0.0000000E+00   0.0000000E+00   0.0000000E+00   0.0000000E+00   0.0000000E+00
   8.3110612E+00   1.2530451E+02   1.2530451E+02   2.4441494E-06   5.1285649E-08   4.2225221E-03   1.2469311E+02   1.2530451E+02   0.0000000E+00   0.0000000E+00   0.0000000E+00   0.0000000E+00   0.0000000E+00
