#           k/h    CDM            baryon         photon         nu             mass_nu        total          no_nu          total_de       Weyl           v_CDM          v_b            v_b-v_c     
   1.0740413E-05   1.5185073E+07   1.5185073E+07   2.0240289E+07   1.4640108E+04   6.8172284E+06   1.5185132E+07   1.5185073E+07   0.0000000E+00   0.0000000E+00   0.0000000E+00   0.0000000E+00   0.0000000E+00
   1.1541732E-05   1.5185069E+07   1.5185069E+07   2.0239283E+07   1.4639643E+04   6.8171488E+06   1.5185128E+07   1.5185069E+07   0.0000000E+00   0.0000000E+00   0.0000000E+00   0.0000000E+00   0.0000000E+00
   1.2402835E-05   1.5185065E+07   1.5185065E+07   2.0238121E+07   1.4639105E+04   6.8170568E+06   1.5185124E+07   1.5185065E+07   0.0000000E+00   0.0000000E+00   0.0000000E+00   0.0000000E+00   0.0000000E+00
   1.3328184E-05   1.5185061E+07   1.5185061E+07   2.0236779E+07   1.4638485E+04   6.8169507E+06   1.5185119E+07   1.5185061E+07   0.0000000E+00   0.0000000E+00   0.0000000E+00   0.0000000E+00   0.0000000E+00
   1.4322571E-05   1.5185056E+07   1.5185056E+07   2.0235230E+07   1.4637768E+04   6.8168281E+06   1.5185114E+07   1.5185056E+07   0.0000000E+00   0.0000000E+00   0.0000000E+00   0.0000000E+00   0.0000000E+00
   1.5391146E-05   1.5185050E+07   1.5185050E+07   2.0233441E+07   1.4636940E+04   6.8166866E+06   1.5185108E+07   1.5185050E+07   0.0000000E+00   0.0000000E+00   0.0000000E+00   0.0000000E+00   0.0000000E+00
   1.6539446E-05   1.5185043E+07   1.5185043E+07   2.0231375E+07   1.4635984E+04   6.8165231E+06   1.5185101E+07   1.5185043E+07   0.0000000E+00   0.0000000E+00   0.0000000E+00   0.0000000E+00   0.0000000E+00
   1.7773419E-05   1.5185036E+07   1.5185036E+07   2.0228990E+07   1.4634881E+04   6.8163344E+06   1.5185093E+07   1.5185036E+07   0.0000000E+00   0.0000000E+00   0.0000000E+00   0.0000000E+00   0.0000000E+00
   1.9099455E-05   1.5185027E+07   1.5185027E+07   2.0226236E+07   1.4633607E+04   6.8161166E+06   1.5185083E+07   1.5185027E+07   0.0000000E+00   0.0000000E+00   0.0000000E+00   0.0000000E+00   0.0000000E+00
   2.0524424E-05   1.5185016E+07   1.5185016E+07   2.0223056E+07   1.4632135E+04   6.8158651E+06   1.5185072E+07   1.5185016E+07   0.0000000E+00   0.0000000E+00   0.0000000E+00   0.0000000E+00   0.0000000E+00
   2.2055706E-05   1.5185004E+07   1.5185004E+07   2.0219384E+07   1.4630436E+04   6.8155747E+06   1.5185059E+07   1.5185004E+07   0.0000000E+00   0.0000000E+00   0.0000000E+00   0.0000000E+00   0.0000000E+00
   2.3701235E-05   1.5184990E+07   1.5184990E+07   2.0215145E+07   1.4628475E+04   6.8152395E+06   1.5185045E+07   1.5184990E+07   0.0000000E+00   0.0000000E+00   0.0000000E+00   0.0000000E+00   0.0000000E+00
   2.5469532E-05   1.5184974E+07   1.5184974E+07   2.0210251E+07   1.4626210E+04   6.8148525E+06   1.5185028E+07   1.5184974E+07   0.0000000E+00   0.0000000E+00   0.0000000E+00   0.0000000E+00   0.0000000E+00
   2.7369759E-05   1.5184956E+07   1.5184956E+07   2.0204601E+07   1.4623595E+04   6.8144058E+06   1.5185008E+07   1.5184956E+07   0.0000000E+00   0.0000000E+00   0.0000000E+00   0.0000000E+00   0.0000000E+00
   2.9411757E-05   1.5184934E+07   1.5184934E+07   2.0198078E+07   1.4620577E+04   6.8138902E+06   1.5184986E+07   1.5184934E+07   0.0000000E+00   0.0000000E+00   0.0000000E+00   0.0000000E+00   0.0000000E+00
   3.1606104E-05   1.5184910E+07   1.5184910E+07   2.0190548E+07   1.4617091E+04   6.8132951E+06   1.5184960E+07   1.5184910E+07   0.0000000E+00   0.0000000E+00   0.0000000E+00   0.0000000E+00   0.0000000E+00
   3.3964167E-05   1.5184881E+07   1.5184881E+07   2.0181856E+07   1.4613068E+04   6.8126083E+06   1.5184930E+07   1.5184881E+07   0.0000000E+00   0.0000000E+00   0.0000000E+00   0.0000000E+00   0.0000000E+00
   3.6498160E-05   1.5184848E+07   1.5184848E+07   2.0171823E+07   1.4608423E+04   6.8118158E+06   1.5184895E+07   1.5184848E+07   0.0000000E+00   0.0000000E+00   0.0000000E+00   0.0000000E+00   0.0000000E+00
   3.9221208E-05   1.5184810E+07   1.5184810E+07   2.0160242E+07   1.4603061E+04   6.8109013E+06   1.5184855E+07   1.5184810E+07   0.0000000E+00   0.0000000E+00   0.0000000E+00   0.0000000E+00   0.0000000E+00
   4.2147417E-05   1.5184766E+07   1.5184766E+07   2.0146877E+07   1.4596873E+04   6.8098463E+06   1.5184809E+07   1.5184766E+07   0.0000000E+00   0.0000000E+00   0.0000000E+00   0.0000000E+00   0.0000000E+00
   4.5291945E-05   1.5184715E+07   1.5184715E+07   2.0131454E+07   1.4589730E+04   6.8086293E+06   1.5184756E+07   1.5184715E+07   0.0000000E+00   0.0000000E+00   0.0000000E+00   0.0000000E+00   0.0000000E+00
   4.8671078E-05   1.5184657E+07   1.5184657E+07   2.0113657E+07   1.4581486E+04   6.8072257E+06   1.5184694E+07   1.5184657E+07   0.0000000E+00   0.0000000E+00   0.0000000E+00   0.0000000E+00   0.0000000E+00
   5.2302322E-05   1.5184589E+07   1.5184589E+07   2.0093125E+07   1.4571973E+04   6.8056071E+06   1.5184623E+07   1.5184589E+07   0.0000000E+00   0.0000000E+00   0.0000000E+00   0.0000000E+00   0.0000000E+00
   5.6204485E-05   1.5184511E+07   1.5184511E+07   2.0069439E+07   1.4560997E+04   6.8037411E+06   1.5184541E+07   1.5184511E+07   0.0000000E+00   0.0000000E+00   0.0000000E+00   0.0000000E+00   0.0000000E+00
   6.0397779E-05   1.5184421E+07   1.5184421E+07   2.0042119E+07   1.4548333E+04   6.8015905E+06   1.5184446E+07   1.5184421E+07   0.0000000E+00   0.0000000E+00   0.0000000E+00   0.0000000E+00   0.0000000E+00
   6.4903926E-05   1.5184317E+07   1.5184317E+07   2.0010615E+07   1.4533725E+04   6.7991125E+06   1.5184336E+07   1.5184317E+07   0.0000000E+00   0.0000000E+00   0.0000000E+00   0.0000000E+00   0.0000000E+00
   6.9746267E-05   1.5184197E+07   1.5184197E+07   1.9974293E+07   1.4516876E+04   6.7962582E+06   1.5184210E+07   1.5184197E+07   0.0000000E+00   0.0000000E+00   0.0000000E+00   0.0000000E+00   0.0000000E+00
   7.4949885E-05   1.5184059E+07   1.5184059E+07   1.9932427E+07   1.4497447E+04   6.7929719E+06   1.5184064E+07   1.5184059E+07   0.0000000E+00   0.0000000E+00   0.0000000E+00   0.0000000E+00   0.0000000E+00
   8.0541733E-05   1.5183899E+07   1.5183899E+07   1.9884183E+07   1.4475047E+04   6.7891899E+06   1.5183895E+07   1.5183899E+07   0.0000000E+00   0.0000000E+00   0.0000000E+00   0.0000000E+00   0.0000000E+00
   8.6550777E-05   1.5183714E+07   1.5183714E+07   1.9828611E+07   1.4449230E+04   6.7848398E+06   1.5183701E+07   1.5183714E+07   0.0000000E+00   0.0000000E+00   0.0000000E+00   0.0000000E+00   0.0000000E+00
   9.3008142E-05   1.5183501E+07   1.5183501E+07   1.9764619E+07   1.4419481E+04   6.7798392E+06   1.5183477E+07   1.5183501E+07   0.0000000E+00   0.0000000E+00   0.0000000E+00   0.0000000E+00   0.0000000E+00
   9.9947278E-05   1.5183255E+07   1.5183255E+07   1.9690966E+07   1.4385214E+04   6.7740950E+06   1.5183218E+07   1.5183255E+07   0.0000000E+00   0.0000000E+00   0.0000000E+00   0.0000000E+00   0.0000000E+00
   1.0740413E-04   1.5182971E+07   1.5182971E+07   1.9606237E+07   1.4345759E+04   6.7675021E+06   1.5182919E+07   1.5182971E+07   0.0000000E+00   0.0000000E+00   0.0000000E+00   0.0000000E+00   0.0000000E+00
   1.1541732E-04   1.5182643E+07   1.5182643E+07   1.9508823E+07   1.4300351E+04   6.7599423E+06   1.5182574E+07   1.5182643E+07   0.0000000E+00   0.0000000E+00   0.0000000E+00   0.0000000E+00   0.0000000E+00
   1.2402835E-04   1.5182265E+07   1.5182265E+07   1.9396903E+07   1.4248118E+04   6.7512834E+06   1.5182176E+07   1.5182265E+07   0.0000000E+00   0.0000000E+00   0.0000000E+00   0.0000000E+00   0.0000000E+00
   1.3328184E-04   1.5181830E+07   1.5181830E+07   1.9268416E+07   1.4188070E+04   6.7413781E+06   1.5181717E+07   1.5181830E+07   0.0000000E+00   0.0000000E+00   0.0000000E+00   0.0000000E+00   0.0000000E+00
   1.4322571E-04   1.5181327E+07   1.5181327E+07   1.9121047E+07   1.4119088E+04   6.7300638E+06   1.5181188E+07   1.5181327E+07   0.0000000E+00   0.0000000E+00   0.0000000E+00   0.0000000E+00   0.0000000E+00
   1.5391146E-04   1.5180747E+07   1.5180747E+07   1.8952200E+07   1.4039905E+04   6.7171623E+06   1.5180577E+07   1.5180747E+07   0.0000000E+00   0.0000000E+00   0.0000000E+00   0.0000000E+00   0.0000000E+00
   1.6539446E-04   1.5180079E+07   1.5180079E+07   1.8758981E+07   1.3949098E+04   6.7024803E+06   1.5179874E+07   1.5180079E+07   0.0000000E+00   0.0000000E+00   0.0000000E+00   0.0000000E+00   0.0000000E+00
   1.7773419E-04   1.5179308E+07   1.5179308E+07   1.8538185E+07   1.3845072E+04   6.6858103E+06   1.5179062E+07   1.5179308E+07   0.0000000E+00   0.0000000E+00   0.0000000E+00   0.0000000E+00   0.0000000E+00
   1.9099455E-04   1.5178421E+07   1.5178421E+07   1.8286290E+07   1.3726051E+04   6.6669342E+06   1.5178128E+07   1.5178421E+07   0.0000000E+00   0.0000000E+00   0.0000000E+00   0.0000000E+00   0.0000000E+00
   2.0524424E-04   1.5177398E+07   1.5177398E+07   1.7999463E+07   1.3590071E+04   6.6456263E+06   1.5177051E+07   1.5177398E+07   0.0000000E+00   0.0000000E+00   0.0000000E+00   0.0000000E+00   0.0000000E+00
   2.2055706E-04   1.5176221E+07   1.5176221E+07   1.7673578E+07   1.3434972E+04   6.6216608E+06   1.5175812E+07   1.5176221E+07   0.0000000E+00   0.0000000E+00   0.0000000E+00   0.0000000E+00   0.0000000E+00
   2.3701235E-04   1.5174866E+07   1.5174866E+07   1.7304262E+07   1.3258407E+04   6.5948199E+06   1.5174385E+07   1.5174866E+07   0.0000000E+00   0.0000000E+00   0.0000000E+00   0.0000000E+00   0.0000000E+00
   2.5469532E-04   1.5173308E+07   1.5173308E+07   1.6886965E+07   1.3057853E+04   6.5649068E+06   1.5172744E+07   1.5173308E+07   0.0000000E+00   0.0000000E+00   0.0000000E+00   0.0000000E+00   0.0000000E+00
   2.7369759E-04   1.5171515E+07   1.5171515E+07   1.6417074E+07   1.2830636E+04   6.5317617E+06   1.5170856E+07   1.5171515E+07   0.0000000E+00   0.0000000E+00   0.0000000E+00   0.0000000E+00   0.0000000E+00
   2.9411757E-04   1.5169456E+07   1.5169456E+07   1.5890075E+07   1.2573979E+04   6.4952832E+06   1.5168688E+07   1.5169456E+07   0.0000000E+00   0.0000000E+00   0.0000000E+00   0.0000000E+00   0.0000000E+00
   3.1606104E-04   1.5167092E+07   1.5167092E+07   1.5301771E+07   1.2285068E+04   6.4554535E+06   1.5166198E+07   1.5167092E+07   0.0000000E+00   0.0000000E+00   0.0000000E+00   0.0000000E+00   0.0000000E+00
   3.3964167E-04   1.5164380E+07   1.5164380E+07   1.4648582E+07   1.1961149E+04   6.4123693E+06   1.5163342E+07   1.5164380E+07   0.0000000E+00   0.0000000E+00   0.0000000E+00   0.0000000E+00   0.0000000E+00
   3.6498160E-04   1.5161271E+07   1.5161271E+07   1.3927925E+07   1.1599661E+04   6.3662761E+06   1.5160068E+07   1.5161271E+07   0.0000000E+00   0.0000000E+00   0.0000000E+00   0.0000000E+00   0.0000000E+00
   3.9221208E-04   1.5157711E+07   1.5157711E+07   1.3138685E+07   1.1198412E+04   6.3176037E+06   1.5156320E+07   1.5157711E+07   0.0000000E+00   0.0000000E+00   0.0000000E+00   0.0000000E+00   0.0000000E+00
   4.2147417E-04   1.5153640E+07   1.5153640E+07   1.2281781E+07   1.0755799E+04   6.2669994E+06   1.5152033E+07   1.5153640E+07   0.0000000E+00   0.0000000E+00   0.0000000E+00   0.0000000E+00   0.0000000E+00
   4.5291945E-04   1.5148989E+07   1.5148989E+07   1.1360809E+07   1.0271082E+04   6.2153515E+06   1.5147136E+07   1.5148989E+07   0.0000000E+00   0.0000000E+00   0.0000000E+00   0.0000000E+00   0.0000000E+00
   4.8671078E-04   1.5143685E+07   1.5143685E+07   1.0382734E+07   9.7447033E+03   6.1637920E+06   1.5141551E+07   1.5143685E+07   0.0000000E+00   0.0000000E+00   0.0000000E+00   0.0000000E+00   0.0000000E+00
   5.2302322E-04   1.5137645E+07   1.5137645E+07   9.3585602E+06   9.1786428E+03   6.1136666E+06   1.5135191E+07   1.5137645E+07   0.0000000E+00   0.0000000E+00   0.0000000E+00   0.0000000E+00   0.0000000E+00
   5.6204485E-04   1.5130777E+07   1.5130777E+07   8.3038886E+06   8.5767862E+03   6.0664511E+06   1.5127961E+07   1.5130777E+07   0.0000000E+00   0.0000000E+00   0.0000000E+00   0.0000000E+00   0.0000000E+00
   6.0397779E-04   1.5122983E+07   1.5122983E+07   7.2392066E+06   7.9452675E+03   6.0235977E+06   1.5119757E+07   1.5122983E+07   0.0000000E+00   0.0000000E+00   0.0000000E+00   0.0000000E+00   0.0000000E+00
   6.4903926E-04   1.5114155E+07   1.5114155E+07   6.1897133E+06   7.2927200E+03   5.9862913E+06   1.5110466E+07   1.5114155E+07   0.0000000E+00   0.0000000E+00   0.0000000E+00   0.0000000E+00   0.0000000E+00
   6.9746267E-04   1.5104174E+07   1.5104174E+07   5.1844477E+06   6.6303550E+03   5.9551115E+06   1.5099965E+07   1.5104174E+07   0.0000000E+00   0.0000000E+00   0.0000000E+00   0.0000000E+00   0.0000000E+00
   7.4949885E-04   1.5092915E+07   1.5092915E+07   4.2544819E+06   5.9717606E+03   5.9296164E+06   1.5088122E+07   1.5092915E+07   0.0000000E+00   0.0000000E+00   0.0000000E+00   0.0000000E+00   0.0000000E+00
   8.0541733E-04   1.5080238E+07   1.5080238E+07   3.4300116E+06   5.3323065E+03   5.9079058E+06   1.5074796E+07   1.5080238E+07   0.0000000E+00   0.0000000E+00   0.0000000E+00   0.0000000E+00   0.0000000E+00
   8.6550777E-04   1.5065995E+07   1.5065995E+07   2.7363561E+06   4.7280615E+03   5.8862817E+06   1.5059831E+07   1.5065995E+07   0.0000000E+00   0.0000000E+00   0.0000000E+00   0.0000000E+00   0.0000000E+00
   9.3008142E-04   1.5050022E+07   1.5050022E+07   2.1892163E+06   4.1741885E+03   5.8591893E+06   1.5043063E+07   1.5050022E+07   0.0000000E+00   0.0000000E+00   0.0000000E+00   0.0000000E+00   0.0000000E+00
   9.9947278E-04   1.5032142E+07   1.5032142E+07   1.7900308E+06   3.6829096E+03   5.8196736E+06   1.5024312E+07   1.5032142E+07   0.0000000E+00   0.0000000E+00   0.0000000E+00   0.0000000E+00   0.0000000E+00
   1.0740413E-03   1.5012161E+07   1.5012161E+07   1.5228391E+06   3.2613248E+03   5.7605669E+06   1.5003383E+07   1.5012161E+07   0.0000000E+00   0.0000000E+00   0.0000000E+00   0.0000000E+00   0.0000000E+00
   1.1541732E-03   1.4989864E+07   1.4989864E+07   1.3544913E+06   2.9096006E+03   5.6764584E+06   1.4980064E+07   1.4989864E+07   0.0000000E+00   0.0000000E+00   0.0000000E+00   0.0000000E+00   0.0000000E+00
   1.2402835E-03   1.4965021E+07   1.4965021E+07   1.2399240E+06   2.6202446E+03   5.5661208E+06   1.4954128E+07   1.4965021E+07   0.0000000E+00   0.0000000E+00   0.0000000E+00   0.0000000E+00   0.0000000E+00
   1.3328184E-03   1.4937378E+07   1.4937378E+07   1.1330601E+06   2.3791998E+03   5.4344981E+06   1.4925329E+07   1.4937378E+07   0.0000000E+00   0.0000000E+00   0.0000000E+00   0.0000000E+00   0.0000000E+00
   1.4322571E-03   1.4906670E+07   1.4906670E+07   1.0013457E+06   2.1691413E+03   5.2928093E+06   1.4893409E+07   1.4906670E+07   0.0000000E+00   0.0000000E+00   0.0000000E+00   0.0000000E+00   0.0000000E+00
   1.5391146E-03   1.4872615E+07   1.4872615E+07   8.3846457E+05   1.9745116E+03   5.1553309E+06   1.4858099E+07   1.4872615E+07   0.0000000E+00   0.0000000E+00   0.0000000E+00   0.0000000E+00   0.0000000E+00
   1.6539446E-03   1.4834928E+07   1.4834928E+07   6.6722390E+05   1.7866196E+03   5.0327080E+06   1.4819126E+07   1.4834928E+07   0.0000000E+00   0.0000000E+00   0.0000000E+00   0.0000000E+00   0.0000000E+00
   1.7773419E-03   1.4793319E+07   1.4793319E+07   5.2629771E+05   1.6061597E+03   4.9245159E+06   1.4776213E+07   1.4793319E+07   0.0000000E+00   0.0000000E+00   0.0000000E+00   0.0000000E+00   0.0000000E+00
   1.9099455E-03   1.4747496E+07   1.4747496E+07   4.4330803E+05   1.4408490E+03   4.8169640E+06   1.4729080E+07   1.4747496E+07   0.0000000E+00   0.0000000E+00   0.0000000E+00   0.0000000E+00   0.0000000E+00
   2.0524424E-03   1.4697158E+07   1.4697158E+07   4.1051306E+05   1.2984226E+03   4.6913982E+06   1.4677436E+07   1.4697158E+07   0.0000000E+00   0.0000000E+00   0.0000000E+00   0.0000000E+00   0.0000000E+00
   2.2055706E-03   1.4641993E+07   1.4641993E+07   3.8678163E+05   1.1792843E+03   4.5414780E+06   1.4620974E+07   1.4641993E+07   0.0000000E+00   0.0000000E+00   0.0000000E+00   0.0000000E+00   0.0000000E+00
   2.3701235E-03   1.4581675E+07   1.4581675E+07   3.3416489E+05   1.0753064E+03   4.3837718E+06   1.4559367E+07   1.4581675E+07   0.0000000E+00   0.0000000E+00   0.0000000E+00   0.0000000E+00   0.0000000E+00
   2.5469532E-03   1.4515867E+07   1.4515867E+07   2.5876766E+05   9.7725747E+02   4.2434114E+06   1.4492277E+07   1.4515867E+07   0.0000000E+00   0.0000000E+00   0.0000000E+00   0.0000000E+00   0.0000000E+00
   2.7369759E-03   1.4444227E+07   1.4444227E+07   2.0311251E+05   8.8376463E+02   4.1216511E+06   1.4419356E+07   1.4444227E+07   0.0000000E+00   0.0000000E+00   0.0000000E+00   0.0000000E+00   0.0000000E+00
   2.9411757E-03   1.4366410E+07   1.4366410E+07   1.8559866E+05   8.0025864E+02   3.9892559E+06   1.4340254E+07   1.4366410E+07   0.0000000E+00   0.0000000E+00   0.0000000E+00   0.0000000E+00   0.0000000E+00
   3.1606104E-03   1.4282060E+07   1.4282060E+07   1.7172190E+05   7.2825387E+02   3.8309062E+06   1.4254611E+07   1.4282060E+07   0.0000000E+00   0.0000000E+00   0.0000000E+00   0.0000000E+00   0.0000000E+00
   3.3964167E-03   1.4190806E+07   1.4190806E+07   1.3711731E+05   6.6191399E+02   3.6739987E+06   1.4162058E+07   1.4190806E+07   0.0000000E+00   0.0000000E+00   0.0000000E+00   0.0000000E+00   0.0000000E+00
   3.6498160E-03   1.4092273E+07   1.4092273E+07   1.1225397E+05   5.9862842E+02   3.5320457E+06   1.4062226E+07   1.4092273E+07   0.0000000E+00   0.0000000E+00   0.0000000E+00   0.0000000E+00   0.0000000E+00
   3.9221208E-03   1.3986086E+07   1.3986086E+07   1.0622069E+05   5.4207453E+02   3.3730639E+06   1.3954745E+07   1.3986086E+07   0.0000000E+00   0.0000000E+00   0.0000000E+00   0.0000000E+00   0.0000000E+00
   4.2147417E-03   1.3871864E+07   1.3871864E+07   8.5300625E+04   4.9100088E+02   3.2052907E+06   1.3839245E+07   1.3871864E+07   0.0000000E+00   0.0000000E+00   0.0000000E+00   0.0000000E+00   0.0000000E+00
   4.5291945E-03   1.3749224E+07   1.3749224E+07   6.8656868E+04   4.4226033E+02   3.0572754E+06   1.3715355E+07   1.3749224E+07   0.0000000E+00   0.0000000E+00   0.0000000E+00   0.0000000E+00   0.0000000E+00
   4.8671078E-03   1.3617795E+07   1.3617795E+07   6.6476907E+04   3.9851971E+02   2.8923877E+06   1.3582724E+07   1.3617795E+07   0.0000000E+00   0.0000000E+00   0.0000000E+00   0.0000000E+00   0.0000000E+00
   5.2302322E-03   1.3477212E+07   1.3477212E+07   5.0469917E+04   3.5819376E+02   2.7322882E+06   1.3441008E+07   1.3477212E+07   0.0000000E+00   0.0000000E+00   0.0000000E+00   0.0000000E+00   0.0000000E+00
   5.6204485E-03   1.3327127E+07   1.3327127E+07   4.6574567E+04   3.2094487E+02   2.5815290E+06   1.3289868E+07   1.3327127E+07   0.0000000E+00   0.0000000E+00   0.0000000E+00   0.0000000E+00   0.0000000E+00
   6.0397779E-03   1.3167201E+07   1.3167201E+07   3.6819814E+04   2.8766429E+02   2.4230760E+06   1.3128952E+07   1.3167201E+07   0.0000000E+00   0.0000000E+00   0.0000000E+00   0.0000000E+00   0.0000000E+00
   6.4903926E-03   1.2997097E+07   1.2997097E+07   3.4282689E+04   2.5696759E+02   2.2728402E+06   1.2957915E+07   1.2997097E+07   0.0000000E+00   0.0000000E+00   0.0000000E+00   0.0000000E+00   0.0000000E+00
   6.9746267E-03   1.2816479E+07   1.2816479E+07   2.6006686E+04   2.2896850E+02   2.1191450E+06   1.2776445E+07   1.2816479E+07   0.0000000E+00   0.0000000E+00   0.0000000E+00   0.0000000E+00   0.0000000E+00
   7.4949885E-03   1.2625022E+07   1.2625022E+07   2.4775873E+04   2.0331305E+02   1.9727650E+06   1.2584252E+07   1.2625022E+07   0.0000000E+00   0.0000000E+00   0.0000000E+00   0.0000000E+00   0.0000000E+00
   8.0541733E-03   1.2422430E+07   1.2422430E+07   1.9691068E+04   1.8015699E+02   1.8343374E+06   1.2381037E+07   1.2422430E+07   0.0000000E+00   0.0000000E+00   0.0000000E+00   0.0000000E+00   0.0000000E+00
   8.6550777E-03   1.2208423E+07   1.2208423E+07   1.6083653E+04   1.5933263E+02   1.6936139E+06   1.2166507E+07   1.2208423E+07   0.0000000E+00   0.0000000E+00   0.0000000E+00   0.0000000E+00   0.0000000E+00
   9.3008142E-03   1.1982728E+07   1.1982728E+07   1.4776614E+04   1.4039501E+02   1.5595809E+06   1.1940404E+07   1.1982728E+07   0.0000000E+00   0.0000000E+00   0.0000000E+00   0.0000000E+00   0.0000000E+00
   9.9947278E-03   1.1745083E+07   1.1745083E+07   1.2669713E+04   1.2330872E+02   1.4346991E+06   1.1702479E+07   1.1745083E+07   0.0000000E+00   0.0000000E+00   0.0000000E+00   0.0000000E+00   0.0000000E+00
   1.0740413E-02   1.1495247E+07   1.1495247E+07   1.0481093E+04   1.0800351E+02   1.3139234E+06   1.1452491E+07   1.1495247E+07   0.0000000E+00   0.0000000E+00   0.0000000E+00   0.0000000E+00   0.0000000E+00
   1.1541732E-02   1.1233009E+07   1.1233009E+07   8.6540047E+03   9.4307607E+01   1.1982193E+06   1.1190228E+07   1.1233009E+07   0.0000000E+00   0.0000000E+00   0.0000000E+00   0.0000000E+00   0.0000000E+00
   1.2402835E-02   1.0958180E+07   1.0958180E+07   7.2600350E+03   8.2052802E+01   1.0884944E+06   1.0915515E+07   1.0958180E+07   0.0000000E+00   0.0000000E+00   0.0000000E+00   0.0000000E+00   0.0000000E+00
   1.3328184E-02   1.0670617E+07   1.0670617E+07   6.2615665E+03   7.1190592E+01   9.8484380E+05   1.0628203E+07   1.0670617E+07   0.0000000E+00   0.0000000E+00   0.0000000E+00   0.0000000E+00   0.0000000E+00
   1.4322571E-02   1.0370229E+07   1.0370229E+07   5.3396411E+03   6.1519209E+01   8.8685395E+05   1.0328202E+07   1.0370229E+07   0.0000000E+00   0.0000000E+00   0.0000000E+00   0.0000000E+00   0.0000000E+00
   1.5391146E-02   1.0057000E+07   1.0057000E+07   4.2837897E+03   5.2990772E+01   7.9564032E+05   1.0015501E+07   1.0057000E+07   0.0000000E+00   0.0000000E+00   0.0000000E+00   0.0000000E+00   0.0000000E+00
   1.6539446E-02   9.7310196E+06   9.7310196E+06   3.4955116E+03   4.5454241E+01   7.1228243E+05   9.6901857E+06   9.7310196E+06   0.0000000E+00   0.0000000E+00   0.0000000E+00   0.0000000E+00   0.0000000E+00
   1.7773419E-02   9.3925171E+06   9.3925171E+06   3.0541393E+03   3.8850233E+01   6.3351244E+05   9.3524843E+06   9.3925171E+06   0.0000000E+00   0.0000000E+00   0.0000000E+00   0.0000000E+00   0.0000000E+00
   1.9099455E-02   9.0419103E+06   9.0419103E+06   2.4655928E+03   3.3064438E+01   5.6200986E+05   9.0028097E+06   9.0419103E+06   0.0000000E+00   0.0000000E+00   0.0000000E+00   0.0000000E+00   0.0000000E+00
   2.0524423E-02   8.6798616E+06   8.6798616E+06   2.0205481E+03   2.8032705E+01   4.9539417E+05   8.6418205E+06   8.6798616E+06   0.0000000E+00   0.0000000E+00   0.0000000E+00   0.0000000E+00   0.0000000E+00
   2.2055704E-02   8.3073488E+06   8.3073488E+06   1.7139402E+03   2.3661202E+01   4.3495754E+05   8.2704876E+06   8.3073488E+06   0.0000000E+00   0.0000000E+00   0.0000000E+00   0.0000000E+00   0.0000000E+00
   2.3701222E-02   7.9257400E+06   7.9257400E+06   1.4324749E+03   1.9883164E+01   3.8021828E+05   7.8901685E+06   7.9257400E+06   0.0000000E+00   0.0000000E+00   0.0000000E+00   0.0000000E+00   0.0000000E+00
   2.5469465E-02   7.5368802E+06   7.5368802E+06   1.1605160E+03   1.6635340E+01   3.3073127E+05   7.5026966E+06   7.5368802E+06   0.0000000E+00   0.0000000E+00   0.0000000E+00   0.0000000E+00   0.0000000E+00
   2.7369441E-02   7.1431806E+06   7.1431806E+06   9.1789003E+02   1.3855562E+01   2.8662946E+05   7.1104690E+06   7.1431806E+06   0.0000000E+00   0.0000000E+00   0.0000000E+00   0.0000000E+00   0.0000000E+00
   2.9410443E-02   6.7477202E+06   6.7477202E+06   7.9037993E+02   1.1489863E+01   2.4735146E+05   6.7165454E+06   6.7477202E+06   0.0000000E+00   0.0000000E+00   0.0000000E+00   0.0000000E+00   0.0000000E+00
   3.1601335E-02   6.3543672E+06   6.3543672E+06   6.1426964E+02   9.4909825E+00   2.1212546E+05   6.3247718E+06   6.3543672E+06   0.0000000E+00   0.0000000E+00   0.0000000E+00   0.0000000E+00   0.0000000E+00
   3.3948840E-02   5.9679206E+06   5.9679206E+06   5.2638421E+02   7.8133919E+00   1.8148851E+05   5.9399198E+06   5.9679206E+06   0.0000000E+00   0.0000000E+00   0.0000000E+00   0.0000000E+00   0.0000000E+00
   3.6454263E-02   5.5942086E+06   5.5942086E+06   4.3271098E+02   6.4187813E+00   1.5504153E+05   5.5677854E+06   5.5942086E+06   0.0000000E+00   0.0000000E+00   0.0000000E+00   0.0000000E+00   0.0000000E+00
   3.9108684E-02   5.2399439E+06   5.2399439E+06   3.4846944E+02   5.2735286E+00   1.3230608E+05   5.2150450E+06   5.2399439E+06   0.0000000E+00   0.0000000E+00   0.0000000E+00   0.0000000E+00   0.0000000E+00
   4.1888523E-02   4.9120101E+06   4.9120101E+06   2.6896948E+02   4.3453141E+00   1.1325687E+05   4.8885447E+06   4.9120101E+06   0.0000000E+00   0.0000000E+00   0.0000000E+00   0.0000000E+00   0.0000000E+00
   4.4755705E-02   4.6160255E+06   4.6160255E+06   2.2391278E+02   3.6030632E+00   9.7692557E+04   4.5938702E+06   4.6160255E+06   0.0000000E+00   0.0000000E+00   0.0000000E+00   0.0000000E+00   0.0000000E+00
   4.7665623E-02   4.3547108E+06   4.3547108E+06   1.9674798E+02   3.0156658E+00   8.4614645E+04   4.3337240E+06   4.3547108E+06   0.0000000E+00   0.0000000E+00   0.0000000E+00   0.0000000E+00   0.0000000E+00
   5.0579574E-02   4.1271517E+06   4.1271517E+06   1.5338704E+02   2.5516914E+00   7.4143418E+04   4.1071912E+06   4.1271517E+06   0.0000000E+00   0.0000000E+00   0.0000000E+00   0.0000000E+00   0.0000000E+00
   5.3473391E-02   3.9294762E+06   3.9294762E+06   1.3786249E+02   2.1834022E+00   6.5652918E+04   3.9104138E+06   3.9294762E+06   0.0000000E+00   0.0000000E+00   0.0000000E+00   0.0000000E+00   0.0000000E+00
   5.6338182E-02   3.7563042E+06   3.7563042E+06   1.1621143E+02   1.8876644E+00   5.8506205E+04   3.7380335E+06   3.7563042E+06   0.0000000E+00   0.0000000E+00   0.0000000E+00   0.0000000E+00   0.0000000E+00
   5.9176055E-02   3.6020328E+06   3.6020328E+06   1.0098686E+02   1.6461957E+00   5.2675777E+04   3.5844719E+06   3.6020328E+06   0.0000000E+00   0.0000000E+00   0.0000000E+00   0.0000000E+00   0.0000000E+00
   6.1995179E-02   3.4615786E+06   3.4615786E+06   9.1052481E+01   1.4456984E+00   4.7596935E+04   3.4446680E+06   3.4615786E+06   0.0000000E+00   0.0000000E+00   0.0000000E+00   0.0000000E+00   0.0000000E+00
   6.4806251E-02   3.3306749E+06   3.3306749E+06   7.6674014E+01   1.2764431E+00   4.3219481E+04   3.3143742E+06   3.3306749E+06   0.0000000E+00   0.0000000E+00   0.0000000E+00   0.0000000E+00   0.0000000E+00
   6.7620498E-02   3.2059308E+06   3.2059308E+06   6.7312136E+01   1.1313441E+00   3.9458172E+04   3.1902149E+06   3.2059308E+06   0.0000000E+00   0.0000000E+00   0.0000000E+00   0.0000000E+00   0.0000000E+00
   7.0448730E-02   3.0847970E+06   3.0847970E+06   6.3187927E+01   1.0053188E+00   3.6030461E+04   3.0696526E+06   3.0847970E+06   0.0000000E+00   0.0000000E+00   0.0000000E+00   0.0000000E+00   0.0000000E+00
   7.3300982E-02   2.9655063E+06   2.9655063E+06   5.4556737E+01   8.9472613E-01   3.2883219E+04   2.9509280E+06   2.9655063E+06   0.0000000E+00   0.0000000E+00   0.0000000E+00   0.0000000E+00   0.0000000E+00
   7.6186449E-02   2.8470106E+06   2.8470106E+06   4.6444214E+01   7.9688015E-01   3.0146945E+04   2.8329976E+06   2.8470106E+06   0.0000000E+00   0.0000000E+00   0.0000000E+00   0.0000000E+00   0.0000000E+00
   7.9113548E-02   2.7289169E+06   2.7289169E+06   4.4677979E+01   7.0987082E-01   2.7569923E+04   2.7154700E+06   2.7289169E+06   0.0000000E+00   0.0000000E+00   0.0000000E+00   0.0000000E+00   0.0000000E+00
   8.2090020E-02   2.6114160E+06   2.6114160E+06   3.6645079E+01   6.3224073E-01   2.5198962E+04   2.5985346E+06   2.6114160E+06   0.0000000E+00   0.0000000E+00   0.0000000E+00   0.0000000E+00   0.0000000E+00
   8.5123055E-02   2.4951948E+06   2.4951948E+06   3.5130712E+01   5.6294493E-01   2.3073609E+04   2.4828748E+06   2.4951948E+06   0.0000000E+00   0.0000000E+00   0.0000000E+00   0.0000000E+00   0.0000000E+00
   8.8219393E-02   2.3813269E+06   2.3813269E+06   2.9051331E+01   5.0117859E-01   2.1105719E+04   2.3695585E+06   2.3813269E+06   0.0000000E+00   0.0000000E+00   0.0000000E+00   0.0000000E+00   0.0000000E+00
   9.1385423E-02   2.2711381E+06   2.2711381E+06   2.6601247E+01   4.4625438E-01   1.9286623E+04   2.2599048E+06   2.2711381E+06   0.0000000E+00   0.0000000E+00   0.0000000E+00   0.0000000E+00   0.0000000E+00
   9.4627261E-02   2.1660469E+06   2.1660469E+06   2.3962502E+01   3.9761776E-01   1.7675202E+04   2.1553250E+06   2.1660469E+06   0.0000000E+00   0.0000000E+00   0.0000000E+00   0.0000000E+00   0.0000000E+00
   9.7950820E-02   2.0673887E+06   2.0673887E+06   2.1399838E+01   3.5472786E-01   1.6219525E+04   2.0571476E+06   2.0673887E+06   0.0000000E+00   0.0000000E+00   0.0000000E+00   0.0000000E+00   0.0000000E+00
   1.0136186E-01   1.9762333E+06   1.9762333E+06   1.9171682E+01   3.1707387E-01   1.4920116E+04   1.9664370E+06   1.9762333E+06   0.0000000E+00   0.0000000E+00   0.0000000E+00   0.0000000E+00   0.0000000E+00
   1.0486605E-01   1.8932165E+06   1.8932165E+06   1.6897154E+01   2.8410929E-01   1.3766105E+04   1.8838256E+06   1.8932165E+06   0.0000000E+00   0.0000000E+00   0.0000000E+00   0.0000000E+00   0.0000000E+00
   1.0846897E-01   1.8184053E+06   1.8184053E+06   1.4664117E+01   2.5528907E-01   1.2759401E+04   1.8093801E+06   1.8184053E+06   0.0000000E+00   0.0000000E+00   0.0000000E+00   0.0000000E+00   0.0000000E+00
   1.1217617E-01   1.7512244E+06   1.7512244E+06   1.3650467E+01   2.3003461E-01   1.1880096E+04   1.7425277E+06   1.7512244E+06   0.0000000E+00   0.0000000E+00   0.0000000E+00   0.0000000E+00   0.0000000E+00
   1.1599320E-01   1.6904621E+06   1.6904621E+06   1.2498408E+01   2.0780058E-01   1.1050094E+04   1.6820626E+06   1.6904621E+06   0.0000000E+00   0.0000000E+00   0.0000000E+00   0.0000000E+00   0.0000000E+00
   1.1992560E-01   1.6343751E+06   1.6343751E+06   1.1159572E+01   1.8803488E-01   1.0352621E+04   1.6262502E+06   1.6343751E+06   0.0000000E+00   0.0000000E+00   0.0000000E+00   0.0000000E+00   0.0000000E+00
   1.2397895E-01   1.5808926E+06   1.5808926E+06   9.7783527E+00   1.7025847E-01   9.6762845E+03   1.5730298E+06   1.5808926E+06   0.0000000E+00   0.0000000E+00   0.0000000E+00   0.0000000E+00   0.0000000E+00
   1.2815883E-01   1.5279046E+06   1.5279046E+06   8.9650399E+00   1.5406686E-01   9.0518972E+03   1.5203018E+06   1.5279046E+06   0.0000000E+00   0.0000000E+00   0.0000000E+00   0.0000000E+00   0.0000000E+00
   1.3247091E-01   1.4735986E+06   1.4735986E+06   8.1108894E+00   1.3915292E-01   8.4676117E+03   1.4662630E+06   1.4735986E+06   0.0000000E+00   0.0000000E+00   0.0000000E+00   0.0000000E+00   0.0000000E+00
   1.3692087E-01   1.4167887E+06   1.4167887E+06   7.5078231E+00   1.2532097E-01   7.9010312E+03   1.4097330E+06   1.4167887E+06   0.0000000E+00   0.0000000E+00   0.0000000E+00   0.0000000E+00   0.0000000E+00
   1.4151448E-01   1.3571651E+06   1.3571651E+06   6.6943597E+00   1.1247402E-01   7.3352742E+03   1.3504038E+06   1.3571651E+06   0.0000000E+00   0.0000000E+00   0.0000000E+00   0.0000000E+00   0.0000000E+00
   1.4625756E-01   1.2953957E+06   1.2953957E+06   5.9024288E+00   1.0059829E-01   6.8156904E+03   1.2889398E+06   1.2953957E+06   0.0000000E+00   0.0000000E+00   0.0000000E+00   0.0000000E+00   0.0000000E+00
   1.5115600E-01   1.2330257E+06   1.2330257E+06   5.1601847E+00   8.9739204E-02   6.2988710E+03   1.2268786E+06   1.2330257E+06   0.0000000E+00   0.0000000E+00   0.0000000E+00   0.0000000E+00   0.0000000E+00
   1.5621577E-01   1.1721615E+06   1.1721615E+06   4.6657948E+00   7.9949581E-02   5.8247922E+03   1.1663159E+06   1.1721615E+06   0.0000000E+00   0.0000000E+00   0.0000000E+00   0.0000000E+00   0.0000000E+00
   1.6144291E-01   1.1149812E+06   1.1149812E+06   4.1094592E+00   7.1263594E-02   5.3982547E+03   1.1094192E+06   1.1149812E+06   0.0000000E+00   0.0000000E+00   0.0000000E+00   0.0000000E+00   0.0000000E+00
   1.6684358E-01   1.0631733E+06   1.0631733E+06   3.7312084E+00   6.3664950E-02   5.0237181E+03   1.0578682E+06   1.0631733E+06   0.0000000E+00   0.0000000E+00   0.0000000E+00   0.0000000E+00   0.0000000E+00
   1.7242400E-01   1.0174512E+06   1.0174512E+06   3.3089308E+00   5.7070307E-02   4.6857833E+03   1.0123728E+06   1.0174512E+06   0.0000000E+00   0.0000000E+00   0.0000000E+00   0.0000000E+00   0.0000000E+00
   1.7819051E-01   9.7730529E+05   9.7730529E+05   3.0334414E+00   5.1338072E-02   4.3924327E+03   9.7242611E+05   9.7730529E+05   0.0000000E+00   0.0000000E+00   0.0000000E+00   0.0000000E+00   0.0000000E+00
   1.8414958E-01   9.4110739E+05   9.4110739E+05   2.7575568E+00   4.6292249E-02   4.1335948E+03   9.3640780E+05   9.4110739E+05   0.0000000E+00   0.0000000E+00   0.0000000E+00   0.0000000E+00   0.0000000E+00
   1.9030779E-01   9.0658655E+05   9.0658655E+05   2.4355205E+00   4.1758366E-02   3.8936339E+03   9.0205832E+05   9.0658655E+05   0.0000000E+00   0.0000000E+00   0.0000000E+00   0.0000000E+00   0.0000000E+00
   1.9667189E-01   8.7156167E+05   8.7156167E+05   2.1945329E+00   3.7595783E-02   3.6682440E+03   8.6720747E+05   8.7156167E+05   0.0000000E+00   0.0000000E+00   0.0000000E+00   0.0000000E+00   0.0000000E+00
   2.0324881E-01   8.3469223E+05   8.3469223E+05   1.9527201E+00   3.3724993E-02   3.4377990E+03   8.3052138E+05   8.3469223E+05   0.0000000E+00   0.0000000E+00   0.0000000E+00   0.0000000E+00   0.0000000E+00
   2.1004567E-01   7.9595484E+05   7.9595484E+05   1.7491337E+00   3.0127859E-02   3.2146460E+03   7.9197681E+05   7.9595484E+05   0.0000000E+00   0.0000000E+00   0.0000000E+00   0.0000000E+00   0.0000000E+00
   2.1706982E-01   7.5661692E+05   7.5661692E+05   1.5753888E+00   2.6831707E-02   2.9989543E+03   7.5283482E+05   7.5661692E+05   0.0000000E+00   0.0000000E+00   0.0000000E+00   0.0000000E+00   0.0000000E+00
   2.2432891E-01   7.1866450E+05   7.1866450E+05   1.4020103E+00   2.3876767E-02   2.7936321E+03   7.1507151E+05   7.1866450E+05   0.0000000E+00   0.0000000E+00   0.0000000E+00   0.0000000E+00   0.0000000E+00
   2.3183087E-01   6.8389263E+05   6.8389263E+05   1.2628241E+00   2.1283357E-02   2.6135281E+03   6.8047295E+05   6.8389263E+05   0.0000000E+00   0.0000000E+00   0.0000000E+00   0.0000000E+00   0.0000000E+00
   2.3958403E-01   6.5306609E+05   6.5306609E+05   1.1275500E+00   1.9034132E-02   2.4532923E+03   6.4980006E+05   6.5306609E+05   0.0000000E+00   0.0000000E+00   0.0000000E+00   0.0000000E+00   0.0000000E+00
   2.4759712E-01   6.2557989E+05   6.2557989E+05   9.9208696E-01   1.7072804E-02   2.3123885E+03   6.2245088E+05   6.2557989E+05   0.0000000E+00   0.0000000E+00   0.0000000E+00   0.0000000E+00   0.0000000E+00
   2.5587940E-01   5.9983269E+05   5.9983269E+05   8.9489356E-01   1.5328058E-02   2.1820516E+03   5.9683206E+05   5.9983269E+05   0.0000000E+00   0.0000000E+00   0.0000000E+00   0.0000000E+00   0.0000000E+00
   2.6444066E-01   5.7414280E+05   5.7414280E+05   8.0409490E-01   1.3738652E-02   2.0578077E+03   5.7127033E+05   5.7414280E+05   0.0000000E+00   0.0000000E+00   0.0000000E+00   0.0000000E+00   0.0000000E+00
   2.7329138E-01   5.4769137E+05   5.4769137E+05   7.1036049E-01   1.2273785E-02   1.9358559E+03   5.4495091E+05   5.4769137E+05   0.0000000E+00   0.0000000E+00   0.0000000E+00   0.0000000E+00   0.0000000E+00
   2.8244279E-01   5.2091013E+05   5.2091013E+05   6.3717931E-01   1.0933155E-02   1.8160728E+03   5.1830339E+05   5.2091013E+05   0.0000000E+00   0.0000000E+00   0.0000000E+00   0.0000000E+00   0.0000000E+00
   2.9190703E-01   4.9505049E+05   4.9505049E+05   5.6376697E-01   9.7309248E-03   1.7039355E+03   4.9257290E+05   4.9505049E+05   0.0000000E+00   0.0000000E+00   0.0000000E+00   0.0000000E+00   0.0000000E+00
   3.0169722E-01   4.7122272E+05   4.7122272E+05   5.0983310E-01   8.6730730E-03   1.6021346E+03   4.6886415E+05   4.7122272E+05   0.0000000E+00   0.0000000E+00   0.0000000E+00   0.0000000E+00   0.0000000E+00
   3.1182768E-01   4.4960011E+05   4.4960011E+05   4.5189330E-01   7.7468243E-03   1.5108162E+03   4.4734956E+05   4.4960011E+05   0.0000000E+00   0.0000000E+00   0.0000000E+00   0.0000000E+00   0.0000000E+00
   3.2231406E-01   4.2938920E+05   4.2938920E+05   4.0484578E-01   6.9254181E-03   1.4263403E+03   4.2723963E+05   4.2938920E+05   0.0000000E+00   0.0000000E+00   0.0000000E+00   0.0000000E+00   0.0000000E+00
   3.3317361E-01   4.0956815E+05   4.0956815E+05   3.6244226E-01   6.1826939E-03   1.3462536E+03   4.0751764E+05   4.0956815E+05   0.0000000E+00   0.0000000E+00   0.0000000E+00   0.0000000E+00   0.0000000E+00
   3.4442537E-01   3.8974046E+05   3.8974046E+05   3.2278427E-01   5.5063596E-03   1.2679483E+03   3.8778907E+05   3.8974046E+05   0.0000000E+00   0.0000000E+00   0.0000000E+00   0.0000000E+00   0.0000000E+00
   3.5609049E-01   3.7034080E+05   3.7034080E+05   2.8513943E-01   4.8961803E-03   1.1932069E+03   3.6848641E+05   3.7034080E+05   0.0000000E+00   0.0000000E+00   0.0000000E+00   0.0000000E+00   0.0000000E+00
   3.6819257E-01   3.5204356E+05   3.5204356E+05   2.5480408E-01   4.3539498E-03   1.1236316E+03   3.5028066E+05   3.5204356E+05   0.0000000E+00   0.0000000E+00   0.0000000E+00   0.0000000E+00   0.0000000E+00
   3.8075809E-01   3.3502031E+05   3.3502031E+05   2.2544251E-01   3.8748857E-03   1.0602418E+03   3.3334256E+05   3.3502031E+05   0.0000000E+00   0.0000000E+00   0.0000000E+00   0.0000000E+00   0.0000000E+00
   3.9381688E-01   3.1883285E+05   3.1883285E+05   2.0133911E-01   3.4473779E-03   1.0005261E+03   3.1723606E+05   3.1883285E+05   0.0000000E+00   0.0000000E+00   0.0000000E+00   0.0000000E+00   0.0000000E+00
   4.0740275E-01   3.0301178E+05   3.0301178E+05   1.7888330E-01   3.0615881E-03   9.4323637E+02   3.0149413E+05   3.0301178E+05   0.0000000E+00   0.0000000E+00   0.0000000E+00   0.0000000E+00   0.0000000E+00
   4.2155422E-01   2.8756644E+05   2.8756644E+05   1.5785613E-01   2.7141597E-03   8.8838427E+02   2.8612607E+05   2.8756644E+05   0.0000000E+00   0.0000000E+00   0.0000000E+00   0.0000000E+00   0.0000000E+00
   4.3631544E-01   2.7280966E+05   2.7280966E+05   1.4016676E-01   2.4039854E-03   8.3668779E+02   2.7144314E+05   2.7280966E+05   0.0000000E+00   0.0000000E+00   0.0000000E+00   0.0000000E+00   0.0000000E+00
   4.5173732E-01   2.5882807E+05   2.5882807E+05   1.2412545E-01   2.1278748E-03   7.8834591E+02   2.5753152E+05   2.5882807E+05   0.0000000E+00   0.0000000E+00   0.0000000E+00   0.0000000E+00   0.0000000E+00
   4.6787894E-01   2.4538529E+05   2.4538529E+05   1.0959761E-01   1.8806284E-03   7.4256526E+02   2.4415602E+05   2.4538529E+05   0.0000000E+00   0.0000000E+00   0.0000000E+00   0.0000000E+00   0.0000000E+00
   4.8480932E-01   2.3231900E+05   2.3231900E+05   9.6627981E-02   1.6584754E-03   6.9862210E+02   2.3115514E+05   2.3231900E+05   0.0000000E+00   0.0000000E+00   0.0000000E+00   0.0000000E+00   0.0000000E+00
   5.0260970E-01   2.1971804E+05   2.1971804E+05   8.4941103E-02   1.4595351E-03   6.5682044E+02   2.1861726E+05   2.1971804E+05   0.0000000E+00   0.0000000E+00   0.0000000E+00   0.0000000E+00   0.0000000E+00
   5.2137643E-01   2.0763859E+05   2.0763859E+05   7.4638755E-02   1.2818746E-03   6.1719077E+02   2.0659829E+05   2.0763859E+05   0.0000000E+00   0.0000000E+00   0.0000000E+00   0.0000000E+00   0.0000000E+00
   5.4122465E-01   1.9596588E+05   1.9596588E+05   6.5392368E-02   1.1227591E-03   5.7932037E+02   1.9498402E+05   1.9596588E+05   0.0000000E+00   0.0000000E+00   0.0000000E+00   0.0000000E+00   0.0000000E+00
   5.6229306E-01   1.8463605E+05   1.8463605E+05   5.7056580E-02   9.8013385E-04   5.4297742E+02   1.8371093E+05   1.8463605E+05   0.0000000E+00   0.0000000E+00   0.0000000E+00   0.0000000E+00   0.0000000E+00
   5.8475009E-01   1.7367747E+05   1.7367747E+05   4.9634779E-02   8.5258333E-04   5.0819791E+02   1.7280722E+05   1.7367747E+05   0.0000000E+00   0.0000000E+00   0.0000000E+00   0.0000000E+00   0.0000000E+00
   6.0880182E-01   1.6304734E+05   1.6304734E+05   4.2981206E-02   7.3843027E-04   4.7485067E+02   1.6223033E+05   1.6304734E+05   0.0000000E+00   0.0000000E+00   0.0000000E+00   0.0000000E+00   0.0000000E+00
   6.3470201E-01   1.5269347E+05   1.5269347E+05   3.7031769E-02   6.3630966E-04   4.4266572E+02   1.5192832E+05   1.5269347E+05   0.0000000E+00   0.0000000E+00   0.0000000E+00   0.0000000E+00   0.0000000E+00
   6.6276461E-01   1.4260745E+05   1.4260745E+05   3.1716997E-02   5.4504159E-04   4.1159676E+02   1.4189282E+05   1.4260745E+05   0.0000000E+00   0.0000000E+00   0.0000000E+00   0.0000000E+00   0.0000000E+00
   6.9337849E-01   1.3275304E+05   1.3275304E+05   2.6973853E-02   4.6358952E-04   3.8155461E+02   1.3208777E+05   1.3275304E+05   0.0000000E+00   0.0000000E+00   0.0000000E+00   0.0000000E+00   0.0000000E+00
   7.2702320E-01   1.2310898E+05   1.2310898E+05   2.2753499E-02   3.9106389E-04   3.5238243E+02   1.2249203E+05   1.2310898E+05   0.0000000E+00   0.0000000E+00   0.0000000E+00   0.0000000E+00   0.0000000E+00
   7.6428179E-01   1.1366067E+05   1.1366067E+05   1.9007598E-02   3.2672965E-04   3.2406074E+02   1.1309105E+05   1.1366067E+05   0.0000000E+00   0.0000000E+00   0.0000000E+00   0.0000000E+00   0.0000000E+00
   8.0584249E-01   1.0440571E+05   1.0440571E+05   1.5704629E-02   2.6997550E-04   2.9654794E+02   1.0388246E+05   1.0440571E+05   0.0000000E+00   0.0000000E+00   0.0000000E+00   0.0000000E+00   0.0000000E+00
   8.5247470E-01   9.5361870E+04   9.5361870E+04   1.2817433E-02   2.2036522E-04   2.6987305E+02   9.4883935E+04   9.5361870E+04   0.0000000E+00   0.0000000E+00   0.0000000E+00   0.0000000E+00   0.0000000E+00
   9.0496132E-01   8.6576561E+04   8.6576561E+04   1.0325155E-02   1.7753892E-04   2.4416134E+02   8.6142646E+04   8.6576561E+04   0.0000000E+00   0.0000000E+00   0.0000000E+00   0.0000000E+00   0.0000000E+00
   9.6398241E-01   7.8129958E+04   7.8129958E+04   8.2233559E-03   1.4120752E-04   2.1961541E+02   7.7738369E+04   7.8129958E+04   0.0000000E+00   0.0000000E+00   0.0000000E+00   0.0000000E+00   0.0000000E+00
   1.0299865E+00   7.0126551E+04   7.0126551E+04   6.4573739E-03   1.1102296E-04   1.9652993E+02   6.9775068E+04   7.0126551E+04   0.0000000E+00   0.0000000E+00   0.0000000E+00   0.0000000E+00   0.0000000E+00
   1.1031346E+00   6.2668275E+04   6.2668275E+04   5.0298552E-03   8.6498387E-05   1.7514310E+02   6.2354168E+04   6.2668275E+04   0.0000000E+00   0.0000000E+00   0.0000000E+00   0.0000000E+00   0.0000000E+00
   1.1833837E+00   5.5826296E+04   5.5826296E+04   3.8932887E-03   6.6961751E-05   1.5563470E+02   5.5546478E+04   5.5826296E+04   0.0000000E+00   0.0000000E+00   0.0000000E+00   0.0000000E+00   0.0000000E+00
   1.2706634E+00   4.9629210E+04   4.9629210E+04   3.0018166E-03   5.1633885E-05   1.3805410E+02   4.9380450E+04   4.9629210E+04   0.0000000E+00   0.0000000E+00   0.0000000E+00   0.0000000E+00   0.0000000E+00
   1.3650252E+00   4.4064174E+04   4.4064174E+04   2.3093679E-03   3.9727190E-05   1.2233690E+02   4.3843306E+04   4.4064174E+04   0.0000000E+00   0.0000000E+00   0.0000000E+00   0.0000000E+00   0.0000000E+00
   1.4666978E+00   3.9090206E+04   3.9090206E+04   1.7739034E-03   3.0527641E-05   1.0834468E+02   3.8894267E+04   3.9090206E+04   0.0000000E+00   0.0000000E+00   0.0000000E+00   0.0000000E+00   0.0000000E+00
   1.5760678E+00   3.4657000E+04   3.4657000E+04   1.3625166E-03   2.3440670E-05   9.5918045E+01   3.4483281E+04   3.4657000E+04   0.0000000E+00   0.0000000E+00   0.0000000E+00   0.0000000E+00   0.0000000E+00
   1.6936379E+00   3.0711120E+04   3.0711120E+04   1.0455829E-03   1.7988952E-05   8.4890933E+01   3.0557178E+04   3.0711120E+04   0.0000000E+00   0.0000000E+00   0.0000000E+00   0.0000000E+00   0.0000000E+00
   1.8199922E+00   2.7202073E+04   2.7202073E+04   8.0194469E-04   1.3798832E-05   7.5107387E+01   2.7065720E+04   2.7202073E+04   0.0000000E+00   0.0000000E+00   0.0000000E+00   0.0000000E+00   0.0000000E+00
   1.9557769E+00   2.4083588E+04   2.4083588E+04   6.1501608E-04   1.0580157E-05   6.6432529E+01   2.3962866E+04   2.4083588E+04   0.0000000E+00   0.0000000E+00   0.0000000E+00   0.0000000E+00   0.0000000E+00
   2.1016930E+00   2.1313744E+04   2.1313744E+04   4.7120683E-04   8.1088203E-06   5.8743666E+01   2.1206905E+04   2.1313744E+04   0.0000000E+00   0.0000000E+00   0.0000000E+00   0.0000000E+00   0.0000000E+00
   2.2584957E+00   1.8854840E+04   1.8854840E+04   3.6094367E-04   6.2123773E-06   5.1928725E+01   1.8760326E+04   1.8854840E+04   0.0000000E+00   0.0000000E+00   0.0000000E+00   0.0000000E+00   0.0000000E+00
   2.4269972E+00   1.6673143E+04   1.6673143E+04   2.7638616E-04   4.7576252E-06   4.5891215E+01   1.6589565E+04   1.6673143E+04   0.0000000E+00   0.0000000E+00   0.0000000E+00   0.0000000E+00   0.0000000E+00
   2.6080702E+00   1.4738301E+04   1.4738301E+04   2.1156009E-04   3.6422301E-06   4.0543448E+01   1.4664422E+04   1.4738301E+04   0.0000000E+00   0.0000000E+00   0.0000000E+00   0.0000000E+00   0.0000000E+00
   2.8026526E+00   1.3023215E+04   1.3023215E+04   1.6188025E-04   2.7873169E-06   3.5808966E+01   1.2957933E+04   1.3023215E+04   0.0000000E+00   0.0000000E+00   0.0000000E+00   0.0000000E+00   0.0000000E+00
   3.0117524E+00   1.1503626E+04   1.1503626E+04   1.2379476E-04   2.1323716E-06   3.1617195E+01   1.1445961E+04   1.1503626E+04   0.0000000E+00   0.0000000E+00   0.0000000E+00   0.0000000E+00   0.0000000E+00
   3.2364528E+00   1.0157845E+04   1.0157845E+04   9.4699733E-05   1.6307822E-06   2.7908552E+01   1.0106926E+04   1.0157845E+04   0.0000000E+00   0.0000000E+00   0.0000000E+00   0.0000000E+00   0.0000000E+00
   3.4779175E+00   8.9665019E+03   8.9665019E+03   7.2381383E-05   1.2467860E-06   2.4627674E+01   8.9215549E+03   8.9665019E+03   0.0000000E+00   0.0000000E+00   0.0000000E+00   0.0000000E+00   0.0000000E+00
   3.7373973E+00   7.9123126E+03   7.9123126E+03   5.5308942E-05   9.5292121E-07   2.1726701E+01   7.8726499E+03   7.9123126E+03   0.0000000E+00   0.0000000E+00   0.0000000E+00   0.0000000E+00   0.0000000E+00
   4.0162364E+00   6.9798624E+03   6.9798624E+03   4.2255848E-05   7.2811672E-07   1.9161652E+01   6.9448738E+03   6.9798624E+03   0.0000000E+00   0.0000000E+00   0.0000000E+00   0.0000000E+00   0.0000000E+00
   4.3158791E+00   6.1554136E+03   6.1554136E+03   3.2268629E-05   5.5619546E-07   1.6894788E+01   6.1245577E+03   6.1554136E+03   0.0000000E+00   0.0000000E+00   0.0000000E+00   0.0000000E+00   0.0000000E+00
   4.6378775E+00   5.4267317E+03   5.4267317E+03   2.4628665E-05   4.2475887E-07   1.4892040E+01   5.3995286E+03   5.4267317E+03   0.0000000E+00   0.0000000E+00   0.0000000E+00   0.0000000E+00   0.0000000E+00
   4.9838994E+00   4.7829279E+03   4.7829279E+03   1.8803576E-05   3.2430251E-07   1.3123325E+01   4.7589520E+03   4.7829279E+03   0.0000000E+00   0.0000000E+00   0.0000000E+00   0.0000000E+00   0.0000000E+00
   5.3557374E+00   4.2143167E+03   4.2143167E+03   1.4345727E-05   2.4754761E-07   1.1561686E+01   4.1931911E+03   4.2143167E+03   0.0000000E+00   0.0000000E+00   0.0000000E+00   0.0000000E+00   0.0000000E+00
   5.7553173E+00   3.7122885E+03   3.7122885E+03   1.0943241E-05   1.8892055E-07   1.0183060E+01   3.6936795E+03   3.7122885E+03   0.0000000E+00   0.0000000E+00   0.0000000E+00   0.0000000E+00   0.0000000E+00
   6.1847090E+00   3.2691943E+03   3.2691943E+03   8.3440562E-06   1.4414893E-07   8.9668071E+00   3.2528064E+03   3.2691943E+03   0.0000000E+00   0.0000000E+00   0.0000000E+00   0.0000000E+00   0.0000000E+00
   6.6461367E+00   2.8782419E+03   2.8782419E+03   6.3622576E-06   1.0996867E-07   7.8937617E+00   2.8638137E+03   2.8782419E+03   0.0000000E+00   0.0000000E+00   0.0000000E+00   0.0000000E+00   0.0000000E+00
   7.1419906E+00   2.5334035E+03   2.5334035E+03   4.8497971E-06   8.3879942E-08   6.9474764E+00   2.5207040E+03   2.5334035E+03   0.0000000E+00   0.0000000E+00   0.0000000E+00   0.0000000E+00   0.0000000E+00
   7.6748390E+00   2.2293325E+03   2.2293325E+03   3.6950923E-06   6.3971627E-08   6.1132125E+00   2.2181572E+03   2.2293325E+03   0.0000000E+00   0.0000000E+00   0.0000000E+00   0.0000000E+00   0.0000000E+00
   8.2474420E+00   1.9612884E+03   1.9612884E+03   2.8154679E-06   4.8783127E-08   5.3778527E+00   1.9514568E+03   1.9612884E+03   0.0000000E+00   0.0000000E+00   0.0000000E+00   0.0000000E+00   0.0000000E+00
