#           k/h    CDM            baryon         photon         nu             mass_nu        total          no_nu          total_de       Weyl           v_CDM          v_b            v_b-v_c     
   1.1112839E-05   1.8740544E+07   1.8740544E+07   2.4975391E+07   1.1614756E+04   2.4269682E+07   1.8740554E+07   1.8740544E+07   0.0000000E+00   0.0000000E+00   0.0000000E+00   0.0000000E+00   0.0000000E+00
   1.1941944E-05   1.8740540E+07   1.8740540E+07   2.4973529E+07   1.1614197E+04   2.4269198E+07   1.8740550E+07   1.8740540E+07   0.0000000E+00   0.0000000E+00   0.0000000E+00   0.0000000E+00   0.0000000E+00
   1.2832906E-05   1.8740536E+07   1.8740536E+07   2.4971379E+07   1.1613551E+04   2.4268640E+07   1.8740546E+07   1.8740536E+07   0.0000000E+00   0.0000000E+00   0.0000000E+00   0.0000000E+00   0.0000000E+00
   1.3790342E-05   1.8740531E+07   1.8740531E+07   2.4968896E+07   1.1612805E+04   2.4267995E+07   1.8740540E+07   1.8740531E+07   0.0000000E+00   0.0000000E+00   0.0000000E+00   0.0000000E+00   0.0000000E+00
   1.4819209E-05   1.8740525E+07   1.8740525E+07   2.4966030E+07   1.1611943E+04   2.4267250E+07   1.8740534E+07   1.8740525E+07   0.0000000E+00   0.0000000E+00   0.0000000E+00   0.0000000E+00   0.0000000E+00
   1.5924838E-05   1.8740518E+07   1.8740518E+07   2.4962720E+07   1.1610948E+04   2.4266390E+07   1.8740527E+07   1.8740518E+07   0.0000000E+00   0.0000000E+00   0.0000000E+00   0.0000000E+00   0.0000000E+00
   1.7112956E-05   1.8740511E+07   1.8740511E+07   2.4958898E+07   1.1609800E+04   2.4265397E+07   1.8740519E+07   1.8740511E+07   0.0000000E+00   0.0000000E+00   0.0000000E+00   0.0000000E+00   0.0000000E+00
   1.8389716E-05   1.8740502E+07   1.8740502E+07   2.4954485E+07   1.1608474E+04   2.4264250E+07   1.8740510E+07   1.8740502E+07   0.0000000E+00   0.0000000E+00   0.0000000E+00   0.0000000E+00   0.0000000E+00
   1.9761733E-05   1.8740491E+07   1.8740491E+07   2.4949390E+07   1.1606942E+04   2.4262927E+07   1.8740499E+07   1.8740491E+07   0.0000000E+00   0.0000000E+00   0.0000000E+00   0.0000000E+00   0.0000000E+00
   2.1236113E-05   1.8740479E+07   1.8740479E+07   2.4943508E+07   1.1605174E+04   2.4261399E+07   1.8740487E+07   1.8740479E+07   0.0000000E+00   0.0000000E+00   0.0000000E+00   0.0000000E+00   0.0000000E+00
   2.2820493E-05   1.8740466E+07   1.8740466E+07   2.4936717E+07   1.1603133E+04   2.4259635E+07   1.8740473E+07   1.8740466E+07   0.0000000E+00   0.0000000E+00   0.0000000E+00   0.0000000E+00   0.0000000E+00
   2.4523081E-05   1.8740450E+07   1.8740450E+07   2.4928877E+07   1.1600776E+04   2.4257600E+07   1.8740456E+07   1.8740450E+07   0.0000000E+00   0.0000000E+00   0.0000000E+00   0.0000000E+00   0.0000000E+00
   2.6352695E-05   1.8740431E+07   1.8740431E+07   2.4919826E+07   1.1598056E+04   2.4255250E+07   1.8740437E+07   1.8740431E+07   0.0000000E+00   0.0000000E+00   0.0000000E+00   0.0000000E+00   0.0000000E+00
   2.8318812E-05   1.8740410E+07   1.8740410E+07   2.4909379E+07   1.1594914E+04   2.4252538E+07   1.8740415E+07   1.8740410E+07   0.0000000E+00   0.0000000E+00   0.0000000E+00   0.0000000E+00   0.0000000E+00
   3.0431617E-05   1.8740386E+07   1.8740386E+07   2.4897319E+07   1.1591288E+04   2.4249408E+07   1.8740390E+07   1.8740386E+07   0.0000000E+00   0.0000000E+00   0.0000000E+00   0.0000000E+00   0.0000000E+00
   3.2702054E-05   1.8740358E+07   1.8740358E+07   2.4883399E+07   1.1587102E+04   2.4245796E+07   1.8740360E+07   1.8740358E+07   0.0000000E+00   0.0000000E+00   0.0000000E+00   0.0000000E+00   0.0000000E+00
   3.5141883E-05   1.8740325E+07   1.8740325E+07   2.4867334E+07   1.1582271E+04   2.4241628E+07   1.8740326E+07   1.8740325E+07   0.0000000E+00   0.0000000E+00   0.0000000E+00   0.0000000E+00   0.0000000E+00
   3.7763743E-05   1.8740287E+07   1.8740287E+07   2.4848794E+07   1.1576694E+04   2.4236821E+07   1.8740287E+07   1.8740287E+07   0.0000000E+00   0.0000000E+00   0.0000000E+00   0.0000000E+00   0.0000000E+00
   4.0581214E-05   1.8740244E+07   1.8740244E+07   2.4827400E+07   1.1570258E+04   2.4231275E+07   1.8740242E+07   1.8740244E+07   0.0000000E+00   0.0000000E+00   0.0000000E+00   0.0000000E+00   0.0000000E+00
   4.3608890E-05   1.8740194E+07   1.8740194E+07   2.4802717E+07   1.1562831E+04   2.4224879E+07   1.8740190E+07   1.8740194E+07   0.0000000E+00   0.0000000E+00   0.0000000E+00   0.0000000E+00   0.0000000E+00
   4.6862454E-05   1.8740136E+07   1.8740136E+07   2.4774241E+07   1.1554260E+04   2.4217504E+07   1.8740130E+07   1.8740136E+07   0.0000000E+00   0.0000000E+00   0.0000000E+00   0.0000000E+00   0.0000000E+00
   5.0358760E-05   1.8740069E+07   1.8740069E+07   2.4741396E+07   1.1544372E+04   2.4209002E+07   1.8740060E+07   1.8740069E+07   0.0000000E+00   0.0000000E+00   0.0000000E+00   0.0000000E+00   0.0000000E+00
   5.4115918E-05   1.8739992E+07   1.8739992E+07   2.4703517E+07   1.1532965E+04   2.4199203E+07   1.8739980E+07   1.8739992E+07   0.0000000E+00   0.0000000E+00   0.0000000E+00   0.0000000E+00   0.0000000E+00
   5.8153389E-05   1.8739903E+07   1.8739903E+07   2.4659842E+07   1.1519808E+04   2.4187914E+07   1.8739887E+07   1.8739903E+07   0.0000000E+00   0.0000000E+00   0.0000000E+00   0.0000000E+00   0.0000000E+00
   6.2492087E-05   1.8739800E+07   1.8739800E+07   2.4609497E+07   1.1504635E+04   2.4174912E+07   1.8739780E+07   1.8739800E+07   0.0000000E+00   0.0000000E+00   0.0000000E+00   0.0000000E+00   0.0000000E+00
   6.7154486E-05   1.8739681E+07   1.8739681E+07   2.4551478E+07   1.1487142E+04   2.4159943E+07   1.8739657E+07   1.8739681E+07   0.0000000E+00   0.0000000E+00   0.0000000E+00   0.0000000E+00   0.0000000E+00
   7.2164736E-05   1.8739544E+07   1.8739544E+07   2.4484637E+07   1.1466977E+04   2.4142718E+07   1.8739514E+07   1.8739544E+07   0.0000000E+00   0.0000000E+00   0.0000000E+00   0.0000000E+00   0.0000000E+00
   7.7548791E-05   1.8739385E+07   1.8739385E+07   2.4407661E+07   1.1443740E+04   2.4122907E+07   1.8739349E+07   1.8739385E+07   0.0000000E+00   0.0000000E+00   0.0000000E+00   0.0000000E+00   0.0000000E+00
   8.3334538E-05   1.8739203E+07   1.8739203E+07   2.4319050E+07   1.1416972E+04   2.4100138E+07   1.8739159E+07   1.8739203E+07   0.0000000E+00   0.0000000E+00   0.0000000E+00   0.0000000E+00   0.0000000E+00
   8.9551946E-05   1.8738992E+07   1.8738992E+07   2.4217097E+07   1.1386148E+04   2.4073988E+07   1.8738940E+07   1.8738992E+07   0.0000000E+00   0.0000000E+00   0.0000000E+00   0.0000000E+00   0.0000000E+00
   9.6233223E-05   1.8738749E+07   1.8738749E+07   2.4099858E+07   1.1350668E+04   2.4043979E+07   1.8738687E+07   1.8738749E+07   0.0000000E+00   0.0000000E+00   0.0000000E+00   0.0000000E+00   0.0000000E+00
   1.0341297E-04   1.8738468E+07   1.8738468E+07   2.3965131E+07   1.1309849E+04   2.4009576E+07   1.8738396E+07   1.8738468E+07   0.0000000E+00   0.0000000E+00   0.0000000E+00   0.0000000E+00   0.0000000E+00
   1.1112839E-04   1.8738144E+07   1.8738144E+07   2.3810423E+07   1.1262916E+04   2.3970181E+07   1.8738059E+07   1.8738144E+07   0.0000000E+00   0.0000000E+00   0.0000000E+00   0.0000000E+00   0.0000000E+00
   1.1941944E-04   1.8737771E+07   1.8737771E+07   2.3632927E+07   1.1208989E+04   2.3925130E+07   1.8737670E+07   1.8737771E+07   0.0000000E+00   0.0000000E+00   0.0000000E+00   0.0000000E+00   0.0000000E+00
   1.2832906E-04   1.8737340E+07   1.8737340E+07   2.3429492E+07   1.1147074E+04   2.3873687E+07   1.8737223E+07   1.8737340E+07   0.0000000E+00   0.0000000E+00   0.0000000E+00   0.0000000E+00   0.0000000E+00
   1.3790342E-04   1.8736843E+07   1.8736843E+07   2.3196601E+07   1.1076051E+04   2.3815051E+07   1.8736706E+07   1.8736843E+07   0.0000000E+00   0.0000000E+00   0.0000000E+00   0.0000000E+00   0.0000000E+00
   1.4819209E-04   1.8736271E+07   1.8736271E+07   2.2930350E+07   1.0994666E+04   2.3748353E+07   1.8736111E+07   1.8736271E+07   0.0000000E+00   0.0000000E+00   0.0000000E+00   0.0000000E+00   0.0000000E+00
   1.5924838E-04   1.8735611E+07   1.8735611E+07   2.2626438E+07   1.0901517E+04   2.3672666E+07   1.8735424E+07   1.8735611E+07   0.0000000E+00   0.0000000E+00   0.0000000E+00   0.0000000E+00   0.0000000E+00
   1.7112956E-04   1.8734851E+07   1.8734851E+07   2.2280168E+07   1.0795052E+04   2.3587015E+07   1.8734634E+07   1.8734851E+07   0.0000000E+00   0.0000000E+00   0.0000000E+00   0.0000000E+00   0.0000000E+00
   1.8389716E-04   1.8733975E+07   1.8733975E+07   2.1886468E+07   1.0673563E+04   2.3490401E+07   1.8733723E+07   1.8733975E+07   0.0000000E+00   0.0000000E+00   0.0000000E+00   0.0000000E+00   0.0000000E+00
   1.9761733E-04   1.8732967E+07   1.8732967E+07   2.1439933E+07   1.0535186E+04   2.3381829E+07   1.8732675E+07   1.8732967E+07   0.0000000E+00   0.0000000E+00   0.0000000E+00   0.0000000E+00   0.0000000E+00
   2.1236113E-04   1.8731807E+07   1.8731807E+07   2.0934904E+07   1.0377912E+04   2.3260355E+07   1.8731468E+07   1.8731807E+07   0.0000000E+00   0.0000000E+00   0.0000000E+00   0.0000000E+00   0.0000000E+00
   2.2820493E-04   1.8730472E+07   1.8730472E+07   2.0365597E+07   1.0199603E+04   2.3125137E+07   1.8730080E+07   1.8730472E+07   0.0000000E+00   0.0000000E+00   0.0000000E+00   0.0000000E+00   0.0000000E+00
   2.4523081E-04   1.8728939E+07   1.8728939E+07   1.9726279E+07   9.9980263E+03   2.2975523E+07   1.8728485E+07   1.8728939E+07   0.0000000E+00   0.0000000E+00   0.0000000E+00   0.0000000E+00   0.0000000E+00
   2.6352695E-04   1.8727176E+07   1.8727176E+07   1.9011525E+07   9.7709033E+03   2.2811140E+07   1.8726652E+07   1.8727176E+07   0.0000000E+00   0.0000000E+00   0.0000000E+00   0.0000000E+00   0.0000000E+00
   2.8318812E-04   1.8725153E+07   1.8725153E+07   1.8216560E+07   9.5159817E+03   2.2632019E+07   1.8724547E+07   1.8725153E+07   0.0000000E+00   0.0000000E+00   0.0000000E+00   0.0000000E+00   0.0000000E+00
   3.0431617E-04   1.8722833E+07   1.8722833E+07   1.7337706E+07   9.2311359E+03   2.2438738E+07   1.8722133E+07   1.8722833E+07   0.0000000E+00   0.0000000E+00   0.0000000E+00   0.0000000E+00   0.0000000E+00
   3.2702054E-04   1.8720174E+07   1.8720174E+07   1.6372937E+07   8.9144997E+03   2.2232581E+07   1.8719367E+07   1.8720174E+07   0.0000000E+00   0.0000000E+00   0.0000000E+00   0.0000000E+00   0.0000000E+00
   3.5141883E-04   1.8717131E+07   1.8717131E+07   1.5322556E+07   8.5646376E+03   2.2015703E+07   1.8716200E+07   1.8717131E+07   0.0000000E+00   0.0000000E+00   0.0000000E+00   0.0000000E+00   0.0000000E+00
   3.7763743E-04   1.8713650E+07   1.8713650E+07   1.4189980E+07   8.1807555E+03   2.1791285E+07   1.8712578E+07   1.8713650E+07   0.0000000E+00   0.0000000E+00   0.0000000E+00   0.0000000E+00   0.0000000E+00
   4.0581214E-04   1.8709676E+07   1.8709676E+07   1.2982598E+07   7.7629530E+03   2.1563642E+07   1.8708442E+07   1.8709676E+07   0.0000000E+00   0.0000000E+00   0.0000000E+00   0.0000000E+00   0.0000000E+00
   4.3608890E-04   1.8705143E+07   1.8705143E+07   1.1712635E+07   7.3125074E+03   2.1338248E+07   1.8703724E+07   1.8705143E+07   0.0000000E+00   0.0000000E+00   0.0000000E+00   0.0000000E+00   0.0000000E+00
   4.6862454E-04   1.8699982E+07   1.8699982E+07   1.0397922E+07   6.8321767E+03   2.1121600E+07   1.8698352E+07   1.8699982E+07   0.0000000E+00   0.0000000E+00   0.0000000E+00   0.0000000E+00   0.0000000E+00
   5.0358760E-04   1.8694115E+07   1.8694115E+07   9.0623887E+06   6.3264909E+03   2.0920867E+07   1.8692244E+07   1.8694115E+07   0.0000000E+00   0.0000000E+00   0.0000000E+00   0.0000000E+00   0.0000000E+00
   5.4115918E-04   1.8687455E+07   1.8687455E+07   7.7360670E+06   5.8019876E+03   2.0743232E+07   1.8685310E+07   1.8687455E+07   0.0000000E+00   0.0000000E+00   0.0000000E+00   0.0000000E+00   0.0000000E+00
   5.8153389E-04   1.8679909E+07   1.8679909E+07   6.4543066E+06   5.2673272E+03   2.0594860E+07   1.8677454E+07   1.8679909E+07   0.0000000E+00   0.0000000E+00   0.0000000E+00   0.0000000E+00   0.0000000E+00
   6.2492087E-04   1.8671375E+07   1.8671375E+07   5.2559105E+06   4.7332066E+03   2.0479506E+07   1.8668569E+07   1.8671375E+07   0.0000000E+00   0.0000000E+00   0.0000000E+00   0.0000000E+00   0.0000000E+00
   6.7154486E-04   1.8661740E+07   1.8661740E+07   4.1799317E+06   4.2119760E+03   2.0396833E+07   1.8658538E+07   1.8661740E+07   0.0000000E+00   0.0000000E+00   0.0000000E+00   0.0000000E+00   0.0000000E+00
   7.2164736E-04   1.8650880E+07   1.8650880E+07   3.2610600E+06   3.7168758E+03   2.0340746E+07   1.8647232E+07   1.8650880E+07   0.0000000E+00   0.0000000E+00   0.0000000E+00   0.0000000E+00   0.0000000E+00
   7.7548791E-04   1.8638660E+07   1.8638660E+07   2.5238759E+06   3.2608419E+03   2.0298224E+07   1.8634513E+07   1.8638660E+07   0.0000000E+00   0.0000000E+00   0.0000000E+00   0.0000000E+00   0.0000000E+00
   8.3334538E-04   1.8624927E+07   1.8624927E+07   1.9768103E+06   2.8549196E+03   2.0249422E+07   1.8620224E+07   1.8624927E+07   0.0000000E+00   0.0000000E+00   0.0000000E+00   0.0000000E+00   0.0000000E+00
   8.9551946E-04   1.8609516E+07   1.8609516E+07   1.6073480E+06   2.5064629E+03   2.0169871E+07   1.8604197E+07   1.8609516E+07   0.0000000E+00   0.0000000E+00   0.0000000E+00   0.0000000E+00   0.0000000E+00
   9.6233223E-04   1.8592241E+07   1.8592241E+07   1.3806456E+06   2.2174818E+03   2.0035397E+07   1.8586241E+07   1.8592241E+07   0.0000000E+00   0.0000000E+00   0.0000000E+00   0.0000000E+00   0.0000000E+00
   1.0341297E-03   1.8572895E+07   1.8572895E+07   1.2438665E+06   1.9836849E+03   1.9829500E+07   1.8566149E+07   1.8572895E+07   0.0000000E+00   0.0000000E+00   0.0000000E+00   0.0000000E+00   0.0000000E+00
   1.1112839E-03   1.8551251E+07   1.8551251E+07   1.1375575E+06   1.7948356E+03   1.9551309E+07   1.8543695E+07   1.8551251E+07   0.0000000E+00   0.0000000E+00   0.0000000E+00   0.0000000E+00   0.0000000E+00
   1.1941944E-03   1.8527064E+07   1.8527064E+07   1.0127726E+06   1.6368675E+03   1.9220252E+07   1.8518631E+07   1.8527064E+07   0.0000000E+00   0.0000000E+00   0.0000000E+00   0.0000000E+00   0.0000000E+00
   1.2832906E-03   1.8500068E+07   1.8500068E+07   8.4855823E+05   1.4956414E+03   1.8872394E+07   1.8490698E+07   1.8500068E+07   0.0000000E+00   0.0000000E+00   0.0000000E+00   0.0000000E+00   0.0000000E+00
   1.3790342E-03   1.8469986E+07   1.8469986E+07   6.6055308E+05   1.3612996E+03   1.8545304E+07   1.8459621E+07   1.8469986E+07   0.0000000E+00   0.0000000E+00   0.0000000E+00   0.0000000E+00   0.0000000E+00
   1.4819209E-03   1.8436529E+07   1.8436529E+07   4.9147821E+05   1.2312541E+03   1.8255177E+07   1.8425118E+07   1.8436529E+07   0.0000000E+00   0.0000000E+00   0.0000000E+00   0.0000000E+00   0.0000000E+00
   1.5924838E-03   1.8399400E+07   1.8399400E+07   3.8231329E+05   1.1096988E+03   1.7980327E+07   1.8386900E+07   1.8399400E+07   0.0000000E+00   0.0000000E+00   0.0000000E+00   0.0000000E+00   0.0000000E+00
   1.7112956E-03   1.8358289E+07   1.8358289E+07   3.3888728E+05   1.0030215E+03   1.7670710E+07   1.8344664E+07   1.8358289E+07   0.0000000E+00   0.0000000E+00   0.0000000E+00   0.0000000E+00   0.0000000E+00
   1.8389716E-03   1.8312869E+07   1.8312869E+07   3.2205870E+05   9.1356418E+02   1.7289855E+07   1.8298094E+07   1.8312869E+07   0.0000000E+00   0.0000000E+00   0.0000000E+00   0.0000000E+00   0.0000000E+00
   1.9761733E-03   1.8262799E+07   1.8262799E+07   2.8070155E+05   8.3676461E+02   1.6859579E+07   1.8246854E+07   1.8262799E+07   0.0000000E+00   0.0000000E+00   0.0000000E+00   0.0000000E+00   0.0000000E+00
   2.1236113E-03   1.8207720E+07   1.8207720E+07   2.0551203E+05   7.6519796E+02   1.6449742E+07   1.8190591E+07   1.8207720E+07   0.0000000E+00   0.0000000E+00   0.0000000E+00   0.0000000E+00   0.0000000E+00
   2.2820493E-03   1.8147267E+07   1.8147267E+07   1.4109350E+05   6.9617567E+02   1.6095547E+07   1.8128941E+07   1.8147267E+07   0.0000000E+00   0.0000000E+00   0.0000000E+00   0.0000000E+00   0.0000000E+00
   2.4523081E-03   1.8081063E+07   1.8081063E+07   1.2433497E+05   6.3363576E+02   1.5736774E+07   1.8061527E+07   1.8081063E+07   0.0000000E+00   0.0000000E+00   0.0000000E+00   0.0000000E+00   0.0000000E+00
   2.6352695E-03   1.8008719E+07   1.8008719E+07   1.2569054E+05   5.8065213E+02   1.5300115E+07   1.7987955E+07   1.8008719E+07   0.0000000E+00   0.0000000E+00   0.0000000E+00   0.0000000E+00   0.0000000E+00
   2.8318812E-03   1.7929824E+07   1.7929824E+07   9.9196690E+04   5.3351111E+02   1.4829805E+07   1.7907811E+07   1.7929824E+07   0.0000000E+00   0.0000000E+00   0.0000000E+00   0.0000000E+00   0.0000000E+00
   3.0431617E-03   1.7843953E+07   1.7843953E+07   6.7269586E+04   4.8807431E+02   1.4404220E+07   1.7820667E+07   1.7843953E+07   0.0000000E+00   0.0000000E+00   0.0000000E+00   0.0000000E+00   0.0000000E+00
   3.2702054E-03   1.7750667E+07   1.7750667E+07   6.3749761E+04   4.4633365E+02   1.3961811E+07   1.7726086E+07   1.7750667E+07   0.0000000E+00   0.0000000E+00   0.0000000E+00   0.0000000E+00   0.0000000E+00
   3.5141883E-03   1.7649517E+07   1.7649517E+07   5.4602908E+04   4.0922034E+02   1.3457919E+07   1.7623618E+07   1.7649517E+07   0.0000000E+00   0.0000000E+00   0.0000000E+00   0.0000000E+00   0.0000000E+00
   3.7763743E-03   1.7540033E+07   1.7540033E+07   3.7026582E+04   3.7383932E+02   1.2982479E+07   1.7512801E+07   1.7540033E+07   0.0000000E+00   0.0000000E+00   0.0000000E+00   0.0000000E+00   0.0000000E+00
   4.0581214E-03   1.7421737E+07   1.7421737E+07   3.8949276E+04   3.4139035E+02   1.2480686E+07   1.7393162E+07   1.7421737E+07   0.0000000E+00   0.0000000E+00   0.0000000E+00   0.0000000E+00   0.0000000E+00
   4.3608890E-03   1.7294142E+07   1.7294142E+07   2.6819884E+04   3.1180812E+02   1.1944556E+07   1.7264221E+07   1.7294142E+07   0.0000000E+00   0.0000000E+00   0.0000000E+00   0.0000000E+00   0.0000000E+00
   4.6862454E-03   1.7156750E+07   1.7156750E+07   2.3076558E+04   2.8354606E+02   1.1445405E+07   1.7125495E+07   1.7156750E+07   0.0000000E+00   0.0000000E+00   0.0000000E+00   0.0000000E+00   0.0000000E+00
   5.0358760E-03   1.7009069E+07   1.7009069E+07   2.0099818E+04   2.5793963E+02   1.0893627E+07   1.6976510E+07   1.7009069E+07   0.0000000E+00   0.0000000E+00   0.0000000E+00   0.0000000E+00   0.0000000E+00
   5.4115918E-03   1.6850610E+07   1.6850610E+07   1.5542672E+04   2.3367247E+02   1.0383196E+07   1.6816796E+07   1.6850610E+07   0.0000000E+00   0.0000000E+00   0.0000000E+00   0.0000000E+00   0.0000000E+00
   5.8153389E-03   1.6680891E+07   1.6680891E+07   1.2430424E+04   2.1168855E+02   9.8413134E+06   1.6645874E+07   1.6680891E+07   0.0000000E+00   0.0000000E+00   0.0000000E+00   0.0000000E+00   0.0000000E+00
   6.2492087E-03   1.6499424E+07   1.6499424E+07   1.2099205E+04   1.9126808E+02   9.3208413E+06   1.6463246E+07   1.6499424E+07   0.0000000E+00   0.0000000E+00   0.0000000E+00   0.0000000E+00   0.0000000E+00
   6.7154486E-03   1.6305713E+07   1.6305713E+07   7.3484288E+03   1.7246199E+02   8.7874265E+06   1.6268418E+07   1.6305713E+07   0.0000000E+00   0.0000000E+00   0.0000000E+00   0.0000000E+00   0.0000000E+00
   7.2164736E-03   1.6099250E+07   1.6099250E+07   7.6303316E+03   1.5503360E+02   8.2530767E+06   1.6060915E+07   1.6099250E+07   0.0000000E+00   0.0000000E+00   0.0000000E+00   0.0000000E+00   0.0000000E+00
   7.7548791E-03   1.5879543E+07   1.5879543E+07   6.7425022E+03   1.3894175E+02   7.7449294E+06   1.5840263E+07   1.5879543E+07   0.0000000E+00   0.0000000E+00   0.0000000E+00   0.0000000E+00   0.0000000E+00
   8.3334538E-03   1.5646114E+07   1.5646114E+07   4.9540636E+03   1.2427001E+02   7.2413831E+06   1.5605982E+07   1.5646114E+07   0.0000000E+00   0.0000000E+00   0.0000000E+00   0.0000000E+00   0.0000000E+00
   8.9551946E-03   1.5398489E+07   1.5398489E+07   3.4594245E+03   1.1082884E+02   6.7421932E+06   1.5357597E+07   1.5398489E+07   0.0000000E+00   0.0000000E+00   0.0000000E+00   0.0000000E+00   0.0000000E+00
   9.6233223E-03   1.5136186E+07   1.5136186E+07   2.7759564E+03   9.8539532E+01   6.2547129E+06   1.5094644E+07   1.5136186E+07   0.0000000E+00   0.0000000E+00   0.0000000E+00   0.0000000E+00   0.0000000E+00
   1.0341297E-02   1.4858731E+07   1.4858731E+07   2.3257119E+03   8.7340375E+01   5.7853966E+06   1.4816660E+07   1.4858731E+07   0.0000000E+00   0.0000000E+00   0.0000000E+00   0.0000000E+00   0.0000000E+00
   1.1112839E-02   1.4565671E+07   1.4565671E+07   1.8738754E+03   7.7175442E+01   5.3328123E+06   1.4523193E+07   1.4565671E+07   0.0000000E+00   0.0000000E+00   0.0000000E+00   0.0000000E+00   0.0000000E+00
   1.1941944E-02   1.4256564E+07   1.4256564E+07   1.6769317E+03   6.7961633E+01   4.8967816E+06   1.4213810E+07   1.4256564E+07   0.0000000E+00   0.0000000E+00   0.0000000E+00   0.0000000E+00   0.0000000E+00
   1.2832906E-02   1.3930996E+07   1.3930996E+07   1.6955279E+03   5.9644874E+01   4.4787075E+06   1.3888107E+07   1.3930996E+07   0.0000000E+00   0.0000000E+00   0.0000000E+00   0.0000000E+00   0.0000000E+00
   1.3790342E-02   1.3588601E+07   1.3588601E+07   1.3342750E+03   5.2178237E+01   4.0763981E+06   1.3545715E+07   1.3588601E+07   0.0000000E+00   0.0000000E+00   0.0000000E+00   0.0000000E+00   0.0000000E+00
   1.4819209E-02   1.3229068E+07   1.3229068E+07   8.9786406E+02   4.5460056E+01   3.7008888E+06   1.3186334E+07   1.3229068E+07   0.0000000E+00   0.0000000E+00   0.0000000E+00   0.0000000E+00   0.0000000E+00
   1.5924838E-02   1.2852181E+07   1.2852181E+07   9.4268144E+02   3.9469037E+01   3.3417383E+06   1.2809747E+07   1.2852181E+07   0.0000000E+00   0.0000000E+00   0.0000000E+00   0.0000000E+00   0.0000000E+00
   1.7112956E-02   1.2457857E+07   1.2457857E+07   6.5305972E+02   3.4127180E+01   3.0070281E+06   1.2415875E+07   1.2457857E+07   0.0000000E+00   0.0000000E+00   0.0000000E+00   0.0000000E+00   0.0000000E+00
   1.8389716E-02   1.2046192E+07   1.2046192E+07   5.2166389E+02   2.9394827E+01   2.6909138E+06   1.2004814E+07   1.2046192E+07   0.0000000E+00   0.0000000E+00   0.0000000E+00   0.0000000E+00   0.0000000E+00
   1.9761733E-02   1.1617532E+07   1.1617532E+07   4.7023047E+02   2.5207515E+01   2.3977199E+06   1.1576908E+07   1.1617532E+07   0.0000000E+00   0.0000000E+00   0.0000000E+00   0.0000000E+00   0.0000000E+00
   2.1236113E-02   1.1172552E+07   1.1172552E+07   3.9526605E+02   2.1524228E+01   2.1258450E+06   1.1132829E+07   1.1172552E+07   0.0000000E+00   0.0000000E+00   0.0000000E+00   0.0000000E+00   0.0000000E+00
   2.2820490E-02   1.0712348E+07   1.0712348E+07   3.1313108E+02   1.8297403E+01   1.8750344E+06   1.0673669E+07   1.0712348E+07   0.0000000E+00   0.0000000E+00   0.0000000E+00   0.0000000E+00   0.0000000E+00
   2.4523062E-02   1.0238551E+07   1.0238551E+07   2.1979432E+02   1.5481694E+01   1.6456187E+06   1.0201049E+07   1.0238551E+07   0.0000000E+00   0.0000000E+00   0.0000000E+00   0.0000000E+00   0.0000000E+00
   2.6352595E-02   9.7534442E+06   9.7534442E+06   2.2713897E+02   1.3038215E+01   1.4364573E+06   9.7172423E+06   9.7534442E+06   0.0000000E+00   0.0000000E+00   0.0000000E+00   0.0000000E+00   0.0000000E+00
   2.8318355E-02   9.2600971E+06   9.2600971E+06   1.4924900E+02   1.0929291E+01   1.2473758E+06   9.2253021E+06   9.2600971E+06   0.0000000E+00   0.0000000E+00   0.0000000E+00   0.0000000E+00   0.0000000E+00
   3.0429788E-02   8.7625192E+06   8.7625192E+06   1.1083659E+02   9.1199548E+00   1.0769886E+06   8.7292192E+06   8.7625192E+06   0.0000000E+00   0.0000000E+00   0.0000000E+00   0.0000000E+00   0.0000000E+00
   3.2695605E-02   8.2658514E+06   8.2658514E+06   9.8037801E+01   7.5779919E+00   9.2567796E+05   8.2341101E+06   8.2658514E+06   0.0000000E+00   0.0000000E+00   0.0000000E+00   0.0000000E+00   0.0000000E+00
   3.5121721E-02   7.7765837E+06   7.7765837E+06   9.8167552E+01   6.2753702E+00   7.9166967E+05   7.7464351E+06   7.7765837E+06   0.0000000E+00   0.0000000E+00   0.0000000E+00   0.0000000E+00   0.0000000E+00
   3.7707498E-02   7.3026878E+06   7.3026878E+06   5.8009069E+01   5.1859120E+00   6.7553194E+05   7.2741290E+06   7.3026878E+06   0.0000000E+00   0.0000000E+00   0.0000000E+00   0.0000000E+00   0.0000000E+00
   4.0440678E-02   6.8533481E+06   6.8533481E+06   5.2306610E+01   4.2866693E+00   5.7539910E+05   6.8263352E+06   6.8533481E+06   0.0000000E+00   0.0000000E+00   0.0000000E+00   0.0000000E+00   0.0000000E+00
   4.3293525E-02   6.4378414E+06   6.4378414E+06   4.7354563E+01   3.5547825E+00   4.9126123E+05   6.4122872E+06   6.4378414E+06   0.0000000E+00   0.0000000E+00   0.0000000E+00   0.0000000E+00   0.0000000E+00
   4.6224729E-02   6.0634715E+06   6.0634715E+06   3.9144520E+01   2.9673239E+00   4.2142948E+05   6.0392535E+06   6.0634715E+06   0.0000000E+00   0.0000000E+00   0.0000000E+00   0.0000000E+00   0.0000000E+00
   4.9189190E-02   5.7334693E+06   5.7334693E+06   3.0709146E+01   2.5002077E+00   3.6420048E+05   5.7104449E+06   5.7334693E+06   0.0000000E+00   0.0000000E+00   0.0000000E+00   0.0000000E+00   0.0000000E+00
   5.2150504E-02   5.4463035E+06   5.4463035E+06   2.4155426E+01   2.1294843E+00   3.1755592E+05   5.4243291E+06   5.4463035E+06   0.0000000E+00   0.0000000E+00   0.0000000E+00   0.0000000E+00   0.0000000E+00
   5.5087932E-02   5.1968062E+06   5.1968062E+06   2.0439506E+01   1.8333795E+00   2.7936458E+05   5.1757523E+06   5.1968062E+06   0.0000000E+00   0.0000000E+00   0.0000000E+00   0.0000000E+00   0.0000000E+00
   5.7995528E-02   4.9780740E+06   4.9780740E+06   1.8444947E+01   1.5939225E+00   2.4775637E+05   4.9578340E+06   4.9780740E+06   0.0000000E+00   0.0000000E+00   0.0000000E+00   0.0000000E+00   0.0000000E+00
   6.0877295E-02   4.7830183E+06   4.7830183E+06   1.6633597E+01   1.3971971E+00   2.2121803E+05   4.7635100E+06   4.7830183E+06   0.0000000E+00   0.0000000E+00   0.0000000E+00   0.0000000E+00   0.0000000E+00
   6.3742407E-02   4.6052152E+06   4.6052152E+06   1.4425715E+01   1.2328011E+00   1.9855261E+05   4.5863795E+06   4.6052152E+06   0.0000000E+00   0.0000000E+00   0.0000000E+00   0.0000000E+00   0.0000000E+00
   6.6602008E-02   4.4392355E+06   4.4392355E+06   1.2061230E+01   1.0931458E+00   1.7886780E+05   4.4210331E+06   4.4392355E+06   0.0000000E+00   0.0000000E+00   0.0000000E+00   0.0000000E+00   0.0000000E+00
   6.9467478E-02   4.2807116E+06   4.2807116E+06   9.9405641E+00   9.7273059E-01   1.6152573E+05   4.2631193E+06   4.2807116E+06   0.0000000E+00   0.0000000E+00   0.0000000E+00   0.0000000E+00   0.0000000E+00
   7.2349646E-02   4.1263036E+06   4.1263036E+06   8.3285085E+00   8.6757000E-01   1.4606365E+05   4.1093110E+06   4.1263036E+06   0.0000000E+00   0.0000000E+00   0.0000000E+00   0.0000000E+00   0.0000000E+00
   7.5258522E-02   3.9736427E+06   3.9736427E+06   7.2097999E+00   7.7477783E-01   1.3214598E+05   3.9572479E+06   3.9736427E+06   0.0000000E+00   0.0000000E+00   0.0000000E+00   0.0000000E+00   0.0000000E+00
   7.8203266E-02   3.8212716E+06   3.8212716E+06   6.4441784E+00   6.9224517E-01   1.1954143E+05   3.8054781E+06   3.8212716E+06   0.0000000E+00   0.0000000E+00   0.0000000E+00   0.0000000E+00   0.0000000E+00
   8.1192269E-02   3.6685844E+06   3.6685844E+06   6.1148363E+00   6.1844582E-01   1.0808680E+05   3.6533977E+06   3.6685844E+06   0.0000000E+00   0.0000000E+00   0.0000000E+00   0.0000000E+00   0.0000000E+00
   8.4233264E-02   3.5157549E+06   3.5157549E+06   6.4451665E+00   5.5227958E-01   9.7618478E+04   3.5011791E+06   3.5157549E+06   0.0000000E+00   0.0000000E+00   0.0000000E+00   0.0000000E+00   0.0000000E+00
   8.7333449E-02   3.3636422E+06   3.3636422E+06   6.1254099E+00   4.9291825E-01   8.7982028E+04   3.3496777E+06   3.3636422E+06   0.0000000E+00   0.0000000E+00   0.0000000E+00   0.0000000E+00   0.0000000E+00
   9.0499590E-02   3.2136645E+06   3.2136645E+06   3.9271126E+00   4.3973285E-01   7.9305117E+04   3.2003054E+06   3.2136645E+06   0.0000000E+00   0.0000000E+00   0.0000000E+00   0.0000000E+00   0.0000000E+00
   9.3738114E-02   3.0676348E+06   3.0676348E+06   4.3494706E+00   3.9223925E-01   7.1514255E+04   3.0548673E+06   3.0676348E+06   0.0000000E+00   0.0000000E+00   0.0000000E+00   0.0000000E+00   0.0000000E+00
   9.7055190E-02   2.9275580E+06   2.9275580E+06   3.5154624E+00   3.5000738E-01   6.4388263E+04   2.9153597E+06   2.9275580E+06   0.0000000E+00   0.0000000E+00   0.0000000E+00   0.0000000E+00   0.0000000E+00
   1.0045679E-01   2.7953971E+06   2.7953971E+06   3.3074259E+00   3.1264486E-01   5.8090913E+04   2.7837371E+06   2.7953971E+06   0.0000000E+00   0.0000000E+00   0.0000000E+00   0.0000000E+00   0.0000000E+00
   1.0394875E-01   2.6728215E+06   2.6728215E+06   2.6007417E+00   2.7975049E-01   5.2449052E+04   2.6616616E+06   2.6728215E+06   0.0000000E+00   0.0000000E+00   0.0000000E+00   0.0000000E+00   0.0000000E+00
   1.0753682E-01   2.5609624E+06   2.5609624E+06   2.3280250E+00   2.5091275E-01   4.7455344E+04   2.5502594E+06   2.5609624E+06   0.0000000E+00   0.0000000E+00   0.0000000E+00   0.0000000E+00   0.0000000E+00
   1.1122665E-01   2.4602039E+06   2.4602039E+06   1.9622388E+00   2.2567842E-01   4.3071078E+04   2.4499128E+06   2.4602039E+06   0.0000000E+00   0.0000000E+00   0.0000000E+00   0.0000000E+00   0.0000000E+00
   1.1502390E-01   2.3700455E+06   2.3700455E+06   1.8094675E+00   2.0358391E-01   3.9234060E+04   2.3601232E+06   2.3700455E+06   0.0000000E+00   0.0000000E+00   0.0000000E+00   0.0000000E+00   0.0000000E+00
   1.1893421E-01   2.2890694E+06   2.2890694E+06   2.1662200E+00   1.8414823E-01   3.5779986E+04   2.2794785E+06   2.2890694E+06   0.0000000E+00   0.0000000E+00   0.0000000E+00   0.0000000E+00   0.0000000E+00
   1.2296322E-01   2.2150404E+06   2.2150404E+06   1.4385848E+00   1.6690088E-01   3.2701837E+04   2.2057528E+06   2.2150404E+06   0.0000000E+00   0.0000000E+00   0.0000000E+00   0.0000000E+00   0.0000000E+00
   1.2711661E-01   2.1451500E+06   2.1451500E+06   1.6396162E+00   1.5141140E-01   2.9898402E+04   2.1361490E+06   2.1451500E+06   0.0000000E+00   0.0000000E+00   0.0000000E+00   0.0000000E+00   0.0000000E+00
   1.3140007E-01   2.0763931E+06   2.0763931E+06   1.5668728E+00   1.3730632E-01   2.7345017E+04   2.0676748E+06   2.0763931E+06   0.0000000E+00   0.0000000E+00   0.0000000E+00   0.0000000E+00   0.0000000E+00
   1.3581938E-01   2.0060359E+06   2.0060359E+06   1.3717101E+00   1.2429871E-01   2.4943054E+04   1.9976076E+06   2.0060359E+06   0.0000000E+00   0.0000000E+00   0.0000000E+00   0.0000000E+00   0.0000000E+00
   1.4038033E-01   1.9321034E+06   1.9321034E+06   1.1495521E+00   1.1219418E-01   2.2683134E+04   1.9239809E+06   1.9321034E+06   0.0000000E+00   0.0000000E+00   0.0000000E+00   0.0000000E+00   0.0000000E+00
   1.4508881E-01   1.8537886E+06   1.8537886E+06   9.2620117E-01   1.0089526E-01   2.0538909E+04   1.8459909E+06   1.8537886E+06   0.0000000E+00   0.0000000E+00   0.0000000E+00   0.0000000E+00   0.0000000E+00
   1.4995075E-01   1.7716790E+06   1.7716790E+06   1.0151338E+00   9.0388881E-02   1.8528462E+04   1.7642227E+06   1.7716790E+06   0.0000000E+00   0.0000000E+00   0.0000000E+00   0.0000000E+00   0.0000000E+00
   1.5497216E-01   1.6877088E+06   1.6877088E+06   9.0093289E-01   8.0718878E-02   1.6662864E+04   1.6806023E+06   1.6877088E+06   0.0000000E+00   0.0000000E+00   0.0000000E+00   0.0000000E+00   0.0000000E+00
   1.6015914E-01   1.6047945E+06   1.6047945E+06   7.8492512E-01   7.1952365E-02   1.4941983E+04   1.5980339E+06   1.6047945E+06   0.0000000E+00   0.0000000E+00   0.0000000E+00   0.0000000E+00   0.0000000E+00
   1.6551786E-01   1.5261843E+06   1.5261843E+06   5.8448278E-01   6.4142382E-02   1.3397855E+04   1.5197519E+06   1.5261843E+06   0.0000000E+00   0.0000000E+00   0.0000000E+00   0.0000000E+00   0.0000000E+00
   1.7105459E-01   1.4546428E+06   1.4546428E+06   6.2500128E-01   5.7298630E-02   1.2052346E+04   1.4485092E+06   1.4546428E+06   0.0000000E+00   0.0000000E+00   0.0000000E+00   0.0000000E+00   0.0000000E+00
   1.7677570E-01   1.3916733E+06   1.3916733E+06   4.9526501E-01   5.1368428E-02   1.0871809E+04   1.3858029E+06   1.3916733E+06   0.0000000E+00   0.0000000E+00   0.0000000E+00   0.0000000E+00   0.0000000E+00
   1.8268766E-01   1.3370195E+06   1.3370195E+06   4.2460942E-01   4.6237424E-02   9.8420886E+03   1.3313774E+06   1.3370195E+06   0.0000000E+00   0.0000000E+00   0.0000000E+00   0.0000000E+00   0.0000000E+00
   1.8879707E-01   1.2886520E+06   1.2886520E+06   4.3285598E-01   4.1747553E-02   8.9435985E+03   1.2832121E+06   1.2886520E+06   0.0000000E+00   0.0000000E+00   0.0000000E+00   0.0000000E+00   0.0000000E+00
   1.9511069E-01   1.2433271E+06   1.2433271E+06   3.2933048E-01   3.7731897E-02   8.1268940E+03   1.2380767E+06   1.2433271E+06   0.0000000E+00   0.0000000E+00   0.0000000E+00   0.0000000E+00   0.0000000E+00
   2.0163540E-01   1.1976104E+06   1.1976104E+06   2.9984097E-01   3.4047588E-02   7.3719520E+03   1.1925514E+06   1.1976104E+06   0.0000000E+00   0.0000000E+00   0.0000000E+00   0.0000000E+00   0.0000000E+00
   2.0837830E-01   1.1490570E+06   1.1490570E+06   2.8468774E-01   3.0605750E-02   6.6658978E+03   1.1442016E+06   1.1490570E+06   0.0000000E+00   0.0000000E+00   0.0000000E+00   0.0000000E+00   0.0000000E+00
   2.1534669E-01   1.0971075E+06   1.0971075E+06   2.7281916E-01   2.7381067E-02   5.9869123E+03   1.0924702E+06   1.0971075E+06   0.0000000E+00   0.0000000E+00   0.0000000E+00   0.0000000E+00   0.0000000E+00
   2.2254812E-01   1.0432923E+06   1.0432923E+06   2.3517964E-01   2.4399046E-02   5.3623672E+03   1.0388813E+06   1.0432923E+06   0.0000000E+00   0.0000000E+00   0.0000000E+00   0.0000000E+00   0.0000000E+00
   2.2999043E-01   9.9056894E+05   9.9056894E+05   2.2071351E-01   2.1707394E-02   4.7926105E+03   9.8637978E+05   9.9056894E+05   0.0000000E+00   0.0000000E+00   0.0000000E+00   0.0000000E+00   0.0000000E+00
   2.3768178E-01   9.4199016E+05   9.4199016E+05   1.7131728E-01   1.9340805E-02   4.2862111E+03   9.3800547E+05   9.4199016E+05   0.0000000E+00   0.0000000E+00   0.0000000E+00   0.0000000E+00   0.0000000E+00
   2.4563072E-01   8.9927217E+05   8.9927217E+05   1.6052128E-01   1.7296111E-02   3.8479269E+03   8.9546730E+05   8.9927217E+05   0.0000000E+00   0.0000000E+00   0.0000000E+00   0.0000000E+00   0.0000000E+00
   2.5384628E-01   8.6197493E+05   8.6197493E+05   1.3930939E-01   1.5527940E-02   3.4707670E+03   8.5832707E+05   8.6197493E+05   0.0000000E+00   0.0000000E+00   0.0000000E+00   0.0000000E+00   0.0000000E+00
   2.6233797E-01   8.2778514E+05   8.2778514E+05   1.3489157E-01   1.3965840E-02   3.1340184E+03   8.2428125E+05   8.2778514E+05   0.0000000E+00   0.0000000E+00   0.0000000E+00   0.0000000E+00   0.0000000E+00
   2.7111592E-01   7.9383027E+05   7.9383027E+05   1.2387934E-01   1.2543589E-02   2.8255340E+03   7.9046945E+05   7.9383027E+05   0.0000000E+00   0.0000000E+00   0.0000000E+00   0.0000000E+00   0.0000000E+00
   2.8019097E-01   7.5832084E+05   7.5832084E+05   1.0495572E-01   1.1223491E-02   2.5348664E+03   7.5510976E+05   7.5832084E+05   0.0000000E+00   0.0000000E+00   0.0000000E+00   0.0000000E+00   0.0000000E+00
   2.8957474E-01   7.2152263E+05   7.2152263E+05   9.8250701E-02   1.0002778E-02   2.2664223E+03   7.1846684E+05   7.2152263E+05   0.0000000E+00   0.0000000E+00   0.0000000E+00   0.0000000E+00   0.0000000E+00
   2.9927979E-01   6.8539307E+05   6.8539307E+05   8.4304471E-02   8.9000196E-03   2.0223773E+03   6.8248982E+05   6.8539307E+05   0.0000000E+00   0.0000000E+00   0.0000000E+00   0.0000000E+00   0.0000000E+00
   3.0931976E-01   6.5208224E+05   6.5208224E+05   7.5936882E-02   7.9296785E-03   1.8075156E+03   6.4931966E+05   6.5208224E+05   0.0000000E+00   0.0000000E+00   0.0000000E+00   0.0000000E+00   0.0000000E+00
   3.1970951E-01   6.2235305E+05   6.2235305E+05   6.9191201E-02   7.0861220E-03   1.6185008E+03   6.1971605E+05   6.2235305E+05   0.0000000E+00   0.0000000E+00   0.0000000E+00   0.0000000E+00   0.0000000E+00
   3.3046532E-01   5.9512271E+05   5.9512271E+05   5.9904189E-02   6.3433528E-03   1.4526773E+03   5.9260074E+05   5.9512271E+05   0.0000000E+00   0.0000000E+00   0.0000000E+00   0.0000000E+00   0.0000000E+00
   3.4160515E-01   5.6849808E+05   5.6849808E+05   5.3558818E-02   5.6720981E-03   1.3012170E+03   5.6608862E+05   5.6849808E+05   0.0000000E+00   0.0000000E+00   0.0000000E+00   0.0000000E+00   0.0000000E+00
   3.5314884E-01   5.4141849E+05   5.4141849E+05   4.6315168E-02   5.0559993E-03   1.1618079E+03   5.3912352E+05   5.4141849E+05   0.0000000E+00   0.0000000E+00   0.0000000E+00   0.0000000E+00   0.0000000E+00
   3.6511845E-01   5.1442882E+05   5.1442882E+05   4.2999508E-02   4.4956640E-03   1.0342404E+03   5.1224800E+05   5.1442882E+05   0.0000000E+00   0.0000000E+00   0.0000000E+00   0.0000000E+00   0.0000000E+00
   3.7753865E-01   4.8888069E+05   4.8888069E+05   3.7710118E-02   3.9970627E-03   9.2116731E+02   4.8680795E+05   4.8888069E+05   0.0000000E+00   0.0000000E+00   0.0000000E+00   0.0000000E+00   0.0000000E+00
   3.9043713E-01   4.6542113E+05   4.6542113E+05   3.3613256E-02   3.5585691E-03   8.2048967E+02   4.6344765E+05   4.6542113E+05   0.0000000E+00   0.0000000E+00   0.0000000E+00   0.0000000E+00   0.0000000E+00
   4.0384511E-01   4.4339420E+05   4.4339420E+05   2.9361392E-02   3.1693861E-03   7.3149390E+02   4.4151393E+05   4.4339420E+05   0.0000000E+00   0.0000000E+00   0.0000000E+00   0.0000000E+00   0.0000000E+00
   4.1779806E-01   4.2176021E+05   4.2176021E+05   2.6260845E-02   2.8172186E-03   6.5018900E+02   4.1997152E+05   4.2176021E+05   0.0000000E+00   0.0000000E+00   0.0000000E+00   0.0000000E+00   0.0000000E+00
   4.3233641E-01   4.0033388E+05   4.0033388E+05   2.3441354E-02   2.4979179E-03   5.7634990E+02   3.9863591E+05   4.0033388E+05   0.0000000E+00   0.0000000E+00   0.0000000E+00   0.0000000E+00   0.0000000E+00
   4.4750658E-01   3.7977194E+05   3.7977194E+05   2.0881574E-02   2.2120909E-03   5.0995538E+02   3.7816105E+05   3.7977194E+05   0.0000000E+00   0.0000000E+00   0.0000000E+00   0.0000000E+00   0.0000000E+00
   4.6336217E-01   3.6045846E+05   3.6045846E+05   1.8282382E-02   1.9586670E-03   4.5123390E+02   3.5892938E+05   3.6045846E+05   0.0000000E+00   0.0000000E+00   0.0000000E+00   0.0000000E+00   0.0000000E+00
   4.7996547E-01   3.4197870E+05   3.4197870E+05   1.6233088E-02   1.7321960E-03   3.9830905E+02   3.4052790E+05   3.4197870E+05   0.0000000E+00   0.0000000E+00   0.0000000E+00   0.0000000E+00   0.0000000E+00
   4.9738940E-01   3.2388131E+05   3.2388131E+05   1.4289270E-02   1.5278584E-03   3.5065217E+02   3.2250718E+05   3.2388131E+05   0.0000000E+00   0.0000000E+00   0.0000000E+00   0.0000000E+00   0.0000000E+00
   5.1571993E-01   3.0632911E+05   3.0632911E+05   1.2542949E-02   1.3443764E-03   3.0793749E+02   3.0502937E+05   3.0632911E+05   0.0000000E+00   0.0000000E+00   0.0000000E+00   0.0000000E+00   0.0000000E+00
   5.3505918E-01   2.8956791E+05   2.8956791E+05   1.1019135E-02   1.1807827E-03   2.6957702E+02   2.8833921E+05   2.8956791E+05   0.0000000E+00   0.0000000E+00   0.0000000E+00   0.0000000E+00   0.0000000E+00
   5.5552943E-01   2.7338977E+05   2.7338977E+05   9.6579976E-03   1.0342862E-03   2.3524417E+02   2.7222965E+05   2.7338977E+05   0.0000000E+00   0.0000000E+00   0.0000000E+00   0.0000000E+00   0.0000000E+00
   5.7727827E-01   2.5760627E+05   2.5760627E+05   8.3951053E-03   9.0266115E-04   2.0428676E+02   2.5651306E+05   2.5760627E+05   0.0000000E+00   0.0000000E+00   0.0000000E+00   0.0000000E+00   0.0000000E+00
   6.0048525E-01   2.4232997E+05   2.4232997E+05   7.3012461E-03   7.8486031E-04   1.7668822E+02   2.4130154E+05   2.4232997E+05   0.0000000E+00   0.0000000E+00   0.0000000E+00   0.0000000E+00   0.0000000E+00
   6.2537037E-01   2.2752188E+05   2.2752188E+05   6.3171545E-03   6.7950052E-04   1.5199412E+02   2.2655624E+05   2.2752188E+05   0.0000000E+00   0.0000000E+00   0.0000000E+00   0.0000000E+00   0.0000000E+00
   6.5220494E-01   2.1305578E+05   2.1305578E+05   5.4311660E-03   5.8509036E-04   1.2978235E+02   2.1215149E+05   2.1305578E+05   0.0000000E+00   0.0000000E+00   0.0000000E+00   0.0000000E+00   0.0000000E+00
   6.8132483E-01   1.9895544E+05   1.9895544E+05   4.6460109E-03   5.0071303E-04   1.1000655E+02   1.9811096E+05   1.9895544E+05   0.0000000E+00   0.0000000E+00   0.0000000E+00   0.0000000E+00   0.0000000E+00
   7.1314588E-01   1.8516294E+05   1.8516294E+05   3.9436713E-03   4.2539166E-04   9.2370724E+01   1.8437696E+05   1.8516294E+05   0.0000000E+00   0.0000000E+00   0.0000000E+00   0.0000000E+00   0.0000000E+00
   7.4817972E-01   1.7164643E+05   1.7164643E+05   3.3206578E-03   3.5831014E-04   7.6717585E+01   1.7091779E+05   1.7164643E+05   0.0000000E+00   0.0000000E+00   0.0000000E+00   0.0000000E+00   0.0000000E+00
   7.8704514E-01   1.5839367E+05   1.5839367E+05   2.7673791E-03   2.9882482E-04   6.2901147E+01   1.5772126E+05   1.5839367E+05   0.0000000E+00   0.0000000E+00   0.0000000E+00   0.0000000E+00   0.0000000E+00
   8.3046527E-01   1.4540362E+05   1.4540362E+05   2.3199923E-03   2.4640945E-04   5.0764816E+01   1.4478633E+05   1.4540362E+05   0.0000000E+00   0.0000000E+00   0.0000000E+00   0.0000000E+00   0.0000000E+00
   8.7923418E-01   1.3271111E+05   1.3271111E+05   1.8569894E-03   2.0066181E-04   4.0252448E+01   1.3214769E+05   1.3271111E+05   0.0000000E+00   0.0000000E+00   0.0000000E+00   0.0000000E+00   0.0000000E+00
   9.3413595E-01   1.2039573E+05   1.2039573E+05   1.4906591E-03   1.6128637E-04   3.1284485E+01   1.1988457E+05   1.2039573E+05   0.0000000E+00   0.0000000E+00   0.0000000E+00   0.0000000E+00   0.0000000E+00
   9.9581783E-01   1.0858160E+05   1.0858160E+05   1.1825312E-03   1.2800936E-04   2.3789763E+01   1.0812058E+05   1.0858160E+05   0.0000000E+00   0.0000000E+00   0.0000000E+00   0.0000000E+00   0.0000000E+00
   1.0646679E+00   9.7419182E+04   9.7419182E+04   9.2744388E-04   1.0048501E-04   1.7679152E+01   9.7005545E+04   9.7419182E+04   0.0000000E+00   0.0000000E+00   0.0000000E+00   0.0000000E+00   0.0000000E+00
   1.1407884E+00   8.7046278E+04   8.7046278E+04   7.2236370E-04   7.8210439E-05   1.2830534E+01   8.6676674E+04   8.7046278E+04   0.0000000E+00   0.0000000E+00   0.0000000E+00   0.0000000E+00   0.0000000E+00
   1.2241120E+00   7.7553662E+04   7.7553662E+04   5.5850521E-04   6.0522284E-05   9.0758922E+00   7.7224355E+04   7.7553662E+04   0.0000000E+00   0.0000000E+00   0.0000000E+00   0.0000000E+00   0.0000000E+00
   1.3145856E+00   6.8968959E+04   6.8968959E+04   4.3041519E-04   4.6672873E-05   6.2190235E+00   6.8676098E+04   6.8968959E+04   0.0000000E+00   0.0000000E+00   0.0000000E+00   0.0000000E+00   0.0000000E+00
   1.4123025E+00   6.1262676E+04   6.1262676E+04   3.3097389E-04   3.5921972E-05   4.0862526E+00   6.1002532E+04   6.1262676E+04   0.0000000E+00   0.0000000E+00   0.0000000E+00   0.0000000E+00   0.0000000E+00
   1.5175364E+00   5.4374861E+04   5.4374861E+04   2.5428109E-04   2.7616812E-05   2.5121731E+00   5.4143961E+04   5.4374861E+04   0.0000000E+00   0.0000000E+00   0.0000000E+00   0.0000000E+00   0.0000000E+00
   1.6307123E+00   4.8233161E+04   4.8233161E+04   1.9646361E-04   2.1216550E-05   1.3689949E+00   4.8028339E+04   4.8233161E+04   0.0000000E+00   0.0000000E+00   0.0000000E+00   0.0000000E+00   0.0000000E+00
   1.7523636E+00   4.2763201E+04   4.2763201E+04   1.4992530E-04   1.6290530E-05   5.5218997E-01   4.2581605E+04   4.2763201E+04   0.0000000E+00   0.0000000E+00   0.0000000E+00   0.0000000E+00   0.0000000E+00
   1.8831005E+00   3.7896029E+04   3.7896029E+04   1.1497627E-04   1.2502292E-05   -1.9817330E-02   3.7735100E+04   3.7896029E+04   0.0000000E+00   0.0000000E+00   0.0000000E+00   0.0000000E+00   0.0000000E+00
   2.0235939E+00   3.3567697E+04   3.3567697E+04   8.8160877E-05   9.5907461E-06   -4.0991562E-01   3.3425147E+04   3.3567697E+04   0.0000000E+00   0.0000000E+00   0.0000000E+00   0.0000000E+00   0.0000000E+00
   2.1745697E+00   2.9720989E+04   2.9720989E+04   6.7576481E-05   7.3540941E-06   -6.6496064E-01   2.9594774E+04   2.9720989E+04   0.0000000E+00   0.0000000E+00   0.0000000E+00   0.0000000E+00   0.0000000E+00
   2.3368096E+00   2.6304127E+04   2.6304127E+04   5.1637277E-05   5.6367312E-06   -8.2026715E-01   2.6192421E+04   2.6304127E+04   0.0000000E+00   0.0000000E+00   0.0000000E+00   0.0000000E+00   0.0000000E+00
   2.5111539E+00   2.3270663E+04   2.3270663E+04   3.9761157E-05   4.3187275E-06   -9.0493131E-01   2.3171838E+04   2.3270663E+04   0.0000000E+00   0.0000000E+00   0.0000000E+00   0.0000000E+00   0.0000000E+00
   2.6985057E+00   2.0578990E+04   2.0578990E+04   3.0387259E-05   3.3076238E-06   -9.3642236E-01   2.0491596E+04   2.0578990E+04   0.0000000E+00   0.0000000E+00   0.0000000E+00   0.0000000E+00   0.0000000E+00
   2.8998353E+00   1.8191760E+04   1.8191760E+04   2.3252502E-05   2.5323129E-06   -9.3276661E-01   1.8114503E+04   1.8191760E+04   0.0000000E+00   0.0000000E+00   0.0000000E+00   0.0000000E+00   0.0000000E+00
   3.1161857E+00   1.6075540E+04   1.6075540E+04   1.7789095E-05   1.9380536E-06   -9.0446421E-01   1.6007271E+04   1.6075540E+04   0.0000000E+00   0.0000000E+00   0.0000000E+00   0.0000000E+00   0.0000000E+00
   3.3486776E+00   1.4200432E+04   1.4200432E+04   1.3623406E-05   1.4827467E-06   -8.6080211E-01   1.4140125E+04   1.4200432E+04   0.0000000E+00   0.0000000E+00   0.0000000E+00   0.0000000E+00   0.0000000E+00
   3.5985151E+00   1.2539704E+04   1.2539704E+04   1.0373594E-05   1.1340441E-06   -8.0764716E-01   1.2486450E+04   1.2539704E+04   0.0000000E+00   0.0000000E+00   0.0000000E+00   0.0000000E+00   0.0000000E+00
   3.8669925E+00   1.1069479E+04   1.1069479E+04   7.9547045E-06   8.6706978E-07   -7.4892078E-01   1.1022469E+04   1.1069479E+04   0.0000000E+00   0.0000000E+00   0.0000000E+00   0.0000000E+00   0.0000000E+00
   4.1555004E+00   9.7684470E+03   9.7684470E+03   6.1053334E-06   6.6275222E-07   -6.8872592E-01   9.7269618E+03   9.7684470E+03   0.0000000E+00   0.0000000E+00   0.0000000E+00   0.0000000E+00   0.0000000E+00
   4.4655333E+00   8.6176017E+03   8.6176017E+03   4.6428530E-06   5.0643563E-07   -6.2866429E-01   8.5810039E+03   8.6176017E+03   0.0000000E+00   0.0000000E+00   0.0000000E+00   0.0000000E+00   0.0000000E+00
   4.7986970E+00   7.6000035E+03   7.6000035E+03   3.5355199E-06   3.8688450E-07   -5.7081159E-01   7.5677273E+03   7.6000035E+03   0.0000000E+00   0.0000000E+00   0.0000000E+00   0.0000000E+00   0.0000000E+00
   5.1567174E+00   6.7005653E+03   6.7005653E+03   2.7077655E-06   2.9547920E-07   -5.1553010E-01   6.6721088E+03   6.7005653E+03   0.0000000E+00   0.0000000E+00   0.0000000E+00   0.0000000E+00   0.0000000E+00
   5.5414489E+00   5.9058580E+03   5.9058580E+03   2.0661397E-06   2.2561619E-07   -4.6387519E-01   5.8807765E+03   5.9058580E+03   0.0000000E+00   0.0000000E+00   0.0000000E+00   0.0000000E+00   0.0000000E+00
   5.9548844E+00   5.2039362E+03   5.2039362E+03   1.5748299E-06   1.7223292E-07   -4.1593006E-01   5.1818357E+03   5.2039362E+03   0.0000000E+00   0.0000000E+00   0.0000000E+00   0.0000000E+00   0.0000000E+00
   6.3991654E+00   4.5841804E+03   4.5841804E+03   1.2022086E-06   1.3145368E-07   -3.7190800E-01   4.5647118E+03   4.5841804E+03   0.0000000E+00   0.0000000E+00   0.0000000E+00   0.0000000E+00   0.0000000E+00
   6.8765932E+00   4.0371551E+03   4.0371551E+03   9.1742008E-07   1.0031108E-07   -3.3178722E-01   4.0200097E+03   4.0371551E+03   0.0000000E+00   0.0000000E+00   0.0000000E+00   0.0000000E+00   0.0000000E+00
   7.3896409E+00   3.5544816E+03   3.5544816E+03   6.9972668E-07   7.6533494E-08   -2.9533051E-01   3.5393860E+03   3.5544816E+03   0.0000000E+00   0.0000000E+00   0.0000000E+00   0.0000000E+00   0.0000000E+00
   7.9409659E+00   3.1287235E+03   3.1287235E+03   5.3322449E-07   5.8383512E-08   -2.6238444E-01   3.1154361E+03   3.1287235E+03   0.0000000E+00   0.0000000E+00   0.0000000E+00   0.0000000E+00   0.0000000E+00
   8.5334241E+00   2.7532841E+03   2.7532841E+03   4.0623610E-07   4.4532449E-08   -2.3280100E-01   2.7415912E+03   2.7532841E+03   0.0000000E+00   0.0000000E+00   0.0000000E+00   0.0000000E+00   0.0000000E+00
