#           k/h    CDM            baryon         photon         nu             mass_nu        total          no_nu          total_de       Weyl           v_CDM          v_b            v_b-v_c     
   1.0229594E-05   1.6374240E+07   1.6374240E+07   2.1823382E+07   1.2318805E+04   1.3405202E+07   1.6374265E+07   1.6374240E+07   0.0000000E+00   0.0000000E+00   0.0000000E+00   0.0000000E+00   0.0000000E+00
   1.0992801E-05   1.6374237E+07   1.6374237E+07   2.1821995E+07   1.2318301E+04   1.3404969E+07   1.6374261E+07   1.6374237E+07   0.0000000E+00   0.0000000E+00   0.0000000E+00   0.0000000E+00   0.0000000E+00
   1.1812950E-05   1.6374233E+07   1.6374233E+07   2.1820392E+07   1.2317720E+04   1.3404700E+07   1.6374257E+07   1.6374233E+07   0.0000000E+00   0.0000000E+00   0.0000000E+00   0.0000000E+00   0.0000000E+00
   1.2694289E-05   1.6374228E+07   1.6374228E+07   2.1818542E+07   1.2317049E+04   1.3404390E+07   1.6374252E+07   1.6374228E+07   0.0000000E+00   0.0000000E+00   0.0000000E+00   0.0000000E+00   0.0000000E+00
   1.3641382E-05   1.6374223E+07   1.6374223E+07   2.1816406E+07   1.2316273E+04   1.3404032E+07   1.6374247E+07   1.6374223E+07   0.0000000E+00   0.0000000E+00   0.0000000E+00   0.0000000E+00   0.0000000E+00
   1.4659136E-05   1.6374217E+07   1.6374217E+07   2.1813939E+07   1.2315378E+04   1.3403618E+07   1.6374241E+07   1.6374217E+07   0.0000000E+00   0.0000000E+00   0.0000000E+00   0.0000000E+00   0.0000000E+00
   1.5752823E-05   1.6374210E+07   1.6374210E+07   2.1811090E+07   1.2314344E+04   1.3403141E+07   1.6374233E+07   1.6374210E+07   0.0000000E+00   0.0000000E+00   0.0000000E+00   0.0000000E+00   0.0000000E+00
   1.6928106E-05   1.6374202E+07   1.6374202E+07   2.1807802E+07   1.2313151E+04   1.3402589E+07   1.6374225E+07   1.6374202E+07   0.0000000E+00   0.0000000E+00   0.0000000E+00   0.0000000E+00   0.0000000E+00
   1.8191076E-05   1.6374192E+07   1.6374192E+07   2.1804004E+07   1.2311772E+04   1.3401953E+07   1.6374215E+07   1.6374192E+07   0.0000000E+00   0.0000000E+00   0.0000000E+00   0.0000000E+00   0.0000000E+00
   1.9548272E-05   1.6374181E+07   1.6374181E+07   2.1799620E+07   1.2310181E+04   1.3401218E+07   1.6374204E+07   1.6374181E+07   0.0000000E+00   0.0000000E+00   0.0000000E+00   0.0000000E+00   0.0000000E+00
   2.1006726E-05   1.6374169E+07   1.6374169E+07   2.1794558E+07   1.2308344E+04   1.3400369E+07   1.6374190E+07   1.6374169E+07   0.0000000E+00   0.0000000E+00   0.0000000E+00   0.0000000E+00   0.0000000E+00
   2.2573993E-05   1.6374154E+07   1.6374154E+07   2.1788714E+07   1.2306222E+04   1.3399390E+07   1.6374175E+07   1.6374154E+07   0.0000000E+00   0.0000000E+00   0.0000000E+00   0.0000000E+00   0.0000000E+00
   2.4258189E-05   1.6374138E+07   1.6374138E+07   2.1781967E+07   1.2303773E+04   1.3398259E+07   1.6374158E+07   1.6374138E+07   0.0000000E+00   0.0000000E+00   0.0000000E+00   0.0000000E+00   0.0000000E+00
   2.6068040E-05   1.6374118E+07   1.6374118E+07   2.1774179E+07   1.2300945E+04   1.3396955E+07   1.6374138E+07   1.6374118E+07   0.0000000E+00   0.0000000E+00   0.0000000E+00   0.0000000E+00   0.0000000E+00
   2.8012920E-05   1.6374096E+07   1.6374096E+07   2.1765188E+07   1.2297681E+04   1.3395448E+07   1.6374114E+07   1.6374096E+07   0.0000000E+00   0.0000000E+00   0.0000000E+00   0.0000000E+00   0.0000000E+00
   3.0102903E-05   1.6374070E+07   1.6374070E+07   2.1754810E+07   1.2293913E+04   1.3393710E+07   1.6374088E+07   1.6374070E+07   0.0000000E+00   0.0000000E+00   0.0000000E+00   0.0000000E+00   0.0000000E+00
   3.2348815E-05   1.6374041E+07   1.6374041E+07   2.1742831E+07   1.2289562E+04   1.3391705E+07   1.6374056E+07   1.6374041E+07   0.0000000E+00   0.0000000E+00   0.0000000E+00   0.0000000E+00   0.0000000E+00
   3.4762290E-05   1.6374006E+07   1.6374006E+07   2.1729006E+07   1.2284541E+04   1.3389391E+07   1.6374021E+07   1.6374006E+07   0.0000000E+00   0.0000000E+00   0.0000000E+00   0.0000000E+00   0.0000000E+00
   3.7355829E-05   1.6373967E+07   1.6373967E+07   2.1713051E+07   1.2278746E+04   1.3386721E+07   1.6373979E+07   1.6373967E+07   0.0000000E+00   0.0000000E+00   0.0000000E+00   0.0000000E+00   0.0000000E+00
   4.0142866E-05   1.6373921E+07   1.6373921E+07   2.1694641E+07   1.2272057E+04   1.3383642E+07   1.6373931E+07   1.6373921E+07   0.0000000E+00   0.0000000E+00   0.0000000E+00   0.0000000E+00   0.0000000E+00
   4.3137839E-05   1.6373868E+07   1.6373868E+07   2.1673399E+07   1.2264338E+04   1.3380090E+07   1.6373876E+07   1.6373868E+07   0.0000000E+00   0.0000000E+00   0.0000000E+00   0.0000000E+00   0.0000000E+00
   4.6356259E-05   1.6373807E+07   1.6373807E+07   2.1648893E+07   1.2255431E+04   1.3375995E+07   1.6373813E+07   1.6373807E+07   0.0000000E+00   0.0000000E+00   0.0000000E+00   0.0000000E+00   0.0000000E+00
   4.9814799E-05   1.6373737E+07   1.6373737E+07   2.1620627E+07   1.2245154E+04   1.3371274E+07   1.6373739E+07   1.6373737E+07   0.0000000E+00   0.0000000E+00   0.0000000E+00   0.0000000E+00   0.0000000E+00
   5.3531373E-05   1.6373656E+07   1.6373656E+07   2.1588029E+07   1.2233299E+04   1.3365834E+07   1.6373654E+07   1.6373656E+07   0.0000000E+00   0.0000000E+00   0.0000000E+00   0.0000000E+00   0.0000000E+00
   5.7525232E-05   1.6373562E+07   1.6373562E+07   2.1550442E+07   1.2219624E+04   1.3359566E+07   1.6373556E+07   1.6373562E+07   0.0000000E+00   0.0000000E+00   0.0000000E+00   0.0000000E+00   0.0000000E+00
   6.1817065E-05   1.6373454E+07   1.6373454E+07   2.1507114E+07   1.2203855E+04   1.3352347E+07   1.6373443E+07   1.6373454E+07   0.0000000E+00   0.0000000E+00   0.0000000E+00   0.0000000E+00   0.0000000E+00
   6.6429102E-05   1.6373329E+07   1.6373329E+07   2.1457182E+07   1.2185673E+04   1.3344036E+07   1.6373312E+07   1.6373329E+07   0.0000000E+00   0.0000000E+00   0.0000000E+00   0.0000000E+00   0.0000000E+00
   7.1385233E-05   1.6373184E+07   1.6373184E+07   2.1399656E+07   1.2164716E+04   1.3334473E+07   1.6373161E+07   1.6373184E+07   0.0000000E+00   0.0000000E+00   0.0000000E+00   0.0000000E+00   0.0000000E+00
   7.6711130E-05   1.6373018E+07   1.6373018E+07   2.1333406E+07   1.2140564E+04   1.3323475E+07   1.6372987E+07   1.6373018E+07   0.0000000E+00   0.0000000E+00   0.0000000E+00   0.0000000E+00   0.0000000E+00
   8.2434381E-05   1.6372826E+07   1.6372826E+07   2.1257142E+07   1.2112742E+04   1.3310835E+07   1.6372786E+07   1.6372826E+07   0.0000000E+00   0.0000000E+00   0.0000000E+00   0.0000000E+00   0.0000000E+00
   8.8584631E-05   1.6372604E+07   1.6372604E+07   2.1169391E+07   1.2080702E+04   1.3296319E+07   1.6372555E+07   1.6372604E+07   0.0000000E+00   0.0000000E+00   0.0000000E+00   0.0000000E+00   0.0000000E+00
   9.5193738E-05   1.6372348E+07   1.6372348E+07   2.1068482E+07   1.2043822E+04   1.3279661E+07   1.6372287E+07   1.6372348E+07   0.0000000E+00   0.0000000E+00   0.0000000E+00   0.0000000E+00   0.0000000E+00
   1.0229594E-04   1.6372053E+07   1.6372053E+07   2.0952516E+07   1.2001392E+04   1.3260567E+07   1.6371978E+07   1.6372053E+07   0.0000000E+00   0.0000000E+00   0.0000000E+00   0.0000000E+00   0.0000000E+00
   1.0992801E-04   1.6371712E+07   1.6371712E+07   2.0819347E+07   1.1952604E+04   1.3238703E+07   1.6371622E+07   1.6371712E+07   0.0000000E+00   0.0000000E+00   0.0000000E+00   0.0000000E+00   0.0000000E+00
   1.1812950E-04   1.6371319E+07   1.6371319E+07   2.0666556E+07   1.1896543E+04   1.3213702E+07   1.6371212E+07   1.6371319E+07   0.0000000E+00   0.0000000E+00   0.0000000E+00   0.0000000E+00   0.0000000E+00
   1.2694289E-04   1.6370866E+07   1.6370866E+07   2.0491427E+07   1.1832174E+04   1.3185157E+07   1.6370738E+07   1.6370866E+07   0.0000000E+00   0.0000000E+00   0.0000000E+00   0.0000000E+00   0.0000000E+00
   1.3641382E-04   1.6370343E+07   1.6370343E+07   2.0290929E+07   1.1758333E+04   1.3152625E+07   1.6370192E+07   1.6370343E+07   0.0000000E+00   0.0000000E+00   0.0000000E+00   0.0000000E+00   0.0000000E+00
   1.4659136E-04   1.6369741E+07   1.6369741E+07   2.0061695E+07   1.1673711E+04   1.3115625E+07   1.6369562E+07   1.6369741E+07   0.0000000E+00   0.0000000E+00   0.0000000E+00   0.0000000E+00   0.0000000E+00
   1.5752823E-04   1.6369047E+07   1.6369047E+07   1.9800016E+07   1.1576850E+04   1.3073645E+07   1.6368836E+07   1.6369047E+07   0.0000000E+00   0.0000000E+00   0.0000000E+00   0.0000000E+00   0.0000000E+00
   1.6928106E-04   1.6368247E+07   1.6368247E+07   1.9501838E+07   1.1466133E+04   1.3026147E+07   1.6368000E+07   1.6368247E+07   0.0000000E+00   0.0000000E+00   0.0000000E+00   0.0000000E+00   0.0000000E+00
   1.8191076E-04   1.6367326E+07   1.6367326E+07   1.9162781E+07   1.1339777E+04   1.2972581E+07   1.6367038E+07   1.6367326E+07   0.0000000E+00   0.0000000E+00   0.0000000E+00   0.0000000E+00   0.0000000E+00
   1.9548272E-04   1.6366266E+07   1.6366266E+07   1.8778174E+07   1.1195838E+04   1.2912400E+07   1.6365929E+07   1.6366266E+07   0.0000000E+00   0.0000000E+00   0.0000000E+00   0.0000000E+00   0.0000000E+00
   2.1006726E-04   1.6365046E+07   1.6365046E+07   1.8343124E+07   1.1032219E+04   1.2845086E+07   1.6364654E+07   1.6365046E+07   0.0000000E+00   0.0000000E+00   0.0000000E+00   0.0000000E+00   0.0000000E+00
   2.2573993E-04   1.6363643E+07   1.6363643E+07   1.7852619E+07   1.0846685E+04   1.2770179E+07   1.6363186E+07   1.6363643E+07   0.0000000E+00   0.0000000E+00   0.0000000E+00   0.0000000E+00   0.0000000E+00
   2.4258189E-04   1.6362030E+07   1.6362030E+07   1.7301687E+07   1.0636898E+04   1.2687327E+07   1.6361500E+07   1.6362030E+07   0.0000000E+00   0.0000000E+00   0.0000000E+00   0.0000000E+00   0.0000000E+00
   2.6068040E-04   1.6360177E+07   1.6360177E+07   1.6685607E+07   1.0400470E+04   1.2596333E+07   1.6359563E+07   1.6360177E+07   0.0000000E+00   0.0000000E+00   0.0000000E+00   0.0000000E+00   0.0000000E+00
   2.8012920E-04   1.6358051E+07   1.6358051E+07   1.6000207E+07   1.0135032E+04   1.2497226E+07   1.6357339E+07   1.6358051E+07   0.0000000E+00   0.0000000E+00   0.0000000E+00   0.0000000E+00   0.0000000E+00
   3.0102903E-04   1.6355612E+07   1.6355612E+07   1.5242241E+07   9.8383415E+03   1.2390338E+07   1.6354789E+07   1.6355612E+07   0.0000000E+00   0.0000000E+00   0.0000000E+00   0.0000000E+00   0.0000000E+00
   3.2348815E-04   1.6352818E+07   1.6352818E+07   1.4409870E+07   9.5084169E+03   1.2276391E+07   1.6351867E+07   1.6352818E+07   0.0000000E+00   0.0000000E+00   0.0000000E+00   0.0000000E+00   0.0000000E+00
   3.4762290E-04   1.6349620E+07   1.6349620E+07   1.3503241E+07   9.1437135E+03   1.2156584E+07   1.6348523E+07   1.6349620E+07   0.0000000E+00   0.0000000E+00   0.0000000E+00   0.0000000E+00   0.0000000E+00
   3.7355829E-04   1.6345964E+07   1.6345964E+07   1.2525159E+07   8.7433425E+03   1.2032679E+07   1.6344699E+07   1.6345964E+07   0.0000000E+00   0.0000000E+00   0.0000000E+00   0.0000000E+00   0.0000000E+00
   4.0142866E-04   1.6341791E+07   1.6341791E+07   1.1481830E+07   8.3073309E+03   1.1907047E+07   1.6340334E+07   1.6341791E+07   0.0000000E+00   0.0000000E+00   0.0000000E+00   0.0000000E+00   0.0000000E+00
   4.3137839E-04   1.6337033E+07   1.6337033E+07   1.0383609E+07   7.8369170E+03   1.1782677E+07   1.6335358E+07   1.6337033E+07   0.0000000E+00   0.0000000E+00   0.0000000E+00   0.0000000E+00   0.0000000E+00
   4.6356259E-04   1.6331617E+07   1.6331617E+07   9.2456634E+06   7.3348655E+03   1.1663079E+07   1.6329693E+07   1.6331617E+07   0.0000000E+00   0.0000000E+00   0.0000000E+00   0.0000000E+00   0.0000000E+00
   4.9814799E-04   1.6325463E+07   1.6325463E+07   8.0884214E+06   6.8057723E+03   1.1552077E+07   1.6323255E+07   1.6325463E+07   0.0000000E+00   0.0000000E+00   0.0000000E+00   0.0000000E+00   0.0000000E+00
   5.3531373E-04   1.6318482E+07   1.6318482E+07   6.9375842E+06   6.2563143E+03   1.1453412E+07   1.6315953E+07   1.6318482E+07   0.0000000E+00   0.0000000E+00   0.0000000E+00   0.0000000E+00   0.0000000E+00
   5.7525232E-04   1.6310577E+07   1.6310577E+07   5.8234814E+06   5.6953765E+03   1.1370147E+07   1.6307685E+07   1.6310577E+07   0.0000000E+00   0.0000000E+00   0.0000000E+00   0.0000000E+00   0.0000000E+00
   6.1817065E-04   1.6301644E+07   1.6301644E+07   4.7794952E+06   5.1339731E+03   1.1303863E+07   1.6298343E+07   1.6301644E+07   0.0000000E+00   0.0000000E+00   0.0000000E+00   0.0000000E+00   0.0000000E+00
   6.6429102E-04   1.6291567E+07   1.6291567E+07   3.8393347E+06   4.5848647E+03   1.1253711E+07   1.6287805E+07   1.6291567E+07   0.0000000E+00   0.0000000E+00   0.0000000E+00   0.0000000E+00   0.0000000E+00
   7.1385233E-04   1.6280220E+07   1.6280220E+07   3.0330878E+06   4.0617807E+03   1.1215490E+07   1.6275944E+07   1.6280220E+07   0.0000000E+00   0.0000000E+00   0.0000000E+00   0.0000000E+00   0.0000000E+00
   7.6711130E-04   1.6267466E+07   1.6267466E+07   2.3822782E+06   3.5781957E+03   1.1181051E+07   1.6262618E+07   1.6267466E+07   0.0000000E+00   0.0000000E+00   0.0000000E+00   0.0000000E+00   0.0000000E+00
   8.2434381E-04   1.6253154E+07   1.6253154E+07   1.8946345E+06   3.1456919E+03   1.1138457E+07   1.6247671E+07   1.6253154E+07   0.0000000E+00   0.0000000E+00   0.0000000E+00   0.0000000E+00   0.0000000E+00
   8.8584631E-04   1.6237117E+07   1.6237117E+07   1.5598827E+06   2.7720885E+03   1.1073412E+07   1.6230934E+07   1.6237117E+07   0.0000000E+00   0.0000000E+00   0.0000000E+00   0.0000000E+00   0.0000000E+00
   9.5193738E-04   1.6219170E+07   1.6219170E+07   1.3484347E+06   2.4597089E+03   1.0972262E+07   1.6212222E+07   1.6219170E+07   0.0000000E+00   0.0000000E+00   0.0000000E+00   0.0000000E+00   0.0000000E+00
   1.0229594E-03   1.6199108E+07   1.6199108E+07   1.2149851E+06   2.2043485E+03   1.0826420E+07   1.6191330E+07   1.6199108E+07   0.0000000E+00   0.0000000E+00   0.0000000E+00   0.0000000E+00   0.0000000E+00
   1.0992801E-03   1.6176710E+07   1.6176710E+07   1.1082284E+06   1.9955952E+03   1.0637029E+07   1.6168038E+07   1.6176710E+07   0.0000000E+00   0.0000000E+00   0.0000000E+00   0.0000000E+00   0.0000000E+00
   1.1812950E-03   1.6151733E+07   1.6151733E+07   9.8568294E+05   1.8189820E+03   1.0417543E+07   1.6142106E+07   1.6151733E+07   0.0000000E+00   0.0000000E+00   0.0000000E+00   0.0000000E+00   0.0000000E+00
   1.2694289E-03   1.6123921E+07   1.6123921E+07   8.2906749E+05   1.6598807E+03   1.0191199E+07   1.6113284E+07   1.6123921E+07   0.0000000E+00   0.0000000E+00   0.0000000E+00   0.0000000E+00   0.0000000E+00
   1.3641382E-03   1.6093005E+07   1.6093005E+07   6.5221808E+05   1.5080842E+03   9.9815150E+06   1.6081310E+07   1.6093005E+07   0.0000000E+00   0.0000000E+00   0.0000000E+00   0.0000000E+00   0.0000000E+00
   1.4659136E-03   1.6058709E+07   1.6058709E+07   4.9330823E+05   1.3610379E+03   9.7981341E+06   1.6045919E+07   1.6058709E+07   0.0000000E+00   0.0000000E+00   0.0000000E+00   0.0000000E+00   0.0000000E+00
   1.5752823E-03   1.6020751E+07   1.6020751E+07   3.8979714E+05   1.2234620E+03   9.6266519E+06   1.6006836E+07   1.6020751E+07   0.0000000E+00   0.0000000E+00   0.0000000E+00   0.0000000E+00   0.0000000E+00
   1.6928106E-03   1.5978838E+07   1.5978838E+07   3.4836401E+05   1.1025856E+03   9.4345548E+06   1.5963779E+07   1.5978838E+07   0.0000000E+00   0.0000000E+00   0.0000000E+00   0.0000000E+00   0.0000000E+00
   1.8191076E-03   1.5932665E+07   1.5932665E+07   3.3450279E+05   1.0014110E+03   9.1974840E+06   1.5916451E+07   1.5932665E+07   0.0000000E+00   0.0000000E+00   0.0000000E+00   0.0000000E+00   0.0000000E+00
   1.9548272E-03   1.5881912E+07   1.5881912E+07   3.0007696E+05   9.1530396E+02   8.9279850E+06   1.5864538E+07   1.5881912E+07   0.0000000E+00   0.0000000E+00   0.0000000E+00   0.0000000E+00   0.0000000E+00
   2.1006726E-03   1.5826246E+07   1.5826246E+07   2.3197286E+05   8.3592687E+02   8.6707677E+06   1.5807709E+07   1.5826246E+07   0.0000000E+00   0.0000000E+00   0.0000000E+00   0.0000000E+00   0.0000000E+00
   2.2573993E-03   1.5765325E+07   1.5765325E+07   1.6734132E+05   7.5947469E+02   8.4516224E+06   1.5745620E+07   1.5765325E+07   0.0000000E+00   0.0000000E+00   0.0000000E+00   0.0000000E+00   0.0000000E+00
   2.4258189E-03   1.5698802E+07   1.5698802E+07   1.4265099E+05   6.8947275E+02   8.2362802E+06   1.5677922E+07   1.5698802E+07   0.0000000E+00   0.0000000E+00   0.0000000E+00   0.0000000E+00   0.0000000E+00
   2.6068040E-03   1.5626318E+07   1.5626318E+07   1.3794917E+05   6.2940334E+02   7.9770693E+06   1.5604249E+07   1.5626318E+07   0.0000000E+00   0.0000000E+00   0.0000000E+00   0.0000000E+00   0.0000000E+00
   2.8012920E-03   1.5547495E+07   1.5547495E+07   1.1319003E+05   5.7589615E+02   7.6961746E+06   1.5524223E+07   1.5547495E+07   0.0000000E+00   0.0000000E+00   0.0000000E+00   0.0000000E+00   0.0000000E+00
   3.0102903E-03   1.5461942E+07   1.5461942E+07   8.4035732E+04   5.2462545E+02   7.4412468E+06   1.5437451E+07   1.5461942E+07   0.0000000E+00   0.0000000E+00   0.0000000E+00   0.0000000E+00   0.0000000E+00
   3.2348815E-03   1.5369258E+07   1.5369258E+07   7.9280252E+04   4.7755647E+02   7.1759259E+06   1.5343536E+07   1.5369258E+07   0.0000000E+00   0.0000000E+00   0.0000000E+00   0.0000000E+00   0.0000000E+00
   3.4762290E-03   1.5269030E+07   1.5269030E+07   6.8386214E+04   4.3577641E+02   6.8729590E+06   1.5242068E+07   1.5269030E+07   0.0000000E+00   0.0000000E+00   0.0000000E+00   0.0000000E+00   0.0000000E+00
   3.7355829E-03   1.5160829E+07   1.5160829E+07   4.7608522E+04   3.9596733E+02   6.5953684E+06   1.5132626E+07   1.5160829E+07   0.0000000E+00   0.0000000E+00   0.0000000E+00   0.0000000E+00   0.0000000E+00
   4.0142866E-03   1.5044221E+07   1.5044221E+07   4.7889081E+04   3.5933059E+02   6.3094741E+06   1.5014784E+07   1.5044221E+07   0.0000000E+00   0.0000000E+00   0.0000000E+00   0.0000000E+00   0.0000000E+00
   4.3137839E-03   1.4918769E+07   1.4918769E+07   3.8000128E+04   3.2628189E+02   5.9959665E+06   1.4888119E+07   1.4918769E+07   0.0000000E+00   0.0000000E+00   0.0000000E+00   0.0000000E+00   0.0000000E+00
   4.6356259E-03   1.4784039E+07   1.4784039E+07   3.1068356E+04   2.9477099E+02   5.7129441E+06   1.4752217E+07   1.4784039E+07   0.0000000E+00   0.0000000E+00   0.0000000E+00   0.0000000E+00   0.0000000E+00
   4.9814799E-03   1.4639610E+07   1.4639610E+07   2.7135267E+04   2.6631537E+02   5.4059818E+06   1.4606672E+07   1.4639610E+07   0.0000000E+00   0.0000000E+00   0.0000000E+00   0.0000000E+00   0.0000000E+00
   5.3531373E-03   1.4485055E+07   1.4485055E+07   2.2139319E+04   2.3978840E+02   5.1245685E+06   1.4451059E+07   1.4485055E+07   0.0000000E+00   0.0000000E+00   0.0000000E+00   0.0000000E+00   0.0000000E+00
   5.7525232E-03   1.4319944E+07   1.4319944E+07   1.8670730E+04   2.1599596E+02   4.8187174E+06   1.4284936E+07   1.4319944E+07   0.0000000E+00   0.0000000E+00   0.0000000E+00   0.0000000E+00   0.0000000E+00
   6.1817065E-03   1.4143831E+07   1.4143831E+07   1.6503624E+04   1.9370614E+02   4.5356569E+06   1.4107863E+07   1.4143831E+07   0.0000000E+00   0.0000000E+00   0.0000000E+00   0.0000000E+00   0.0000000E+00
   6.6429102E-03   1.3956268E+07   1.3956268E+07   1.2172885E+04   1.7332360E+02   4.2430269E+06   1.3919420E+07   1.3956268E+07   0.0000000E+00   0.0000000E+00   0.0000000E+00   0.0000000E+00   0.0000000E+00
   7.1385233E-03   1.3756824E+07   1.3756824E+07   1.1491540E+04   1.5469859E+02   3.9592933E+06   1.3719197E+07   1.3756824E+07   0.0000000E+00   0.0000000E+00   0.0000000E+00   0.0000000E+00   0.0000000E+00
   7.6711130E-03   1.3545075E+07   1.3545075E+07   1.0106627E+04   1.3769782E+02   3.6908387E+06   1.3506761E+07   1.3545075E+07   0.0000000E+00   0.0000000E+00   0.0000000E+00   0.0000000E+00   0.0000000E+00
   8.2434381E-03   1.3320586E+07   1.3320586E+07   7.4738234E+03   1.2222428E+02   3.4236345E+06   1.3281679E+07   1.3320586E+07   0.0000000E+00   0.0000000E+00   0.0000000E+00   0.0000000E+00   0.0000000E+00
   8.8584631E-03   1.3082920E+07   1.3082920E+07   6.0043382E+03   1.0817077E+02   3.1622852E+06   1.3043530E+07   1.3082920E+07   0.0000000E+00   0.0000000E+00   0.0000000E+00   0.0000000E+00   0.0000000E+00
   9.5193738E-03   1.2831649E+07   1.2831649E+07   4.9645709E+03   9.5445082E+01   2.9110054E+06   1.2791894E+07   1.2831649E+07   0.0000000E+00   0.0000000E+00   0.0000000E+00   0.0000000E+00   0.0000000E+00
   1.0229594E-02   1.2566351E+07   1.2566351E+07   4.2441463E+03   8.3952916E+01   2.6703909E+06   1.2526349E+07   1.2566351E+07   0.0000000E+00   0.0000000E+00   0.0000000E+00   0.0000000E+00   0.0000000E+00
   1.0992801E-02   1.2286606E+07   1.2286606E+07   3.4958880E+03   7.3583053E+01   2.4412675E+06   1.2246483E+07   1.2286606E+07   0.0000000E+00   0.0000000E+00   0.0000000E+00   0.0000000E+00   0.0000000E+00
   1.1812950E-02   1.1992027E+07   1.1992027E+07   2.9329322E+03   6.4270959E+01   2.2244946E+06   1.1951919E+07   1.1992027E+07   0.0000000E+00   0.0000000E+00   0.0000000E+00   0.0000000E+00   0.0000000E+00
   1.2694289E-02   1.1682252E+07   1.1682252E+07   2.7466839E+03   5.5953203E+01   2.0171664E+06   1.1642289E+07   1.1682252E+07   0.0000000E+00   0.0000000E+00   0.0000000E+00   0.0000000E+00   0.0000000E+00
   1.3641382E-02   1.1356975E+07   1.1356975E+07   2.4077293E+03   4.8528132E+01   1.8191607E+06   1.1317298E+07   1.1356975E+07   0.0000000E+00   0.0000000E+00   0.0000000E+00   0.0000000E+00   0.0000000E+00
   1.4659136E-02   1.1015970E+07   1.1015970E+07   1.6908927E+03   4.1926333E+01   1.6360731E+06   1.0976717E+07   1.1015970E+07   0.0000000E+00   0.0000000E+00   0.0000000E+00   0.0000000E+00   0.0000000E+00
   1.5752823E-02   1.0659131E+07   1.0659131E+07   1.6832340E+03   3.6075970E+01   1.4641544E+06   1.0620445E+07   1.0659131E+07   0.0000000E+00   0.0000000E+00   0.0000000E+00   0.0000000E+00   0.0000000E+00
   1.6928106E-02   1.0286522E+07   1.0286522E+07   1.1876494E+03   3.0915813E+01   1.3044864E+06   1.0248541E+07   1.0286522E+07   0.0000000E+00   0.0000000E+00   0.0000000E+00   0.0000000E+00   0.0000000E+00
   1.8191076E-02   9.8984392E+06   9.8984392E+06   1.0084874E+03   2.6378251E+01   1.1548400E+06   9.8613043E+06   9.8984392E+06   0.0000000E+00   0.0000000E+00   0.0000000E+00   0.0000000E+00   0.0000000E+00
   1.9548272E-02   9.4954936E+06   9.4954936E+06   8.9255233E+02   2.2404240E+01   1.0179722E+06   9.4593382E+06   9.4954936E+06   0.0000000E+00   0.0000000E+00   0.0000000E+00   0.0000000E+00   0.0000000E+00
   2.1006724E-02   9.0787041E+06   9.0787041E+06   7.3061529E+02   1.8940792E+01   8.9274452E+05   9.0436579E+06   9.0787041E+06   0.0000000E+00   0.0000000E+00   0.0000000E+00   0.0000000E+00   0.0000000E+00
   2.2573977E-02   8.6496076E+06   8.6496076E+06   5.5669519E+02   1.5934363E+01   7.7876752E+05   8.6157915E+06   8.6496076E+06   0.0000000E+00   0.0000000E+00   0.0000000E+00   0.0000000E+00   0.0000000E+00
   2.4258105E-02   8.2103790E+06   8.2103790E+06   4.5982449E+02   1.3337885E+01   6.7614696E+05   8.1779016E+06   8.2103790E+06   0.0000000E+00   0.0000000E+00   0.0000000E+00   0.0000000E+00   0.0000000E+00
   2.6067652E-02   7.7639646E+06   7.7639646E+06   4.0487822E+02   1.1110589E+01   5.8233674E+05   7.7329195E+06   7.7639646E+06   0.0000000E+00   0.0000000E+00   0.0000000E+00   0.0000000E+00   0.0000000E+00
   2.8011353E-02   7.3142317E+06   7.3142317E+06   3.2729834E+02   9.2091280E+00   4.9993033E+05   7.2846931E+06   7.3142317E+06   0.0000000E+00   0.0000000E+00   0.0000000E+00   0.0000000E+00   0.0000000E+00
   3.0097339E-02   6.8661462E+06   6.8661462E+06   2.5082114E+02   7.5988184E+00   4.2648013E+05   6.8381635E+06   6.8661462E+06   0.0000000E+00   0.0000000E+00   0.0000000E+00   0.0000000E+00   0.0000000E+00
   3.2331301E-02   6.4259627E+06   6.4259627E+06   2.0971507E+02   6.2469655E+00   3.6218906E+05   6.3995553E+06   6.4259627E+06   0.0000000E+00   0.0000000E+00   0.0000000E+00   0.0000000E+00   0.0000000E+00
   3.4713120E-02   6.0013219E+06   6.0013219E+06   1.7703712E+02   5.1242416E+00   3.0632487E+05   5.9764724E+06   6.0013219E+06   0.0000000E+00   0.0000000E+00   0.0000000E+00   0.0000000E+00   0.0000000E+00
   3.7232202E-02   5.6009613E+06   5.6009613E+06   1.2444623E+02   4.2040683E+00   2.5925263E+05   5.5776110E+06   5.6009613E+06   0.0000000E+00   0.0000000E+00   0.0000000E+00   0.0000000E+00   0.0000000E+00
   3.9863752E-02   5.2336301E+06   5.2336301E+06   1.1358075E+02   3.4612390E+00   2.1958436E+05   5.2116782E+06   5.2336301E+06   0.0000000E+00   0.0000000E+00   0.0000000E+00   0.0000000E+00   0.0000000E+00
   4.2570124E-02   4.9061320E+06   4.9061320E+06   9.4352252E+01   2.8700182E+00   1.8744085E+05   4.8854433E+06   4.9061320E+06   0.0000000E+00   0.0000000E+00   0.0000000E+00   0.0000000E+00   0.0000000E+00
   4.5309502E-02   4.6213469E+06   4.6213469E+06   7.0459208E+01   2.4044388E+00   1.6118798E+05   4.6017681E+06   4.6213469E+06   0.0000000E+00   0.0000000E+00   0.0000000E+00   0.0000000E+00   0.0000000E+00
   4.8047531E-02   4.3775925E+06   4.3775925E+06   5.8386658E+01   2.0385455E+00   1.3983293E+05   4.3589712E+06   4.3775925E+06   0.0000000E+00   0.0000000E+00   0.0000000E+00   0.0000000E+00   0.0000000E+00
   5.0764176E-02   4.1697104E+06   4.1697104E+06   5.5183833E+01   1.7490081E+00   1.2265966E+05   4.1519112E+06   4.1697104E+06   0.0000000E+00   0.0000000E+00   0.0000000E+00   0.0000000E+00   0.0000000E+00
   5.3453266E-02   3.9908938E+06   3.9908938E+06   4.7288677E+01   1.5169198E+00   1.0874862E+05   3.9738059E+06   3.9908938E+06   0.0000000E+00   0.0000000E+00   0.0000000E+00   0.0000000E+00   0.0000000E+00
   5.6118105E-02   3.8341716E+06   3.8341716E+06   3.7321688E+01   1.3277363E+00   9.6990122E+04   3.8177106E+06   3.8341716E+06   0.0000000E+00   0.0000000E+00   0.0000000E+00   0.0000000E+00   0.0000000E+00
   5.8766995E-02   3.6932178E+06   3.6932178E+06   3.5562458E+01   1.1705329E+00   8.6989051E+04   3.6773244E+06   3.6932178E+06   0.0000000E+00   0.0000000E+00   0.0000000E+00   0.0000000E+00   0.0000000E+00
   6.1410185E-02   3.5626624E+06   3.5626624E+06   3.1660653E+01   1.0374601E+00   7.8525065E+04   3.5472983E+06   3.5626624E+06   0.0000000E+00   0.0000000E+00   0.0000000E+00   0.0000000E+00   0.0000000E+00
   6.4058207E-02   3.4381516E+06   3.4381516E+06   2.5390805E+01   9.2298408E-01   7.0939366E+04   3.4232960E+06   3.4381516E+06   0.0000000E+00   0.0000000E+00   0.0000000E+00   0.0000000E+00   0.0000000E+00
   6.6721110E-02   3.3163186E+06   3.3163186E+06   2.5064697E+01   8.2302469E-01   6.4178041E+04   3.3019646E+06   3.3163186E+06   0.0000000E+00   0.0000000E+00   0.0000000E+00   0.0000000E+00   0.0000000E+00
   6.9408191E-02   3.1947360E+06   3.1947360E+06   2.2388753E+01   7.3465714E-01   5.8218579E+04   3.1808863E+06   3.1947360E+06   0.0000000E+00   0.0000000E+00   0.0000000E+00   0.0000000E+00   0.0000000E+00
   7.2127962E-02   3.0718698E+06   3.0718698E+06   1.7765792E+01   6.5587019E-01   5.2690407E+04   3.0585334E+06   3.0718698E+06   0.0000000E+00   0.0000000E+00   0.0000000E+00   0.0000000E+00   0.0000000E+00
   7.4888215E-02   2.9470345E+06   2.9470345E+06   1.5998615E+01   5.8520992E-01   4.7582827E+04   2.9342229E+06   2.9470345E+06   0.0000000E+00   0.0000000E+00   0.0000000E+00   0.0000000E+00   0.0000000E+00
   7.7696131E-02   2.8203393E+06   2.8203393E+06   1.5238052E+01   5.2161656E-01   4.2949747E+04   2.8080633E+06   2.8203393E+06   0.0000000E+00   0.0000000E+00   0.0000000E+00   0.0000000E+00   0.0000000E+00
   8.0558389E-02   2.6926113E+06   2.6926113E+06   1.3939770E+01   4.6436353E-01   3.8728858E+04   2.6808777E+06   2.6926113E+06   0.0000000E+00   0.0000000E+00   0.0000000E+00   0.0000000E+00   0.0000000E+00
   8.3481261E-02   2.5652867E+06   2.5652867E+06   1.2252990E+01   4.1295042E-01   3.4866441E+04   2.5540958E+06   2.5652867E+06   0.0000000E+00   0.0000000E+00   0.0000000E+00   0.0000000E+00   0.0000000E+00
   8.6470706E-02   2.4402610E+06   2.4402610E+06   1.0329887E+01   3.6696419E-01   3.1357789E+04   2.4296049E+06   2.4402610E+06   0.0000000E+00   0.0000000E+00   0.0000000E+00   0.0000000E+00   0.0000000E+00
   8.9532437E-02   2.3196965E+06   2.3196965E+06   8.6755581E+00   3.2608176E-01   2.8230384E+04   2.3095573E+06   2.3196965E+06   0.0000000E+00   0.0000000E+00   0.0000000E+00   0.0000000E+00   0.0000000E+00
   9.2671985E-02   2.2057908E+06   2.2057908E+06   8.4898604E+00   2.8998955E-01   2.5427632E+04   2.1961410E+06   2.2057908E+06   0.0000000E+00   0.0000000E+00   0.0000000E+00   0.0000000E+00   0.0000000E+00
   9.5894749E-02   2.1005197E+06   2.1005197E+06   7.2515534E+00   2.5836333E-01   2.2882701E+04   2.0913228E+06   2.1005197E+06   0.0000000E+00   0.0000000E+00   0.0000000E+00   0.0000000E+00   0.0000000E+00
   9.9206037E-02   2.0053739E+06   2.0053739E+06   6.7440018E+00   2.3082289E-01   2.0730788E+04   1.9965868E+06   2.0053739E+06   0.0000000E+00   0.0000000E+00   0.0000000E+00   0.0000000E+00   0.0000000E+00
   1.0261110E-01   1.9211218E+06   1.9211218E+06   5.4451171E+00   2.0696437E-01   1.8800283E+04   1.9126976E+06   1.9211218E+06   0.0000000E+00   0.0000000E+00   0.0000000E+00   0.0000000E+00   0.0000000E+00
   1.0611515E-01   1.8476301E+06   1.8476301E+06   5.0507275E+00   1.8631335E-01   1.7114579E+04   1.8395226E+06   1.8476301E+06   0.0000000E+00   0.0000000E+00   0.0000000E+00   0.0000000E+00   0.0000000E+00
   1.0972340E-01   1.7837840E+06   1.7837840E+06   4.6307031E+00   1.6837938E-01   1.5659084E+04   1.7759516E+06   1.7837840E+06   0.0000000E+00   0.0000000E+00   0.0000000E+00   0.0000000E+00   0.0000000E+00
   1.1344107E-01   1.7275365E+06   1.7275365E+06   4.0491590E+00   1.5266229E-01   1.4384804E+04   1.7199464E+06   1.7275365E+06   0.0000000E+00   0.0000000E+00   0.0000000E+00   0.0000000E+00   0.0000000E+00
   1.1727340E-01   1.6761093E+06   1.6761093E+06   3.8024038E+00   1.3867759E-01   1.3255180E+04   1.6687409E+06   1.6761093E+06   0.0000000E+00   0.0000000E+00   0.0000000E+00   0.0000000E+00   0.0000000E+00
   1.2122567E-01   1.6263435E+06   1.6263435E+06   3.6608378E+00   1.2600589E-01   1.2175831E+04   1.6191899E+06   1.6263435E+06   0.0000000E+00   0.0000000E+00   0.0000000E+00   0.0000000E+00   0.0000000E+00
   1.2530318E-01   1.5751689E+06   1.5751689E+06   3.2004380E+00   1.1430301E-01   1.1206377E+04   1.5682368E+06   1.5751689E+06   0.0000000E+00   0.0000000E+00   0.0000000E+00   0.0000000E+00   0.0000000E+00
   1.2951132E-01   1.5201286E+06   1.5201286E+06   2.7384593E+00   1.0334046E-01   1.0253005E+04   1.5134354E+06   1.5201286E+06   0.0000000E+00   0.0000000E+00   0.0000000E+00   0.0000000E+00   0.0000000E+00
   1.3385551E-01   1.4598635E+06   1.4598635E+06   2.4544850E+00   9.2996065E-02   9.3420478E+03   1.4534327E+06   1.4598635E+06   0.0000000E+00   0.0000000E+00   0.0000000E+00   0.0000000E+00   0.0000000E+00
   1.3834122E-01   1.3944454E+06   1.3944454E+06   2.2805895E+00   8.3253987E-02   8.4757842E+03   1.3883001E+06   1.3944454E+06   0.0000000E+00   0.0000000E+00   0.0000000E+00   0.0000000E+00   0.0000000E+00
   1.4297402E-01   1.3254498E+06   1.3254498E+06   2.1603019E+00   7.4179911E-02   7.6355620E+03   1.3196061E+06   1.3254498E+06   0.0000000E+00   0.0000000E+00   0.0000000E+00   0.0000000E+00   0.0000000E+00
   1.4775954E-01   1.2556988E+06   1.2556988E+06   1.7770331E+00   6.5879830E-02   6.8777814E+03   1.2501605E+06   1.2556988E+06   0.0000000E+00   0.0000000E+00   0.0000000E+00   0.0000000E+00   0.0000000E+00
   1.5270347E-01   1.1886708E+06   1.1886708E+06   1.5411271E+00   5.8459296E-02   6.1758342E+03   1.1834261E+06   1.1886708E+06   0.0000000E+00   0.0000000E+00   0.0000000E+00   0.0000000E+00   0.0000000E+00
   1.5781160E-01   1.1276680E+06   1.1276680E+06   1.3696706E+00   5.1977076E-02   5.5663550E+03   1.1226907E+06   1.1276680E+06   0.0000000E+00   0.0000000E+00   0.0000000E+00   0.0000000E+00   0.0000000E+00
   1.6308981E-01   1.0749290E+06   1.0749290E+06   1.2912367E+00   4.6423442E-02   5.0463544E+03   1.0701830E+06   1.0749290E+06   0.0000000E+00   0.0000000E+00   0.0000000E+00   0.0000000E+00   0.0000000E+00
   1.6854409E-01   1.0309386E+06   1.0309386E+06   1.1398691E+00   4.1704778E-02   4.5904266E+03   1.0263854E+06   1.0309386E+06   0.0000000E+00   0.0000000E+00   0.0000000E+00   0.0000000E+00   0.0000000E+00
   1.7418052E-01   9.9418683E+05   9.9418683E+05   1.0822145E+00   3.7663700E-02   4.2112483E+03   9.8979466E+05   9.9418683E+05   0.0000000E+00   0.0000000E+00   0.0000000E+00   0.0000000E+00   0.0000000E+00
   1.8000534E-01   9.6153461E+05   9.6153461E+05   9.7588568E-01   3.4109884E-02   3.8729908E+03   9.5728551E+05   9.6153461E+05   0.0000000E+00   0.0000000E+00   0.0000000E+00   0.0000000E+00   0.0000000E+00
   1.8602492E-01   9.2916332E+05   9.2916332E+05   8.3141532E-01   3.0867224E-02   3.5590557E+03   9.2505619E+05   9.2916332E+05   0.0000000E+00   0.0000000E+00   0.0000000E+00   0.0000000E+00   0.0000000E+00
   1.9224579E-01   8.9385414E+05   8.9385414E+05   7.8959834E-01   2.7812917E-02   3.2619732E+03   8.8990211E+05   8.9385414E+05   0.0000000E+00   0.0000000E+00   0.0000000E+00   0.0000000E+00   0.0000000E+00
   1.9867469E-01   8.5415599E+05   8.5415599E+05   6.8823380E-01   2.4899936E-02   2.9687383E+03   8.5037859E+05   8.5415599E+05   0.0000000E+00   0.0000000E+00   0.0000000E+00   0.0000000E+00   0.0000000E+00
   2.0531859E-01   8.1095145E+05   8.1095145E+05   6.2623566E-01   2.2152450E-02   2.6832302E+03   8.0736432E+05   8.1095145E+05   0.0000000E+00   0.0000000E+00   0.0000000E+00   0.0000000E+00   0.0000000E+00
   2.1218472E-01   7.6709531E+05   7.6709531E+05   5.2685307E-01   1.9636370E-02   2.4162090E+03   7.6370147E+05   7.6709531E+05   0.0000000E+00   0.0000000E+00   0.0000000E+00   0.0000000E+00   0.0000000E+00
   2.1928059E-01   7.2616725E+05   7.2616725E+05   4.8599199E-01   1.7417336E-02   2.1804721E+03   7.2295385E+05   7.2616725E+05   0.0000000E+00   0.0000000E+00   0.0000000E+00   0.0000000E+00   0.0000000E+00
   2.2661411E-01   6.9082104E+05   6.9082104E+05   4.2530809E-01   1.5521146E-02   1.9782464E+03   6.8776348E+05   6.9082104E+05   0.0000000E+00   0.0000000E+00   0.0000000E+00   0.0000000E+00   0.0000000E+00
   2.3419357E-01   6.6150717E+05   6.6150717E+05   3.7722519E-01   1.3918088E-02   1.8102690E+03   6.5857885E+05   6.6150717E+05   0.0000000E+00   0.0000000E+00   0.0000000E+00   0.0000000E+00   0.0000000E+00
   2.4202774E-01   6.3627759E+05   6.3627759E+05   3.3488001E-01   1.2534471E-02   1.6614433E+03   6.3346048E+05   6.3627759E+05   0.0000000E+00   0.0000000E+00   0.0000000E+00   0.0000000E+00   0.0000000E+00
   2.5012597E-01   6.1188255E+05   6.1188255E+05   3.0405685E-01   1.1286477E-02   1.5270484E+03   6.0917304E+05   6.1188255E+05   0.0000000E+00   0.0000000E+00   0.0000000E+00   0.0000000E+00   0.0000000E+00
   2.5849821E-01   5.8563212E+05   5.8563212E+05   2.7960164E-01   1.0116330E-02   1.3959908E+03   5.8303846E+05   5.8563212E+05   0.0000000E+00   0.0000000E+00   0.0000000E+00   0.0000000E+00   0.0000000E+00
   2.6715517E-01   5.5694072E+05   5.5694072E+05   2.5018640E-01   9.0114525E-03   1.2704471E+03   5.5447379E+05   5.5694072E+05   0.0000000E+00   0.0000000E+00   0.0000000E+00   0.0000000E+00   0.0000000E+00
   2.7610841E-01   5.2753874E+05   5.2753874E+05   2.1498741E-01   7.9953557E-03   1.1517818E+03   5.2520174E+05   5.2753874E+05   0.0000000E+00   0.0000000E+00   0.0000000E+00   0.0000000E+00   0.0000000E+00
   2.8537047E-01   5.0013295E+05   5.0013295E+05   1.9506487E-01   7.0990603E-03   1.0458120E+03   4.9791709E+05   5.0013295E+05   0.0000000E+00   0.0000000E+00   0.0000000E+00   0.0000000E+00   0.0000000E+00
   2.9495501E-01   4.7640264E+05   4.7640264E+05   1.7084265E-01   6.3310975E-03   9.5495062E+02   4.7429167E+05   4.7640264E+05   0.0000000E+00   0.0000000E+00   0.0000000E+00   0.0000000E+00   0.0000000E+00
   3.0487702E-01   4.5581779E+05   4.5581779E+05   1.5647863E-01   5.6697837E-03   8.7666524E+02   4.5379781E+05   4.5581779E+05   0.0000000E+00   0.0000000E+00   0.0000000E+00   0.0000000E+00   0.0000000E+00
   3.1515299E-01   4.3623975E+05   4.3623975E+05   1.3887292E-01   5.0783496E-03   8.0517913E+02   4.3430633E+05   4.3623975E+05   0.0000000E+00   0.0000000E+00   0.0000000E+00   0.0000000E+00   0.0000000E+00
   3.2580114E-01   4.1582878E+05   4.1582878E+05   1.2428597E-01   4.5304569E-03   7.3755418E+02   4.1398564E+05   4.1582878E+05   0.0000000E+00   0.0000000E+00   0.0000000E+00   0.0000000E+00   0.0000000E+00
   3.3684177E-01   3.9457866E+05   3.9457866E+05   1.1040401E-01   4.0230723E-03   6.7213056E+02   3.9282955E+05   3.9457866E+05   0.0000000E+00   0.0000000E+00   0.0000000E+00   0.0000000E+00   0.0000000E+00
   3.4829750E-01   3.7404709E+05   3.7404709E+05   9.7602780E-02   3.5680683E-03   6.1313888E+02   3.7238885E+05   3.7404709E+05   0.0000000E+00   0.0000000E+00   0.0000000E+00   0.0000000E+00   0.0000000E+00
   3.6019375E-01   3.5557613E+05   3.5557613E+05   8.6265008E-02   3.1720846E-03   5.6102547E+02   3.5399965E+05   3.5557613E+05   0.0000000E+00   0.0000000E+00   0.0000000E+00   0.0000000E+00   0.0000000E+00
   3.7255921E-01   3.3889855E+05   3.3889855E+05   7.6726792E-02   2.8259560E-03   5.1524314E+02   3.3739590E+05   3.3889855E+05   0.0000000E+00   0.0000000E+00   0.0000000E+00   0.0000000E+00   0.0000000E+00
   3.8542640E-01   3.2265359E+05   3.2265359E+05   6.8702572E-02   2.5140924E-03   4.7290467E+02   3.2122286E+05   3.2265359E+05   0.0000000E+00   0.0000000E+00   0.0000000E+00   0.0000000E+00   0.0000000E+00
   3.9883241E-01   3.0611592E+05   3.0611592E+05   6.0268897E-02   2.2280397E-03   4.3310059E+02   3.0475843E+05   3.0611592E+05   0.0000000E+00   0.0000000E+00   0.0000000E+00   0.0000000E+00   0.0000000E+00
   4.1281979E-01   2.8992316E+05   2.8992316E+05   5.3527394E-02   1.9700093E-03   3.9592671E+02   2.8863739E+05   2.8992316E+05   0.0000000E+00   0.0000000E+00   0.0000000E+00   0.0000000E+00   0.0000000E+00
   4.2743769E-01   2.7491999E+05   2.7491999E+05   4.7446132E-02   1.7426886E-03   3.6284544E+02   2.7370069E+05   2.7491999E+05   0.0000000E+00   0.0000000E+00   0.0000000E+00   0.0000000E+00   0.0000000E+00
   4.4274317E-01   2.6089430E+05   2.6089430E+05   4.1957750E-02   1.5415164E-03   3.3277616E+02   2.5973713E+05   2.6089430E+05   0.0000000E+00   0.0000000E+00   0.0000000E+00   0.0000000E+00   0.0000000E+00
   4.5880301E-01   2.4708851E+05   2.4708851E+05   3.6954300E-02   1.3596770E-03   3.0494872E+02   2.4599252E+05   2.4708851E+05   0.0000000E+00   0.0000000E+00   0.0000000E+00   0.0000000E+00   0.0000000E+00
   4.7569592E-01   2.3347152E+05   2.3347152E+05   3.2379729E-02   1.1953302E-03   2.7892011E+02   2.3243587E+05   2.3347152E+05   0.0000000E+00   0.0000000E+00   0.0000000E+00   0.0000000E+00   0.0000000E+00
   4.9351534E-01   2.2053543E+05   2.2053543E+05   2.8491981E-02   1.0491270E-03   2.5523716E+02   2.1955712E+05   2.2053543E+05   0.0000000E+00   0.0000000E+00   0.0000000E+00   0.0000000E+00   0.0000000E+00
   5.1237312E-01   2.0820964E+05   2.0820964E+05   2.4943669E-02   9.1901992E-04   2.3356446E+02   2.0728596E+05   2.0820964E+05   0.0000000E+00   0.0000000E+00   0.0000000E+00   0.0000000E+00   0.0000000E+00
   5.3240418E-01   1.9611317E+05   1.9611317E+05   2.1716837E-02   8.0177837E-04   2.1333413E+02   1.9524312E+05   1.9611317E+05   0.0000000E+00   0.0000000E+00   0.0000000E+00   0.0000000E+00   0.0000000E+00
   5.5377260E-01   1.8435854E+05   1.8435854E+05   1.8892778E-02   6.9674729E-04   1.9462708E+02   1.8354060E+05   1.8435854E+05   0.0000000E+00   0.0000000E+00   0.0000000E+00   0.0000000E+00   0.0000000E+00
   5.7667936E-01   1.7305267E+05   1.7305267E+05   1.6334174E-02   6.0314680E-04   1.7738661E+02   1.7228486E+05   1.7305267E+05   0.0000000E+00   0.0000000E+00   0.0000000E+00   0.0000000E+00   0.0000000E+00
   6.0137219E-01   1.6199021E+05   1.6199021E+05   1.4059966E-02   5.1923593E-04   1.6122899E+02   1.6127145E+05   1.6199021E+05   0.0000000E+00   0.0000000E+00   0.0000000E+00   0.0000000E+00   0.0000000E+00
   6.2815776E-01   1.5120282E+05   1.5120282E+05   1.2026461E-02   4.4423710E-04   1.4624959E+02   1.5053191E+05   1.5120282E+05   0.0000000E+00   0.0000000E+00   0.0000000E+00   0.0000000E+00   0.0000000E+00
   6.5741580E-01   1.4068383E+05   1.4068383E+05   1.0217383E-02   3.7738832E-04   1.3227573E+02   1.4005956E+05   1.4068383E+05   0.0000000E+00   0.0000000E+00   0.0000000E+00   0.0000000E+00   0.0000000E+00
   6.8961382E-01   1.3036613E+05   1.3036613E+05   8.6021190E-03   3.1784778E-04   1.1916668E+02   1.2978763E+05   1.3036613E+05   0.0000000E+00   0.0000000E+00   0.0000000E+00   0.0000000E+00   0.0000000E+00
   7.2531798E-01   1.2026838E+05   1.2026838E+05   7.1722464E-03   2.6509196E-04   1.0690131E+02   1.1973467E+05   1.2026838E+05   0.0000000E+00   0.0000000E+00   0.0000000E+00   0.0000000E+00   0.0000000E+00
   7.6519164E-01   1.1037260E+05   1.1037260E+05   5.9131183E-03   2.1860252E-04   9.5464540E+01   1.0988279E+05   1.1037260E+05   0.0000000E+00   0.0000000E+00   0.0000000E+00   0.0000000E+00   0.0000000E+00
   8.0996658E-01   1.0071082E+05   1.0071082E+05   4.8147613E-03   1.7803288E-04   8.4804018E+01   1.0026387E+05   1.0071082E+05   0.0000000E+00   0.0000000E+00   0.0000000E+00   0.0000000E+00   0.0000000E+00
   8.6037093E-01   9.1339405E+04   9.1339405E+04   3.8707434E-03   1.4311261E-04   7.4922151E+01   9.0934033E+04   9.1339405E+04   0.0000000E+00   0.0000000E+00   0.0000000E+00   0.0000000E+00   0.0000000E+00
   9.1701366E-01   8.2349958E+04   8.2349958E+04   3.0706176E-03   1.1358877E-04   6.5866894E+01   8.1984472E+04   8.2349958E+04   0.0000000E+00   0.0000000E+00   0.0000000E+00   0.0000000E+00   0.0000000E+00
   9.8026905E-01   7.3855962E+04   7.3855962E+04   2.4097443E-03   8.9156366E-05   5.7682110E+01   7.3528167E+04   7.3855962E+04   0.0000000E+00   0.0000000E+00   0.0000000E+00   0.0000000E+00   0.0000000E+00
   1.0502451E+00   6.5962353E+04   6.5962353E+04   1.8744635E-03   6.9374272E-05   5.0389246E+01   6.5669585E+04   6.5962353E+04   0.0000000E+00   0.0000000E+00   0.0000000E+00   0.0000000E+00   0.0000000E+00
   1.1268838E+00   5.8739215E+04   5.8739215E+04   1.4496484E-03   5.3664532E-05   4.3972485E+01   5.8478501E+04   5.8739215E+04   0.0000000E+00   0.0000000E+00   0.0000000E+00   0.0000000E+00   0.0000000E+00
   1.2101312E+00   5.2208832E+04   5.2208832E+04   1.1171346E-03   4.1363863E-05   3.8388257E+01   5.1977099E+04   5.2208832E+04   0.0000000E+00   0.0000000E+00   0.0000000E+00   0.0000000E+00   0.0000000E+00
   1.3000643E+00   4.6349611E+04   4.6349611E+04   8.5763350E-04   3.1819131E-05   3.3534320E+01   4.6143881E+04   4.6349611E+04   0.0000000E+00   0.0000000E+00   0.0000000E+00   0.0000000E+00   0.0000000E+00
   1.3969269E+00   4.1115892E+04   4.1115892E+04   6.6028267E-04   2.4448986E-05   2.9326030E+01   4.0933391E+04   4.1115892E+04   0.0000000E+00   0.0000000E+00   0.0000000E+00   0.0000000E+00   0.0000000E+00
   1.5011049E+00   3.6452253E+04   3.6452253E+04   5.0685300E-04   1.8772988E-05   2.5674436E+01   3.6290450E+04   3.6452253E+04   0.0000000E+00   0.0000000E+00   0.0000000E+00   0.0000000E+00   0.0000000E+00
   1.6130865E+00   3.2301522E+04   3.2301522E+04   3.8888381E-04   1.4406830E-05   2.2500137E+01   3.2158142E+04   3.2301522E+04   0.0000000E+00   0.0000000E+00   0.0000000E+00   0.0000000E+00   0.0000000E+00
   1.7334322E+00   2.8610677E+04   2.8610677E+04   2.9830961E-04   1.1051061E-05   1.9738602E+01   2.8483679E+04   2.8610677E+04   0.0000000E+00   0.0000000E+00   0.0000000E+00   0.0000000E+00   0.0000000E+00
   1.8627592E+00   2.5330567E+04   2.5330567E+04   2.2864709E-04   8.4734319E-06   1.7325993E+01   2.5218128E+04   2.5330567E+04   0.0000000E+00   0.0000000E+00   0.0000000E+00   0.0000000E+00   0.0000000E+00
   2.0017355E+00   2.2417275E+04   2.2417275E+04   1.7520907E-04   6.4942897E-06   1.5221232E+01   2.2317767E+04   2.2417275E+04   0.0000000E+00   0.0000000E+00   0.0000000E+00   0.0000000E+00   0.0000000E+00
   2.1510806E+00   1.9831079E+04   1.9831079E+04   1.3421006E-04   4.9755581E-06   1.3376862E+01   1.9743050E+04   1.9831079E+04   0.0000000E+00   0.0000000E+00   0.0000000E+00   0.0000000E+00   0.0000000E+00
   2.3115681E+00   1.7536410E+04   1.7536410E+04   1.0276593E-04   3.8104852E-06   1.1762511E+01   1.7458566E+04   1.7536410E+04   0.0000000E+00   0.0000000E+00   0.0000000E+00   0.0000000E+00   0.0000000E+00
   2.4840291E+00   1.5501430E+04   1.5501430E+04   7.8712851E-05   2.9172004E-06   1.0345929E+01   1.5432619E+04   1.5501430E+04   0.0000000E+00   0.0000000E+00   0.0000000E+00   0.0000000E+00   0.0000000E+00
   2.6693571E+00   1.3697589E+04   1.3697589E+04   6.0201682E-05   2.2325426E-06   9.1021769E+00   1.3636785E+04   1.3697589E+04   0.0000000E+00   0.0000000E+00   0.0000000E+00   0.0000000E+00   0.0000000E+00
   2.8685121E+00   1.2099361E+04   1.2099361E+04   4.6046334E-05   1.7079860E-06   8.0105162E+00   1.2045652E+04   1.2099361E+04   0.0000000E+00   0.0000000E+00   0.0000000E+00   0.0000000E+00   0.0000000E+00
   3.0825255E+00   1.0683937E+04   1.0683937E+04   3.5206593E-05   1.3062700E-06   7.0501617E+00   1.0636511E+04   1.0683937E+04   0.0000000E+00   0.0000000E+00   0.0000000E+00   0.0000000E+00   0.0000000E+00
   3.3125061E+00   9.4309453E+03   9.4309453E+03   2.6925102E-05   9.9872612E-07   6.2055182E+00   9.3890810E+03   9.4309453E+03   0.0000000E+00   0.0000000E+00   0.0000000E+00   0.0000000E+00   0.0000000E+00
   3.5596450E+00   8.3222036E+03   8.3222036E+03   2.0564180E-05   7.6336223E-07   5.4624783E+00   8.2852610E+03   8.3222036E+03   0.0000000E+00   0.0000000E+00   0.0000000E+00   0.0000000E+00   0.0000000E+00
   3.8252223E+00   7.3414985E+03   7.3414985E+03   1.5693819E-05   5.8330531E-07   4.8083666E+00   7.3089092E+03   7.3414985E+03   0.0000000E+00   0.0000000E+00   0.0000000E+00   0.0000000E+00   0.0000000E+00
   4.1106139E+00   6.4743810E+03   6.4743810E+03   1.2018294E-05   4.4559952E-07   4.2325916E+00   6.4456409E+03   6.4743810E+03   0.0000000E+00   0.0000000E+00   0.0000000E+00   0.0000000E+00   0.0000000E+00
   4.4172978E+00   5.7079836E+03   5.7079836E+03   9.1594397E-06   3.4031855E-07   3.7254427E+00   5.6826454E+03   5.7079836E+03   0.0000000E+00   0.0000000E+00   0.0000000E+00   0.0000000E+00   0.0000000E+00
   4.7468628E+00   5.0308537E+03   5.0308537E+03   6.9902500E-06   2.5985101E-07   3.2788317E+00   5.0085213E+03   5.0308537E+03   0.0000000E+00   0.0000000E+00   0.0000000E+00   0.0000000E+00   0.0000000E+00
   5.1010160E+00   4.4328050E+03   4.4328050E+03   5.3304976E-06   1.9836702E-07   2.8854279E+00   4.4131275E+03   4.4328050E+03   0.0000000E+00   0.0000000E+00   0.0000000E+00   0.0000000E+00   0.0000000E+00
   5.4815917E+00   3.9047829E+03   3.9047829E+03   4.0688682E-06   1.5140022E-07   2.5390591E+00   3.8874492E+03   3.9047829E+03   0.0000000E+00   0.0000000E+00   0.0000000E+00   0.0000000E+00   0.0000000E+00
   5.8905614E+00   3.4387426E+03   3.4387426E+03   3.1032748E-06   1.1553280E-07   2.2339067E+00   3.4234777E+03   3.4387426E+03   0.0000000E+00   0.0000000E+00   0.0000000E+00   0.0000000E+00   0.0000000E+00
   6.3300433E+00   3.0275410E+03   3.0275410E+03   2.3649070E-06   8.8148366E-08   1.9651800E+00   3.0141015E+03   3.0275410E+03   0.0000000E+00   0.0000000E+00   0.0000000E+00   0.0000000E+00   0.0000000E+00
   6.8023141E+00   2.6648388E+03   2.6648388E+03   1.8033894E-06   6.7245361E-08   1.7285059E+00   2.6530093E+03   2.6648388E+03   0.0000000E+00   0.0000000E+00   0.0000000E+00   0.0000000E+00   0.0000000E+00
   7.3098200E+00   2.3450129E+03   2.3450129E+03   1.3741043E-06   5.1293090E-08   1.5201260E+00   2.3346032E+03   2.3450129E+03   0.0000000E+00   0.0000000E+00   0.0000000E+00   0.0000000E+00   0.0000000E+00
   7.8551898E+00   2.0630779E+03   2.0630779E+03   1.0467565E-06   3.9121650E-08   1.3366930E+00   2.0539197E+03   2.0630779E+03   0.0000000E+00   0.0000000E+00   0.0000000E+00   0.0000000E+00   0.0000000E+00
   8.4412485E+00   1.8146160E+03   1.8146160E+03   7.9748348E-07   2.9836624E-08   1.1751116E+00   1.8065608E+03   1.8146160E+03   0.0000000E+00   0.0000000E+00   0.0000000E+00   0.0000000E+00   0.0000000E+00
