#           k/h    CDM            baryon         photon         nu             mass_nu        total          no_nu          total_de       Weyl           v_CDM          v_b            v_b-v_c     
   1.0252192E-05   1.9479041E+07   1.9479041E+07   2.5960707E+07   1.6021039E+04   1.8992865E+07   1.9479066E+07   1.9479041E+07   0.0000000E+00   0.0000000E+00   0.0000000E+00   0.0000000E+00   0.0000000E+00
   1.1017086E-05   1.9479037E+07   1.9479037E+07   2.5958945E+07   1.6020340E+04   1.8992495E+07   1.9479061E+07   1.9479037E+07   0.0000000E+00   0.0000000E+00   0.0000000E+00   0.0000000E+00   0.0000000E+00
   1.1839047E-05   1.9479031E+07   1.9479031E+07   2.5956911E+07   1.6019533E+04   1.8992069E+07   1.9479056E+07   1.9479031E+07   0.0000000E+00   0.0000000E+00   0.0000000E+00   0.0000000E+00   0.0000000E+00
   1.2722333E-05   1.9479025E+07   1.9479025E+07   2.5954561E+07   1.6018601E+04   1.8991577E+07   1.9479049E+07   1.9479025E+07   0.0000000E+00   0.0000000E+00   0.0000000E+00   0.0000000E+00   0.0000000E+00
   1.3671518E-05   1.9479018E+07   1.9479018E+07   2.5951849E+07   1.6017525E+04   1.8991009E+07   1.9479042E+07   1.9479018E+07   0.0000000E+00   0.0000000E+00   0.0000000E+00   0.0000000E+00   0.0000000E+00
   1.4691521E-05   1.9479010E+07   1.9479010E+07   2.5948716E+07   1.6016282E+04   1.8990353E+07   1.9479033E+07   1.9479010E+07   0.0000000E+00   0.0000000E+00   0.0000000E+00   0.0000000E+00   0.0000000E+00
   1.5787623E-05   1.9479001E+07   1.9479001E+07   2.5945099E+07   1.6014847E+04   1.8989595E+07   1.9479024E+07   1.9479001E+07   0.0000000E+00   0.0000000E+00   0.0000000E+00   0.0000000E+00   0.0000000E+00
   1.6965503E-05   1.9478990E+07   1.9478990E+07   2.5940923E+07   1.6013190E+04   1.8988720E+07   1.9479012E+07   1.9478990E+07   0.0000000E+00   0.0000000E+00   0.0000000E+00   0.0000000E+00   0.0000000E+00
   1.8231263E-05   1.9478977E+07   1.9478977E+07   2.5936102E+07   1.6011277E+04   1.8987711E+07   1.9478999E+07   1.9478977E+07   0.0000000E+00   0.0000000E+00   0.0000000E+00   0.0000000E+00   0.0000000E+00
   1.9591458E-05   1.9478963E+07   1.9478963E+07   2.5930535E+07   1.6009068E+04   1.8986545E+07   1.9478984E+07   1.9478963E+07   0.0000000E+00   0.0000000E+00   0.0000000E+00   0.0000000E+00   0.0000000E+00
   2.1053134E-05   1.9478946E+07   1.9478946E+07   2.5924108E+07   1.6006517E+04   1.8985199E+07   1.9478967E+07   1.9478946E+07   0.0000000E+00   0.0000000E+00   0.0000000E+00   0.0000000E+00   0.0000000E+00
   2.2623862E-05   1.9478927E+07   1.9478927E+07   2.5916688E+07   1.6003572E+04   1.8983646E+07   1.9478947E+07   1.9478927E+07   0.0000000E+00   0.0000000E+00   0.0000000E+00   0.0000000E+00   0.0000000E+00
   2.4311780E-05   1.9478905E+07   1.9478905E+07   2.5908122E+07   1.6000173E+04   1.8981853E+07   1.9478923E+07   1.9478905E+07   0.0000000E+00   0.0000000E+00   0.0000000E+00   0.0000000E+00   0.0000000E+00
   2.6125629E-05   1.9478879E+07   1.9478879E+07   2.5898233E+07   1.5996248E+04   1.8979783E+07   1.9478897E+07   1.9478879E+07   0.0000000E+00   0.0000000E+00   0.0000000E+00   0.0000000E+00   0.0000000E+00
   2.8074805E-05   1.9478849E+07   1.9478849E+07   2.5886819E+07   1.5991717E+04   1.8977395E+07   1.9478866E+07   1.9478849E+07   0.0000000E+00   0.0000000E+00   0.0000000E+00   0.0000000E+00   0.0000000E+00
   3.0169405E-05   1.9478815E+07   1.9478815E+07   2.5873643E+07   1.5986486E+04   1.8974638E+07   1.9478830E+07   1.9478815E+07   0.0000000E+00   0.0000000E+00   0.0000000E+00   0.0000000E+00   0.0000000E+00
   3.2420279E-05   1.9478776E+07   1.9478776E+07   2.5858435E+07   1.5980448E+04   1.8971457E+07   1.9478789E+07   1.9478776E+07   0.0000000E+00   0.0000000E+00   0.0000000E+00   0.0000000E+00   0.0000000E+00
   3.4839086E-05   1.9478730E+07   1.9478730E+07   2.5840885E+07   1.5973479E+04   1.8967788E+07   1.9478741E+07   1.9478730E+07   0.0000000E+00   0.0000000E+00   0.0000000E+00   0.0000000E+00   0.0000000E+00
   3.7438354E-05   1.9478677E+07   1.9478677E+07   2.5820631E+07   1.5965435E+04   1.8963554E+07   1.9478686E+07   1.9478677E+07   0.0000000E+00   0.0000000E+00   0.0000000E+00   0.0000000E+00   0.0000000E+00
   4.0231549E-05   1.9478616E+07   1.9478616E+07   2.5797261E+07   1.5956152E+04   1.8958671E+07   1.9478622E+07   1.9478616E+07   0.0000000E+00   0.0000000E+00   0.0000000E+00   0.0000000E+00   0.0000000E+00
   4.3233137E-05   1.9478546E+07   1.9478546E+07   2.5770298E+07   1.5945440E+04   1.8953040E+07   1.9478549E+07   1.9478546E+07   0.0000000E+00   0.0000000E+00   0.0000000E+00   0.0000000E+00   0.0000000E+00
   4.6458668E-05   1.9478465E+07   1.9478465E+07   2.5739195E+07   1.5933079E+04   1.8946548E+07   1.9478464E+07   1.9478465E+07   0.0000000E+00   0.0000000E+00   0.0000000E+00   0.0000000E+00   0.0000000E+00
   4.9924848E-05   1.9478371E+07   1.9478371E+07   2.5703321E+07   1.5918819E+04   1.8939064E+07   1.9478366E+07   1.9478371E+07   0.0000000E+00   0.0000000E+00   0.0000000E+00   0.0000000E+00   0.0000000E+00
   5.3649632E-05   1.9478263E+07   1.9478263E+07   2.5661952E+07   1.5902369E+04   1.8930440E+07   1.9478254E+07   1.9478263E+07   0.0000000E+00   0.0000000E+00   0.0000000E+00   0.0000000E+00   0.0000000E+00
   5.7652315E-05   1.9478139E+07   1.9478139E+07   2.5614257E+07   1.5883397E+04   1.8920504E+07   1.9478123E+07   1.9478139E+07   0.0000000E+00   0.0000000E+00   0.0000000E+00   0.0000000E+00   0.0000000E+00
   6.1953629E-05   1.9477994E+07   1.9477994E+07   2.5559284E+07   1.5861519E+04   1.8909064E+07   1.9477973E+07   1.9477994E+07   0.0000000E+00   0.0000000E+00   0.0000000E+00   0.0000000E+00   0.0000000E+00
   6.6575855E-05   1.9477828E+07   1.9477828E+07   2.5495938E+07   1.5836298E+04   1.8895895E+07   1.9477799E+07   1.9477828E+07   0.0000000E+00   0.0000000E+00   0.0000000E+00   0.0000000E+00   0.0000000E+00
   7.1542934E-05   1.9477636E+07   1.9477636E+07   2.5422969E+07   1.5807228E+04   1.8880744E+07   1.9477599E+07   1.9477636E+07   0.0000000E+00   0.0000000E+00   0.0000000E+00   0.0000000E+00   0.0000000E+00
   7.6880597E-05   1.9477415E+07   1.9477415E+07   2.5338949E+07   1.5773733E+04   1.8863323E+07   1.9477367E+07   1.9477415E+07   0.0000000E+00   0.0000000E+00   0.0000000E+00   0.0000000E+00   0.0000000E+00
   8.2616492E-05   1.9477159E+07   1.9477159E+07   2.5242246E+07   1.5735153E+04   1.8843306E+07   1.9477100E+07   1.9477159E+07   0.0000000E+00   0.0000000E+00   0.0000000E+00   0.0000000E+00   0.0000000E+00
   8.8780329E-05   1.9476864E+07   1.9476864E+07   2.5131005E+07   1.5690733E+04   1.8820324E+07   1.9476792E+07   1.9476864E+07   0.0000000E+00   0.0000000E+00   0.0000000E+00   0.0000000E+00   0.0000000E+00
   9.5404036E-05   1.9476523E+07   1.9476523E+07   2.5003115E+07   1.5639612E+04   1.8793960E+07   1.9476436E+07   1.9476523E+07   0.0000000E+00   0.0000000E+00   0.0000000E+00   0.0000000E+00   0.0000000E+00
   1.0252192E-04   1.9476131E+07   1.9476131E+07   2.4856186E+07   1.5580811E+04   1.8763749E+07   1.9476026E+07   1.9476131E+07   0.0000000E+00   0.0000000E+00   0.0000000E+00   0.0000000E+00   0.0000000E+00
   1.1017086E-04   1.9475677E+07   1.9475677E+07   2.4687519E+07   1.5513218E+04   1.8729170E+07   1.9475553E+07   1.9475677E+07   0.0000000E+00   0.0000000E+00   0.0000000E+00   0.0000000E+00   0.0000000E+00
   1.1839047E-04   1.9475155E+07   1.9475155E+07   2.4494077E+07   1.5435572E+04   1.8689649E+07   1.9475007E+07   1.9475155E+07   0.0000000E+00   0.0000000E+00   0.0000000E+00   0.0000000E+00   0.0000000E+00
   1.2722333E-04   1.9474552E+07   1.9474552E+07   2.4272457E+07   1.5346452E+04   1.8644551E+07   1.9474378E+07   1.9474552E+07   0.0000000E+00   0.0000000E+00   0.0000000E+00   0.0000000E+00   0.0000000E+00
   1.3671518E-04   1.9473857E+07   1.9473857E+07   2.4018868E+07   1.5244258E+04   1.8593185E+07   1.9473652E+07   1.9473857E+07   0.0000000E+00   0.0000000E+00   0.0000000E+00   0.0000000E+00   0.0000000E+00
   1.4691521E-04   1.9473057E+07   1.9473057E+07   2.3729115E+07   1.5127201E+04   1.8534808E+07   1.9472816E+07   1.9473057E+07   0.0000000E+00   0.0000000E+00   0.0000000E+00   0.0000000E+00   0.0000000E+00
   1.5787623E-04   1.9472134E+07   1.9472134E+07   2.3398588E+07   1.4993288E+04   1.8468630E+07   1.9471852E+07   1.9472134E+07   0.0000000E+00   0.0000000E+00   0.0000000E+00   0.0000000E+00   0.0000000E+00
   1.6965503E-04   1.9471071E+07   1.9471071E+07   2.3022272E+07   1.4840316E+04   1.8393829E+07   1.9470742E+07   1.9471071E+07   0.0000000E+00   0.0000000E+00   0.0000000E+00   0.0000000E+00   0.0000000E+00
   1.8231263E-04   1.9469847E+07   1.9469847E+07   2.2594776E+07   1.4665865E+04   1.8309570E+07   1.9469463E+07   1.9469847E+07   0.0000000E+00   0.0000000E+00   0.0000000E+00   0.0000000E+00   0.0000000E+00
   1.9591458E-04   1.9468439E+07   1.9468439E+07   2.2110392E+07   1.4467310E+04   1.8215034E+07   1.9467992E+07   1.9468439E+07   0.0000000E+00   0.0000000E+00   0.0000000E+00   0.0000000E+00   0.0000000E+00
   2.1053134E-04   1.9466818E+07   1.9466818E+07   2.1563189E+07   1.4241828E+04   1.8109459E+07   1.9466299E+07   1.9466818E+07   0.0000000E+00   0.0000000E+00   0.0000000E+00   0.0000000E+00   0.0000000E+00
   2.2623862E-04   1.9464955E+07   1.9464955E+07   2.0947166E+07   1.3986439E+04   1.7992196E+07   1.9464353E+07   1.9464955E+07   0.0000000E+00   0.0000000E+00   0.0000000E+00   0.0000000E+00   0.0000000E+00
   2.4311780E-04   1.9462815E+07   1.9462815E+07   2.0256465E+07   1.3698049E+04   1.7862776E+07   1.9462116E+07   1.9462815E+07   0.0000000E+00   0.0000000E+00   0.0000000E+00   0.0000000E+00   0.0000000E+00
   2.6125629E-04   1.9460356E+07   1.9460356E+07   1.9485664E+07   1.3373535E+04   1.7721003E+07   1.9459548E+07   1.9460356E+07   0.0000000E+00   0.0000000E+00   0.0000000E+00   0.0000000E+00   0.0000000E+00
   2.8074805E-04   1.9457536E+07   1.9457536E+07   1.8630173E+07   1.3009852E+04   1.7567058E+07   1.9456601E+07   1.9457536E+07   0.0000000E+00   0.0000000E+00   0.0000000E+00   0.0000000E+00   0.0000000E+00
   3.0169405E-04   1.9454304E+07   1.9454304E+07   1.7686736E+07   1.2604189E+04   1.7401622E+07   1.9453223E+07   1.9454304E+07   0.0000000E+00   0.0000000E+00   0.0000000E+00   0.0000000E+00   0.0000000E+00
   3.2420279E-04   1.9450602E+07   1.9450602E+07   1.6654053E+07   1.2154167E+04   1.7226017E+07   1.9449355E+07   1.9450602E+07   0.0000000E+00   0.0000000E+00   0.0000000E+00   0.0000000E+00   0.0000000E+00
   3.4839086E-04   1.9446369E+07   1.9446369E+07   1.5533525E+07   1.1658091E+04   1.7042334E+07   1.9444930E+07   1.9446369E+07   0.0000000E+00   0.0000000E+00   0.0000000E+00   0.0000000E+00   0.0000000E+00
   3.7438354E-04   1.9441532E+07   1.9441532E+07   1.4330098E+07   1.1115263E+04   1.6853549E+07   1.9439875E+07   1.9441532E+07   0.0000000E+00   0.0000000E+00   0.0000000E+00   0.0000000E+00   0.0000000E+00
   4.0231549E-04   1.9436015E+07   1.9436015E+07   1.3053167E+07   1.0526339E+04   1.6663591E+07   1.9434108E+07   1.9436015E+07   0.0000000E+00   0.0000000E+00   0.0000000E+00   0.0000000E+00   0.0000000E+00
   4.3233137E-04   1.9429730E+07   1.9429730E+07   1.1717450E+07   9.8937327E+03   1.6477306E+07   1.9427538E+07   1.9429730E+07   0.0000000E+00   0.0000000E+00   0.0000000E+00   0.0000000E+00   0.0000000E+00
   4.6458668E-04   1.9422583E+07   1.9422583E+07   1.0343699E+07   9.2220298E+03   1.6300284E+07   1.9420066E+07   1.9422583E+07   0.0000000E+00   0.0000000E+00   0.0000000E+00   0.0000000E+00   0.0000000E+00
   4.9924848E-04   1.9414469E+07   1.9414469E+07   8.9590572E+06   8.5183637E+03   1.6138457E+07   1.9411583E+07   1.9414469E+07   0.0000000E+00   0.0000000E+00   0.0000000E+00   0.0000000E+00   0.0000000E+00
   5.3649632E-04   1.9405274E+07   1.9405274E+07   7.5967902E+06   7.7926907E+03   1.5997432E+07   1.9401970E+07   1.9405274E+07   0.0000000E+00   0.0000000E+00   0.0000000E+00   0.0000000E+00   0.0000000E+00
   5.7652315E-04   1.9394874E+07   1.9394874E+07   6.2950957E+06   7.0578590E+03   1.5881502E+07   1.9391097E+07   1.9394874E+07   0.0000000E+00   0.0000000E+00   0.0000000E+00   0.0000000E+00   0.0000000E+00
   6.1953629E-04   1.9383132E+07   1.9383132E+07   5.0946770E+06   6.3293577E+03   1.5792369E+07   1.9378822E+07   1.9383132E+07   0.0000000E+00   0.0000000E+00   0.0000000E+00   0.0000000E+00   0.0000000E+00
   6.6575855E-04   1.9369902E+07   1.9369902E+07   4.0348731E+06   5.6246142E+03   1.5727711E+07   1.9364992E+07   1.9369902E+07   0.0000000E+00   0.0000000E+00   0.0000000E+00   0.0000000E+00   0.0000000E+00
   7.1542934E-04   1.9355020E+07   1.9355020E+07   3.1483794E+06   4.9617382E+03   1.5679910E+07   1.9349440E+07   1.9355020E+07   0.0000000E+00   0.0000000E+00   0.0000000E+00   0.0000000E+00   0.0000000E+00
   7.6880597E-04   1.9338309E+07   1.9338309E+07   2.4550400E+06   4.3576798E+03   1.5635444E+07   1.9331983E+07   1.9338309E+07   0.0000000E+00   0.0000000E+00   0.0000000E+00   0.0000000E+00   0.0000000E+00
   8.2616492E-04   1.9319573E+07   1.9319573E+07   1.9558418E+06   3.8259143E+03   1.5575640E+07   1.9312420E+07   1.9319573E+07   0.0000000E+00   0.0000000E+00   0.0000000E+00   0.0000000E+00   0.0000000E+00
   8.8780329E-04   1.9298595E+07   1.9298595E+07   1.6289813E+06   3.3739877E+03   1.5479459E+07   1.9290532E+07   1.9298595E+07   0.0000000E+00   0.0000000E+00   0.0000000E+00   0.0000000E+00   0.0000000E+00
   9.5404036E-04   1.9275136E+07   1.9275136E+07   1.4304032E+06   3.0015174E+03   1.5328623E+07   1.9266076E+07   1.9275136E+07   0.0000000E+00   0.0000000E+00   0.0000000E+00   0.0000000E+00   0.0000000E+00
   1.0252192E-03   1.9248929E+07   1.9248929E+07   1.3010026E+06   2.6994601E+03   1.5114371E+07   1.9238788E+07   1.9248929E+07   0.0000000E+00   0.0000000E+00   0.0000000E+00   0.0000000E+00   0.0000000E+00
   1.1017086E-03   1.9219688E+07   1.9219688E+07   1.1810751E+06   2.4514599E+03   1.4843582E+07   1.9208382E+07   1.9219688E+07   0.0000000E+00   0.0000000E+00   0.0000000E+00   0.0000000E+00   0.0000000E+00
   1.1839047E-03   1.9187103E+07   1.9187103E+07   1.0292155E+06   2.2376688E+03   1.4540378E+07   1.9174552E+07   1.9187103E+07   0.0000000E+00   0.0000000E+00   0.0000000E+00   0.0000000E+00   0.0000000E+00
   1.2722333E-03   1.9150847E+07   1.9150847E+07   8.3835995E+05   2.0404540E+03   1.4239095E+07   1.9136980E+07   1.9150847E+07   0.0000000E+00   0.0000000E+00   0.0000000E+00   0.0000000E+00   0.0000000E+00
   1.3671518E-03   1.9110581E+07   1.9110581E+07   6.3857941E+05   1.8500441E+03   1.3967659E+07   1.9095337E+07   1.9110581E+07   0.0000000E+00   0.0000000E+00   0.0000000E+00   0.0000000E+00   0.0000000E+00
   1.4691521E-03   1.9065960E+07   1.9065960E+07   4.7889929E+05   1.6671380E+03   1.3727914E+07   1.9049287E+07   1.9065960E+07   0.0000000E+00   0.0000000E+00   0.0000000E+00   0.0000000E+00   0.0000000E+00
   1.5787623E-03   1.9016631E+07   1.9016631E+07   3.9231158E+05   1.5000121E+03   1.3488085E+07   1.8998491E+07   1.9016631E+07   0.0000000E+00   0.0000000E+00   0.0000000E+00   0.0000000E+00   0.0000000E+00
   1.6965503E-03   1.8962227E+07   1.8962227E+07   3.6590408E+05   1.3566337E+03   1.3202635E+07   1.8942595E+07   1.8962227E+07   0.0000000E+00   0.0000000E+00   0.0000000E+00   0.0000000E+00   0.0000000E+00
   1.8231263E-03   1.8902368E+07   1.8902368E+07   3.4624392E+05   1.2367978E+03   1.2855124E+07   1.8881227E+07   1.8902368E+07   0.0000000E+00   0.0000000E+00   0.0000000E+00   0.0000000E+00   0.0000000E+00
   1.9591458E-03   1.8836654E+07   1.8836654E+07   2.8806881E+05   1.1314176E+03   1.2485659E+07   1.8813996E+07   1.8836654E+07   0.0000000E+00   0.0000000E+00   0.0000000E+00   0.0000000E+00   0.0000000E+00
   2.1053134E-03   1.8764676E+07   1.8764676E+07   2.0410507E+05   1.0311158E+03   1.2155897E+07   1.8740494E+07   1.8764676E+07   0.0000000E+00   0.0000000E+00   0.0000000E+00   0.0000000E+00   0.0000000E+00
   2.2623862E-03   1.8686017E+07   1.8686017E+07   1.4935129E+05   9.3559138E+02   1.1868519E+07   1.8660305E+07   1.8686017E+07   0.0000000E+00   0.0000000E+00   0.0000000E+00   0.0000000E+00   0.0000000E+00
   2.4311780E-03   1.8600257E+07   1.8600257E+07   1.4198918E+05   8.5130245E+02   1.1551763E+07   1.8573003E+07   1.8600257E+07   0.0000000E+00   0.0000000E+00   0.0000000E+00   0.0000000E+00   0.0000000E+00
   2.6125629E-03   1.8506959E+07   1.8506959E+07   1.3420506E+05   7.7935908E+02   1.1169936E+07   1.8478145E+07   1.8506959E+07   0.0000000E+00   0.0000000E+00   0.0000000E+00   0.0000000E+00   0.0000000E+00
   2.8074805E-03   1.8405666E+07   1.8405666E+07   9.8485074E+04   7.1289496E+02   1.0790901E+07   1.8375272E+07   1.8405666E+07   0.0000000E+00   0.0000000E+00   0.0000000E+00   0.0000000E+00   0.0000000E+00
   3.0169405E-03   1.8295913E+07   1.8295913E+07   7.6110231E+04   6.4927430E+02   1.0444710E+07   1.8263920E+07   1.8295913E+07   0.0000000E+00   0.0000000E+00   0.0000000E+00   0.0000000E+00   0.0000000E+00
   3.2420279E-03   1.8177228E+07   1.8177228E+07   7.4947818E+04   5.9237182E+02   1.0054450E+07   1.8143620E+07   1.8177228E+07   0.0000000E+00   0.0000000E+00   0.0000000E+00   0.0000000E+00   0.0000000E+00
   3.4839086E-03   1.8049125E+07   1.8049125E+07   5.4864244E+04   5.4049712E+02   9.6425427E+06   1.8013892E+07   1.8049125E+07   0.0000000E+00   0.0000000E+00   0.0000000E+00   0.0000000E+00   0.0000000E+00
   3.7438354E-03   1.7911109E+07   1.7911109E+07   4.3171549E+04   4.9095852E+02   9.2659481E+06   1.7874250E+07   1.7911109E+07   0.0000000E+00   0.0000000E+00   0.0000000E+00   0.0000000E+00   0.0000000E+00
   4.0231549E-03   1.7762681E+07   1.7762681E+07   4.4480265E+04   4.4668142E+02   8.8375848E+06   1.7724207E+07   1.7762681E+07   0.0000000E+00   0.0000000E+00   0.0000000E+00   0.0000000E+00   0.0000000E+00
   4.3233137E-03   1.7603345E+07   1.7603345E+07   2.8399001E+04   4.0523670E+02   8.4212381E+06   1.7563284E+07   1.7603345E+07   0.0000000E+00   0.0000000E+00   0.0000000E+00   0.0000000E+00   0.0000000E+00
   4.6458668E-03   1.7432615E+07   1.7432615E+07   2.9097933E+04   3.6649584E+02   8.0136315E+06   1.7391022E+07   1.7432615E+07   0.0000000E+00   0.0000000E+00   0.0000000E+00   0.0000000E+00   0.0000000E+00
   4.9924848E-03   1.7250024E+07   1.7250024E+07   2.0345877E+04   3.3113953E+02   7.5907140E+06   1.7206976E+07   1.7250024E+07   0.0000000E+00   0.0000000E+00   0.0000000E+00   0.0000000E+00   0.0000000E+00
   5.3649632E-03   1.7055118E+07   1.7055118E+07   2.0506655E+04   2.9847350E+02   7.1840870E+06   1.7010691E+07   1.7055118E+07   0.0000000E+00   0.0000000E+00   0.0000000E+00   0.0000000E+00   0.0000000E+00
   5.7652315E-03   1.6847439E+07   1.6847439E+07   1.3209703E+04   2.6871646E+02   6.7717208E+06   1.6801695E+07   1.6847439E+07   0.0000000E+00   0.0000000E+00   0.0000000E+00   0.0000000E+00   0.0000000E+00
   6.1953629E-03   1.6626524E+07   1.6626524E+07   1.4134009E+04   2.4130001E+02   6.3542431E+06   1.6579533E+07   1.6626524E+07   0.0000000E+00   0.0000000E+00   0.0000000E+00   0.0000000E+00   0.0000000E+00
   6.6575855E-03   1.6391909E+07   1.6391909E+07   1.0498089E+04   2.1578413E+02   5.9593434E+06   1.6343780E+07   1.6391909E+07   0.0000000E+00   0.0000000E+00   0.0000000E+00   0.0000000E+00   0.0000000E+00
   7.1542934E-03   1.6143161E+07   1.6143161E+07   7.7671438E+03   1.9265782E+02   5.5595944E+06   1.6094027E+07   1.6143161E+07   0.0000000E+00   0.0000000E+00   0.0000000E+00   0.0000000E+00   0.0000000E+00
   7.6880597E-03   1.5879870E+07   1.5879870E+07   7.3317334E+03   1.7160949E+02   5.1698979E+06   1.5829855E+07   1.5879870E+07   0.0000000E+00   0.0000000E+00   0.0000000E+00   0.0000000E+00   0.0000000E+00
   8.2616492E-03   1.5601628E+07   1.5601628E+07   6.8500220E+03   1.5231356E+02   4.7971120E+06   1.5550855E+07   1.5601628E+07   0.0000000E+00   0.0000000E+00   0.0000000E+00   0.0000000E+00   0.0000000E+00
   8.8780329E-03   1.5308022E+07   1.5308022E+07   5.4660201E+03   1.3477265E+02   4.4354461E+06   1.5256640E+07   1.5308022E+07   0.0000000E+00   0.0000000E+00   0.0000000E+00   0.0000000E+00   0.0000000E+00
   9.5404036E-03   1.4998664E+07   1.4998664E+07   4.4621920E+03   1.1890201E+02   4.0849608E+06   1.4946828E+07   1.4998664E+07   0.0000000E+00   0.0000000E+00   0.0000000E+00   0.0000000E+00   0.0000000E+00
   1.0252192E-02   1.4673185E+07   1.4673185E+07   3.6868875E+03   1.0457873E+02   3.7473845E+06   1.4621052E+07   1.4673185E+07   0.0000000E+00   0.0000000E+00   0.0000000E+00   0.0000000E+00   0.0000000E+00
   1.1017086E-02   1.4331227E+07   1.4331227E+07   3.1385259E+03   9.1662551E+01   3.4224654E+06   1.4278962E+07   1.4331227E+07   0.0000000E+00   0.0000000E+00   0.0000000E+00   0.0000000E+00   0.0000000E+00
   1.1839047E-02   1.3972469E+07   1.3972469E+07   2.6016475E+03   8.0068133E+01   3.1135161E+06   1.3920253E+07   1.3972469E+07   0.0000000E+00   0.0000000E+00   0.0000000E+00   0.0000000E+00   0.0000000E+00
   1.2722333E-02   1.3596639E+07   1.3596639E+07   1.8408624E+03   6.9695670E+01   2.8213654E+06   1.3544640E+07   1.3596639E+07   0.0000000E+00   0.0000000E+00   0.0000000E+00   0.0000000E+00   0.0000000E+00
   1.3671518E-02   1.3203519E+07   1.3203519E+07   1.5347997E+03   6.0419651E+01   2.5496825E+06   1.3151923E+07   1.3203519E+07   0.0000000E+00   0.0000000E+00   0.0000000E+00   0.0000000E+00   0.0000000E+00
   1.4691521E-02   1.2792997E+07   1.2792997E+07   1.4237637E+03   5.2195099E+01   2.2888798E+06   1.2741983E+07   1.2792997E+07   0.0000000E+00   0.0000000E+00   0.0000000E+00   0.0000000E+00   0.0000000E+00
   1.5787623E-02   1.2365089E+07   1.2365089E+07   1.0550379E+03   4.4898219E+01   2.0492362E+06   1.2314841E+07   1.2365089E+07   0.0000000E+00   0.0000000E+00   0.0000000E+00   0.0000000E+00   0.0000000E+00
   1.6965503E-02   1.1920007E+07   1.1920007E+07   8.6857274E+02   3.8469469E+01   1.8230557E+06   1.1870706E+07   1.1920007E+07   0.0000000E+00   0.0000000E+00   0.0000000E+00   0.0000000E+00   0.0000000E+00
   1.8231263E-02   1.1458218E+07   1.1458218E+07   7.3703836E+02   3.2811617E+01   1.6150993E+06   1.1410044E+07   1.1458218E+07   0.0000000E+00   0.0000000E+00   0.0000000E+00   0.0000000E+00   0.0000000E+00
   1.9591457E-02   1.0980537E+07   1.0980537E+07   5.8922938E+02   2.7860740E+01   1.4232896E+06   1.0933663E+07   1.0980537E+07   0.0000000E+00   0.0000000E+00   0.0000000E+00   0.0000000E+00   0.0000000E+00
   2.1053132E-02   1.0488228E+07   1.0488228E+07   4.6156638E+02   2.3547558E+01   1.2478280E+06   1.0442818E+07   1.0488228E+07   0.0000000E+00   0.0000000E+00   0.0000000E+00   0.0000000E+00   0.0000000E+00
   2.2623852E-02   9.9831168E+06   9.9831168E+06   3.9836884E+02   1.9804828E+01   1.0885161E+06   9.9393246E+06   9.9831168E+06   0.0000000E+00   0.0000000E+00   0.0000000E+00   0.0000000E+00   0.0000000E+00
   2.4311720E-02   9.4677261E+06   9.4677261E+06   3.4595342E+02   1.6575575E+01   9.4270369E+05   9.4256894E+06   9.4677261E+06   0.0000000E+00   0.0000000E+00   0.0000000E+00   0.0000000E+00   0.0000000E+00
   2.6125342E-02   8.9454116E+06   8.9454116E+06   2.5743622E+02   1.3803280E+01   8.1334711E+05   8.9052485E+06   8.9454116E+06   0.0000000E+00   0.0000000E+00   0.0000000E+00   0.0000000E+00   0.0000000E+00
   2.8073615E-02   8.4205154E+06   8.4205154E+06   1.8880284E+02   1.1439316E+01   6.9664169E+05   8.3823189E+06   8.4205154E+06   0.0000000E+00   0.0000000E+00   0.0000000E+00   0.0000000E+00   0.0000000E+00
   3.0165063E-02   7.8985430E+06   7.8985430E+06   1.5233096E+02   9.4367406E+00   5.9382420E+05   7.8623750E+06   7.8985430E+06   0.0000000E+00   0.0000000E+00   0.0000000E+00   0.0000000E+00   0.0000000E+00
   3.2406257E-02   7.3863564E+06   7.3863564E+06   1.2570115E+02   7.7550043E+00   5.0426166E+05   7.3522409E+06   7.3863564E+06   0.0000000E+00   0.0000000E+00   0.0000000E+00   0.0000000E+00   0.0000000E+00
   3.4798742E-02   6.8922919E+06   6.8922919E+06   1.2376956E+02   6.3573016E+00   4.2622202E+05   6.8602075E+06   6.8922919E+06   0.0000000E+00   0.0000000E+00   0.0000000E+00   0.0000000E+00   0.0000000E+00
   3.7334474E-02   6.4259231E+06   6.4259231E+06   7.9149233E+01   5.2103855E+00   3.6016475E+05   6.3957967E+06   6.4259231E+06   0.0000000E+00   0.0000000E+00   0.0000000E+00   0.0000000E+00   0.0000000E+00
   3.9991496E-02   5.9970189E+06   5.9970189E+06   6.5282182E+01   4.2829246E+00   3.0433402E+05   5.9687242E+06   5.9970189E+06   0.0000000E+00   0.0000000E+00   0.0000000E+00   0.0000000E+00   0.0000000E+00
   4.2733824E-02   5.6134972E+06   5.6134972E+06   5.9123814E+01   3.5436554E+00   2.5867576E+05   5.5868631E+06   5.6134972E+06   0.0000000E+00   0.0000000E+00   0.0000000E+00   0.0000000E+00   0.0000000E+00
   4.5518780E-02   5.2791198E+06   5.2791198E+06   5.1417236E+01   2.9610420E+00   2.2171082E+05   5.2539492E+06   5.2791198E+06   0.0000000E+00   0.0000000E+00   0.0000000E+00   0.0000000E+00   0.0000000E+00
   4.8308871E-02   4.9924587E+06   4.9924587E+06   4.4116657E+01   2.5034480E+00   1.9190985E+05   4.9685535E+06   4.9924587E+06   0.0000000E+00   0.0000000E+00   0.0000000E+00   0.0000000E+00   0.0000000E+00
   5.1080328E-02   4.7478666E+06   4.7478666E+06   3.7303793E+01   2.1421107E+00   1.6783815E+05   4.7250485E+06   4.7478666E+06   0.0000000E+00   0.0000000E+00   0.0000000E+00   0.0000000E+00   0.0000000E+00
   5.3824104E-02   4.5375386E+06   4.5375386E+06   3.0491235E+01   1.8533146E+00   1.4814734E+05   4.5156614E+06   4.5375386E+06   0.0000000E+00   0.0000000E+00   0.0000000E+00   0.0000000E+00   0.0000000E+00
   5.6541884E-02   4.3533385E+06   4.3533385E+06   2.5698442E+01   1.6185576E+00   1.3173371E+05   4.3322903E+06   4.3533385E+06   0.0000000E+00   0.0000000E+00   0.0000000E+00   0.0000000E+00   0.0000000E+00
   5.9241330E-02   4.1878482E+06   4.1878482E+06   2.3392331E+01   1.4240578E+00   1.1787604E+05   4.1675497E+06   4.1878482E+06   0.0000000E+00   0.0000000E+00   0.0000000E+00   0.0000000E+00   0.0000000E+00
   6.1932630E-02   4.0347881E+06   4.0347881E+06   2.0464968E+01   1.2599031E+00   1.0599711E+05   4.0151880E+06   4.0347881E+06   0.0000000E+00   0.0000000E+00   0.0000000E+00   0.0000000E+00   0.0000000E+00
   6.4626534E-02   3.8891042E+06   3.8891042E+06   1.6344908E+01   1.1190064E+00   9.5553478E+04   3.8701741E+06   3.8891042E+06   0.0000000E+00   0.0000000E+00   0.0000000E+00   0.0000000E+00   0.0000000E+00
   6.7333417E-02   3.7469286E+06   3.7469286E+06   1.3255731E+01   9.9626461E-01   8.6194740E+04   3.7286575E+06   3.7469286E+06   0.0000000E+00   0.0000000E+00   0.0000000E+00   0.0000000E+00   0.0000000E+00
   7.0062919E-02   3.6055094E+06   3.6055094E+06   1.2042419E+01   8.8803559E-01   7.7773619E+04   3.5878988E+06   3.6055094E+06   0.0000000E+00   0.0000000E+00   0.0000000E+00   0.0000000E+00   0.0000000E+00
   7.2823876E-02   3.4631409E+06   3.4631409E+06   1.1507077E+01   7.9175000E-01   7.0175546E+04   3.4462001E+06   3.4631409E+06   0.0000000E+00   0.0000000E+00   0.0000000E+00   0.0000000E+00   0.0000000E+00
   7.5624372E-02   3.3190950E+06   3.3190950E+06   1.0641352E+01   7.0556519E-01   6.3267683E+04   3.3028361E+06   3.3190950E+06   0.0000000E+00   0.0000000E+00   0.0000000E+00   0.0000000E+00   0.0000000E+00
   7.8471845E-02   3.1735426E+06   3.1735426E+06   9.2627935E+00   6.2818245E-01   5.6962814E+04   3.1579766E+06   3.1735426E+06   0.0000000E+00   0.0000000E+00   0.0000000E+00   0.0000000E+00   0.0000000E+00
   8.1373195E-02   3.0274523E+06   3.0274523E+06   7.5676617E+00   5.5870379E-01   5.1223619E+04   3.0125850E+06   3.0274523E+06   0.0000000E+00   0.0000000E+00   0.0000000E+00   0.0000000E+00   0.0000000E+00
   8.4334893E-02   2.8824530E+06   2.8824530E+06   6.3913141E+00   4.9643650E-01   4.6040422E+04   2.8682819E+06   2.8824530E+06   0.0000000E+00   0.0000000E+00   0.0000000E+00   0.0000000E+00   0.0000000E+00
   8.7363066E-02   2.7406552E+06   2.7406552E+06   6.7545664E+00   4.4087568E-01   4.1324436E+04   2.7271671E+06   2.7406552E+06   0.0000000E+00   0.0000000E+00   0.0000000E+00   0.0000000E+00   0.0000000E+00
   9.0463580E-02   2.6044262E+06   2.6044262E+06   5.8221502E+00   3.9159127E-01   3.7008389E+04   2.5915961E+06   2.6044262E+06   0.0000000E+00   0.0000000E+00   0.0000000E+00   0.0000000E+00   0.0000000E+00
   9.3642101E-02   2.4761289E+06   2.4761289E+06   5.1511545E+00   3.4815218E-01   3.3246346E+04   2.4639196E+06   2.4761289E+06   0.0000000E+00   0.0000000E+00   0.0000000E+00   0.0000000E+00   0.0000000E+00
   9.6904152E-02   2.3578358E+06   2.3578358E+06   4.4889987E+00   3.1013943E-01   2.9911288E+04   2.3461998E+06   2.3578358E+06   0.0000000E+00   0.0000000E+00   0.0000000E+00   0.0000000E+00   0.0000000E+00
   1.0025515E-01   2.2510456E+06   2.2510456E+06   3.5718408E+00   2.7707523E-01   2.6958838E+04   2.2399275E+06   2.2510456E+06   0.0000000E+00   0.0000000E+00   0.0000000E+00   0.0000000E+00   0.0000000E+00
   1.0370046E-01   2.1564333E+06   2.1564333E+06   3.1983886E+00   2.4842807E-01   2.4378502E+04   2.1457744E+06   2.1564333E+06   0.0000000E+00   0.0000000E+00   0.0000000E+00   0.0000000E+00   0.0000000E+00
   1.0724539E-01   2.0736745E+06   2.0736745E+06   2.8495245E+00   2.2362463E-01   2.2149181E+04   2.0634173E+06   2.0736745E+06   0.0000000E+00   0.0000000E+00   0.0000000E+00   0.0000000E+00   0.0000000E+00
   1.1089524E-01   2.0013808E+06   2.0013808E+06   2.6095282E+00   2.0205130E-01   2.0221440E+04   1.9914745E+06   2.0013808E+06   0.0000000E+00   0.0000000E+00   0.0000000E+00   0.0000000E+00   0.0000000E+00
   1.1465533E-01   1.9371827E+06   1.9371827E+06   2.8876484E+00   1.8310663E-01   1.8490807E+04   1.9275880E+06   1.9371827E+06   0.0000000E+00   0.0000000E+00   0.0000000E+00   0.0000000E+00   0.0000000E+00
   1.1853098E-01   1.8779745E+06   1.8779745E+06   2.1662244E+00   1.6621933E-01   1.6913741E+04   1.8686674E+06   1.8779745E+06   0.0000000E+00   0.0000000E+00   0.0000000E+00   0.0000000E+00   0.0000000E+00
   1.2252756E-01   1.8203167E+06   1.8203167E+06   2.3548016E+00   1.5089144E-01   1.5493869E+04   1.8112902E+06   1.8203167E+06   0.0000000E+00   0.0000000E+00   0.0000000E+00   0.0000000E+00   0.0000000E+00
   1.2665047E-01   1.7609546E+06   1.7609546E+06   2.0476436E+00   1.3673165E-01   1.4171955E+04   1.7522177E+06   1.7609546E+06   0.0000000E+00   0.0000000E+00   0.0000000E+00   0.0000000E+00   0.0000000E+00
   1.3090517E-01   1.6973786E+06   1.6973786E+06   1.7774369E+00   1.2347962E-01   1.2896169E+04   1.6889528E+06   1.6973786E+06   0.0000000E+00   0.0000000E+00   0.0000000E+00   0.0000000E+00   0.0000000E+00
   1.3529715E-01   1.6283222E+06   1.6283222E+06   1.4680616E+00   1.1100369E-01   1.1689777E+04   1.6202353E+06   1.6283222E+06   0.0000000E+00   0.0000000E+00   0.0000000E+00   0.0000000E+00   0.0000000E+00
   1.3983201E-01   1.5540770E+06   1.5540770E+06   1.5466880E+00   9.9294690E-02   1.0536071E+04   1.5463553E+06   1.5540770E+06   0.0000000E+00   0.0000000E+00   0.0000000E+00   0.0000000E+00   0.0000000E+00
   1.4451536E-01   1.4765159E+06   1.4765159E+06   1.1711331E+00   8.8430127E-02   9.4627545E+03   1.4691765E+06   1.4765159E+06   0.0000000E+00   0.0000000E+00   0.0000000E+00   0.0000000E+00   0.0000000E+00
   1.4935293E-01   1.3987620E+06   1.3987620E+06   1.0011977E+00   7.8528859E-02   8.4566293E+03   1.3918063E+06   1.3987620E+06   0.0000000E+00   0.0000000E+00   0.0000000E+00   0.0000000E+00   0.0000000E+00
   1.5435051E-01   1.3245160E+06   1.3245160E+06   8.9734372E-01   6.9700959E-02   7.5655550E+03   1.3179269E+06   1.3245160E+06   0.0000000E+00   0.0000000E+00   0.0000000E+00   0.0000000E+00   0.0000000E+00
   1.5951396E-01   1.2571564E+06   1.2571564E+06   9.1853759E-01   6.2001594E-02   6.7822060E+03   1.2509001E+06   1.2571564E+06   0.0000000E+00   0.0000000E+00   0.0000000E+00   0.0000000E+00   0.0000000E+00
   1.6484926E-01   1.1988239E+06   1.1988239E+06   7.4369945E-01   5.5398981E-02   6.0992595E+03   1.1928559E+06   1.1988239E+06   0.0000000E+00   0.0000000E+00   0.0000000E+00   0.0000000E+00   0.0000000E+00
   1.7036246E-01   1.1497566E+06   1.1497566E+06   6.7889741E-01   4.9771644E-02   5.5244485E+03   1.1440310E+06   1.1497566E+06   0.0000000E+00   0.0000000E+00   0.0000000E+00   0.0000000E+00   0.0000000E+00
   1.7605974E-01   1.1081275E+06   1.1081275E+06   6.2062869E-01   4.4928375E-02   5.0308243E+03   1.1026075E+06   1.1081275E+06   0.0000000E+00   0.0000000E+00   0.0000000E+00   0.0000000E+00   0.0000000E+00
   1.8194742E-01   1.0705212E+06   1.0705212E+06   6.0331591E-01   4.0649200E-02   4.5794118E+03   1.0651870E+06   1.0705212E+06   0.0000000E+00   0.0000000E+00   0.0000000E+00   0.0000000E+00   0.0000000E+00
   1.8803194E-01   1.0329857E+06   1.0329857E+06   5.0194805E-01   3.6736565E-02   4.1771062E+03   1.0278370E+06   1.0329857E+06   0.0000000E+00   0.0000000E+00   0.0000000E+00   0.0000000E+00   0.0000000E+00
   1.9431993E-01   9.9236204E+05   9.9236204E+05   4.3635573E-01   3.3058890E-02   3.7856892E+03   9.8741460E+05   9.9236204E+05   0.0000000E+00   0.0000000E+00   0.0000000E+00   0.0000000E+00   0.0000000E+00
   2.0081820E-01   9.4742120E+05   9.4742120E+05   4.1493245E-01   2.9570057E-02   3.4110714E+03   9.4269665E+05   9.4742120E+05   0.0000000E+00   0.0000000E+00   0.0000000E+00   0.0000000E+00   0.0000000E+00
   2.0753378E-01   8.9932025E+05   8.9932025E+05   3.6142930E-01   2.6301030E-02   3.0541004E+03   8.9483453E+05   8.9932025E+05   0.0000000E+00   0.0000000E+00   0.0000000E+00   0.0000000E+00   0.0000000E+00
   2.1447396E-01   8.5109886E+05   8.5109886E+05   3.0626549E-01   2.3323558E-02   2.7279512E+03   8.4685274E+05   8.5109886E+05   0.0000000E+00   0.0000000E+00   0.0000000E+00   0.0000000E+00   0.0000000E+00
   2.2164635E-01   8.0632871E+05   8.0632871E+05   2.8753060E-01   2.0703021E-02   2.4400240E+03   8.0230512E+05   8.0632871E+05   0.0000000E+00   0.0000000E+00   0.0000000E+00   0.0000000E+00   0.0000000E+00
   2.2905889E-01   7.6746212E+05   7.6746212E+05   2.5494705E-01   1.8458397E-02   2.1876298E+03   7.6363173E+05   7.6746212E+05   0.0000000E+00   0.0000000E+00   0.0000000E+00   0.0000000E+00   0.0000000E+00
   2.3671993E-01   7.3467025E+05   7.3467025E+05   2.3702840E-01   1.6548156E-02   1.9771957E+03   7.3100285E+05   7.3467025E+05   0.0000000E+00   0.0000000E+00   0.0000000E+00   0.0000000E+00   0.0000000E+00
   2.4463829E-01   7.0582112E+05   7.0582112E+05   2.0402762E-01   1.4887371E-02   1.7934239E+03   7.0229712E+05   7.0582112E+05   0.0000000E+00   0.0000000E+00   0.0000000E+00   0.0000000E+00   0.0000000E+00
   2.5282336E-01   6.7769875E+05   6.7769875E+05   1.8051880E-01   1.3385530E-02   1.6235038E+03   6.7431461E+05   6.7769875E+05   0.0000000E+00   0.0000000E+00   0.0000000E+00   0.0000000E+00   0.0000000E+00
   2.6128511E-01   6.4784256E+05   6.4784256E+05   1.6170154E-01   1.1984065E-02   1.4652169E+03   6.4460701E+05   6.4784256E+05   0.0000000E+00   0.0000000E+00   0.0000000E+00   0.0000000E+00   0.0000000E+00
   2.7003428E-01   6.1592272E+05   6.1592272E+05   1.4639062E-01   1.0671933E-02   1.3162079E+03   6.1284614E+05   6.1592272E+05   0.0000000E+00   0.0000000E+00   0.0000000E+00   0.0000000E+00   0.0000000E+00
   2.7908244E-01   5.8374771E+05   5.8374771E+05   1.2923839E-01   9.4738387E-03   1.1763557E+03   5.8083145E+05   5.8374771E+05   0.0000000E+00   0.0000000E+00   0.0000000E+00   0.0000000E+00   0.0000000E+00
   2.8844212E-01   5.5384918E+05   5.5384918E+05   1.1634517E-01   8.4179902E-03   1.0527960E+03   5.5108193E+05   5.5384918E+05   0.0000000E+00   0.0000000E+00   0.0000000E+00   0.0000000E+00   0.0000000E+00
   2.9812697E-01   5.2761292E+05   5.2761292E+05   1.0579472E-01   7.5081887E-03   9.4722793E+02   5.2497644E+05   5.2761292E+05   0.0000000E+00   0.0000000E+00   0.0000000E+00   0.0000000E+00   0.0000000E+00
   3.0815193E-01   5.0434870E+05   5.0434870E+05   9.3289155E-02   6.7185559E-03   8.5426851E+02   5.0182817E+05   5.0434870E+05   0.0000000E+00   0.0000000E+00   0.0000000E+00   0.0000000E+00   0.0000000E+00
   3.1853343E-01   4.8203647E+05   4.8203647E+05   8.2650791E-02   6.0102869E-03   7.7100903E+02   4.7962719E+05   4.8203647E+05   0.0000000E+00   0.0000000E+00   0.0000000E+00   0.0000000E+00   0.0000000E+00
   3.2928963E-01   4.5911682E+05   4.5911682E+05   7.2028981E-02   5.3578395E-03   6.9336178E+02   4.5682186E+05   4.5911682E+05   0.0000000E+00   0.0000000E+00   0.0000000E+00   0.0000000E+00   0.0000000E+00
   3.4044070E-01   4.3573650E+05   4.3573650E+05   6.4428095E-02   4.7587000E-03   6.2047886E+02   4.3355820E+05   4.3573650E+05   0.0000000E+00   0.0000000E+00   0.0000000E+00   0.0000000E+00   0.0000000E+00
   3.5200912E-01   4.1331280E+05   4.1331280E+05   5.7709011E-02   4.2232137E-03   5.5663164E+02   4.1124642E+05   4.1331280E+05   0.0000000E+00   0.0000000E+00   0.0000000E+00   0.0000000E+00   0.0000000E+00
   3.6402011E-01   3.9291123E+05   3.9291123E+05   5.1636287E-02   3.7547769E-03   4.9929522E+02   3.9094668E+05   3.9291123E+05   0.0000000E+00   0.0000000E+00   0.0000000E+00   0.0000000E+00   0.0000000E+00
   3.7650211E-01   3.7417327E+05   3.7417327E+05   4.6138960E-02   3.3429388E-03   4.4845270E+02   3.7230226E+05   3.7417327E+05   0.0000000E+00   0.0000000E+00   0.0000000E+00   0.0000000E+00   0.0000000E+00
   3.8948730E-01   3.5592765E+05   3.5592765E+05   4.0603371E-02   2.9718667E-03   4.0252868E+02   3.5414774E+05   3.5592765E+05   0.0000000E+00   0.0000000E+00   0.0000000E+00   0.0000000E+00   0.0000000E+00
   4.0301237E-01   3.3764957E+05   3.3764957E+05   3.6200482E-02   2.6336376E-03   3.6084895E+02   3.3596093E+05   3.3764957E+05   0.0000000E+00   0.0000000E+00   0.0000000E+00   0.0000000E+00   0.0000000E+00
   4.1711934E-01   3.1990893E+05   3.1990893E+05   3.1989712E-02   2.3297832E-03   3.2249203E+02   3.1830891E+05   3.1990893E+05   0.0000000E+00   0.0000000E+00   0.0000000E+00   0.0000000E+00   0.0000000E+00
   4.3185666E-01   3.0333321E+05   3.0333321E+05   2.8149585E-02   2.0611901E-03   2.8855911E+02   3.0181600E+05   3.0333321E+05   0.0000000E+00   0.0000000E+00   0.0000000E+00   0.0000000E+00   0.0000000E+00
   4.4728053E-01   2.8768415E+05   2.8768415E+05   2.4950559E-02   1.8225103E-03   2.5810167E+02   2.8624512E+05   2.8768415E+05   0.0000000E+00   0.0000000E+00   0.0000000E+00   0.0000000E+00   0.0000000E+00
   4.6345662E-01   2.7237676E+05   2.7237676E+05   2.1952513E-02   1.6074158E-03   2.3049263E+02   2.7101422E+05   2.7237676E+05   0.0000000E+00   0.0000000E+00   0.0000000E+00   0.0000000E+00   0.0000000E+00
   4.8046217E-01   2.5741942E+05   2.5741942E+05   1.9193900E-02   1.4136967E-03   2.0531906E+02   2.5613163E+05   2.5741942E+05   0.0000000E+00   0.0000000E+00   0.0000000E+00   0.0000000E+00   0.0000000E+00
   4.9838876E-01   2.4315884E+05   2.4315884E+05   1.6930469E-02   1.2412059E-03   1.8273951E+02   2.4194233E+05   2.4315884E+05   0.0000000E+00   0.0000000E+00   0.0000000E+00   0.0000000E+00   0.0000000E+00
   5.1734580E-01   2.2950384E+05   2.2950384E+05   1.4796316E-02   1.0873080E-03   1.6244355E+02   2.2835559E+05   2.2950384E+05   0.0000000E+00   0.0000000E+00   0.0000000E+00   0.0000000E+00   0.0000000E+00
   5.3746506E-01   2.1618004E+05   2.1618004E+05   1.2910982E-02   9.4906326E-04   1.4398788E+02   2.1509840E+05   2.1618004E+05   0.0000000E+00   0.0000000E+00   0.0000000E+00   0.0000000E+00   0.0000000E+00
   5.5890649E-01   2.0326297E+05   2.0326297E+05   1.1213516E-02   8.2528257E-04   1.2726448E+02   2.0224591E+05   2.0326297E+05   0.0000000E+00   0.0000000E+00   0.0000000E+00   0.0000000E+00   0.0000000E+00
   5.8186573E-01   1.9080120E+05   1.9080120E+05   9.7143211E-03   7.1482635E-04   1.1224829E+02   1.8984646E+05   1.9080120E+05   0.0000000E+00   0.0000000E+00   0.0000000E+00   0.0000000E+00   0.0000000E+00
   6.0658362E-01   1.7864572E+05   1.7864572E+05   8.3650903E-03   6.1591074E-04   9.8624528E+01   1.7775176E+05   1.7864572E+05   0.0000000E+00   0.0000000E+00   0.0000000E+00   0.0000000E+00   0.0000000E+00
   6.3335811E-01   1.6680372E+05   1.6680372E+05   7.1670553E-03   5.2754218E-04   8.6303779E+01   1.6596899E+05   1.6680372E+05   0.0000000E+00   0.0000000E+00   0.0000000E+00   0.0000000E+00   0.0000000E+00
   6.6255827E-01   1.5525573E+05   1.5525573E+05   6.0919968E-03   4.4873101E-04   7.5138383E+01   1.5447875E+05   1.5525573E+05   0.0000000E+00   0.0000000E+00   0.0000000E+00   0.0000000E+00   0.0000000E+00
   6.9463936E-01   1.4394852E+05   1.4394852E+05   5.1364163E-03   3.7853857E-04   6.5037870E+01   1.4322811E+05   1.4394852E+05   0.0000000E+00   0.0000000E+00   0.0000000E+00   0.0000000E+00   0.0000000E+00
   7.3015537E-01   1.3288292E+05   1.3288292E+05   4.2900942E-03   3.1629877E-04   5.5951293E+01   1.3221786E+05   1.3288292E+05   0.0000000E+00   0.0000000E+00   0.0000000E+00   0.0000000E+00   0.0000000E+00
   7.6976131E-01   1.2204513E+05   1.2204513E+05   3.5446272E-03   2.6139973E-04   4.7771293E+01   1.2143429E+05   1.2204513E+05   0.0000000E+00   0.0000000E+00   0.0000000E+00   0.0000000E+00   0.0000000E+00
   8.1419150E-01   1.1145920E+05   1.1145920E+05   2.9042419E-03   2.1339730E-04   4.0479144E+01   1.1090133E+05   1.1145920E+05   0.0000000E+00   0.0000000E+00   0.0000000E+00   0.0000000E+00   0.0000000E+00
   8.6419686E-01   1.0117797E+05   1.0117797E+05   2.3297440E-03   1.7195894E-04   3.4015664E+01   1.0067155E+05   1.0117797E+05   0.0000000E+00   0.0000000E+00   0.0000000E+00   0.0000000E+00   0.0000000E+00
   9.2043503E-01   9.1293313E+04   9.1293313E+04   1.8526888E-03   1.3678970E-04   2.8380783E+01   9.0836348E+04   9.1293313E+04   0.0000000E+00   0.0000000E+00   0.0000000E+00   0.0000000E+00   0.0000000E+00
   9.8334625E-01   8.1926243E+04   8.1926243E+04   1.4560994E-03   1.0755750E-04   2.3552412E+01   8.1516154E+04   8.1926243E+04   0.0000000E+00   0.0000000E+00   0.0000000E+00   0.0000000E+00   0.0000000E+00
   1.0530954E+00   7.3195634E+04   7.3195634E+04   1.1338888E-03   8.3792707E-05   1.9489347E+01   7.2829238E+04   7.3195634E+04   0.0000000E+00   0.0000000E+00   0.0000000E+00   0.0000000E+00   0.0000000E+00
   1.1296462E+00   6.5185984E+04   6.5185984E+04   8.7723819E-04   6.4857008E-05   1.6108651E+01   6.4859674E+04   6.5185984E+04   0.0000000E+00   0.0000000E+00   0.0000000E+00   0.0000000E+00   0.0000000E+00
   1.2129288E+00   5.7932023E+04   5.7932023E+04   6.7402839E-04   4.9999480E-05   1.3337031E+01   5.7642020E+04   5.7932023E+04   0.0000000E+00   0.0000000E+00   0.0000000E+00   0.0000000E+00   0.0000000E+00
   1.3029863E+00   5.1419262E+04   5.1419262E+04   5.2010398E-04   3.8458636E-05   1.1077552E+01   5.1161857E+04   5.1419262E+04   0.0000000E+00   0.0000000E+00   0.0000000E+00   0.0000000E+00   0.0000000E+00
   1.4000306E+00   4.5600236E+04   4.5600236E+04   3.9940963E-04   2.9543849E-05   9.2362580E+00   4.5371958E+04   4.5600236E+04   0.0000000E+00   0.0000000E+00   0.0000000E+00   0.0000000E+00   0.0000000E+00
   1.5044266E+00   4.0415878E+04   4.0415878E+04   3.0646480E-04   2.2678472E-05   7.7307876E+00   4.0213551E+04   4.0415878E+04   0.0000000E+00   0.0000000E+00   0.0000000E+00   0.0000000E+00   0.0000000E+00
   1.6166515E+00   3.5803214E+04   3.5803214E+04   2.3595039E-04   1.7398987E-05   6.4994293E+00   3.5623976E+04   3.5803214E+04   0.0000000E+00   0.0000000E+00   0.0000000E+00   0.0000000E+00   0.0000000E+00
   1.7372620E+00   3.1702895E+04   3.1702895E+04   1.8023676E-04   1.3342370E-05   5.4857994E+00   3.1544182E+04   3.1702895E+04   0.0000000E+00   0.0000000E+00   0.0000000E+00   0.0000000E+00   0.0000000E+00
   1.8668744E+00   2.8060313E+04   2.8060313E+04   1.3810560E-04   1.0227359E-05   4.6474728E+00   2.7919835E+04   2.8060313E+04   0.0000000E+00   0.0000000E+00   0.0000000E+00   0.0000000E+00   0.0000000E+00
   2.0061577E+00   2.4826204E+04   2.4826204E+04   1.0579090E-04   7.8363323E-06   3.9549651E+00   2.4701916E+04   2.4826204E+04   0.0000000E+00   0.0000000E+00   0.0000000E+00   0.0000000E+00   0.0000000E+00
   2.1558327E+00   2.1956169E+04   2.1956169E+04   8.1008512E-05   6.0020706E-06   3.3754718E+00   2.1846248E+04   2.1956169E+04   0.0000000E+00   0.0000000E+00   0.0000000E+00   0.0000000E+00   0.0000000E+00
   2.3166747E+00   1.9410573E+04   1.9410573E+04   6.2021881E-05   4.5954186E-06   2.8905249E+00   1.9313396E+04   1.9410573E+04   0.0000000E+00   0.0000000E+00   0.0000000E+00   0.0000000E+00   0.0000000E+00
   2.4895167E+00   1.7153763E+04   1.7153763E+04   4.7481407E-05   3.5171803E-06   2.4829323E+00   1.7067884E+04   1.7153763E+04   0.0000000E+00   0.0000000E+00   0.0000000E+00   0.0000000E+00   0.0000000E+00
   2.6752542E+00   1.5153913E+04   1.5153913E+04   3.6311508E-05   2.6910076E-06   2.1383618E+00   1.5078046E+04   1.5153913E+04   0.0000000E+00   0.0000000E+00   0.0000000E+00   0.0000000E+00   0.0000000E+00
   2.8748491E+00   1.3382568E+04   1.3382568E+04   2.7762651E-05   2.0582250E-06   1.8463118E+00   1.3315568E+04   1.3382568E+04   0.0000000E+00   0.0000000E+00   0.0000000E+00   0.0000000E+00   0.0000000E+00
   3.0893353E+00   1.1814292E+04   1.1814292E+04   2.1221772E-05   1.5737376E-06   1.5975748E+00   1.1755144E+04   1.1814292E+04   0.0000000E+00   0.0000000E+00   0.0000000E+00   0.0000000E+00   0.0000000E+00
   3.3198239E+00   1.0426385E+04   1.0426385E+04   1.6220240E-05   1.2029280E-06   1.3852366E+00   1.0374186E+04   1.0426385E+04   0.0000000E+00   0.0000000E+00   0.0000000E+00   0.0000000E+00   0.0000000E+00
   3.5675088E+00   9.1986009E+03   9.1986009E+03   1.2371714E-05   9.1922551E-07   1.2029609E+00   9.1525482E+03   9.1986009E+03   0.0000000E+00   0.0000000E+00   0.0000000E+00   0.0000000E+00   0.0000000E+00
   3.8336729E+00   8.1128921E+03   8.1128921E+03   9.4644708E-06   7.0223263E-07   1.0466322E+00   8.0722750E+03   8.1128921E+03   0.0000000E+00   0.0000000E+00   0.0000000E+00   0.0000000E+00   0.0000000E+00
   4.1196949E+00   7.1531830E+03   7.1531830E+03   7.2255567E-06   5.3632464E-07   9.1174766E-01   7.1173706E+03   7.1531830E+03   0.0000000E+00   0.0000000E+00   0.0000000E+00   0.0000000E+00   0.0000000E+00
   4.4270564E+00   6.3051634E+03   6.3051634E+03   5.5147911E-06   4.0951219E-07   7.9520783E-01   6.2735965E+03   6.3051634E+03   0.0000000E+00   0.0000000E+00   0.0000000E+00   0.0000000E+00   0.0000000E+00
   4.7573494E+00   5.5561023E+03   5.5561023E+03   4.2081821E-06   3.1261085E-07   6.9415822E-01   5.5282856E+03   5.5561023E+03   0.0000000E+00   0.0000000E+00   0.0000000E+00   0.0000000E+00   0.0000000E+00
   5.1122849E+00   4.8946810E+03   4.8946810E+03   3.2109039E-06   2.3858577E-07   6.0668472E-01   4.8701757E+03   4.8946810E+03   0.0000000E+00   0.0000000E+00   0.0000000E+00   0.0000000E+00   0.0000000E+00
   5.4937014E+00   4.3108417E+03   4.3108417E+03   2.4482896E-06   1.8205351E-07   5.3047194E-01   4.2892593E+03   4.3108417E+03   0.0000000E+00   0.0000000E+00   0.0000000E+00   0.0000000E+00   0.0000000E+00
   5.9035746E+00   3.7956520E+03   3.7956520E+03   1.8654165E-06   1.3889024E-07   4.6421970E-01   3.7766489E+03   3.7956520E+03   0.0000000E+00   0.0000000E+00   0.0000000E+00   0.0000000E+00   0.0000000E+00
   6.3440274E+00   3.3411835E+03   3.3411835E+03   1.4244548E-06   1.0594295E-07   4.0646599E-01   3.3244558E+03   3.3411835E+03   0.0000000E+00   0.0000000E+00   0.0000000E+00   0.0000000E+00   0.0000000E+00
   6.8173415E+00   2.9404026E+03   2.9404026E+03   1.0846437E-06   8.0799806E-08   3.5600619E-01   2.9256814E+03   2.9404026E+03   0.0000000E+00   0.0000000E+00   0.0000000E+00   0.0000000E+00   0.0000000E+00
   7.3259686E+00   2.5870722E+03   2.5870722E+03   8.2614910E-07   6.1615826E-08   3.1201958E-01   2.5741199E+03   2.5870722E+03   0.0000000E+00   0.0000000E+00   0.0000000E+00   0.0000000E+00   0.0000000E+00
   7.8725432E+00   2.2756645E+03   2.2756645E+03   6.2944996E-07   4.6982244E-08   2.7343073E-01   2.2642713E+03   2.2756645E+03   0.0000000E+00   0.0000000E+00   0.0000000E+00   0.0000000E+00   0.0000000E+00
   8.4598965E+00   2.0012826E+03   2.0012826E+03   4.7922877E-07   3.5821309E-08   2.3970639E-01   1.9912630E+03   2.0012826E+03   0.0000000E+00   0.0000000E+00   0.0000000E+00   0.0000000E+00   0.0000000E+00
