#           k/h    CDM            baryon         photon         nu             mass_nu        total          no_nu          total_de       Weyl           v_CDM          v_b            v_b-v_c     
   1.1134822E-05   1.7685515E+07   1.7685515E+07   2.3569748E+07   1.0768890E+04   2.0725752E+07   1.7685527E+07   1.7685515E+07   0.0000000E+00   0.0000000E+00   0.0000000E+00   0.0000000E+00   0.0000000E+00
   1.1965566E-05   1.7685512E+07   1.7685512E+07   2.3568051E+07   1.0768389E+04   2.0725368E+07   1.7685523E+07   1.7685512E+07   0.0000000E+00   0.0000000E+00   0.0000000E+00   0.0000000E+00   0.0000000E+00
   1.2858291E-05   1.7685508E+07   1.7685508E+07   2.3566091E+07   1.0767811E+04   2.0724924E+07   1.7685519E+07   1.7685508E+07   0.0000000E+00   0.0000000E+00   0.0000000E+00   0.0000000E+00   0.0000000E+00
   1.3817621E-05   1.7685503E+07   1.7685503E+07   2.3563828E+07   1.0767143E+04   2.0724411E+07   1.7685515E+07   1.7685503E+07   0.0000000E+00   0.0000000E+00   0.0000000E+00   0.0000000E+00   0.0000000E+00
   1.4848523E-05   1.7685498E+07   1.7685498E+07   2.3561215E+07   1.0766371E+04   2.0723819E+07   1.7685509E+07   1.7685498E+07   0.0000000E+00   0.0000000E+00   0.0000000E+00   0.0000000E+00   0.0000000E+00
   1.5956339E-05   1.7685492E+07   1.7685492E+07   2.3558198E+07   1.0765481E+04   2.0723135E+07   1.7685503E+07   1.7685492E+07   0.0000000E+00   0.0000000E+00   0.0000000E+00   0.0000000E+00   0.0000000E+00
   1.7146807E-05   1.7685485E+07   1.7685485E+07   2.3554715E+07   1.0764452E+04   2.0722346E+07   1.7685495E+07   1.7685485E+07   0.0000000E+00   0.0000000E+00   0.0000000E+00   0.0000000E+00   0.0000000E+00
   1.8426093E-05   1.7685477E+07   1.7685477E+07   2.3550692E+07   1.0763265E+04   2.0721434E+07   1.7685487E+07   1.7685477E+07   0.0000000E+00   0.0000000E+00   0.0000000E+00   0.0000000E+00   0.0000000E+00
   1.9800824E-05   1.7685467E+07   1.7685467E+07   2.3546048E+07   1.0761893E+04   2.0720382E+07   1.7685477E+07   1.7685467E+07   0.0000000E+00   0.0000000E+00   0.0000000E+00   0.0000000E+00   0.0000000E+00
   2.1278120E-05   1.7685456E+07   1.7685456E+07   2.3540687E+07   1.0760310E+04   2.0719168E+07   1.7685466E+07   1.7685456E+07   0.0000000E+00   0.0000000E+00   0.0000000E+00   0.0000000E+00   0.0000000E+00
   2.2865635E-05   1.7685444E+07   1.7685444E+07   2.3534496E+07   1.0758482E+04   2.0717766E+07   1.7685453E+07   1.7685444E+07   0.0000000E+00   0.0000000E+00   0.0000000E+00   0.0000000E+00   0.0000000E+00
   2.4571590E-05   1.7685429E+07   1.7685429E+07   2.3527350E+07   1.0756372E+04   2.0716147E+07   1.7685438E+07   1.7685429E+07   0.0000000E+00   0.0000000E+00   0.0000000E+00   0.0000000E+00   0.0000000E+00
   2.6404823E-05   1.7685413E+07   1.7685413E+07   2.3519100E+07   1.0753936E+04   2.0714279E+07   1.7685420E+07   1.7685413E+07   0.0000000E+00   0.0000000E+00   0.0000000E+00   0.0000000E+00   0.0000000E+00
   2.8374830E-05   1.7685393E+07   1.7685393E+07   2.3509576E+07   1.0751123E+04   2.0712123E+07   1.7685400E+07   1.7685393E+07   0.0000000E+00   0.0000000E+00   0.0000000E+00   0.0000000E+00   0.0000000E+00
   3.0491814E-05   1.7685371E+07   1.7685371E+07   2.3498583E+07   1.0747876E+04   2.0709635E+07   1.7685377E+07   1.7685371E+07   0.0000000E+00   0.0000000E+00   0.0000000E+00   0.0000000E+00   0.0000000E+00
   3.2766742E-05   1.7685345E+07   1.7685345E+07   2.3485894E+07   1.0744127E+04   2.0706764E+07   1.7685350E+07   1.7685345E+07   0.0000000E+00   0.0000000E+00   0.0000000E+00   0.0000000E+00   0.0000000E+00
   3.5211398E-05   1.7685315E+07   1.7685315E+07   2.3471249E+07   1.0739800E+04   2.0703450E+07   1.7685319E+07   1.7685315E+07   0.0000000E+00   0.0000000E+00   0.0000000E+00   0.0000000E+00   0.0000000E+00
   3.7838443E-05   1.7685281E+07   1.7685281E+07   2.3454347E+07   1.0734806E+04   2.0699628E+07   1.7685283E+07   1.7685281E+07   0.0000000E+00   0.0000000E+00   0.0000000E+00   0.0000000E+00   0.0000000E+00
   4.0661488E-05   1.7685241E+07   1.7685241E+07   2.3434844E+07   1.0729043E+04   2.0695219E+07   1.7685242E+07   1.7685241E+07   0.0000000E+00   0.0000000E+00   0.0000000E+00   0.0000000E+00   0.0000000E+00
   4.3695153E-05   1.7685195E+07   1.7685195E+07   2.3412341E+07   1.0722391E+04   2.0690134E+07   1.7685194E+07   1.7685195E+07   0.0000000E+00   0.0000000E+00   0.0000000E+00   0.0000000E+00   0.0000000E+00
   4.6955153E-05   1.7685143E+07   1.7685143E+07   2.3386380E+07   1.0714715E+04   2.0684270E+07   1.7685139E+07   1.7685143E+07   0.0000000E+00   0.0000000E+00   0.0000000E+00   0.0000000E+00   0.0000000E+00
   5.0458375E-05   1.7685082E+07   1.7685082E+07   2.3356433E+07   1.0705859E+04   2.0677510E+07   1.7685076E+07   1.7685082E+07   0.0000000E+00   0.0000000E+00   0.0000000E+00   0.0000000E+00   0.0000000E+00
   5.4222965E-05   1.7685011E+07   1.7685011E+07   2.3321897E+07   1.0695643E+04   2.0669718E+07   1.7685002E+07   1.7685011E+07   0.0000000E+00   0.0000000E+00   0.0000000E+00   0.0000000E+00   0.0000000E+00
   5.8268423E-05   1.7684930E+07   1.7684930E+07   2.3282073E+07   1.0683858E+04   2.0660741E+07   1.7684918E+07   1.7684930E+07   0.0000000E+00   0.0000000E+00   0.0000000E+00   0.0000000E+00   0.0000000E+00
   6.2615703E-05   1.7684836E+07   1.7684836E+07   2.3236165E+07   1.0670268E+04   2.0650401E+07   1.7684820E+07   1.7684836E+07   0.0000000E+00   0.0000000E+00   0.0000000E+00   0.0000000E+00   0.0000000E+00
   6.7287325E-05   1.7684727E+07   1.7684727E+07   2.3183256E+07   1.0654598E+04   2.0638495E+07   1.7684707E+07   1.7684727E+07   0.0000000E+00   0.0000000E+00   0.0000000E+00   0.0000000E+00   0.0000000E+00
   7.2307486E-05   1.7684602E+07   1.7684602E+07   2.3122297E+07   1.0636534E+04   2.0624795E+07   1.7684577E+07   1.7684602E+07   0.0000000E+00   0.0000000E+00   0.0000000E+00   0.0000000E+00   0.0000000E+00
   7.7702191E-05   1.7684457E+07   1.7684457E+07   2.3052088E+07   1.0615717E+04   2.0609036E+07   1.7684427E+07   1.7684457E+07   0.0000000E+00   0.0000000E+00   0.0000000E+00   0.0000000E+00   0.0000000E+00
   8.3499382E-05   1.7684291E+07   1.7684291E+07   2.2971260E+07   1.0591735E+04   2.0590922E+07   1.7684253E+07   1.7684291E+07   0.0000000E+00   0.0000000E+00   0.0000000E+00   0.0000000E+00   0.0000000E+00
   8.9729090E-05   1.7684098E+07   1.7684098E+07   2.2878250E+07   1.0564115E+04   2.0570116E+07   1.7684053E+07   1.7684098E+07   0.0000000E+00   0.0000000E+00   0.0000000E+00   0.0000000E+00   0.0000000E+00
   9.6423582E-05   1.7683876E+07   1.7683876E+07   2.2771281E+07   1.0532320E+04   2.0546235E+07   1.7683822E+07   1.7683876E+07   0.0000000E+00   0.0000000E+00   0.0000000E+00   0.0000000E+00   0.0000000E+00
   1.0361754E-04   1.7683620E+07   1.7683620E+07   2.2648336E+07   1.0495738E+04   2.0518854E+07   1.7683555E+07   1.7683620E+07   0.0000000E+00   0.0000000E+00   0.0000000E+00   0.0000000E+00   0.0000000E+00
   1.1134822E-04   1.7683324E+07   1.7683324E+07   2.2507131E+07   1.0453669E+04   2.0487493E+07   1.7683247E+07   1.7683324E+07   0.0000000E+00   0.0000000E+00   0.0000000E+00   0.0000000E+00   0.0000000E+00
   1.1965566E-04   1.7682983E+07   1.7682983E+07   2.2345094E+07   1.0405323E+04   2.0451620E+07   1.7682892E+07   1.7682983E+07   0.0000000E+00   0.0000000E+00   0.0000000E+00   0.0000000E+00   0.0000000E+00
   1.2858291E-04   1.7682589E+07   1.7682589E+07   2.2159331E+07   1.0349805E+04   2.0410648E+07   1.7682483E+07   1.7682589E+07   0.0000000E+00   0.0000000E+00   0.0000000E+00   0.0000000E+00   0.0000000E+00
   1.3817621E-04   1.7682136E+07   1.7682136E+07   2.1946611E+07   1.0286107E+04   2.0363932E+07   1.7682011E+07   1.7682136E+07   0.0000000E+00   0.0000000E+00   0.0000000E+00   0.0000000E+00   0.0000000E+00
   1.4848523E-04   1.7681613E+07   1.7681613E+07   2.1703341E+07   1.0213096E+04   2.0310774E+07   1.7681467E+07   1.7681613E+07   0.0000000E+00   0.0000000E+00   0.0000000E+00   0.0000000E+00   0.0000000E+00
   1.5956339E-04   1.7681010E+07   1.7681010E+07   2.1425555E+07   1.0129509E+04   2.0250425E+07   1.7680839E+07   1.7681010E+07   0.0000000E+00   0.0000000E+00   0.0000000E+00   0.0000000E+00   0.0000000E+00
   1.7146807E-04   1.7680315E+07   1.7680315E+07   2.1108915E+07   1.0033939E+04   2.0182099E+07   1.7680116E+07   1.7680315E+07   0.0000000E+00   0.0000000E+00   0.0000000E+00   0.0000000E+00   0.0000000E+00
   1.8426093E-04   1.7679515E+07   1.7679515E+07   2.0748719E+07   9.9248411E+03   2.0104984E+07   1.7679284E+07   1.7679515E+07   0.0000000E+00   0.0000000E+00   0.0000000E+00   0.0000000E+00   0.0000000E+00
   1.9800824E-04   1.7678594E+07   1.7678594E+07   2.0339943E+07   9.8005214E+03   2.0018267E+07   1.7678325E+07   1.7678594E+07   0.0000000E+00   0.0000000E+00   0.0000000E+00   0.0000000E+00   0.0000000E+00
   2.1278120E-04   1.7677534E+07   1.7677534E+07   1.9877305E+07   9.6591501E+03   1.9921170E+07   1.7677222E+07   1.7677534E+07   0.0000000E+00   0.0000000E+00   0.0000000E+00   0.0000000E+00   0.0000000E+00
   2.2865635E-04   1.7676314E+07   1.7676314E+07   1.9355369E+07   9.4987742E+03   1.9812990E+07   1.7675952E+07   1.7676314E+07   0.0000000E+00   0.0000000E+00   0.0000000E+00   0.0000000E+00   0.0000000E+00
   2.4571590E-04   1.7674912E+07   1.7674912E+07   1.8768706E+07   9.3173437E+03   1.9693165E+07   1.7674493E+07   1.7674912E+07   0.0000000E+00   0.0000000E+00   0.0000000E+00   0.0000000E+00   0.0000000E+00
   2.6404823E-04   1.7673300E+07   1.7673300E+07   1.8112115E+07   9.1127542E+03   1.9561347E+07   1.7672816E+07   1.7673300E+07   0.0000000E+00   0.0000000E+00   0.0000000E+00   0.0000000E+00   0.0000000E+00
   2.8374830E-04   1.7671450E+07   1.7671450E+07   1.7380926E+07   8.8829082E+03   1.9417502E+07   1.7670890E+07   1.7671450E+07   0.0000000E+00   0.0000000E+00   0.0000000E+00   0.0000000E+00   0.0000000E+00
   3.0491814E-04   1.7669328E+07   1.7669328E+07   1.6571397E+07   8.6258013E+03   1.9262015E+07   1.7668681E+07   1.7669328E+07   0.0000000E+00   0.0000000E+00   0.0000000E+00   0.0000000E+00   0.0000000E+00
   3.2766742E-04   1.7666895E+07   1.7666895E+07   1.5681212E+07   8.3396382E+03   1.9095827E+07   1.7666148E+07   1.7666895E+07   0.0000000E+00   0.0000000E+00   0.0000000E+00   0.0000000E+00   0.0000000E+00
   3.5211398E-04   1.7664109E+07   1.7664109E+07   1.4710094E+07   8.0229820E+03   1.8920565E+07   1.7663247E+07   1.7664109E+07   0.0000000E+00   0.0000000E+00   0.0000000E+00   0.0000000E+00   0.0000000E+00
   3.7838443E-04   1.7660922E+07   1.7660922E+07   1.3660525E+07   7.6749413E+03   1.8738669E+07   1.7659930E+07   1.7660922E+07   0.0000000E+00   0.0000000E+00   0.0000000E+00   0.0000000E+00   0.0000000E+00
   4.0661488E-04   1.7657282E+07   1.7657282E+07   1.2538535E+07   7.2953945E+03   1.8553491E+07   1.7656139E+07   1.7657282E+07   0.0000000E+00   0.0000000E+00   0.0000000E+00   0.0000000E+00   0.0000000E+00
   4.3695153E-04   1.7653129E+07   1.7653129E+07   1.1354530E+07   6.8852470E+03   1.8369324E+07   1.7651814E+07   1.7653129E+07   0.0000000E+00   0.0000000E+00   0.0000000E+00   0.0000000E+00   0.0000000E+00
   4.6955153E-04   1.7648398E+07   1.7648398E+07   1.0124046E+07   6.4467095E+03   1.8191318E+07   1.7646887E+07   1.7648398E+07   0.0000000E+00   0.0000000E+00   0.0000000E+00   0.0000000E+00   0.0000000E+00
   5.0458375E-04   1.7643017E+07   1.7643017E+07   8.8682885E+06   5.9835724E+03   1.8025218E+07   1.7641283E+07   1.7643017E+07   0.0000000E+00   0.0000000E+00   0.0000000E+00   0.0000000E+00   0.0000000E+00
   5.4222965E-04   1.7636907E+07   1.7636907E+07   7.6142622E+06   5.5014404E+03   1.7876871E+07   1.7634918E+07   1.7636907E+07   0.0000000E+00   0.0000000E+00   0.0000000E+00   0.0000000E+00   0.0000000E+00
   5.8268423E-04   1.7629981E+07   1.7629981E+07   6.3942278E+06   5.0078708E+03   1.7751426E+07   1.7627704E+07   1.7629981E+07   0.0000000E+00   0.0000000E+00   0.0000000E+00   0.0000000E+00   0.0000000E+00
   6.2615703E-04   1.7622144E+07   1.7622144E+07   5.2442004E+06   4.5123430E+03   1.7652228E+07   1.7619540E+07   1.7622144E+07   0.0000000E+00   0.0000000E+00   0.0000000E+00   0.0000000E+00   0.0000000E+00
   6.7287325E-04   1.7613291E+07   1.7613291E+07   4.2012343E+06   4.0259753E+03   1.7579464E+07   1.7610320E+07   1.7613291E+07   0.0000000E+00   0.0000000E+00   0.0000000E+00   0.0000000E+00   0.0000000E+00
   7.2307486E-04   1.7603309E+07   1.7603309E+07   3.2993719E+06   3.5609042E+03   1.7528746E+07   1.7599924E+07   1.7603309E+07   0.0000000E+00   0.0000000E+00   0.0000000E+00   0.0000000E+00   0.0000000E+00
   7.7702191E-04   1.7592071E+07   1.7592071E+07   2.5644270E+06   3.1292722E+03   1.7490044E+07   1.7588222E+07   1.7592071E+07   0.0000000E+00   0.0000000E+00   0.0000000E+00   0.0000000E+00   0.0000000E+00
   8.3499382E-04   1.7579439E+07   1.7579439E+07   2.0082560E+06   2.7418344E+03   1.7447528E+07   1.7575074E+07   1.7579439E+07   0.0000000E+00   0.0000000E+00   0.0000000E+00   0.0000000E+00   0.0000000E+00
   8.9729090E-04   1.7565258E+07   1.7565258E+07   1.6238102E+06   2.4063155E+03   1.7381047E+07   1.7560320E+07   1.7565258E+07   0.0000000E+00   0.0000000E+00   0.0000000E+00   0.0000000E+00   0.0000000E+00
   9.6423582E-04   1.7549359E+07   1.7549359E+07   1.3829022E+06   2.1258123E+03   1.7269826E+07   1.7543789E+07   1.7549359E+07   0.0000000E+00   0.0000000E+00   0.0000000E+00   0.0000000E+00   0.0000000E+00
   1.0361754E-03   1.7531550E+07   1.7531550E+07   1.2388954E+06   1.8977108E+03   1.7098339E+07   1.7525288E+07   1.7531550E+07   0.0000000E+00   0.0000000E+00   0.0000000E+00   0.0000000E+00   0.0000000E+00
   1.1134822E-03   1.7511624E+07   1.7511624E+07   1.1358976E+06   1.7136925E+03   1.6863122E+07   1.7504608E+07   1.7511624E+07   0.0000000E+00   0.0000000E+00   0.0000000E+00   0.0000000E+00   0.0000000E+00
   1.1965566E-03   1.7489353E+07   1.7489353E+07   1.0239464E+06   1.5613042E+03   1.6577569E+07   1.7481523E+07   1.7489353E+07   0.0000000E+00   0.0000000E+00   0.0000000E+00   0.0000000E+00   0.0000000E+00
   1.2858291E-03   1.7464491E+07   1.7464491E+07   8.7606372E+05   1.4271358E+03   1.6270550E+07   1.7455790E+07   1.7464491E+07   0.0000000E+00   0.0000000E+00   0.0000000E+00   0.0000000E+00   0.0000000E+00
   1.3817621E-03   1.7436782E+07   1.7436782E+07   6.9912954E+05   1.3008544E+03   1.5975546E+07   1.7427156E+07   1.7436782E+07   0.0000000E+00   0.0000000E+00   0.0000000E+00   0.0000000E+00   0.0000000E+00
   1.4848523E-03   1.7405955E+07   1.7405955E+07   5.2934787E+05   1.1784400E+03   1.5711903E+07   1.7395358E+07   1.7405955E+07   0.0000000E+00   0.0000000E+00   0.0000000E+00   0.0000000E+00   0.0000000E+00
   1.5956339E-03   1.7371735E+07   1.7371735E+07   4.0867808E+05   1.0625958E+03   1.5468321E+07   1.7360125E+07   1.7371735E+07   0.0000000E+00   0.0000000E+00   0.0000000E+00   0.0000000E+00   0.0000000E+00
   1.7146807E-03   1.7333832E+07   1.7333832E+07   3.5234221E+05   9.5928886E+02   1.5205167E+07   1.7321179E+07   1.7333832E+07   0.0000000E+00   0.0000000E+00   0.0000000E+00   0.0000000E+00   0.0000000E+00
   1.8426093E-03   1.7291946E+07   1.7291946E+07   3.3215541E+05   8.7197693E+02   1.4885178E+07   1.7278225E+07   1.7291946E+07   0.0000000E+00   0.0000000E+00   0.0000000E+00   0.0000000E+00   0.0000000E+00
   1.9800824E-03   1.7245759E+07   1.7245759E+07   2.9840609E+05   7.9783619E+02   1.4514804E+07   1.7230953E+07   1.7245759E+07   0.0000000E+00   0.0000000E+00   0.0000000E+00   0.0000000E+00   0.0000000E+00
   2.1278120E-03   1.7194938E+07   1.7194938E+07   2.3027252E+05   7.3003303E+02   1.4149085E+07   1.7179035E+07   1.7194938E+07   0.0000000E+00   0.0000000E+00   0.0000000E+00   0.0000000E+00   0.0000000E+00
   2.2865635E-03   1.7139141E+07   1.7139141E+07   1.6115558E+05   6.6464653E+02   1.3831062E+07   1.7122129E+07   1.7139141E+07   0.0000000E+00   0.0000000E+00   0.0000000E+00   0.0000000E+00   0.0000000E+00
   2.4571590E-03   1.7078016E+07   1.7078016E+07   1.3401222E+05   6.0429389E+02   1.3525173E+07   1.7059884E+07   1.7078016E+07   0.0000000E+00   0.0000000E+00   0.0000000E+00   0.0000000E+00   0.0000000E+00
   2.6404823E-03   1.7011198E+07   1.7011198E+07   1.3482167E+05   5.5273282E+02   1.3159287E+07   1.6991931E+07   1.7011198E+07   0.0000000E+00   0.0000000E+00   0.0000000E+00   0.0000000E+00   0.0000000E+00
   2.8374830E-03   1.6938305E+07   1.6938305E+07   1.1466536E+05   5.0776915E+02   1.2747528E+07   1.6917884E+07   1.6938305E+07   0.0000000E+00   0.0000000E+00   0.0000000E+00   0.0000000E+00   0.0000000E+00
   3.0491814E-03   1.6858936E+07   1.6858936E+07   7.9280787E+04   4.6475417E+02   1.2368308E+07   1.6837340E+07   1.6858936E+07   0.0000000E+00   0.0000000E+00   0.0000000E+00   0.0000000E+00   0.0000000E+00
   3.2766742E-03   1.6772680E+07   1.6772680E+07   6.9531302E+04   4.2446845E+02   1.1995377E+07   1.6749886E+07   1.6772680E+07   0.0000000E+00   0.0000000E+00   0.0000000E+00   0.0000000E+00   0.0000000E+00
   3.5211398E-03   1.6679112E+07   1.6679112E+07   6.4628560E+04   3.8885379E+02   1.1563571E+07   1.6655103E+07   1.6679112E+07   0.0000000E+00   0.0000000E+00   0.0000000E+00   0.0000000E+00   0.0000000E+00
   3.7838443E-03   1.6577794E+07   1.6577794E+07   4.5154327E+04   3.5537997E+02   1.1141224E+07   1.6552554E+07   1.6577794E+07   0.0000000E+00   0.0000000E+00   0.0000000E+00   0.0000000E+00   0.0000000E+00
   4.0661488E-03   1.6468276E+07   1.6468276E+07   4.3211532E+04   3.2412543E+02   1.0719447E+07   1.6441797E+07   1.6468276E+07   0.0000000E+00   0.0000000E+00   0.0000000E+00   0.0000000E+00   0.0000000E+00
   4.3695153E-03   1.6350102E+07   1.6350102E+07   3.4963487E+04   2.9600389E+02   1.0251246E+07   1.6322381E+07   1.6350102E+07   0.0000000E+00   0.0000000E+00   0.0000000E+00   0.0000000E+00   0.0000000E+00
   4.6955153E-03   1.6222805E+07   1.6222805E+07   2.6105077E+04   2.6906802E+02   9.8204353E+06   1.6193852E+07   1.6222805E+07   0.0000000E+00   0.0000000E+00   0.0000000E+00   0.0000000E+00   0.0000000E+00
   5.0458375E-03   1.6085920E+07   1.6085920E+07   2.6102798E+04   2.4459487E+02   9.3486797E+06   1.6055765E+07   1.6085920E+07   0.0000000E+00   0.0000000E+00   0.0000000E+00   0.0000000E+00   0.0000000E+00
   5.4222965E-03   1.5938984E+07   1.5938984E+07   1.7955910E+04   2.2154582E+02   8.9045535E+06   1.5907672E+07   1.5938984E+07   0.0000000E+00   0.0000000E+00   0.0000000E+00   0.0000000E+00   0.0000000E+00
   5.8268423E-03   1.5781541E+07   1.5781541E+07   1.7213837E+04   2.0058726E+02   8.4400651E+06   1.5749119E+07   1.5781541E+07   0.0000000E+00   0.0000000E+00   0.0000000E+00   0.0000000E+00   0.0000000E+00
   6.2615703E-03   1.5613130E+07   1.5613130E+07   1.3850972E+04   1.8114520E+02   7.9950536E+06   1.5579637E+07   1.5613130E+07   0.0000000E+00   0.0000000E+00   0.0000000E+00   0.0000000E+00   0.0000000E+00
   6.7287325E-03   1.5433285E+07   1.5433285E+07   1.0236297E+04   1.6334372E+02   7.5281851E+06   1.5398762E+07   1.5433285E+07   0.0000000E+00   0.0000000E+00   0.0000000E+00   0.0000000E+00   0.0000000E+00
   7.2307486E-03   1.5241531E+07   1.5241531E+07   1.0622461E+04   1.4672637E+02   7.0768888E+06   1.5206047E+07   1.5241531E+07   0.0000000E+00   0.0000000E+00   0.0000000E+00   0.0000000E+00   0.0000000E+00
   7.7702191E-03   1.5037404E+07   1.5037404E+07   7.9321247E+03   1.3145118E+02   6.6403354E+06   1.5001048E+07   1.5037404E+07   0.0000000E+00   0.0000000E+00   0.0000000E+00   0.0000000E+00   0.0000000E+00
   8.3499382E-03   1.4820453E+07   1.4820453E+07   5.9335594E+03   1.1756528E+02   6.2023732E+06   1.4783310E+07   1.4820453E+07   0.0000000E+00   0.0000000E+00   0.0000000E+00   0.0000000E+00   0.0000000E+00
   8.9729090E-03   1.4590234E+07   1.4590234E+07   4.9135889E+03   1.0483152E+02   5.7716873E+06   1.4552389E+07   1.4590234E+07   0.0000000E+00   0.0000000E+00   0.0000000E+00   0.0000000E+00   0.0000000E+00
   9.6423582E-03   1.4346304E+07   1.4346304E+07   4.4224023E+03   9.3179973E+01   5.3542489E+06   1.4307857E+07   1.4346304E+07   0.0000000E+00   0.0000000E+00   0.0000000E+00   0.0000000E+00   0.0000000E+00
   1.0361754E-02   1.4088222E+07   1.4088222E+07   3.8016692E+03   8.2570154E+01   4.9524385E+06   1.4049285E+07   1.4088222E+07   0.0000000E+00   0.0000000E+00   0.0000000E+00   0.0000000E+00   0.0000000E+00
   1.1134822E-02   1.3815570E+07   1.3815570E+07   3.0340480E+03   7.2949673E+01   4.5639311E+06   1.3776254E+07   1.3815570E+07   0.0000000E+00   0.0000000E+00   0.0000000E+00   0.0000000E+00   0.0000000E+00
   1.1965566E-02   1.3527949E+07   1.3527949E+07   2.3627820E+03   6.4233622E+01   4.1902637E+06   1.3488372E+07   1.3527949E+07   0.0000000E+00   0.0000000E+00   0.0000000E+00   0.0000000E+00   0.0000000E+00
   1.2858291E-02   1.3224987E+07   1.3224987E+07   1.9912241E+03   5.6360907E+01   3.8354715E+06   1.3185279E+07   1.3224987E+07   0.0000000E+00   0.0000000E+00   0.0000000E+00   0.0000000E+00   0.0000000E+00
   1.3817621E-02   1.2906357E+07   1.2906357E+07   1.9500119E+03   4.9299914E+01   3.4936525E+06   1.2866643E+07   1.2906357E+07   0.0000000E+00   0.0000000E+00   0.0000000E+00   0.0000000E+00   0.0000000E+00
   1.4848523E-02   1.2571796E+07   1.2571796E+07   1.4958566E+03   4.2961330E+01   3.1677237E+06   1.2532212E+07   1.2571796E+07   0.0000000E+00   0.0000000E+00   0.0000000E+00   0.0000000E+00   0.0000000E+00
   1.5956339E-02   1.2221129E+07   1.2221129E+07   1.2422253E+03   3.7299319E+01   2.8642077E+06   1.2181809E+07   1.2221129E+07   0.0000000E+00   0.0000000E+00   0.0000000E+00   0.0000000E+00   0.0000000E+00
   1.7146807E-02   1.1854309E+07   1.1854309E+07   1.0000970E+03   3.2261141E+01   2.5752724E+06   1.1815391E+07   1.1854309E+07   0.0000000E+00   0.0000000E+00   0.0000000E+00   0.0000000E+00   0.0000000E+00
   1.8426093E-02   1.1471463E+07   1.1471463E+07   8.7297763E+02   2.7793942E+01   2.3064426E+06   1.1433085E+07   1.1471463E+07   0.0000000E+00   0.0000000E+00   0.0000000E+00   0.0000000E+00   0.0000000E+00
   1.9800824E-02   1.1072950E+07   1.1072950E+07   6.9867250E+02   2.3844250E+01   2.0561970E+06   1.1035248E+07   1.1072950E+07   0.0000000E+00   0.0000000E+00   0.0000000E+00   0.0000000E+00   0.0000000E+00
   2.1278120E-02   1.0659437E+07   1.0659437E+07   5.6197146E+02   2.0371605E+01   1.8237928E+06   1.0622543E+07   1.0659437E+07   0.0000000E+00   0.0000000E+00   0.0000000E+00   0.0000000E+00   0.0000000E+00
   2.2865631E-02   1.0231978E+07   1.0231978E+07   4.4748508E+02   1.7329293E+01   1.6101397E+06   1.0196021E+07   1.0231978E+07   0.0000000E+00   0.0000000E+00   0.0000000E+00   0.0000000E+00   0.0000000E+00
   2.4571565E-02   9.7921174E+06   9.7921174E+06   3.9803540E+02   1.4675167E+01   1.4147228E+06   9.7572171E+06   9.7921174E+06   0.0000000E+00   0.0000000E+00   0.0000000E+00   0.0000000E+00   0.0000000E+00
   2.6404692E-02   9.3419905E+06   9.3419905E+06   3.1166626E+02   1.2372593E+01   1.2351737E+06   9.3082564E+06   9.3419905E+06   0.0000000E+00   0.0000000E+00   0.0000000E+00   0.0000000E+00   0.0000000E+00
   2.8374245E-02   8.8844455E+06   8.8844455E+06   2.8054523E+02   1.0384497E+01   1.0743216E+06   8.8519741E+06   8.8844455E+06   0.0000000E+00   0.0000000E+00   0.0000000E+00   0.0000000E+00   0.0000000E+00
   3.0489525E-02   8.4231847E+06   8.4231847E+06   2.1503745E+02   8.6784952E+00   9.2943417E+05   8.3920546E+06   8.4231847E+06   0.0000000E+00   0.0000000E+00   0.0000000E+00   0.0000000E+00   0.0000000E+00
   3.2758850E-02   7.9629455E+06   7.9629455E+06   1.7891375E+02   7.2244091E+00   8.0011554E+05   7.9332138E+06   7.9629455E+06   0.0000000E+00   0.0000000E+00   0.0000000E+00   0.0000000E+00   0.0000000E+00
   3.5187232E-02   7.5097085E+06   7.5097085E+06   1.4820343E+02   5.9954696E+00   6.8577038E+05   7.4814053E+06   7.5097085E+06   0.0000000E+00   0.0000000E+00   0.0000000E+00   0.0000000E+00   0.0000000E+00
   3.7772364E-02   7.0708072E+06   7.0708072E+06   1.0257321E+02   4.9672301E+00   5.8682470E+05   7.0439300E+06   7.0708072E+06   0.0000000E+00   0.0000000E+00   0.0000000E+00   0.0000000E+00   0.0000000E+00
   4.0499557E-02   6.6546214E+06   6.6546214E+06   9.1629836E+01   4.1181487E+00   5.0128486E+05   6.6291310E+06   6.6546214E+06   0.0000000E+00   0.0000000E+00   0.0000000E+00   0.0000000E+00   0.0000000E+00
   4.3338599E-02   6.2694440E+06   6.2694440E+06   8.2097026E+01   3.4265292E+00   4.2957569E+05   6.2452638E+06   6.2694440E+06   0.0000000E+00   0.0000000E+00   0.0000000E+00   0.0000000E+00   0.0000000E+00
   4.6247061E-02   5.9215358E+06   5.9215358E+06   6.7564941E+01   2.8705076E+00   3.6997012E+05   5.8985590E+06   5.9215358E+06   0.0000000E+00   0.0000000E+00   0.0000000E+00   0.0000000E+00   0.0000000E+00
   4.9181026E-02   5.6133266E+06   5.6133266E+06   5.4923769E+01   2.4270400E+00   3.2093417E+05   5.5914306E+06   5.6133266E+06   0.0000000E+00   0.0000000E+00   0.0000000E+00   0.0000000E+00   0.0000000E+00
   5.2107001E-02   5.3430307E+06   5.3430307E+06   4.4493168E+01   2.0735395E+00   2.8071657E+05   5.3220935E+06   5.3430307E+06   0.0000000E+00   0.0000000E+00   0.0000000E+00   0.0000000E+00   0.0000000E+00
   5.5007334E-02   5.1058236E+06   5.1058236E+06   3.6172974E+01   1.7897265E+00   2.4752558E+05   5.0857362E+06   5.1058236E+06   0.0000000E+00   0.0000000E+00   0.0000000E+00   0.0000000E+00   0.0000000E+00
   5.7878298E-02   4.8955469E+06   4.8955469E+06   3.1249491E+01   1.5589157E+00   2.1985426E+05   4.8762196E+06   4.8955469E+06   0.0000000E+00   0.0000000E+00   0.0000000E+00   0.0000000E+00   0.0000000E+00
   6.0725077E-02   4.7060103E+06   4.7060103E+06   2.8328343E+01   1.3682582E+00   1.9654323E+05   4.6873742E+06   4.7060103E+06   0.0000000E+00   0.0000000E+00   0.0000000E+00   0.0000000E+00   0.0000000E+00
   6.3557279E-02   4.5316759E+06   4.5316759E+06   2.4178394E+01   1.2082493E+00   1.7658009E+05   4.5136811E+06   4.5316759E+06   0.0000000E+00   0.0000000E+00   0.0000000E+00   0.0000000E+00   0.0000000E+00
   6.6386061E-02   4.3679109E+06   4.3679109E+06   1.9837468E+01   1.0719002E+00   1.5913372E+05   4.3505238E+06   4.3679109E+06   0.0000000E+00   0.0000000E+00   0.0000000E+00   0.0000000E+00   0.0000000E+00
   6.9222620E-02   4.2110282E+06   4.2110282E+06   1.7731416E+01   9.5407688E-01   1.4370109E+05   4.1942285E+06   4.2110282E+06   0.0000000E+00   0.0000000E+00   0.0000000E+00   0.0000000E+00   0.0000000E+00
   7.2077532E-02   4.0582498E+06   4.0582498E+06   1.7221948E+01   8.5107530E-01   1.2999099E+05   4.0420269E+06   4.0582498E+06   0.0000000E+00   0.0000000E+00   0.0000000E+00   0.0000000E+00   0.0000000E+00
   7.4960545E-02   3.9076499E+06   3.9076499E+06   1.6340715E+01   7.6019809E-01   1.1771860E+05   3.8920001E+06   3.9076499E+06   0.0000000E+00   0.0000000E+00   0.0000000E+00   0.0000000E+00   0.0000000E+00
   7.7880577E-02   3.7580962E+06   3.7580962E+06   1.4752358E+01   6.7944633E-01   1.0660807E+05   3.7430198E+06   3.7580962E+06   0.0000000E+00   0.0000000E+00   0.0000000E+00   0.0000000E+00   0.0000000E+00
   8.0845801E-02   3.6091882E+06   3.6091882E+06   1.3091536E+01   6.0734667E-01   9.6480357E+04   3.5946864E+06   3.6091882E+06   0.0000000E+00   0.0000000E+00   0.0000000E+00   0.0000000E+00   0.0000000E+00
   8.3863765E-02   3.4611831E+06   3.4611831E+06   1.1616007E+01   5.4281781E-01   8.7237426E+04   3.4472556E+06   3.4611831E+06   0.0000000E+00   0.0000000E+00   0.0000000E+00   0.0000000E+00   0.0000000E+00
   8.6941504E-02   3.3149010E+06   3.3149010E+06   9.9899856E+00   4.8504129E-01   7.8809651E+04   3.3015441E+06   3.3149010E+06   0.0000000E+00   0.0000000E+00   0.0000000E+00   0.0000000E+00   0.0000000E+00
   9.0085644E-02   3.1716027E+06   3.1716027E+06   7.8823098E+00   4.3335879E-01   7.1189825E+04   3.1588069E+06   3.1716027E+06   0.0000000E+00   0.0000000E+00   0.0000000E+00   0.0000000E+00   0.0000000E+00
   9.3302491E-02   3.0328349E+06   3.0328349E+06   7.1083750E+00   3.8724966E-01   6.4368527E+04   3.0205844E+06   3.0328349E+06   0.0000000E+00   0.0000000E+00   0.0000000E+00   0.0000000E+00   0.0000000E+00
   9.6598108E-02   2.9002461E+06   2.9002461E+06   6.7709791E+00   3.4627108E-01   5.8127142E+04   2.8885181E+06   2.9002461E+06   0.0000000E+00   0.0000000E+00   0.0000000E+00   0.0000000E+00   0.0000000E+00
   9.9978377E-02   2.7753802E+06   2.7753802E+06   5.9446737E+00   3.0998215E-01   5.2579930E+04   2.7641454E+06   2.7753802E+06   0.0000000E+00   0.0000000E+00   0.0000000E+00   0.0000000E+00   0.0000000E+00
   1.0344905E-01   2.6594641E+06   2.6594641E+06   5.4021828E+00   2.7797280E-01   4.7657148E+04   2.6486880E+06   2.6594641E+06   0.0000000E+00   0.0000000E+00   0.0000000E+00   0.0000000E+00   0.0000000E+00
   1.0701578E-01   2.5532078E+06   2.5532078E+06   4.4328297E+00   2.4980448E-01   4.3262476E+04   2.5428526E+06   2.5532078E+06   0.0000000E+00   0.0000000E+00   0.0000000E+00   0.0000000E+00   0.0000000E+00
   1.1068419E-01   2.4566482E+06   2.4566482E+06   3.8770717E+00   2.2503865E-01   3.9355423E+04   2.4466759E+06   2.4566482E+06   0.0000000E+00   0.0000000E+00   0.0000000E+00   0.0000000E+00   0.0000000E+00
   1.1445985E-01   2.3690625E+06   2.3690625E+06   3.5963691E+00   2.0321491E-01   3.5899832E+04   2.3594378E+06   2.3690625E+06   0.0000000E+00   0.0000000E+00   0.0000000E+00   0.0000000E+00   0.0000000E+00
   1.1834833E-01   2.2889805E+06   2.2889805E+06   3.6222685E+00   1.8388387E-01   3.2803129E+04   2.2796738E+06   2.2889805E+06   0.0000000E+00   0.0000000E+00   0.0000000E+00   0.0000000E+00   0.0000000E+00
   1.2235524E-01   2.2143121E+06   2.2143121E+06   3.1244214E+00   1.6661954E-01   2.9971674E+04   2.2053024E+06   2.2143121E+06   0.0000000E+00   0.0000000E+00   0.0000000E+00   0.0000000E+00   0.0000000E+00
   1.2648617E-01   2.1425961E+06   2.1425961E+06   2.8680878E+00   1.5102945E-01   2.7463405E+04   2.1338722E+06   2.1425961E+06   0.0000000E+00   0.0000000E+00   0.0000000E+00   0.0000000E+00   0.0000000E+00
   1.3074679E-01   2.0713482E+06   2.0713482E+06   2.3706898E+00   1.3679596E-01   2.5092809E+04   2.0629088E+06   2.0713482E+06   0.0000000E+00   0.0000000E+00   0.0000000E+00   0.0000000E+00   0.0000000E+00
   1.3514280E-01   1.9984659E+06   1.9984659E+06   2.2257840E+00   1.2367291E-01   2.2888706E+04   1.9903183E+06   1.9984659E+06   0.0000000E+00   0.0000000E+00   0.0000000E+00   0.0000000E+00   0.0000000E+00
   1.3967995E-01   1.9226200E+06   1.9226200E+06   2.1007551E+00   1.1150447E-01   2.0826245E+04   1.9147771E+06   1.9226200E+06   0.0000000E+00   0.0000000E+00   0.0000000E+00   0.0000000E+00   0.0000000E+00
   1.4436408E-01   1.8435487E+06   1.8435487E+06   1.7971253E+00   1.0021386E-01   1.8868002E+04   1.8360241E+06   1.8435487E+06   0.0000000E+00   0.0000000E+00   0.0000000E+00   0.0000000E+00   0.0000000E+00
   1.4920106E-01   1.7621656E+06   1.7621656E+06   1.7217871E+00   8.9790213E-02   1.7070816E+04   1.7549693E+06   1.7621656E+06   0.0000000E+00   0.0000000E+00   0.0000000E+00   0.0000000E+00   0.0000000E+00
   1.5419686E-01   1.6804221E+06   1.6804221E+06   1.3776867E+00   8.0265263E-02   1.5382844E+04   1.6735563E+06   1.6804221E+06   0.0000000E+00   0.0000000E+00   0.0000000E+00   0.0000000E+00   0.0000000E+00
   1.5935752E-01   1.6009074E+06   1.6009074E+06   1.2219528E+00   7.1678515E-02   1.3848469E+04   1.5943633E+06   1.6009074E+06   0.0000000E+00   0.0000000E+00   0.0000000E+00   0.0000000E+00   0.0000000E+00
   1.6468916E-01   1.5262403E+06   1.5262403E+06   1.1298572E+00   6.4050173E-02   1.2486731E+04   1.5199987E+06   1.5262403E+06   0.0000000E+00   0.0000000E+00   0.0000000E+00   0.0000000E+00   0.0000000E+00
   1.7019799E-01   1.4583839E+06   1.4583839E+06   1.1036745E+00   5.7356711E-02   1.1268561E+04   1.4524173E+06   1.4583839E+06   0.0000000E+00   0.0000000E+00   0.0000000E+00   0.0000000E+00   0.0000000E+00
   1.7589034E-01   1.3980656E+06   1.3980656E+06   9.2997924E-01   5.1520250E-02   1.0212386E+04   1.3923435E+06   1.3980656E+06   0.0000000E+00   0.0000000E+00   0.0000000E+00   0.0000000E+00   0.0000000E+00
   1.8177263E-01   1.3445017E+06   1.3445017E+06   8.7198101E-01   4.6418835E-02   9.2767343E+03   1.3389967E+06   1.3445017E+06   0.0000000E+00   0.0000000E+00   0.0000000E+00   0.0000000E+00   0.0000000E+00
   1.8785142E-01   1.2955647E+06   1.2955647E+06   7.4838748E-01   4.1901832E-02   8.4433729E+03   1.2902582E+06   1.2955647E+06   0.0000000E+00   0.0000000E+00   0.0000000E+00   0.0000000E+00   0.0000000E+00
   1.9413340E-01   1.2484091E+06   1.2484091E+06   6.8679646E-01   3.7823996E-02   7.6968481E+03   1.2432940E+06   1.2484091E+06   0.0000000E+00   0.0000000E+00   0.0000000E+00   0.0000000E+00   0.0000000E+00
   2.0062543E-01   1.2003992E+06   1.2003992E+06   5.8741389E-01   3.4072205E-02   6.9877990E+03   1.1954792E+06   1.2003992E+06   0.0000000E+00   0.0000000E+00   0.0000000E+00   0.0000000E+00   0.0000000E+00
   2.0733455E-01   1.1500335E+06   1.1500335E+06   5.2830270E-01   3.0583583E-02   6.3254769E+03   1.1453185E+06   1.1500335E+06   0.0000000E+00   0.0000000E+00   0.0000000E+00   0.0000000E+00   0.0000000E+00
   2.1426804E-01   1.0974955E+06   1.0974955E+06   4.9437299E-01   2.7347580E-02   5.7048346E+03   1.0929946E+06   1.0974955E+06   0.0000000E+00   0.0000000E+00   0.0000000E+00   0.0000000E+00   0.0000000E+00
   2.2143341E-01   1.0445535E+06   1.0445535E+06   4.5072760E-01   2.4389093E-02   5.1300487E+03   1.0402686E+06   1.0445535E+06   0.0000000E+00   0.0000000E+00   0.0000000E+00   0.0000000E+00   0.0000000E+00
   2.2883845E-01   9.9377614E+05   9.9377614E+05   4.0675790E-01   2.1740915E-02   4.6117800E+03   9.8969850E+05   9.9377614E+05   0.0000000E+00   0.0000000E+00   0.0000000E+00   0.0000000E+00   0.0000000E+00
   2.3649132E-01   9.4735262E+05   9.4735262E+05   3.5297572E-01   1.9416599E-02   4.1508709E+03   9.4346453E+05   9.4735262E+05   0.0000000E+00   0.0000000E+00   0.0000000E+00   0.0000000E+00   0.0000000E+00
   2.4440056E-01   9.0605566E+05   9.0605566E+05   3.1917034E-01   1.7394748E-02   3.7543216E+03   9.0233621E+05   9.0605566E+05   0.0000000E+00   0.0000000E+00   0.0000000E+00   0.0000000E+00   0.0000000E+00
   2.5257515E-01   8.6889081E+05   8.6889081E+05   2.8114120E-01   1.5623724E-02   3.4015955E+03   8.6532317E+05   8.6889081E+05   0.0000000E+00   0.0000000E+00   0.0000000E+00   0.0000000E+00   0.0000000E+00
   2.6102464E-01   8.3367565E+05   8.3367565E+05   2.4913998E-01   1.4039640E-02   3.0841939E+03   8.3025191E+05   8.3367565E+05   0.0000000E+00   0.0000000E+00   0.0000000E+00   0.0000000E+00   0.0000000E+00
   2.6975914E-01   7.9828238E+05   7.9828238E+05   2.1956346E-01   1.2591435E-02   2.7900760E+03   7.9500337E+05   7.9828238E+05   0.0000000E+00   0.0000000E+00   0.0000000E+00   0.0000000E+00   0.0000000E+00
   2.7878951E-01   7.6183869E+05   7.6183869E+05   1.9740451E-01   1.1255469E-02   2.5177446E+03   7.5870880E+05   7.6183869E+05   0.0000000E+00   0.0000000E+00   0.0000000E+00   0.0000000E+00   0.0000000E+00
   2.8812741E-01   7.2512990E+05   7.2512990E+05   1.8251138E-01   1.0034728E-02   2.2638449E+03   7.2215032E+05   7.2512990E+05   0.0000000E+00   0.0000000E+00   0.0000000E+00   0.0000000E+00   0.0000000E+00
   2.9778544E-01   6.8990856E+05   6.8990856E+05   1.5913477E-01   8.9418324E-03   2.0366901E+03   6.8707325E+05   6.8990856E+05   0.0000000E+00   0.0000000E+00   0.0000000E+00   0.0000000E+00   0.0000000E+00
   3.0777729E-01   6.5756694E+05   6.5756694E+05   1.4526272E-01   7.9809901E-03   1.8351571E+03   6.5486414E+05   6.5756694E+05   0.0000000E+00   0.0000000E+00   0.0000000E+00   0.0000000E+00   0.0000000E+00
   3.1811789E-01   6.2813879E+05   6.2813879E+05   1.2968541E-01   7.1378897E-03   1.6578210E+03   6.2555658E+05   6.2813879E+05   0.0000000E+00   0.0000000E+00   0.0000000E+00   0.0000000E+00   0.0000000E+00
   3.2882365E-01   6.0040165E+05   6.0040165E+05   1.1321763E-01   6.3869725E-03   1.4981119E+03   5.9793313E+05   6.0040165E+05   0.0000000E+00   0.0000000E+00   0.0000000E+00   0.0000000E+00   0.0000000E+00
   3.3991261E-01   5.7298450E+05   5.7298450E+05   1.0180813E-01   5.7055545E-03   1.3525642E+03   5.7062841E+05   5.7298450E+05   0.0000000E+00   0.0000000E+00   0.0000000E+00   0.0000000E+00   0.0000000E+00
   3.5140479E-01   5.4550783E+05   5.4550783E+05   9.0321797E-02   5.0839699E-03   1.2175423E+03   5.4326445E+05   5.4550783E+05   0.0000000E+00   0.0000000E+00   0.0000000E+00   0.0000000E+00   0.0000000E+00
   3.6332245E-01   5.1872383E+05   5.1872383E+05   8.0308340E-02   4.5237585E-03   1.0951538E+03   5.1659036E+05   5.1872383E+05   0.0000000E+00   0.0000000E+00   0.0000000E+00   0.0000000E+00   0.0000000E+00
   3.7569047E-01   4.9356978E+05   4.9356978E+05   7.1608330E-02   4.0265422E-03   9.8626079E+02   4.9153955E+05   4.9356978E+05   0.0000000E+00   0.0000000E+00   0.0000000E+00   0.0000000E+00   0.0000000E+00
   3.8853683E-01   4.7015194E+05   4.7015194E+05   6.3755167E-02   3.5868283E-03   8.8857950E+02   4.6821784E+05   4.7015194E+05   0.0000000E+00   0.0000000E+00   0.0000000E+00   0.0000000E+00   0.0000000E+00
   4.0189313E-01   4.4774572E+05   4.4774572E+05   5.6611454E-02   3.1931404E-03   8.0049080E+02   4.4590362E+05   4.4774572E+05   0.0000000E+00   0.0000000E+00   0.0000000E+00   0.0000000E+00   0.0000000E+00
   4.1579526E-01   4.2572601E+05   4.2572601E+05   5.0457580E-02   2.8370649E-03   7.2058370E+02   4.2397435E+05   4.2572601E+05   0.0000000E+00   0.0000000E+00   0.0000000E+00   0.0000000E+00   0.0000000E+00
   4.3028419E-01   4.0423032E+05   4.0423032E+05   4.4464974E-02   2.5160119E-03   6.4718204E+02   4.0256696E+05   4.0423032E+05   0.0000000E+00   0.0000000E+00   0.0000000E+00   0.0000000E+00   0.0000000E+00
   4.4540702E-01   3.8375056E+05   3.8375056E+05   3.9526432E-02   2.2294300E-03   5.8142225E+02   3.8217134E+05   3.8375056E+05   0.0000000E+00   0.0000000E+00   0.0000000E+00   0.0000000E+00   0.0000000E+00
   4.6121818E-01   3.6433354E+05   3.6433354E+05   3.4922327E-02   1.9742804E-03   5.2224899E+02   3.6283411E+05   3.6433354E+05   0.0000000E+00   0.0000000E+00   0.0000000E+00   0.0000000E+00   0.0000000E+00
   4.7778103E-01   3.4557521E+05   3.4557521E+05   3.0982732E-02   1.7453548E-03   4.6854752E+02   3.4415288E+05   3.4557521E+05   0.0000000E+00   0.0000000E+00   0.0000000E+00   0.0000000E+00   0.0000000E+00
   4.9516981E-01   3.2728967E+05   3.2728967E+05   2.7270253E-02   1.5392018E-03   4.1972533E+02   3.2594251E+05   3.2728967E+05   0.0000000E+00   0.0000000E+00   0.0000000E+00   0.0000000E+00   0.0000000E+00
   5.1347216E-01   3.0966816E+05   3.0966816E+05   2.3965455E-02   1.3545342E-03   3.7557630E+02   3.0839344E+05   3.0966816E+05   0.0000000E+00   0.0000000E+00   0.0000000E+00   0.0000000E+00   0.0000000E+00
   5.3279235E-01   2.9276146E+05   2.9276146E+05   2.1064947E-02   1.1895442E-03   3.3571235E+02   2.9155627E+05   2.9276146E+05   0.0000000E+00   0.0000000E+00   0.0000000E+00   0.0000000E+00   0.0000000E+00
   5.5325541E-01   2.7636408E+05   2.7636408E+05   1.8416033E-02   1.0415459E-03   2.9942515E+02   2.7522632E+05   2.7636408E+05   0.0000000E+00   0.0000000E+00   0.0000000E+00   0.0000000E+00   0.0000000E+00
   5.7501246E-01   2.6041985E+05   2.6041985E+05   1.6078797E-02   9.0869698E-04   2.6649420E+02   2.5934767E+05   2.6041985E+05   0.0000000E+00   0.0000000E+00   0.0000000E+00   0.0000000E+00   0.0000000E+00
   5.9824758E-01   2.4498605E+05   2.4498605E+05   1.3958856E-02   7.8982642E-04   2.3665051E+02   2.4397736E+05   2.4498605E+05   0.0000000E+00   0.0000000E+00   0.0000000E+00   0.0000000E+00   0.0000000E+00
   6.2318663E-01   2.2997243E+05   2.2997243E+05   1.2073185E-02   6.8334488E-04   2.0960157E+02   2.2902551E+05   2.2997243E+05   0.0000000E+00   0.0000000E+00   0.0000000E+00   0.0000000E+00   0.0000000E+00
   6.5010837E-01   2.1531907E+05   2.1531907E+05   1.0388427E-02   5.8797921E-04   1.8496688E+02   2.1443244E+05   2.1531907E+05   0.0000000E+00   0.0000000E+00   0.0000000E+00   0.0000000E+00   0.0000000E+00
   6.7935802E-01   2.0102096E+05   2.0102096E+05   8.8772715E-03   5.0273585E-04   1.6257785E+02   2.0019316E+05   2.0102096E+05   0.0000000E+00   0.0000000E+00   0.0000000E+00   0.0000000E+00   0.0000000E+00
   7.1136278E-01   1.8701800E+05   1.8701800E+05   7.5315953E-03   4.2662274E-04   1.4219080E+02   1.8624784E+05   1.8701800E+05   0.0000000E+00   0.0000000E+00   0.0000000E+00   0.0000000E+00   0.0000000E+00
   7.4664714E-01   1.7329205E+05   1.7329205E+05   6.3328744E-03   3.5886685E-04   1.2371394E+02   1.7257838E+05   1.7329205E+05   0.0000000E+00   0.0000000E+00   0.0000000E+00   0.0000000E+00   0.0000000E+00
   7.8584249E-01   1.5982347E+05   1.5982347E+05   5.2705772E-03   2.9881188E-04   1.0696353E+02   1.5916523E+05   1.5982347E+05   0.0000000E+00   0.0000000E+00   0.0000000E+00   0.0000000E+00   0.0000000E+00
   8.2968027E-01   1.4662140E+05   1.4662140E+05   4.3432135E-03   2.4594952E-04   9.1824488E+01   1.4601752E+05   1.4662140E+05   0.0000000E+00   0.0000000E+00   0.0000000E+00   0.0000000E+00   0.0000000E+00
   8.7895158E-01   1.3372730E+05   1.3372730E+05   3.5262838E-03   1.9989636E-04   7.8264468E+01   1.3317650E+05   1.3372730E+05   0.0000000E+00   0.0000000E+00   0.0000000E+00   0.0000000E+00   0.0000000E+00
   9.3441786E-01   1.2123105E+05   1.2123105E+05   2.8259696E-03   1.6035585E-04   6.6244728E+01   1.2073170E+05   1.2123105E+05   0.0000000E+00   0.0000000E+00   0.0000000E+00   0.0000000E+00   0.0000000E+00
   9.9668079E-01   1.0926739E+05   1.0926739E+05   2.2376906E-03   1.2704813E-04   5.5749402E+01   1.0881731E+05   1.0926739E+05   0.0000000E+00   0.0000000E+00   0.0000000E+00   0.0000000E+00   0.0000000E+00
   1.0660714E+00   9.7991234E+04   9.7991234E+04   1.7534980E-03   9.9595060E-05   4.6740070E+01   9.7587586E+04   9.7991234E+04   0.0000000E+00   0.0000000E+00   0.0000000E+00   0.0000000E+00   0.0000000E+00
   1.1426490E+00   8.7537586E+04   8.7537586E+04   1.3637917E-03   7.7451489E-05   3.9120176E+01   8.7176989E+04   8.7537586E+04   0.0000000E+00   0.0000000E+00   0.0000000E+00   0.0000000E+00   0.0000000E+00
   1.2263359E+00   7.7989475E+04   7.7989475E+04   1.0525853E-03   5.9911183E-05   3.2764074E+01   7.7668201E+04   7.7989475E+04   0.0000000E+00   0.0000000E+00   0.0000000E+00   0.0000000E+00   0.0000000E+00
   1.3170988E+00   6.9364505E+04   6.9364505E+04   8.1293809E-04   4.6197903E-05   2.7504854E+01   6.9078756E+04   6.9364505E+04   0.0000000E+00   0.0000000E+00   0.0000000E+00   0.0000000E+00   0.0000000E+00
   1.4150623E+00   6.1625637E+04   6.1625637E+04   6.2543783E-04   3.5559999E-05   2.3165169E+01   6.1371763E+04   6.1625637E+04   0.0000000E+00   0.0000000E+00   0.0000000E+00   0.0000000E+00   0.0000000E+00
   1.5205267E+00   5.4709420E+04   5.4709420E+04   4.8074029E-04   2.7343597E-05   1.9582726E+01   5.4484034E+04   5.4709420E+04   0.0000000E+00   0.0000000E+00   0.0000000E+00   0.0000000E+00   0.0000000E+00
   1.6339346E+00   4.8541180E+04   4.8541180E+04   3.6892555E-04   2.1011224E-05   1.6614849E+01   4.8341203E+04   4.8541180E+04   0.0000000E+00   0.0000000E+00   0.0000000E+00   0.0000000E+00   0.0000000E+00
   1.7558291E+00   4.3046303E+04   4.3046303E+04   2.8363414E-04   1.6136562E-05   1.4149013E+01   4.2868961E+04   4.3046303E+04   0.0000000E+00   0.0000000E+00   0.0000000E+00   0.0000000E+00   0.0000000E+00
   1.8868253E+00   3.8155455E+04   3.8155455E+04   2.1762489E-04   1.2386933E-05   1.2090625E+01   3.7998261E+04   3.8155455E+04   0.0000000E+00   0.0000000E+00   0.0000000E+00   0.0000000E+00   0.0000000E+00
   2.0275967E+00   3.3804894E+04   3.3804894E+04   1.6693374E-04   9.5042175E-06   1.0365425E+01   3.3665622E+04   3.3804894E+04   0.0000000E+00   0.0000000E+00   0.0000000E+00   0.0000000E+00   0.0000000E+00
   2.1788712E+00   2.9937274E+04   2.9937274E+04   1.2800077E-04   7.2892508E-06   8.9135675E+00   2.9813935E+04   2.9937274E+04   0.0000000E+00   0.0000000E+00   0.0000000E+00   0.0000000E+00   0.0000000E+00
   2.3414321E+00   2.6500945E+04   2.6500945E+04   9.8020815E-05   5.5881442E-06   7.6853528E+00   2.6391763E+04   2.6500945E+04   0.0000000E+00   0.0000000E+00   0.0000000E+00   0.0000000E+00   0.0000000E+00
   2.5161212E+00   2.3449393E+04   2.3449393E+04   7.5260562E-05   4.2823093E-06   6.6426144E+00   2.3352782E+04   2.3449393E+04   0.0000000E+00   0.0000000E+00   0.0000000E+00   0.0000000E+00   0.0000000E+00
   2.7038436E+00   2.0740978E+04   2.0740978E+04   5.7591043E-05   3.2803412E-06   5.7544237E+00   2.0655526E+04   2.0740978E+04   0.0000000E+00   0.0000000E+00   0.0000000E+00   0.0000000E+00   0.0000000E+00
   2.9055715E+00   1.8338321E+04   1.8338321E+04   4.4085442E-05   2.5118809E-06   4.9948322E+00   1.8262767E+04   1.8338321E+04   0.0000000E+00   0.0000000E+00   0.0000000E+00   0.0000000E+00   0.0000000E+00
   3.1223499E+00   1.6207932E+04   1.6207932E+04   3.3736876E-05   1.9227514E-06   4.3434365E+00   1.6141154E+04   1.6207932E+04   0.0000000E+00   0.0000000E+00   0.0000000E+00   0.0000000E+00   0.0000000E+00
   3.3553016E+00   1.4319842E+04   1.4319842E+04   2.5818220E-05   1.4712811E-06   3.7829635E+00   1.4260843E+04   1.4319842E+04   0.0000000E+00   0.0000000E+00   0.0000000E+00   0.0000000E+00   0.0000000E+00
   3.6056334E+00   1.2647252E+04   1.2647252E+04   1.9726932E-05   1.1254482E-06   3.2993681E+00   1.2595145E+04   1.2647252E+04   0.0000000E+00   0.0000000E+00   0.0000000E+00   0.0000000E+00   0.0000000E+00
   3.8746419E+00   1.1166217E+04   1.1166217E+04   1.5092782E-05   8.6063219E-07   2.8807830E+00   1.1120211E+04   1.1166217E+04   0.0000000E+00   0.0000000E+00   0.0000000E+00   0.0000000E+00   0.0000000E+00
   4.1637205E+00   9.8553529E+03   9.8553529E+03   1.1554964E-05   6.5792530E-07   2.5182756E+00   9.8147480E+03   9.8553529E+03   0.0000000E+00   0.0000000E+00   0.0000000E+00   0.0000000E+00   0.0000000E+00
   4.4743666E+00   8.6955841E+03   8.6955841E+03   8.8130787E-06   5.0281834E-07   2.2032158E+00   8.6597576E+03   8.6955841E+03   0.0000000E+00   0.0000000E+00   0.0000000E+00   0.0000000E+00   0.0000000E+00
   4.8081894E+00   7.6699022E+03   7.6699022E+03   6.7282723E-06   3.8417150E-07   1.9289161E+00   7.6383014E+03   7.6699022E+03   0.0000000E+00   0.0000000E+00   0.0000000E+00   0.0000000E+00   0.0000000E+00
   5.1669180E+00   6.7631534E+03   6.7631534E+03   5.1415582E-06   2.9344527E-07   1.6899201E+00   6.7352885E+03   6.7631534E+03   0.0000000E+00   0.0000000E+00   0.0000000E+00   0.0000000E+00   0.0000000E+00
   5.5524105E+00   5.9618457E+03   5.9618457E+03   3.9237900E-06   2.2408912E-07   1.4814161E+00   5.9372822E+03   5.9618457E+03   0.0000000E+00   0.0000000E+00   0.0000000E+00   0.0000000E+00   0.0000000E+00
   5.9666638E+00   5.2539734E+03   5.2539734E+03   2.9944275E-06   1.7108705E-07   1.2990709E+00   5.2323265E+03   5.2539734E+03   0.0000000E+00   0.0000000E+00   0.0000000E+00   0.0000000E+00   0.0000000E+00
   6.4118236E+00   4.6288606E+03   4.6288606E+03   2.2847202E-06   1.3059329E-07   1.1395716E+00   4.6097892E+03   4.6288606E+03   0.0000000E+00   0.0000000E+00   0.0000000E+00   0.0000000E+00   0.0000000E+00
   6.8901958E+00   4.0770188E+03   4.0770188E+03   1.7430661E-06   9.9664292E-08   9.9997556E-01   4.0602210E+03   4.0770188E+03   0.0000000E+00   0.0000000E+00   0.0000000E+00   0.0000000E+00   0.0000000E+00
   7.4042584E+00   3.5900202E+03   3.5900202E+03   1.3286148E-06   7.6047072E-08   8.7766471E-01   3.5752289E+03   3.5900202E+03   0.0000000E+00   0.0000000E+00   0.0000000E+00   0.0000000E+00   0.0000000E+00
   7.9566740E+00   3.1603827E+03   3.1603827E+03   1.0130192E-06   5.8017393E-08   7.7044744E-01   3.1473615E+03   3.1603827E+03   0.0000000E+00   0.0000000E+00   0.0000000E+00   0.0000000E+00   0.0000000E+00
   8.5503042E+00   2.7814674E+03   2.7814674E+03   7.7185369E-07   4.4256349E-08   6.7643519E-01   2.7700074E+03   2.7814674E+03   0.0000000E+00   0.0000000E+00   0.0000000E+00   0.0000000E+00   0.0000000E+00
