#           k/h    CDM            baryon         photon         nu             mass_nu        total          no_nu          total_de       Weyl           v_CDM          v_b            v_b-v_c     
   1.1464549E-05   1.2167041E+07   1.2167041E+07   1.6217514E+07   8.5713906E+03   5.8133538E+06   1.2167075E+07   1.2167041E+07   0.0000000E+00   0.0000000E+00   0.0000000E+00   0.0000000E+00   0.0000000E+00
   1.2319894E-05   1.2167039E+07   1.2167039E+07   1.6216705E+07   8.5711161E+03   5.8132918E+06   1.2167073E+07   1.2167039E+07   0.0000000E+00   0.0000000E+00   0.0000000E+00   0.0000000E+00   0.0000000E+00
   1.3239054E-05   1.2167037E+07   1.2167037E+07   1.6215771E+07   8.5707990E+03   5.8132203E+06   1.2167070E+07   1.2167037E+07   0.0000000E+00   0.0000000E+00   0.0000000E+00   0.0000000E+00   0.0000000E+00
   1.4226791E-05   1.2167034E+07   1.2167034E+07   1.6214693E+07   8.5704329E+03   5.8131377E+06   1.2167067E+07   1.2167034E+07   0.0000000E+00   0.0000000E+00   0.0000000E+00   0.0000000E+00   0.0000000E+00
   1.5288221E-05   1.2167031E+07   1.2167031E+07   1.6213447E+07   8.5700101E+03   5.8130424E+06   1.2167064E+07   1.2167031E+07   0.0000000E+00   0.0000000E+00   0.0000000E+00   0.0000000E+00   0.0000000E+00
   1.6428842E-05   1.2167027E+07   1.2167027E+07   1.6212010E+07   8.5695219E+03   5.8129323E+06   1.2167060E+07   1.2167027E+07   0.0000000E+00   0.0000000E+00   0.0000000E+00   0.0000000E+00   0.0000000E+00
   1.7654562E-05   1.2167023E+07   1.2167023E+07   1.6210349E+07   8.5689582E+03   5.8128052E+06   1.2167055E+07   1.2167023E+07   0.0000000E+00   0.0000000E+00   0.0000000E+00   0.0000000E+00   0.0000000E+00
   1.8971731E-05   1.2167018E+07   1.2167018E+07   1.6208432E+07   8.5683073E+03   5.8126584E+06   1.2167050E+07   1.2167018E+07   0.0000000E+00   0.0000000E+00   0.0000000E+00   0.0000000E+00   0.0000000E+00
   2.0387171E-05   1.2167012E+07   1.2167012E+07   1.6206219E+07   8.5675557E+03   5.8124890E+06   1.2167044E+07   1.2167012E+07   0.0000000E+00   0.0000000E+00   0.0000000E+00   0.0000000E+00   0.0000000E+00
   2.1908213E-05   1.2167006E+07   1.2167006E+07   1.6203663E+07   8.5666879E+03   5.8122934E+06   1.2167037E+07   1.2167006E+07   0.0000000E+00   0.0000000E+00   0.0000000E+00   0.0000000E+00   0.0000000E+00
   2.3542737E-05   1.2166998E+07   1.2166998E+07   1.6200712E+07   8.5656859E+03   5.8120675E+06   1.2167030E+07   1.2166998E+07   0.0000000E+00   0.0000000E+00   0.0000000E+00   0.0000000E+00   0.0000000E+00
   2.5299210E-05   1.2166990E+07   1.2166990E+07   1.6197306E+07   8.5645290E+03   5.8118068E+06   1.2167020E+07   1.2166990E+07   0.0000000E+00   0.0000000E+00   0.0000000E+00   0.0000000E+00   0.0000000E+00
   2.7186729E-05   1.2166980E+07   1.2166980E+07   1.6193372E+07   8.5631932E+03   5.8115058E+06   1.2167010E+07   1.2166980E+07   0.0000000E+00   0.0000000E+00   0.0000000E+00   0.0000000E+00   0.0000000E+00
   2.9215072E-05   1.2166968E+07   1.2166968E+07   1.6188831E+07   8.5616509E+03   5.8111584E+06   1.2166998E+07   1.2166968E+07   0.0000000E+00   0.0000000E+00   0.0000000E+00   0.0000000E+00   0.0000000E+00
   3.1394745E-05   1.2166954E+07   1.2166954E+07   1.6183589E+07   8.5598703E+03   5.8107574E+06   1.2166983E+07   1.2166954E+07   0.0000000E+00   0.0000000E+00   0.0000000E+00   0.0000000E+00   0.0000000E+00
   3.3737039E-05   1.2166939E+07   1.2166939E+07   1.6177537E+07   8.5578147E+03   5.8102946E+06   1.2166967E+07   1.2166939E+07   0.0000000E+00   0.0000000E+00   0.0000000E+00   0.0000000E+00   0.0000000E+00
   3.6254086E-05   1.2166921E+07   1.2166921E+07   1.6170551E+07   8.5554415E+03   5.8097604E+06   1.2166948E+07   1.2166921E+07   0.0000000E+00   0.0000000E+00   0.0000000E+00   0.0000000E+00   0.0000000E+00
   3.8958924E-05   1.2166900E+07   1.2166900E+07   1.6162487E+07   8.5527020E+03   5.8091440E+06   1.2166927E+07   1.2166900E+07   0.0000000E+00   0.0000000E+00   0.0000000E+00   0.0000000E+00   0.0000000E+00
   4.1865565E-05   1.2166876E+07   1.2166876E+07   1.6153180E+07   8.5495397E+03   5.8084329E+06   1.2166901E+07   1.2166876E+07   0.0000000E+00   0.0000000E+00   0.0000000E+00   0.0000000E+00   0.0000000E+00
   4.4989064E-05   1.2166849E+07   1.2166849E+07   1.6142439E+07   8.5458896E+03   5.8076124E+06   1.2166872E+07   1.2166849E+07   0.0000000E+00   0.0000000E+00   0.0000000E+00   0.0000000E+00   0.0000000E+00
   4.8345600E-05   1.2166817E+07   1.2166817E+07   1.6130044E+07   8.5416767E+03   5.8066659E+06   1.2166839E+07   1.2166817E+07   0.0000000E+00   0.0000000E+00   0.0000000E+00   0.0000000E+00   0.0000000E+00
   5.1952561E-05   1.2166780E+07   1.2166780E+07   1.6115741E+07   8.5368146E+03   5.8055744E+06   1.2166800E+07   1.2166780E+07   0.0000000E+00   0.0000000E+00   0.0000000E+00   0.0000000E+00   0.0000000E+00
   5.5828628E-05   1.2166738E+07   1.2166738E+07   1.6099240E+07   8.5312039E+03   5.8043157E+06   1.2166756E+07   1.2166738E+07   0.0000000E+00   0.0000000E+00   0.0000000E+00   0.0000000E+00   0.0000000E+00
   5.9993881E-05   1.2166688E+07   1.2166688E+07   1.6080205E+07   8.5247300E+03   5.8028647E+06   1.2166704E+07   1.2166688E+07   0.0000000E+00   0.0000000E+00   0.0000000E+00   0.0000000E+00   0.0000000E+00
   6.4469894E-05   1.2166632E+07   1.2166632E+07   1.6058249E+07   8.5172610E+03   5.8011924E+06   1.2166645E+07   1.2166632E+07   0.0000000E+00   0.0000000E+00   0.0000000E+00   0.0000000E+00   0.0000000E+00
   6.9279853E-05   1.2166566E+07   1.2166566E+07   1.6032931E+07   8.5086452E+03   5.7992656E+06   1.2166576E+07   1.2166566E+07   0.0000000E+00   0.0000000E+00   0.0000000E+00   0.0000000E+00   0.0000000E+00
   7.4448672E-05   1.2166491E+07   1.2166491E+07   1.6003742E+07   8.4987081E+03   5.7970464E+06   1.2166497E+07   1.2166491E+07   0.0000000E+00   0.0000000E+00   0.0000000E+00   0.0000000E+00   0.0000000E+00
   8.0003126E-05   1.2166404E+07   1.2166404E+07   1.5970097E+07   8.4872494E+03   5.7944915E+06   1.2166405E+07   1.2166404E+07   0.0000000E+00   0.0000000E+00   0.0000000E+00   0.0000000E+00   0.0000000E+00
   8.5971986E-05   1.2166303E+07   1.2166303E+07   1.5931328E+07   8.4740390E+03   5.7915513E+06   1.2166300E+07   1.2166303E+07   0.0000000E+00   0.0000000E+00   0.0000000E+00   0.0000000E+00   0.0000000E+00
   9.2386169E-05   1.2166187E+07   1.2166187E+07   1.5886670E+07   8.4588129E+03   5.7881697E+06   1.2166178E+07   1.2166187E+07   0.0000000E+00   0.0000000E+00   0.0000000E+00   0.0000000E+00   0.0000000E+00
   9.9278900E-05   1.2166053E+07   1.2166053E+07   1.5835249E+07   8.4412689E+03   5.7842828E+06   1.2166037E+07   1.2166053E+07   0.0000000E+00   0.0000000E+00   0.0000000E+00   0.0000000E+00   0.0000000E+00
   1.0668588E-04   1.2165898E+07   1.2165898E+07   1.5776064E+07   8.4210609E+03   5.7798185E+06   1.2165875E+07   1.2165898E+07   0.0000000E+00   0.0000000E+00   0.0000000E+00   0.0000000E+00   0.0000000E+00
   1.1464549E-04   1.2165720E+07   1.2165720E+07   1.5707982E+07   8.3977937E+03   5.7746951E+06   1.2165687E+07   1.2165720E+07   0.0000000E+00   0.0000000E+00   0.0000000E+00   0.0000000E+00   0.0000000E+00
   1.2319894E-04   1.2165513E+07   1.2165513E+07   1.5629709E+07   8.3710163E+03   5.7688212E+06   1.2165471E+07   1.2165513E+07   0.0000000E+00   0.0000000E+00   0.0000000E+00   0.0000000E+00   0.0000000E+00
   1.3239054E-04   1.2165276E+07   1.2165276E+07   1.5539784E+07   8.3402155E+03   5.7620943E+06   1.2165221E+07   1.2165276E+07   0.0000000E+00   0.0000000E+00   0.0000000E+00   0.0000000E+00   0.0000000E+00
   1.4226791E-04   1.2165002E+07   1.2165002E+07   1.5436553E+07   8.3048082E+03   5.7544006E+06   1.2164934E+07   1.2165002E+07   0.0000000E+00   0.0000000E+00   0.0000000E+00   0.0000000E+00   0.0000000E+00
   1.5288221E-04   1.2164685E+07   1.2164685E+07   1.5318157E+07   8.2641342E+03   5.7456145E+06   1.2164602E+07   1.2164685E+07   0.0000000E+00   0.0000000E+00   0.0000000E+00   0.0000000E+00   0.0000000E+00
   1.6428842E-04   1.2164320E+07   1.2164320E+07   1.5182514E+07   8.2174480E+03   5.7355984E+06   1.2164219E+07   1.2164320E+07   0.0000000E+00   0.0000000E+00   0.0000000E+00   0.0000000E+00   0.0000000E+00
   1.7654562E-04   1.2163900E+07   1.2163900E+07   1.5027302E+07   8.1639114E+03   5.7242032E+06   1.2163777E+07   1.2163900E+07   0.0000000E+00   0.0000000E+00   0.0000000E+00   0.0000000E+00   0.0000000E+00
   1.8971731E-04   1.2163415E+07   1.2163415E+07   1.4849952E+07   8.1025857E+03   5.7112696E+06   1.2163269E+07   1.2163415E+07   0.0000000E+00   0.0000000E+00   0.0000000E+00   0.0000000E+00   0.0000000E+00
   2.0387171E-04   1.2162857E+07   1.2162857E+07   1.4647642E+07   8.0324260E+03   5.6966301E+06   1.2162682E+07   1.2162857E+07   0.0000000E+00   0.0000000E+00   0.0000000E+00   0.0000000E+00   0.0000000E+00
   2.1908213E-04   1.2162213E+07   1.2162213E+07   1.4417300E+07   7.9522761E+03   5.6801125E+06   1.2162007E+07   1.2162213E+07   0.0000000E+00   0.0000000E+00   0.0000000E+00   0.0000000E+00   0.0000000E+00
   2.3542737E-04   1.2161472E+07   1.2161472E+07   1.4155624E+07   7.8608672E+03   5.6615446E+06   1.2161229E+07   1.2161472E+07   0.0000000E+00   0.0000000E+00   0.0000000E+00   0.0000000E+00   0.0000000E+00
   2.5299210E-04   1.2160619E+07   1.2160619E+07   1.3859116E+07   7.7568200E+03   5.6407621E+06   1.2160334E+07   1.2160619E+07   0.0000000E+00   0.0000000E+00   0.0000000E+00   0.0000000E+00   0.0000000E+00
   2.7186729E-04   1.2159638E+07   1.2159638E+07   1.3524142E+07   7.6386529E+03   5.6176181E+06   1.2159303E+07   1.2159638E+07   0.0000000E+00   0.0000000E+00   0.0000000E+00   0.0000000E+00   0.0000000E+00
   2.9215072E-04   1.2158509E+07   1.2158509E+07   1.3147022E+07   7.5047984E+03   5.5919958E+06   1.2158119E+07   1.2158509E+07   0.0000000E+00   0.0000000E+00   0.0000000E+00   0.0000000E+00   0.0000000E+00
   3.1394745E-04   1.2157212E+07   1.2157212E+07   1.2724163E+07   7.3536296E+03   5.5638254E+06   1.2156757E+07   1.2157212E+07   0.0000000E+00   0.0000000E+00   0.0000000E+00   0.0000000E+00   0.0000000E+00
   3.3737039E-04   1.2155723E+07   1.2155723E+07   1.2252235E+07   7.1835010E+03   5.5331042E+06   1.2155194E+07   1.2155723E+07   0.0000000E+00   0.0000000E+00   0.0000000E+00   0.0000000E+00   0.0000000E+00
   3.6254086E-04   1.2154013E+07   1.2154013E+07   1.1728414E+07   6.9928066E+03   5.4999201E+06   1.2153399E+07   1.2154013E+07   0.0000000E+00   0.0000000E+00   0.0000000E+00   0.0000000E+00   0.0000000E+00
   3.8958924E-04   1.2152053E+07   1.2152053E+07   1.1150688E+07   6.7800583E+03   5.4644786E+06   1.2151342E+07   1.2152053E+07   0.0000000E+00   0.0000000E+00   0.0000000E+00   0.0000000E+00   0.0000000E+00
   4.1865565E-04   1.2149809E+07   1.2149809E+07   1.0518237E+07   6.5439905E+03   5.4271292E+06   1.2148986E+07   1.2149809E+07   0.0000000E+00   0.0000000E+00   0.0000000E+00   0.0000000E+00   0.0000000E+00
   4.4989064E-04   1.2147240E+07   1.2147240E+07   9.8318862E+06   6.2836914E+03   5.3883908E+06   1.2146290E+07   1.2147240E+07   0.0000000E+00   0.0000000E+00   0.0000000E+00   0.0000000E+00   0.0000000E+00
   4.8345600E-04   1.2144305E+07   1.2144305E+07   9.0946221E+06   5.9987640E+03   5.3489673E+06   1.2143209E+07   1.2144305E+07   0.0000000E+00   0.0000000E+00   0.0000000E+00   0.0000000E+00   0.0000000E+00
   5.1952561E-04   1.2140955E+07   1.2140955E+07   8.3121424E+06   5.6895141E+03   5.3097472E+06   1.2139694E+07   1.2140955E+07   0.0000000E+00   0.0000000E+00   0.0000000E+00   0.0000000E+00   0.0000000E+00
   5.5828628E-04   1.2137138E+07   1.2137138E+07   7.4933891E+06   5.3571601E+03   5.2717750E+06   1.2135688E+07   1.2137138E+07   0.0000000E+00   0.0000000E+00   0.0000000E+00   0.0000000E+00   0.0000000E+00
   5.9993881E-04   1.2132796E+07   1.2132796E+07   6.6509815E+06   5.0040473E+03   5.2361801E+06   1.2131131E+07   1.2132796E+07   0.0000000E+00   0.0000000E+00   0.0000000E+00   0.0000000E+00   0.0000000E+00
   6.4469894E-04   1.2127863E+07   1.2127863E+07   5.8014297E+06   4.6338465E+03   5.2040491E+06   1.2125956E+07   1.2127863E+07   0.0000000E+00   0.0000000E+00   0.0000000E+00   0.0000000E+00   0.0000000E+00
   6.9279853E-04   1.2122272E+07   1.2122272E+07   4.9649690E+06   4.2516962E+03   5.1762271E+06   1.2120089E+07   1.2122272E+07   0.0000000E+00   0.0000000E+00   0.0000000E+00   0.0000000E+00   0.0000000E+00
   7.4448672E-04   1.2115944E+07   1.2115944E+07   4.1648266E+06   3.8642411E+03   5.1530452E+06   1.2113453E+07   1.2115944E+07   0.0000000E+00   0.0000000E+00   0.0000000E+00   0.0000000E+00   0.0000000E+00
   8.0003126E-04   1.2108797E+07   1.2108797E+07   3.4257353E+06   3.4795015E+03   5.1339909E+06   1.2105960E+07   1.2108797E+07   0.0000000E+00   0.0000000E+00   0.0000000E+00   0.0000000E+00   0.0000000E+00
   8.5971986E-04   1.2100740E+07   1.2100740E+07   2.7715645E+06   3.1065106E+03   5.1173687E+06   1.2097518E+07   1.2100740E+07   0.0000000E+00   0.0000000E+00   0.0000000E+00   0.0000000E+00   0.0000000E+00
   9.2386169E-04   1.2091676E+07   1.2091676E+07   2.2220910E+06   2.7546620E+03   5.1000498E+06   1.2088025E+07   1.2091676E+07   0.0000000E+00   0.0000000E+00   0.0000000E+00   0.0000000E+00   0.0000000E+00
   9.9278900E-04   1.2081495E+07   1.2081495E+07   1.7892093E+06   2.4327536E+03   5.0774602E+06   1.2077371E+07   1.2081495E+07   0.0000000E+00   0.0000000E+00   0.0000000E+00   0.0000000E+00   0.0000000E+00
   1.0668588E-03   1.2070080E+07   1.2070080E+07   1.4732732E+06   2.1477860E+03   5.0439923E+06   1.2065437E+07   1.2070080E+07   0.0000000E+00   0.0000000E+00   0.0000000E+00   0.0000000E+00   0.0000000E+00
   1.1464549E-03   1.2057301E+07   1.2057301E+07   1.2607211E+06   1.9036886E+03   4.9940069E+06   1.2052093E+07   1.2057301E+07   0.0000000E+00   0.0000000E+00   0.0000000E+00   0.0000000E+00   0.0000000E+00
   1.2319894E-03   1.2043015E+07   1.2043015E+07   1.1244578E+06   1.7002846E+03   4.9234455E+06   1.2037196E+07   1.2043015E+07   0.0000000E+00   0.0000000E+00   0.0000000E+00   0.0000000E+00   0.0000000E+00
   1.3239054E-03   1.2027066E+07   1.2027066E+07   1.0283375E+06   1.5329191E+03   4.8317641E+06   1.2020593E+07   1.2027066E+07   0.0000000E+00   0.0000000E+00   0.0000000E+00   0.0000000E+00   0.0000000E+00
   1.4226791E-03   1.2009283E+07   1.2009283E+07   9.3610309E+05   1.3931735E+03   4.7234371E+06   1.2002116E+07   1.2009283E+07   0.0000000E+00   0.0000000E+00   0.0000000E+00   0.0000000E+00   0.0000000E+00
   1.5288221E-03   1.1989485E+07   1.1989485E+07   8.2304741E+05   1.2708711E+03   4.6078576E+06   1.1981588E+07   1.1989485E+07   0.0000000E+00   0.0000000E+00   0.0000000E+00   0.0000000E+00   0.0000000E+00
   1.6428842E-03   1.1967479E+07   1.1967479E+07   6.8588065E+05   1.1570662E+03   4.4965245E+06   1.1958825E+07   1.1967479E+07   0.0000000E+00   0.0000000E+00   0.0000000E+00   0.0000000E+00   0.0000000E+00
   1.7654562E-03   1.1943067E+07   1.1943067E+07   5.4436951E+05   1.0469921E+03   4.3975195E+06   1.1933634E+07   1.1943067E+07   0.0000000E+00   0.0000000E+00   0.0000000E+00   0.0000000E+00   0.0000000E+00
   1.8971731E-03   1.1916044E+07   1.1916044E+07   4.2994181E+05   9.4140560E+02   4.3096425E+06   1.1905818E+07   1.1916044E+07   0.0000000E+00   0.0000000E+00   0.0000000E+00   0.0000000E+00   0.0000000E+00
   2.0387171E-03   1.1886201E+07   1.1886201E+07   3.6378967E+05   8.4502268E+02   4.2210368E+06   1.1875175E+07   1.1886201E+07   0.0000000E+00   0.0000000E+00   0.0000000E+00   0.0000000E+00   0.0000000E+00
   2.1908213E-03   1.1853319E+07   1.1853319E+07   3.3803594E+05   7.6230753E+02   4.1166361E+06   1.1841492E+07   1.1853319E+07   0.0000000E+00   0.0000000E+00   0.0000000E+00   0.0000000E+00   0.0000000E+00
   2.3542737E-03   1.1817170E+07   1.1817170E+07   3.1876363E+05   6.9325193E+02   3.9921211E+06   1.1804544E+07   1.1817170E+07   0.0000000E+00   0.0000000E+00   0.0000000E+00   0.0000000E+00   0.0000000E+00
   2.5299210E-03   1.1777513E+07   1.1777513E+07   2.7623740E+05   6.3293122E+02   3.8616143E+06   1.1764090E+07   1.1777513E+07   0.0000000E+00   0.0000000E+00   0.0000000E+00   0.0000000E+00   0.0000000E+00
   2.7186729E-03   1.1734096E+07   1.1734096E+07   2.1650711E+05   5.7603533E+02   3.7449385E+06   1.1719876E+07   1.1734096E+07   0.0000000E+00   0.0000000E+00   0.0000000E+00   0.0000000E+00   0.0000000E+00
   2.9215072E-03   1.1686662E+07   1.1686662E+07   1.7285992E+05   5.2194206E+02   3.6418260E+06   1.1671642E+07   1.1686662E+07   0.0000000E+00   0.0000000E+00   0.0000000E+00   0.0000000E+00   0.0000000E+00
   3.1394745E-03   1.1634943E+07   1.1634943E+07   1.5747378E+05   4.7371950E+02   3.5290319E+06   1.1619117E+07   1.1634943E+07   0.0000000E+00   0.0000000E+00   0.0000000E+00   0.0000000E+00   0.0000000E+00
   3.3737039E-03   1.1578662E+07   1.1578662E+07   1.4269554E+05   4.3189495E+02   3.3968789E+06   1.1562022E+07   1.1578662E+07   0.0000000E+00   0.0000000E+00   0.0000000E+00   0.0000000E+00   0.0000000E+00
   3.6254086E-03   1.1517525E+07   1.1517525E+07   1.1318366E+05   3.9304219E+02   3.2680046E+06   1.1500061E+07   1.1517525E+07   0.0000000E+00   0.0000000E+00   0.0000000E+00   0.0000000E+00   0.0000000E+00
   3.8958924E-03   1.1451228E+07   1.1451228E+07   9.4840303E+04   3.5607612E+02   3.1491461E+06   1.1432935E+07   1.1451228E+07   0.0000000E+00   0.0000000E+00   0.0000000E+00   0.0000000E+00   0.0000000E+00
   4.1865565E-03   1.1379457E+07   1.1379457E+07   9.0536126E+04   3.2323394E+02   3.0132969E+06   1.1360335E+07   1.1379457E+07   0.0000000E+00   0.0000000E+00   0.0000000E+00   0.0000000E+00   0.0000000E+00
   4.4989064E-03   1.1301888E+07   1.1301888E+07   7.2490224E+04   2.9345585E+02   2.8713624E+06   1.1281940E+07   1.1301888E+07   0.0000000E+00   0.0000000E+00   0.0000000E+00   0.0000000E+00   0.0000000E+00
   4.8345600E-03   1.1218188E+07   1.1218188E+07   5.8745790E+04   2.6498079E+02   2.7453389E+06   1.1197426E+07   1.1218188E+07   0.0000000E+00   0.0000000E+00   0.0000000E+00   0.0000000E+00   0.0000000E+00
   5.1952561E-03   1.1128023E+07   1.1128023E+07   5.5703789E+04   2.3939888E+02   2.6051945E+06   1.1106470E+07   1.1128023E+07   0.0000000E+00   0.0000000E+00   0.0000000E+00   0.0000000E+00   0.0000000E+00
   5.5828628E-03   1.1031060E+07   1.1031060E+07   4.3235590E+04   2.1568862E+02   2.4699918E+06   1.1008751E+07   1.1031060E+07   0.0000000E+00   0.0000000E+00   0.0000000E+00   0.0000000E+00   0.0000000E+00
   5.9993881E-03   1.0926964E+07   1.0926964E+07   4.0436837E+04   1.9386844E+02   2.3380685E+06   1.0903941E+07   1.0926964E+07   0.0000000E+00   0.0000000E+00   0.0000000E+00   0.0000000E+00   0.0000000E+00
   6.4469894E-03   1.0815394E+07   1.0815394E+07   3.1225042E+04   1.7420408E+02   2.2030549E+06   1.0791694E+07   1.0815394E+07   0.0000000E+00   0.0000000E+00   0.0000000E+00   0.0000000E+00   0.0000000E+00
   6.9279853E-03   1.0695998E+07   1.0695998E+07   2.9468121E+04   1.5607139E+02   2.0732116E+06   1.0671653E+07   1.0695998E+07   0.0000000E+00   0.0000000E+00   0.0000000E+00   0.0000000E+00   0.0000000E+00
   7.4448672E-03   1.0568414E+07   1.0568414E+07   2.2772332E+04   1.3950024E+02   1.9404420E+06   1.0543466E+07   1.0568414E+07   0.0000000E+00   0.0000000E+00   0.0000000E+00   0.0000000E+00   0.0000000E+00
   8.0003126E-03   1.0432278E+07   1.0432278E+07   2.1072884E+04   1.2428765E+02   1.8118862E+06   1.0406793E+07   1.0432278E+07   0.0000000E+00   0.0000000E+00   0.0000000E+00   0.0000000E+00   0.0000000E+00
   8.5971986E-03   1.0287235E+07   1.0287235E+07   1.7403092E+04   1.1046031E+02   1.6916752E+06   1.0261282E+07   1.0287235E+07   0.0000000E+00   0.0000000E+00   0.0000000E+00   0.0000000E+00   0.0000000E+00
   9.2386169E-03   1.0132927E+07   1.0132927E+07   1.3990589E+04   9.8021166E+01   1.5681474E+06   1.0106562E+07   1.0132927E+07   0.0000000E+00   0.0000000E+00   0.0000000E+00   0.0000000E+00   0.0000000E+00
   9.9278900E-03   9.9689794E+06   9.9689794E+06   1.2690289E+04   8.6667476E+01   1.4500567E+06   9.9422726E+06   9.9689794E+06   0.0000000E+00   0.0000000E+00   0.0000000E+00   0.0000000E+00   0.0000000E+00
   1.0668588E-02   9.7950242E+06   9.7950242E+06   1.1103193E+04   7.6393242E+01   1.3384228E+06   9.7680527E+06   9.7950242E+06   0.0000000E+00   0.0000000E+00   0.0000000E+00   0.0000000E+00   0.0000000E+00
   1.1464549E-02   9.6106959E+06   9.6106959E+06   9.2873917E+03   6.7139705E+01   1.2315062E+06   9.5835382E+06   9.6106959E+06   0.0000000E+00   0.0000000E+00   0.0000000E+00   0.0000000E+00   0.0000000E+00
   1.2319894E-02   9.4156300E+06   9.4156300E+06   7.7067169E+03   5.8838128E+01   1.1278146E+06   9.3883655E+06   9.4156300E+06   0.0000000E+00   0.0000000E+00   0.0000000E+00   0.0000000E+00   0.0000000E+00
   1.3239054E-02   9.2094756E+06   9.2094756E+06   6.5358077E+03   5.1378003E+01   1.0293347E+06   9.1821914E+06   9.2094756E+06   0.0000000E+00   0.0000000E+00   0.0000000E+00   0.0000000E+00   0.0000000E+00
   1.4226791E-02   8.9919059E+06   8.9919059E+06   5.5606545E+03   4.4736702E+01   9.3571735E+05   8.9646901E+06   8.9919059E+06   0.0000000E+00   0.0000000E+00   0.0000000E+00   0.0000000E+00   0.0000000E+00
   1.5288221E-02   8.7626256E+06   8.7626256E+06   4.7207292E+03   3.8804212E+01   8.4664497E+05   8.7355649E+06   8.7626256E+06   0.0000000E+00   0.0000000E+00   0.0000000E+00   0.0000000E+00   0.0000000E+00
   1.6428842E-02   8.5213973E+06   8.5213973E+06   3.8334877E+03   3.3545327E+01   7.6365167E+05   8.4945853E+06   8.5213973E+06   0.0000000E+00   0.0000000E+00   0.0000000E+00   0.0000000E+00   0.0000000E+00
   1.7654562E-02   8.2680649E+06   8.2680649E+06   3.1390462E+03   2.8880769E+01   6.8674891E+05   8.2415919E+06   8.2680649E+06   0.0000000E+00   0.0000000E+00   0.0000000E+00   0.0000000E+00   0.0000000E+00
   1.8971731E-02   8.0025913E+06   8.0025913E+06   2.7373438E+03   2.4772711E+01   6.1443578E+05   7.9765497E+06   8.0025913E+06   0.0000000E+00   0.0000000E+00   0.0000000E+00   0.0000000E+00   0.0000000E+00
   2.0387171E-02   7.7251011E+06   7.7251011E+06   2.2072213E+03   2.1162015E+01   5.4721681E+05   7.6995807E+06   7.7251011E+06   0.0000000E+00   0.0000000E+00   0.0000000E+00   0.0000000E+00   0.0000000E+00
   2.1908213E-02   7.4359396E+06   7.4359396E+06   1.9106106E+03   1.8003342E+01   4.8556824E+05   7.4110296E+06   7.4359396E+06   0.0000000E+00   0.0000000E+00   0.0000000E+00   0.0000000E+00   0.0000000E+00
   2.3542734E-02   7.1357379E+06   7.1357379E+06   1.5436529E+03   1.5246770E+01   4.2903229E+05   7.1115235E+06   7.1357379E+06   0.0000000E+00   0.0000000E+00   0.0000000E+00   0.0000000E+00   0.0000000E+00
   2.5299191E-02   6.8254913E+06   6.8254913E+06   1.2527181E+03   1.2855306E+01   3.7708659E+05   6.8020523E+06   6.8254913E+06   0.0000000E+00   0.0000000E+00   0.0000000E+00   0.0000000E+00   0.0000000E+00
   2.7186626E-02   6.5066462E+06   6.5066462E+06   1.0426418E+03   1.0789869E+01   3.2997829E+05   6.4840556E+06   6.5066462E+06   0.0000000E+00   0.0000000E+00   0.0000000E+00   0.0000000E+00   0.0000000E+00
   2.9214600E-02   6.1811966E+06   6.1811966E+06   8.9191297E+02   9.0146395E+00   2.8733792E+05   6.1595187E+06   6.1811966E+06   0.0000000E+00   0.0000000E+00   0.0000000E+00   0.0000000E+00   0.0000000E+00
   3.1392856E-02   5.8517978E+06   5.8517978E+06   7.0623550E+02   7.4976197E+00   2.4887577E+05   5.8310846E+06   5.8517978E+06   0.0000000E+00   0.0000000E+00   0.0000000E+00   0.0000000E+00   0.0000000E+00
   3.3730380E-02   5.5219066E+06   5.5219066E+06   5.9067965E+02   6.2093962E+00   2.1526529E+05   5.5021952E+06   5.5219066E+06   0.0000000E+00   0.0000000E+00   0.0000000E+00   0.0000000E+00   0.0000000E+00
   3.6233270E-02   5.1959421E+06   5.1959421E+06   4.6029831E+02   5.1254244E+00   1.8530041E+05   5.1772508E+06   5.1959421E+06   0.0000000E+00   0.0000000E+00   0.0000000E+00   0.0000000E+00   0.0000000E+00
   3.8900862E-02   4.8793901E+06   4.8793901E+06   3.7301585E+02   4.2219800E+00   1.5919377E+05   4.8617144E+06   4.8793901E+06   0.0000000E+00   0.0000000E+00   0.0000000E+00   0.0000000E+00   0.0000000E+00
   4.1720498E-02   4.5786326E+06   4.5786326E+06   3.0560962E+02   3.4786433E+00   1.3691077E+05   4.5619421E+06   4.5786326E+06   0.0000000E+00   0.0000000E+00   0.0000000E+00   0.0000000E+00   0.0000000E+00
   4.4663555E-02   4.3001877E+06   4.3001877E+06   2.6008870E+02   2.8756463E+00   1.1810289E+05   4.2844245E+06   4.3001877E+06   0.0000000E+00   0.0000000E+00   0.0000000E+00   0.0000000E+00   0.0000000E+00
   4.7687412E-02   4.0492839E+06   4.0492839E+06   2.1707547E+02   2.3935145E+00   1.0233217E+05   4.0343675E+06   4.0492839E+06   0.0000000E+00   0.0000000E+00   0.0000000E+00   0.0000000E+00   0.0000000E+00
   5.0745544E-02   3.8283863E+06   3.8283863E+06   1.7196844E+02   2.0114117E+00   8.9568704E+04   3.8142235E+06   3.8283863E+06   0.0000000E+00   0.0000000E+00   0.0000000E+00   0.0000000E+00   0.0000000E+00
   5.3800408E-02   3.6366790E+06   3.6366790E+06   1.5040331E+02   1.7091191E+00   7.9194408E+04   3.6231757E+06   3.6366790E+06   0.0000000E+00   0.0000000E+00   0.0000000E+00   0.0000000E+00   0.0000000E+00
   5.6830621E-02   3.4707992E+06   3.4707992E+06   1.2968971E+02   1.4686217E+00   7.0590650E+04   3.4578708E+06   3.4707992E+06   0.0000000E+00   0.0000000E+00   0.0000000E+00   0.0000000E+00   0.0000000E+00
   5.9830059E-02   3.3261271E+06   3.3261271E+06   1.1082282E+02   1.2748585E+00   6.3528280E+04   3.3137032E+06   3.3261271E+06   0.0000000E+00   0.0000000E+00   0.0000000E+00   0.0000000E+00   0.0000000E+00
   6.2802858E-02   3.1978491E+06   3.1978491E+06   9.5242506E+01   1.1162125E+00   5.7588093E+04   3.1858754E+06   3.1978491E+06   0.0000000E+00   0.0000000E+00   0.0000000E+00   0.0000000E+00   0.0000000E+00
   6.5758485E-02   3.0815511E+06   3.0815511E+06   8.3054661E+01   9.8407802E-01   5.2548885E+04   3.0699880E+06   3.0815511E+06   0.0000000E+00   0.0000000E+00   0.0000000E+00   0.0000000E+00   0.0000000E+00
   6.8708435E-02   2.9734545E+06   2.9734545E+06   7.5525984E+01   8.7215463E-01   4.8151319E+04   2.9622756E+06   2.9734545E+06   0.0000000E+00   0.0000000E+00   0.0000000E+00   0.0000000E+00   0.0000000E+00
   7.1664446E-02   2.8704722E+06   2.8704722E+06   6.8059872E+01   7.7590121E-01   4.4207605E+04   2.8596618E+06   2.8704722E+06   0.0000000E+00   0.0000000E+00   0.0000000E+00   0.0000000E+00   0.0000000E+00
   7.4637692E-02   2.7701951E+06   2.7701951E+06   5.8442943E+01   6.9201378E-01   4.0682525E+04   2.7597460E+06   2.7701951E+06   0.0000000E+00   0.0000000E+00   0.0000000E+00   0.0000000E+00   0.0000000E+00
   7.7638497E-02   2.6708627E+06   2.6708627E+06   5.1138504E+01   6.1805175E-01   3.7544536E+04   2.6607739E+06   2.6708627E+06   0.0000000E+00   0.0000000E+00   0.0000000E+00   0.0000000E+00   0.0000000E+00
   8.0676310E-02   2.5713330E+06   2.5713330E+06   4.8093261E+01   5.5230296E-01   3.4621021E+04   2.5616074E+06   2.5713330E+06   0.0000000E+00   0.0000000E+00   0.0000000E+00   0.0000000E+00   0.0000000E+00
   8.3759785E-02   2.4710533E+06   2.4710533E+06   4.1702552E+01   4.9351607E-01   3.1867830E+04   2.4616957E+06   2.4710533E+06   0.0000000E+00   0.0000000E+00   0.0000000E+00   0.0000000E+00   0.0000000E+00
   8.6896902E-02   2.3700234E+06   2.3700234E+06   3.6696905E+01   4.4074447E-01   2.9418303E+04   2.3610384E+06   2.3700234E+06   0.0000000E+00   0.0000000E+00   0.0000000E+00   0.0000000E+00   0.0000000E+00
   9.0095084E-02   2.2687446E+06   2.2687446E+06   3.3632535E+01   3.9334749E-01   2.7045286E+04   2.2601346E+06   2.2687446E+06   0.0000000E+00   0.0000000E+00   0.0000000E+00   0.0000000E+00   0.0000000E+00
   9.3361310E-02   2.1681456E+06   2.1681456E+06   2.9398740E+01   3.5079507E-01   2.4931733E+04   2.1599095E+06   2.1681456E+06   0.0000000E+00   0.0000000E+00   0.0000000E+00   0.0000000E+00   0.0000000E+00
   9.6702211E-02   2.0694810E+06   2.0694810E+06   2.6019617E+01   3.1273740E-01   2.2923999E+04   2.0616126E+06   2.0694810E+06   0.0000000E+00   0.0000000E+00   0.0000000E+00   0.0000000E+00   0.0000000E+00
   1.0012415E-01   1.9741990E+06   1.9741990E+06   2.3599824E+01   2.7882547E-01   2.1120721E+04   1.9666866E+06   1.9741990E+06   0.0000000E+00   0.0000000E+00   0.0000000E+00   0.0000000E+00   0.0000000E+00
   1.0363329E-01   1.8837834E+06   1.8837834E+06   2.0565997E+01   2.4877511E-01   1.9481168E+04   1.8766094E+06   1.8837834E+06   0.0000000E+00   0.0000000E+00   0.0000000E+00   0.0000000E+00   0.0000000E+00
   1.0723565E-01   1.7995753E+06   1.7995753E+06   1.8149688E+01   2.2230028E-01   1.7998935E+04   1.7927169E+06   1.7995753E+06   0.0000000E+00   0.0000000E+00   0.0000000E+00   0.0000000E+00   0.0000000E+00
   1.1093715E-01   1.7225916E+06   1.7225916E+06   1.6304236E+01   1.9908449E-01   1.6684806E+04   1.7160220E+06   1.7225916E+06   0.0000000E+00   0.0000000E+00   0.0000000E+00   0.0000000E+00   0.0000000E+00
   1.1474364E-01   1.6533587E+06   1.6533587E+06   1.5011701E+01   1.7880205E-01   1.5520917E+04   1.6470491E+06   1.6533587E+06   0.0000000E+00   0.0000000E+00   0.0000000E+00   0.0000000E+00   0.0000000E+00
   1.1866095E-01   1.5917872E+06   1.5917872E+06   1.3695896E+01   1.6109360E-01   1.4477659E+04   1.5857088E+06   1.5917872E+06   0.0000000E+00   0.0000000E+00   0.0000000E+00   0.0000000E+00   0.0000000E+00
   1.2269489E-01   1.5371129E+06   1.5371129E+06   1.1765775E+01   1.4558064E-01   1.3577870E+04   1.5312398E+06   1.5371129E+06   0.0000000E+00   0.0000000E+00   0.0000000E+00   0.0000000E+00   0.0000000E+00
   1.2685129E-01   1.4879281E+06   1.4879281E+06   1.1210638E+01   1.3189523E-01   1.2767912E+04   1.4822398E+06   1.4879281E+06   0.0000000E+00   0.0000000E+00   0.0000000E+00   0.0000000E+00   0.0000000E+00
   1.3113600E-01   1.4423179E+06   1.4423179E+06   9.9046031E+00   1.1967464E-01   1.2045493E+04   1.4368012E+06   1.4423179E+06   0.0000000E+00   0.0000000E+00   0.0000000E+00   0.0000000E+00   0.0000000E+00
   1.3555490E-01   1.3981004E+06   1.3981004E+06   8.8901839E+00   1.0860427E-01   1.1358693E+04   1.3927502E+06   1.3981004E+06   0.0000000E+00   0.0000000E+00   0.0000000E+00   0.0000000E+00   0.0000000E+00
   1.4011393E-01   1.3531511E+06   1.3531511E+06   8.1119992E+00   9.8428929E-02   1.0703799E+04   1.3479705E+06   1.3531511E+06   0.0000000E+00   0.0000000E+00   0.0000000E+00   0.0000000E+00   0.0000000E+00
   1.4481910E-01   1.3057664E+06   1.3057664E+06   7.2474338E+00   8.8965084E-02   1.0068443E+04   1.3007650E+06   1.3057664E+06   0.0000000E+00   0.0000000E+00   0.0000000E+00   0.0000000E+00   0.0000000E+00
   1.4967645E-01   1.2550015E+06   1.2550015E+06   6.5751221E+00   8.0111243E-02   9.4497309E+03   1.2501926E+06   1.2550015E+06   0.0000000E+00   0.0000000E+00   0.0000000E+00   0.0000000E+00   0.0000000E+00
   1.5469212E-01   1.2009037E+06   1.2009037E+06   5.9959271E+00   7.1840085E-02   8.8191134E+03   1.1963003E+06   1.2009037E+06   0.0000000E+00   0.0000000E+00   0.0000000E+00   0.0000000E+00   0.0000000E+00
   1.5987230E-01   1.1445657E+06   1.1445657E+06   5.3573737E+00   6.4176848E-02   8.2218914E+03   1.1401767E+06   1.1445657E+06   0.0000000E+00   0.0000000E+00   0.0000000E+00   0.0000000E+00   0.0000000E+00
   1.6522329E-01   1.0879483E+06   1.0879483E+06   4.6797331E+00   5.7181927E-02   7.6427574E+03   1.0837750E+06   1.0879483E+06   0.0000000E+00   0.0000000E+00   0.0000000E+00   0.0000000E+00   0.0000000E+00
   1.7075145E-01   1.0334699E+06   1.0334699E+06   4.1908583E+00   5.0913128E-02   7.1047493E+03   1.0295043E+06   1.0334699E+06   0.0000000E+00   0.0000000E+00   0.0000000E+00   0.0000000E+00   0.0000000E+00
   1.7646325E-01   9.8342583E+05   9.8342583E+05   3.7627685E+00   4.5401372E-02   6.6190430E+03   9.7965108E+05   9.8342583E+05   0.0000000E+00   0.0000000E+00   0.0000000E+00   0.0000000E+00   0.0000000E+00
   1.8236526E-01   9.3936742E+05   9.3936742E+05   3.3639070E+00   4.0628711E-02   6.1947115E+03   9.3576073E+05   9.3936742E+05   0.0000000E+00   0.0000000E+00   0.0000000E+00   0.0000000E+00   0.0000000E+00
   1.8846415E-01   9.0161868E+05   9.0161868E+05   3.0164648E+00   3.6521000E-02   5.8365349E+03   8.9815598E+05   9.0161868E+05   0.0000000E+00   0.0000000E+00   0.0000000E+00   0.0000000E+00   0.0000000E+00
   1.9476674E-01   8.6910730E+05   8.6910730E+05   2.6913182E+00   3.2962507E-02   5.5223485E+03   8.6576860E+05   8.6910730E+05   0.0000000E+00   0.0000000E+00   0.0000000E+00   0.0000000E+00   0.0000000E+00
   2.0127999E-01   8.3962249E+05   8.3962249E+05   2.4661313E+00   2.9813700E-02   5.2405298E+03   8.3639627E+05   8.3962249E+05   0.0000000E+00   0.0000000E+00   0.0000000E+00   0.0000000E+00   0.0000000E+00
   2.0801101E-01   8.1048314E+05   8.1048314E+05   2.2254213E+00   2.6946520E-02   4.9692614E+03   8.0736818E+05   8.1048314E+05   0.0000000E+00   0.0000000E+00   0.0000000E+00   0.0000000E+00   0.0000000E+00
   2.1496712E-01   7.7943852E+05   7.7943852E+05   1.9956531E+00   2.4269838E-02   4.7032680E+03   7.7644222E+05   7.7943852E+05   0.0000000E+00   0.0000000E+00   0.0000000E+00   0.0000000E+00   0.0000000E+00
   2.2215585E-01   7.4548928E+05   7.4548928E+05   1.7703254E+00   2.1745910E-02   4.4265927E+03   7.4262290E+05   7.4548928E+05   0.0000000E+00   0.0000000E+00   0.0000000E+00   0.0000000E+00   0.0000000E+00
   2.2958498E-01   7.0928213E+05   7.0928213E+05   1.5696153E+00   1.9386592E-02   4.1489604E+03   7.0655444E+05   7.0928213E+05   0.0000000E+00   0.0000000E+00   0.0000000E+00   0.0000000E+00   0.0000000E+00
   2.3726261E-01   6.7284786E+05   6.7284786E+05   1.4239829E+00   1.7233406E-02   3.8804857E+03   6.7025982E+05   6.7284786E+05   0.0000000E+00   0.0000000E+00   0.0000000E+00   0.0000000E+00   0.0000000E+00
   2.4519715E-01   6.3871335E+05   6.3871335E+05   1.2416154E+00   1.5327496E-02   3.6326626E+03   6.3625618E+05   6.3871335E+05   0.0000000E+00   0.0000000E+00   0.0000000E+00   0.0000000E+00   0.0000000E+00
   2.5339744E-01   6.0873139E+05   6.0873139E+05   1.1126823E+00   1.3682589E-02   3.4165263E+03   6.0638919E+05   6.0873139E+05   0.0000000E+00   0.0000000E+00   0.0000000E+00   0.0000000E+00   0.0000000E+00
   2.6187277E-01   5.8318143E+05   5.8318143E+05   9.9624144E-01   1.2273925E-02   3.2321289E+03   5.8093719E+05   5.8318143E+05   0.0000000E+00   0.0000000E+00   0.0000000E+00   0.0000000E+00   0.0000000E+00
   2.7063296E-01   5.6064412E+05   5.6064412E+05   9.1228877E-01   1.1046625E-02   3.0698328E+03   5.5848630E+05   5.6064412E+05   0.0000000E+00   0.0000000E+00   0.0000000E+00   0.0000000E+00   0.0000000E+00
   2.7968847E-01   5.3879534E+05   5.3879534E+05   8.2057999E-01   9.9392364E-03   2.9168806E+03   5.3672134E+05   5.3879534E+05   0.0000000E+00   0.0000000E+00   0.0000000E+00   0.0000000E+00   0.0000000E+00
   2.8905047E-01   5.1573731E+05   5.1573731E+05   7.2942456E-01   8.9091675E-03   2.7612297E+03   5.1375181E+05   5.1573731E+05   0.0000000E+00   0.0000000E+00   0.0000000E+00   0.0000000E+00   0.0000000E+00
   2.9873095E-01   4.9109091E+05   4.9109091E+05   6.4768610E-01   7.9458814E-03   2.6026479E+03   4.8920007E+05   4.9109091E+05   0.0000000E+00   0.0000000E+00   0.0000000E+00   0.0000000E+00   0.0000000E+00
   3.0874288E-01   4.6612514E+05   4.6612514E+05   5.7363590E-01   7.0643137E-03   2.4456996E+03   4.6433022E+05   4.6612514E+05   0.0000000E+00   0.0000000E+00   0.0000000E+00   0.0000000E+00   0.0000000E+00
   3.1910032E-01   4.4277806E+05   4.4277806E+05   5.1431247E-01   6.2843249E-03   2.3018142E+03   4.4107286E+05   4.4277806E+05   0.0000000E+00   0.0000000E+00   0.0000000E+00   0.0000000E+00   0.0000000E+00
   3.2981860E-01   4.2221765E+05   4.2221765E+05   4.5631391E-01   5.6101884E-03   2.1751601E+03   4.2059147E+05   4.2221765E+05   0.0000000E+00   0.0000000E+00   0.0000000E+00   0.0000000E+00   0.0000000E+00
   3.4091452E-01   4.0401442E+05   4.0401442E+05   4.0911395E-01   5.0242684E-03   2.0636027E+03   4.0245821E+05   4.0401442E+05   0.0000000E+00   0.0000000E+00   0.0000000E+00   0.0000000E+00   0.0000000E+00
   3.5240661E-01   3.8660481E+05   3.8660481E+05   3.6902144E-01   4.4991394E-03   1.9589562E+03   3.8511552E+05   3.8660481E+05   0.0000000E+00   0.0000000E+00   0.0000000E+00   0.0000000E+00   0.0000000E+00
   3.6431533E-01   3.6868039E+05   3.6868039E+05   3.2926882E-01   4.0153213E-03   1.8537556E+03   3.6726003E+05   3.6868039E+05   0.0000000E+00   0.0000000E+00   0.0000000E+00   0.0000000E+00   0.0000000E+00
   3.7666345E-01   3.5027677E+05   3.5027677E+05   2.9134557E-01   3.5699497E-03   1.7483563E+03   3.4892720E+05   3.5027677E+05   0.0000000E+00   0.0000000E+00   0.0000000E+00   0.0000000E+00   0.0000000E+00
   3.8947641E-01   3.3254028E+05   3.3254028E+05   2.5919134E-01   3.1708072E-03   1.6481333E+03   3.3125895E+05   3.3254028E+05   0.0000000E+00   0.0000000E+00   0.0000000E+00   0.0000000E+00   0.0000000E+00
   4.0278278E-01   3.1641889E+05   3.1641889E+05   2.3029101E-01   2.8213482E-03   1.5581516E+03   3.1519959E+05   3.1641889E+05   0.0000000E+00   0.0000000E+00   0.0000000E+00   0.0000000E+00   0.0000000E+00
   4.1661478E-01   3.0167402E+05   3.0167402E+05   2.0511246E-01   2.5141901E-03   1.4764114E+03   3.0051147E+05   3.0167402E+05   0.0000000E+00   0.0000000E+00   0.0000000E+00   0.0000000E+00   0.0000000E+00
   4.3100899E-01   2.8729920E+05   2.8729920E+05   1.8238761E-01   2.2372425E-03   1.3974619E+03   2.8619197E+05   2.8729920E+05   0.0000000E+00   0.0000000E+00   0.0000000E+00   0.0000000E+00   0.0000000E+00
   4.4600714E-01   2.7279085E+05   2.7279085E+05   1.6192361E-01   1.9841747E-03   1.3195478E+03   2.7173947E+05   2.7279085E+05   0.0000000E+00   0.0000000E+00   0.0000000E+00   0.0000000E+00   0.0000000E+00
   4.6165710E-01   2.5864052E+05   2.5864052E+05   1.4309157E-01   1.7561247E-03   1.2443938E+03   2.5764362E+05   2.5864052E+05   0.0000000E+00   0.0000000E+00   0.0000000E+00   0.0000000E+00   0.0000000E+00
   4.7801418E-01   2.4545194E+05   2.4545194E+05   1.2663090E-01   1.5546439E-03   1.1748988E+03   2.4450583E+05   2.4545194E+05   0.0000000E+00   0.0000000E+00   0.0000000E+00   0.0000000E+00   0.0000000E+00
   4.9514265E-01   2.3303472E+05   2.3303472E+05   1.1223206E-01   1.3756389E-03   1.1100975E+03   2.3213643E+05   2.3303472E+05   0.0000000E+00   0.0000000E+00   0.0000000E+00   0.0000000E+00   0.0000000E+00
   5.1311773E-01   2.2082772E+05   2.2082772E+05   9.8919601E-02   1.2139905E-03   1.0471077E+03   2.1997645E+05   2.2082772E+05   0.0000000E+00   0.0000000E+00   0.0000000E+00   0.0000000E+00   0.0000000E+00
   5.3202813E-01   2.0883039E+05   2.0883039E+05   8.7069095E-02   1.0680059E-03   9.8585210E+02   2.0802533E+05   2.0883039E+05   0.0000000E+00   0.0000000E+00   0.0000000E+00   0.0000000E+00   0.0000000E+00
   5.5197920E-01   1.9740390E+05   1.9740390E+05   7.6480565E-02   9.3797900E-04   9.2803531E+02   1.9664285E+05   1.9740390E+05   0.0000000E+00   0.0000000E+00   0.0000000E+00   0.0000000E+00   0.0000000E+00
   5.7309710E-01   1.8647052E+05   1.8647052E+05   6.7005804E-02   8.2197523E-04   8.7311374E+02   1.8575159E+05   1.8647052E+05   0.0000000E+00   0.0000000E+00   0.0000000E+00   0.0000000E+00   0.0000000E+00
   5.9553412E-01   1.7574727E+05   1.7574727E+05   5.8480337E-02   7.1750293E-04   8.1974662E+02   1.7506966E+05   1.7574727E+05   0.0000000E+00   0.0000000E+00   0.0000000E+00   0.0000000E+00   0.0000000E+00
   6.1947549E-01   1.6532854E+05   1.6532854E+05   5.0842785E-02   6.2383813E-04   7.6836583E+02   1.6469108E+05   1.6532854E+05   0.0000000E+00   0.0000000E+00   0.0000000E+00   0.0000000E+00   0.0000000E+00
   6.4514821E-01   1.5527894E+05   1.5527894E+05   4.4020924E-02   5.4025812E-04   7.1911935E+02   1.5468020E+05   1.5527894E+05   0.0000000E+00   0.0000000E+00   0.0000000E+00   0.0000000E+00   0.0000000E+00
   6.7283220E-01   1.4543899E+05   1.4543899E+05   3.7908437E-02   4.6526808E-04   6.7127537E+02   1.4487818E+05   1.4543899E+05   0.0000000E+00   0.0000000E+00   0.0000000E+00   0.0000000E+00   0.0000000E+00
   7.0287398E-01   1.3583728E+05   1.3583728E+05   3.2444108E-02   3.9822083E-04   6.2492344E+02   1.3531348E+05   1.3583728E+05   0.0000000E+00   0.0000000E+00   0.0000000E+00   0.0000000E+00   0.0000000E+00
   7.3570263E-01   1.2645757E+05   1.2645757E+05   2.7565084E-02   3.3839891E-04   5.7997287E+02   1.2596992E+05   1.2645757E+05   0.0000000E+00   0.0000000E+00   0.0000000E+00   0.0000000E+00   0.0000000E+00
   7.7184599E-01   1.1725054E+05   1.1725054E+05   2.3220818E-02   2.8507977E-04   5.3614266E+02   1.1679838E+05   1.1725054E+05   0.0000000E+00   0.0000000E+00   0.0000000E+00   0.0000000E+00   0.0000000E+00
   8.1194250E-01   1.0822715E+05   1.0822715E+05   1.9368089E-02   2.3781102E-04   4.9344968E+02   1.0780978E+05   1.0822715E+05   0.0000000E+00   0.0000000E+00   0.0000000E+00   0.0000000E+00   0.0000000E+00
   8.5673820E-01   9.9375680E+04   9.9375680E+04   1.5972592E-02   1.9613530E-04   4.5183106E+02   9.8992431E+04   9.9375680E+04   0.0000000E+00   0.0000000E+00   0.0000000E+00   0.0000000E+00   0.0000000E+00
   9.0705228E-01   9.0725163E+04   9.0725163E+04   1.3008912E-02   1.5975579E-04   4.1141315E+02   9.0375267E+04   9.0725163E+04   0.0000000E+00   0.0000000E+00   0.0000000E+00   0.0000000E+00   0.0000000E+00
   9.6369355E-01   8.2329107E+04   8.2329107E+04   1.0457700E-02   1.2844010E-04   3.7238737E+02   8.2011583E+04   8.2329107E+04   0.0000000E+00   0.0000000E+00   0.0000000E+00   0.0000000E+00   0.0000000E+00
   1.0273295E+00   7.4271873E+04   7.4271873E+04   8.3035978E-03   1.0196533E-04   3.3514847E+02   7.3985417E+04   7.4271873E+04   0.0000000E+00   0.0000000E+00   0.0000000E+00   0.0000000E+00   0.0000000E+00
   1.0983604E+00   6.6655894E+04   6.6655894E+04   6.5189688E-03   8.0060591E-05   3.0012662E+02   6.6398807E+04   6.6655894E+04   0.0000000E+00   0.0000000E+00   0.0000000E+00   0.0000000E+00   0.0000000E+00
   1.1768914E+00   5.9575781E+04   5.9575781E+04   5.0739213E-03   6.2328575E-05   2.6771925E+02   5.9345997E+04   5.9575781E+04   0.0000000E+00   0.0000000E+00   0.0000000E+00   0.0000000E+00   0.0000000E+00
   1.2628529E+00   5.3094550E+04   5.3094550E+04   3.9270545E-03   4.8246166E-05   2.3817082E+02   5.2889761E+04   5.3094550E+04   0.0000000E+00   0.0000000E+00   0.0000000E+00   0.0000000E+00   0.0000000E+00
   1.3561904E+00   4.7230866E+04   4.7230866E+04   3.0289330E-03   3.7215504E-05   2.1153646E+02   4.7048691E+04   4.7230866E+04   0.0000000E+00   0.0000000E+00   0.0000000E+00   0.0000000E+00   0.0000000E+00
   1.4570002E+00   4.1965106E+04   4.1965106E+04   2.3316374E-03   2.8650478E-05   1.8769606E+02   4.1803239E+04   4.1965106E+04   0.0000000E+00   0.0000000E+00   0.0000000E+00   0.0000000E+00   0.0000000E+00
   1.5655648E+00   3.7257222E+04   3.7257222E+04   1.7929233E-03   2.2032177E-05   1.6643916E+02   3.7113513E+04   3.7257222E+04   0.0000000E+00   0.0000000E+00   0.0000000E+00   0.0000000E+00   0.0000000E+00
   1.6823226E+00   3.3057609E+04   3.3057609E+04   1.3769096E-03   1.6930516E-05   1.4752436E+02   3.2930097E+04   3.3057609E+04   0.0000000E+00   0.0000000E+00   0.0000000E+00   0.0000000E+00   0.0000000E+00
   1.8078240E+00   2.9316262E+04   2.9316262E+04   1.0582057E-03   1.3002921E-05   1.3070987E+02   2.9203181E+04   2.9316262E+04   0.0000000E+00   0.0000000E+00   0.0000000E+00   0.0000000E+00   0.0000000E+00
   1.9426986E+00   2.5985990E+04   2.5985990E+04   8.1217241E-04   9.9816527E-06   1.1577166E+02   2.5885753E+04   2.5985990E+04   0.0000000E+00   0.0000000E+00   0.0000000E+00   0.0000000E+00   0.0000000E+00
   2.0876385E+00   2.3023588E+04   2.3023588E+04   6.2433071E-04   7.6590359E-06   1.0250283E+02   2.2934778E+04   2.3023588E+04   0.0000000E+00   0.0000000E+00   0.0000000E+00   0.0000000E+00   0.0000000E+00
   2.2433925E+00   2.0389943E+04   2.0389943E+04   4.7785082E-04   5.8742647E-06   9.0723584E+01   2.0311291E+04   2.0389943E+04   0.0000000E+00   0.0000000E+00   0.0000000E+00   0.0000000E+00   0.0000000E+00
   2.4107671E+00   1.8049941E+04   1.8049941E+04   3.6629707E-04   4.5035366E-06   8.0270976E+01   1.7980316E+04   1.8049941E+04   0.0000000E+00   0.0000000E+00   0.0000000E+00   0.0000000E+00   0.0000000E+00
   2.5906292E+00   1.5971915E+04   1.5971915E+04   2.8067174E-04   3.4512784E-06   7.0998091E+01   1.5910305E+04   1.5971915E+04   0.0000000E+00   0.0000000E+00   0.0000000E+00   0.0000000E+00   0.0000000E+00
   2.7839104E+00   1.4127504E+04   1.4127504E+04   2.1498045E-04   2.6438717E-06   6.2775062E+01   1.4073008E+04   1.4127504E+04   0.0000000E+00   0.0000000E+00   0.0000000E+00   0.0000000E+00   0.0000000E+00
   2.9916120E+00   1.2491273E+04   1.2491273E+04   1.6458353E-04   2.0246133E-06   5.5486046E+01   1.2443088E+04   1.2491273E+04   0.0000000E+00   0.0000000E+00   0.0000000E+00   0.0000000E+00   0.0000000E+00
   3.2148096E+00   1.1040422E+04   1.1040422E+04   1.2599007E-04   1.5498528E-06   4.9026839E+01   1.0997834E+04   1.1040422E+04   0.0000000E+00   0.0000000E+00   0.0000000E+00   0.0000000E+00   0.0000000E+00
   3.4546596E+00   9.7545513E+03   9.7545513E+03   9.6347644E-05   1.1860119E-06   4.3305815E+01   9.7169235E+03   9.7545513E+03   0.0000000E+00   0.0000000E+00   0.0000000E+00   0.0000000E+00   0.0000000E+00
   3.7124042E+00   8.6154158E+03   8.6154158E+03   7.3725988E-05   9.0729227E-07   3.8240105E+01   8.5821821E+03   8.6154158E+03   0.0000000E+00   0.0000000E+00   0.0000000E+00   0.0000000E+00   0.0000000E+00
   3.9893787E+00   7.6067134E+03   7.6067134E+03   5.6364053E-05   6.9385887E-07   3.3756531E+01   7.5773708E+03   7.6067134E+03   0.0000000E+00   0.0000000E+00   0.0000000E+00   0.0000000E+00   0.0000000E+00
   4.2870175E+00   6.7138880E+03   6.7138880E+03   4.3084127E-05   5.3047836E-07   2.9789414E+01   6.6879893E+03   6.7138880E+03   0.0000000E+00   0.0000000E+00   0.0000000E+00   0.0000000E+00   0.0000000E+00
   4.6068626E+00   5.9239520E+03   5.9239520E+03   3.2918510E-05   4.0545464E-07   2.6280641E+01   5.9011004E+03   5.9239520E+03   0.0000000E+00   0.0000000E+00   0.0000000E+00   0.0000000E+00   0.0000000E+00
   4.9505706E+00   5.2253258E+03   5.2253258E+03   2.5139483E-05   3.0981419E-07   2.3178476E+01   5.2051692E+03   5.2253258E+03   0.0000000E+00   0.0000000E+00   0.0000000E+00   0.0000000E+00   0.0000000E+00
   5.3199219E+00   4.6076926E+03   4.6076926E+03   1.9202554E-05   2.3667515E-07   2.0436471E+01   4.5899184E+03   4.6076926E+03   0.0000000E+00   0.0000000E+00   0.0000000E+00   0.0000000E+00   0.0000000E+00
   5.7168298E+00   4.0618661E+03   4.0618661E+03   1.4657634E-05   1.8076096E-07   1.8013853E+01   4.0461974E+03   4.0618661E+03   0.0000000E+00   0.0000000E+00   0.0000000E+00   0.0000000E+00   0.0000000E+00
   6.1433500E+00   3.5796722E+03   3.5796722E+03   1.1186853E-05   1.3802674E-07   1.5874083E+01   3.5658636E+03   3.5796722E+03   0.0000000E+00   0.0000000E+00   0.0000000E+00   0.0000000E+00   0.0000000E+00
   6.6016920E+00   3.1538419E+03   3.1538419E+03   8.5333654E-06   1.0537544E-07   1.3984661E+01   3.1416759E+03   3.1538419E+03   0.0000000E+00   0.0000000E+00   0.0000000E+00   0.0000000E+00   0.0000000E+00
   7.0942299E+00   2.7779144E+03   2.7779144E+03   6.5097381E-06   8.0433695E-08   1.2316997E+01   2.7671986E+03   2.7779144E+03   0.0000000E+00   0.0000000E+00   0.0000000E+00   0.0000000E+00   0.0000000E+00
   7.6235150E+00   2.4461509E+03   2.4461509E+03   4.9639608E-06   6.1386491E-08   1.0845357E+01   2.4367149E+03   2.4461509E+03   0.0000000E+00   0.0000000E+00   0.0000000E+00   0.0000000E+00   0.0000000E+00
   8.1922889E+00   2.1534566E+03   2.1534566E+03   3.7841343E-06   4.6843806E-08   9.5471725E+00   2.1451496E+03   2.1534566E+03   0.0000000E+00   0.0000000E+00   0.0000000E+00   0.0000000E+00   0.0000000E+00
