#           k/h    CDM            baryon         photon         nu             mass_nu        total          no_nu          total_de       Weyl           v_CDM          v_b            v_b-v_c     
   1.0322636E-05   1.6732820E+07   1.6732820E+07   2.2300351E+07   1.1154208E+04   1.8177221E+07   1.6732834E+07   1.6732820E+07   0.0000000E+00   0.0000000E+00   0.0000000E+00   0.0000000E+00   0.0000000E+00
   1.1092785E-05   1.6732816E+07   1.6732816E+07   2.2298787E+07   1.1153704E+04   1.8176850E+07   1.6732830E+07   1.6732816E+07   0.0000000E+00   0.0000000E+00   0.0000000E+00   0.0000000E+00   0.0000000E+00
   1.1920394E-05   1.6732812E+07   1.6732812E+07   2.2296982E+07   1.1153123E+04   1.8176422E+07   1.6732826E+07   1.6732812E+07   0.0000000E+00   0.0000000E+00   0.0000000E+00   0.0000000E+00   0.0000000E+00
   1.2809749E-05   1.6732808E+07   1.6732808E+07   2.2294897E+07   1.1152451E+04   1.8175928E+07   1.6732822E+07   1.6732808E+07   0.0000000E+00   0.0000000E+00   0.0000000E+00   0.0000000E+00   0.0000000E+00
   1.3765456E-05   1.6732803E+07   1.6732803E+07   2.2292490E+07   1.1151676E+04   1.8175357E+07   1.6732816E+07   1.6732803E+07   0.0000000E+00   0.0000000E+00   0.0000000E+00   0.0000000E+00   0.0000000E+00
   1.4792467E-05   1.6732797E+07   1.6732797E+07   2.2289710E+07   1.1150781E+04   1.8174698E+07   1.6732810E+07   1.6732797E+07   0.0000000E+00   0.0000000E+00   0.0000000E+00   0.0000000E+00   0.0000000E+00
   1.5896101E-05   1.6732790E+07   1.6732790E+07   2.2286501E+07   1.1149747E+04   1.8173938E+07   1.6732803E+07   1.6732790E+07   0.0000000E+00   0.0000000E+00   0.0000000E+00   0.0000000E+00   0.0000000E+00
   1.7082074E-05   1.6732782E+07   1.6732782E+07   2.2282796E+07   1.1148553E+04   1.8173059E+07   1.6732794E+07   1.6732782E+07   0.0000000E+00   0.0000000E+00   0.0000000E+00   0.0000000E+00   0.0000000E+00
   1.8356531E-05   1.6732773E+07   1.6732773E+07   2.2278517E+07   1.1147175E+04   1.8172045E+07   1.6732785E+07   1.6732773E+07   0.0000000E+00   0.0000000E+00   0.0000000E+00   0.0000000E+00   0.0000000E+00
   1.9726072E-05   1.6732762E+07   1.6732762E+07   2.2273578E+07   1.1145584E+04   1.8170874E+07   1.6732774E+07   1.6732762E+07   0.0000000E+00   0.0000000E+00   0.0000000E+00   0.0000000E+00   0.0000000E+00
   2.1197791E-05   1.6732750E+07   1.6732750E+07   2.2267875E+07   1.1143746E+04   1.8169523E+07   1.6732761E+07   1.6732750E+07   0.0000000E+00   0.0000000E+00   0.0000000E+00   0.0000000E+00   0.0000000E+00
   2.2779312E-05   1.6732736E+07   1.6732736E+07   2.2261291E+07   1.1141625E+04   1.8167963E+07   1.6732746E+07   1.6732736E+07   0.0000000E+00   0.0000000E+00   0.0000000E+00   0.0000000E+00   0.0000000E+00
   2.4478827E-05   1.6732719E+07   1.6732719E+07   2.2253690E+07   1.1139176E+04   1.8166162E+07   1.6732729E+07   1.6732719E+07   0.0000000E+00   0.0000000E+00   0.0000000E+00   0.0000000E+00   0.0000000E+00
   2.6305139E-05   1.6732700E+07   1.6732700E+07   2.2244916E+07   1.1136349E+04   1.8164083E+07   1.6732709E+07   1.6732700E+07   0.0000000E+00   0.0000000E+00   0.0000000E+00   0.0000000E+00   0.0000000E+00
   2.8267709E-05   1.6732678E+07   1.6732678E+07   2.2234788E+07   1.1133085E+04   1.8161685E+07   1.6732687E+07   1.6732678E+07   0.0000000E+00   0.0000000E+00   0.0000000E+00   0.0000000E+00   0.0000000E+00
   3.0376701E-05   1.6732653E+07   1.6732653E+07   2.2223097E+07   1.1129317E+04   1.8158917E+07   1.6732660E+07   1.6732653E+07   0.0000000E+00   0.0000000E+00   0.0000000E+00   0.0000000E+00   0.0000000E+00
   3.2643041E-05   1.6732624E+07   1.6732624E+07   2.2209604E+07   1.1124967E+04   1.8155723E+07   1.6732630E+07   1.6732624E+07   0.0000000E+00   0.0000000E+00   0.0000000E+00   0.0000000E+00   0.0000000E+00
   3.5078467E-05   1.6732590E+07   1.6732590E+07   2.2194032E+07   1.1119947E+04   1.8152037E+07   1.6732595E+07   1.6732590E+07   0.0000000E+00   0.0000000E+00   0.0000000E+00   0.0000000E+00   0.0000000E+00
   3.7695595E-05   1.6732552E+07   1.6732552E+07   2.2176063E+07   1.1114153E+04   1.8147786E+07   1.6732554E+07   1.6732552E+07   0.0000000E+00   0.0000000E+00   0.0000000E+00   0.0000000E+00   0.0000000E+00
   4.0507982E-05   1.6732507E+07   1.6732507E+07   2.2155329E+07   1.1107466E+04   1.8142883E+07   1.6732508E+07   1.6732507E+07   0.0000000E+00   0.0000000E+00   0.0000000E+00   0.0000000E+00   0.0000000E+00
   4.3530194E-05   1.6732455E+07   1.6732455E+07   2.2131409E+07   1.1099750E+04   1.8137229E+07   1.6732454E+07   1.6732455E+07   0.0000000E+00   0.0000000E+00   0.0000000E+00   0.0000000E+00   0.0000000E+00
   4.6777887E-05   1.6732395E+07   1.6732395E+07   2.2103816E+07   1.1090848E+04   1.8130710E+07   1.6732392E+07   1.6732395E+07   0.0000000E+00   0.0000000E+00   0.0000000E+00   0.0000000E+00   0.0000000E+00
   5.0267884E-05   1.6732326E+07   1.6732326E+07   2.2071992E+07   1.1080577E+04   1.8123196E+07   1.6732320E+07   1.6732326E+07   0.0000000E+00   0.0000000E+00   0.0000000E+00   0.0000000E+00   0.0000000E+00
   5.4018262E-05   1.6732247E+07   1.6732247E+07   2.2035295E+07   1.1068729E+04   1.8114538E+07   1.6732237E+07   1.6732247E+07   0.0000000E+00   0.0000000E+00   0.0000000E+00   0.0000000E+00   0.0000000E+00
   5.8048447E-05   1.6732155E+07   1.6732155E+07   2.1992990E+07   1.1055065E+04   1.8104565E+07   1.6732141E+07   1.6732155E+07   0.0000000E+00   0.0000000E+00   0.0000000E+00   0.0000000E+00   0.0000000E+00
   6.2379315E-05   1.6732048E+07   1.6732048E+07   2.1944230E+07   1.1039310E+04   1.8093080E+07   1.6732030E+07   1.6732048E+07   0.0000000E+00   0.0000000E+00   0.0000000E+00   0.0000000E+00   0.0000000E+00
   6.7033301E-05   1.6731926E+07   1.6731926E+07   2.1888049E+07   1.1021148E+04   1.8079862E+07   1.6731903E+07   1.6731926E+07   0.0000000E+00   0.0000000E+00   0.0000000E+00   0.0000000E+00   0.0000000E+00
   7.2034510E-05   1.6731785E+07   1.6731785E+07   2.1823340E+07   1.1000216E+04   1.8064657E+07   1.6731755E+07   1.6731785E+07   0.0000000E+00   0.0000000E+00   0.0000000E+00   0.0000000E+00   0.0000000E+00
   7.7408848E-05   1.6731621E+07   1.6731621E+07   2.1748837E+07   1.0976099E+04   1.8047175E+07   1.6731585E+07   1.6731621E+07   0.0000000E+00   0.0000000E+00   0.0000000E+00   0.0000000E+00   0.0000000E+00
   8.3184154E-05   1.6731433E+07   1.6731433E+07   2.1663098E+07   1.0948324E+04   1.8027091E+07   1.6731389E+07   1.6731433E+07   0.0000000E+00   0.0000000E+00   0.0000000E+00   0.0000000E+00   0.0000000E+00
   8.9390343E-05   1.6731215E+07   1.6731215E+07   2.1564481E+07   1.0916347E+04   1.8004035E+07   1.6731162E+07   1.6731215E+07   0.0000000E+00   0.0000000E+00   0.0000000E+00   0.0000000E+00   0.0000000E+00
   9.6059563E-05   1.6730965E+07   1.6730965E+07   2.1451122E+07   1.0879551E+04   1.7977591E+07   1.6730901E+07   1.6730965E+07   0.0000000E+00   0.0000000E+00   0.0000000E+00   0.0000000E+00   0.0000000E+00
   1.0322636E-04   1.6730675E+07   1.6730675E+07   2.1320911E+07   1.0837233E+04   1.7947295E+07   1.6730599E+07   1.6730675E+07   0.0000000E+00   0.0000000E+00   0.0000000E+00   0.0000000E+00   0.0000000E+00
   1.1092785E-04   1.6730341E+07   1.6730341E+07   2.1171465E+07   1.0788594E+04   1.7912628E+07   1.6730251E+07   1.6730341E+07   0.0000000E+00   0.0000000E+00   0.0000000E+00   0.0000000E+00   0.0000000E+00
   1.1920394E-04   1.6729956E+07   1.6729956E+07   2.1000107E+07   1.0732733E+04   1.7873017E+07   1.6729850E+07   1.6729956E+07   0.0000000E+00   0.0000000E+00   0.0000000E+00   0.0000000E+00   0.0000000E+00
   1.2809749E-04   1.6729512E+07   1.6729512E+07   2.0803841E+07   1.0668630E+04   1.7827831E+07   1.6729387E+07   1.6729512E+07   0.0000000E+00   0.0000000E+00   0.0000000E+00   0.0000000E+00   0.0000000E+00
   1.3765456E-04   1.6729001E+07   1.6729001E+07   2.0579335E+07   1.0595141E+04   1.7776384E+07   1.6728854E+07   1.6729001E+07   0.0000000E+00   0.0000000E+00   0.0000000E+00   0.0000000E+00   0.0000000E+00
   1.4792467E-04   1.6728411E+07   1.6728411E+07   2.0322904E+07   1.0510987E+04   1.7717941E+07   1.6728239E+07   1.6728411E+07   0.0000000E+00   0.0000000E+00   0.0000000E+00   0.0000000E+00   0.0000000E+00
   1.5896101E-04   1.6727731E+07   1.6727731E+07   2.0030511E+07   1.0414747E+04   1.7651723E+07   1.6727531E+07   1.6727731E+07   0.0000000E+00   0.0000000E+00   0.0000000E+00   0.0000000E+00   0.0000000E+00
   1.7082074E-04   1.6726948E+07   1.6726948E+07   1.9697774E+07   1.0304850E+04   1.7576920E+07   1.6726715E+07   1.6726948E+07   0.0000000E+00   0.0000000E+00   0.0000000E+00   0.0000000E+00   0.0000000E+00
   1.8356531E-04   1.6726046E+07   1.6726046E+07   1.9319997E+07   1.0179578E+04   1.7492718E+07   1.6725775E+07   1.6726046E+07   0.0000000E+00   0.0000000E+00   0.0000000E+00   0.0000000E+00   0.0000000E+00
   1.9726072E-04   1.6725009E+07   1.6725009E+07   1.8892227E+07   1.0037068E+04   1.7398322E+07   1.6724693E+07   1.6725009E+07   0.0000000E+00   0.0000000E+00   0.0000000E+00   0.0000000E+00   0.0000000E+00
   2.1197791E-04   1.6723815E+07   1.6723815E+07   1.8409347E+07   9.8753268E+03   1.7293003E+07   1.6723449E+07   1.6723815E+07   0.0000000E+00   0.0000000E+00   0.0000000E+00   0.0000000E+00   0.0000000E+00
   2.2779312E-04   1.6722442E+07   1.6722442E+07   1.7866216E+07   9.6922558E+03   1.7176154E+07   1.6722018E+07   1.6722442E+07   0.0000000E+00   0.0000000E+00   0.0000000E+00   0.0000000E+00   0.0000000E+00
   2.4478827E-04   1.6720865E+07   1.6720865E+07   1.7257865E+07   9.4856904E+03   1.7047359E+07   1.6720374E+07   1.6720865E+07   0.0000000E+00   0.0000000E+00   0.0000000E+00   0.0000000E+00   0.0000000E+00
   2.6305139E-04   1.6719055E+07   1.6719055E+07   1.6579773E+07   9.2534606E+03   1.6906485E+07   1.6718487E+07   1.6719055E+07   0.0000000E+00   0.0000000E+00   0.0000000E+00   0.0000000E+00   0.0000000E+00
   2.8267709E-04   1.6716977E+07   1.6716977E+07   1.5828222E+07   8.9934741E+03   1.6753791E+07   1.6716321E+07   1.6716977E+07   0.0000000E+00   0.0000000E+00   0.0000000E+00   0.0000000E+00   0.0000000E+00
   3.0376701E-04   1.6714596E+07   1.6714596E+07   1.5000751E+07   8.7038301E+03   1.6590051E+07   1.6713838E+07   1.6714596E+07   0.0000000E+00   0.0000000E+00   0.0000000E+00   0.0000000E+00   0.0000000E+00
   3.2643041E-04   1.6711869E+07   1.6711869E+07   1.4096717E+07   8.3829671E+03   1.6416688E+07   1.6710995E+07   1.6711869E+07   0.0000000E+00   0.0000000E+00   0.0000000E+00   0.0000000E+00   0.0000000E+00
   3.5078467E-04   1.6708750E+07   1.6708750E+07   1.3117955E+07   8.0298478E+03   1.6235903E+07   1.6707743E+07   1.6708750E+07   0.0000000E+00   0.0000000E+00   0.0000000E+00   0.0000000E+00   0.0000000E+00
   3.7695595E-04   1.6705188E+07   1.6705188E+07   1.2069517E+07   7.6441843E+03   1.6050780E+07   1.6704027E+07   1.6705188E+07   0.0000000E+00   0.0000000E+00   0.0000000E+00   0.0000000E+00   0.0000000E+00
   4.0507982E-04   1.6701123E+07   1.6701123E+07   1.0960445E+07   7.2266969E+03   1.5865341E+07   1.6699788E+07   1.6701123E+07   0.0000000E+00   0.0000000E+00   0.0000000E+00   0.0000000E+00   0.0000000E+00
   4.3530194E-04   1.6696493E+07   1.6696493E+07   9.8045088E+06   6.7793977E+03   1.5684491E+07   1.6694959E+07   1.6696493E+07   0.0000000E+00   0.0000000E+00   0.0000000E+00   0.0000000E+00   0.0000000E+00
   4.6777887E-04   1.6691227E+07   1.6691227E+07   8.6207517E+06   6.3058762E+03   1.5513818E+07   1.6689466E+07   1.6691227E+07   0.0000000E+00   0.0000000E+00   0.0000000E+00   0.0000000E+00   0.0000000E+00
   5.0267884E-04   1.6685247E+07   1.6685247E+07   7.4336967E+06   5.8115510E+03   1.5359158E+07   1.6683229E+07   1.6685247E+07   0.0000000E+00   0.0000000E+00   0.0000000E+00   0.0000000E+00   0.0000000E+00
   5.4018262E-04   1.6678470E+07   1.6678470E+07   6.2729536E+06   5.3038325E+03   1.5225898E+07   1.6676160E+07   1.6678470E+07   0.0000000E+00   0.0000000E+00   0.0000000E+00   0.0000000E+00   0.0000000E+00
   5.8048447E-04   1.6670803E+07   1.6670803E+07   5.1719707E+06   4.7921276E+03   1.5117961E+07   1.6668162E+07   1.6670803E+07   0.0000000E+00   0.0000000E+00   0.0000000E+00   0.0000000E+00   0.0000000E+00
   6.2379315E-04   1.6662144E+07   1.6662144E+07   4.1656750E+06   4.2875977E+03   1.5036534E+07   1.6659130E+07   1.6662144E+07   0.0000000E+00   0.0000000E+00   0.0000000E+00   0.0000000E+00   0.0000000E+00
   6.7033301E-04   1.6652382E+07   1.6652382E+07   3.2868575E+06   3.8025838E+03   1.4978687E+07   1.6648950E+07   1.6652382E+07   0.0000000E+00   0.0000000E+00   0.0000000E+00   0.0000000E+00   0.0000000E+00
   7.2034510E-04   1.6641396E+07   1.6641396E+07   2.5614073E+06   3.3496344E+03   1.4936225E+07   1.6637495E+07   1.6641396E+07   0.0000000E+00   0.0000000E+00   0.0000000E+00   0.0000000E+00   0.0000000E+00
   7.7408848E-04   1.6629052E+07   1.6629052E+07   2.0029250E+06   2.9401327E+03   1.4895304E+07   1.6624629E+07   1.6629052E+07   0.0000000E+00   0.0000000E+00   0.0000000E+00   0.0000000E+00   0.0000000E+00
   8.3184154E-04   1.6615200E+07   1.6615200E+07   1.6078349E+06   2.5826337E+03   1.4837494E+07   1.6610200E+07   1.6615200E+07   0.0000000E+00   0.0000000E+00   0.0000000E+00   0.0000000E+00   0.0000000E+00
   8.9390343E-04   1.6599677E+07   1.6599677E+07   1.3527372E+06   2.2811854E+03   1.4742889E+07   1.6594040E+07   1.6599677E+07   0.0000000E+00   0.0000000E+00   0.0000000E+00   0.0000000E+00   0.0000000E+00
   9.6059563E-04   1.6582298E+07   1.6582298E+07   1.1960953E+06   2.0340906E+03   1.4595410E+07   1.6575965E+07   1.6582298E+07   0.0000000E+00   0.0000000E+00   0.0000000E+00   0.0000000E+00   0.0000000E+00
   1.0322636E-03   1.6562863E+07   1.6562863E+07   1.0859379E+06   1.8336946E+03   1.4389358E+07   1.6555773E+07   1.6562863E+07   0.0000000E+00   0.0000000E+00   0.0000000E+00   0.0000000E+00   0.0000000E+00
   1.1092785E-03   1.6541151E+07   1.6541151E+07   9.7353084E+05   1.6677276E+03   1.4134674E+07   1.6533246E+07   1.6541151E+07   0.0000000E+00   0.0000000E+00   0.0000000E+00   0.0000000E+00   0.0000000E+00
   1.1920394E-03   1.6516925E+07   1.6516925E+07   8.2973093E+05   1.5223518E+03   1.3856996E+07   1.6508150E+07   1.6516925E+07   0.0000000E+00   0.0000000E+00   0.0000000E+00   0.0000000E+00   0.0000000E+00
   1.2809749E-03   1.6489935E+07   1.6489935E+07   6.5689167E+05   1.3862915E+03   1.3588896E+07   1.6480239E+07   1.6489935E+07   0.0000000E+00   0.0000000E+00   0.0000000E+00   0.0000000E+00   0.0000000E+00
   1.3765456E-03   1.6459920E+07   1.6459920E+07   4.8732259E+05   1.2544723E+03   1.3352606E+07   1.6449258E+07   1.6459920E+07   0.0000000E+00   0.0000000E+00   0.0000000E+00   0.0000000E+00   0.0000000E+00
   1.4792467E-03   1.6426612E+07   1.6426612E+07   3.6330519E+05   1.1290442E+03   1.3142375E+07   1.6414948E+07   1.6426612E+07   0.0000000E+00   0.0000000E+00   0.0000000E+00   0.0000000E+00   0.0000000E+00
   1.5896101E-03   1.6389732E+07   1.6389732E+07   3.0567008E+05   1.0163919E+03   1.2922037E+07   1.6377038E+07   1.6389732E+07   0.0000000E+00   0.0000000E+00   0.0000000E+00   0.0000000E+00   0.0000000E+00
   1.7082074E-03   1.6348991E+07   1.6348991E+07   2.9288001E+05   9.2118995E+02   1.2650032E+07   1.6335246E+07   1.6348991E+07   0.0000000E+00   0.0000000E+00   0.0000000E+00   0.0000000E+00   0.0000000E+00
   1.8356531E-03   1.6304081E+07   1.6304081E+07   2.7498743E+05   8.4163581E+02   1.2321097E+07   1.6289272E+07   1.6304081E+07   0.0000000E+00   0.0000000E+00   0.0000000E+00   0.0000000E+00   0.0000000E+00
   1.9726072E-03   1.6254681E+07   1.6254681E+07   2.2071341E+05   7.7055273E+02   1.1982553E+07   1.6238799E+07   1.6254681E+07   0.0000000E+00   0.0000000E+00   0.0000000E+00   0.0000000E+00   0.0000000E+00
   2.1197791E-03   1.6200461E+07   1.6200461E+07   1.5212184E+05   7.0230221E+02   1.1687419E+07   1.6183497E+07   1.6200461E+07   0.0000000E+00   0.0000000E+00   0.0000000E+00   0.0000000E+00   0.0000000E+00
   2.2779312E-03   1.6141080E+07   1.6141080E+07   1.1521555E+05   6.3809973E+02   1.1421583E+07   1.6123027E+07   1.6141080E+07   0.0000000E+00   0.0000000E+00   0.0000000E+00   0.0000000E+00   0.0000000E+00
   2.4478827E-03   1.6076192E+07   1.6076192E+07   1.1192256E+05   5.8221692E+02   1.1116006E+07   1.6057037E+07   1.6076192E+07   0.0000000E+00   0.0000000E+00   0.0000000E+00   0.0000000E+00   0.0000000E+00
   2.6305139E-03   1.6005430E+07   1.6005430E+07   9.8728440E+04   5.3386287E+02   1.0760298E+07   1.5985157E+07   1.6005430E+07   0.0000000E+00   0.0000000E+00   0.0000000E+00   0.0000000E+00   0.0000000E+00
   2.8267709E-03   1.5928411E+07   1.5928411E+07   6.8595523E+04   4.8830440E+02   1.0422909E+07   1.5907000E+07   1.5928411E+07   0.0000000E+00   0.0000000E+00   0.0000000E+00   0.0000000E+00   0.0000000E+00
   3.0376701E-03   1.5844736E+07   1.5844736E+07   5.8832307E+04   4.4538106E+02   1.0099203E+07   1.5822170E+07   1.5844736E+07   0.0000000E+00   0.0000000E+00   0.0000000E+00   0.0000000E+00   0.0000000E+00
   3.2643041E-03   1.5753996E+07   1.5753996E+07   5.7314384E+04   4.0744217E+02   9.7208069E+06   1.5730259E+07   1.5753996E+07   0.0000000E+00   0.0000000E+00   0.0000000E+00   0.0000000E+00   0.0000000E+00
   3.5078467E-03   1.5655757E+07   1.5655757E+07   3.7030805E+04   3.7206632E+02   9.3450368E+06   1.5630839E+07   1.5655757E+07   0.0000000E+00   0.0000000E+00   0.0000000E+00   0.0000000E+00   0.0000000E+00
   3.7695595E-03   1.5549577E+07   1.5549577E+07   3.2452475E+04   3.3850879E+02   8.9926374E+06   1.5523472E+07   1.5549577E+07   0.0000000E+00   0.0000000E+00   0.0000000E+00   0.0000000E+00   0.0000000E+00
   4.0507982E-03   1.5435003E+07   1.5435003E+07   3.1144109E+04   3.0864294E+02   8.5851037E+06   1.5407713E+07   1.5435003E+07   0.0000000E+00   0.0000000E+00   0.0000000E+00   0.0000000E+00   0.0000000E+00
   4.3530194E-03   1.5311576E+07   1.5311576E+07   2.0278155E+04   2.8030740E+02   8.2039396E+06   1.5283117E+07   1.5311576E+07   0.0000000E+00   0.0000000E+00   0.0000000E+00   0.0000000E+00   0.0000000E+00
   4.6777887E-03   1.5178840E+07   1.5178840E+07   2.1020673E+04   2.5422053E+02   7.8063191E+06   1.5149247E+07   1.5178840E+07   0.0000000E+00   0.0000000E+00   0.0000000E+00   0.0000000E+00   0.0000000E+00
   5.0267884E-03   1.5036342E+07   1.5036342E+07   1.3282787E+04   2.2994103E+02   7.4213039E+06   1.5005663E+07   1.5036342E+07   0.0000000E+00   0.0000000E+00   0.0000000E+00   0.0000000E+00   0.0000000E+00
   5.4018262E-03   1.4883615E+07   1.4883615E+07   1.4716260E+04   2.0781941E+02   7.0244853E+06   1.4851898E+07   1.4883615E+07   0.0000000E+00   0.0000000E+00   0.0000000E+00   0.0000000E+00   0.0000000E+00
   5.8048447E-03   1.4720185E+07   1.4720185E+07   9.2849287E+03   1.8737770E+02   6.6421220E+06   1.4687469E+07   1.4720185E+07   0.0000000E+00   0.0000000E+00   0.0000000E+00   0.0000000E+00   0.0000000E+00
   6.2379315E-03   1.4545555E+07   1.4545555E+07   8.6033661E+03   1.6864724E+02   6.2408059E+06   1.4511886E+07   1.4545555E+07   0.0000000E+00   0.0000000E+00   0.0000000E+00   0.0000000E+00   0.0000000E+00
   6.7033301E-03   1.4359228E+07   1.4359228E+07   8.0922510E+03   1.5116071E+02   5.8617176E+06   1.4324681E+07   1.4359228E+07   0.0000000E+00   0.0000000E+00   0.0000000E+00   0.0000000E+00   0.0000000E+00
   7.2034510E-03   1.4160712E+07   1.4160712E+07   5.2147372E+03   1.3520342E+02   5.4882516E+06   1.4125376E+07   1.4160712E+07   0.0000000E+00   0.0000000E+00   0.0000000E+00   0.0000000E+00   0.0000000E+00
   7.7408848E-03   1.3949506E+07   1.3949506E+07   4.1882133E+03   1.2071430E+02   5.1121103E+06   1.3913466E+07   1.3949506E+07   0.0000000E+00   0.0000000E+00   0.0000000E+00   0.0000000E+00   0.0000000E+00
   8.3184154E-03   1.3725098E+07   1.3725098E+07   3.9848220E+03   1.0740705E+02   4.7492286E+06   1.3688439E+07   1.3725098E+07   0.0000000E+00   0.0000000E+00   0.0000000E+00   0.0000000E+00   0.0000000E+00
   8.9390343E-03   1.3486964E+07   1.3486964E+07   3.6517040E+03   9.5264979E+01   4.3986715E+06   1.3449791E+07   1.3486964E+07   0.0000000E+00   0.0000000E+00   0.0000000E+00   0.0000000E+00   0.0000000E+00
   9.6059563E-03   1.3234579E+07   1.3234579E+07   3.0960911E+03   8.4236779E+01   4.0608264E+06   1.3197001E+07   1.3234579E+07   0.0000000E+00   0.0000000E+00   0.0000000E+00   0.0000000E+00   0.0000000E+00
   1.0322636E-02   1.2967409E+07   1.2967409E+07   2.4844432E+03   7.4263395E+01   3.7329108E+06   1.2929539E+07   1.2967409E+07   0.0000000E+00   0.0000000E+00   0.0000000E+00   0.0000000E+00   0.0000000E+00
   1.1092785E-02   1.2684924E+07   1.2684924E+07   1.9278337E+03   6.5239277E+01   3.4175544E+06   1.2646881E+07   1.2684924E+07   0.0000000E+00   0.0000000E+00   0.0000000E+00   0.0000000E+00   0.0000000E+00
   1.1920394E-02   1.2386604E+07   1.2386604E+07   1.3195867E+03   5.7112877E+01   3.1192602E+06   1.2348519E+07   1.2386604E+07   0.0000000E+00   0.0000000E+00   0.0000000E+00   0.0000000E+00   0.0000000E+00
   1.2809749E-02   1.2071955E+07   1.2071955E+07   1.0837214E+03   4.9818635E+01   2.8361305E+06   1.2033953E+07   1.2071955E+07   0.0000000E+00   0.0000000E+00   0.0000000E+00   0.0000000E+00   0.0000000E+00
   1.3765456E-02   1.1740523E+07   1.1740523E+07   1.1461893E+03   4.3294065E+01   2.5642912E+06   1.1702742E+07   1.1740523E+07   0.0000000E+00   0.0000000E+00   0.0000000E+00   0.0000000E+00   0.0000000E+00
   1.4792467E-02   1.1391935E+07   1.1391935E+07   7.0236258E+02   3.7478336E+01   2.3092491E+06   1.1354510E+07   1.1391935E+07   0.0000000E+00   0.0000000E+00   0.0000000E+00   0.0000000E+00   0.0000000E+00
   1.5896101E-02   1.1025931E+07   1.1025931E+07   7.3971818E+02   3.2307788E+01   2.0697910E+06   1.0989004E+07   1.1025931E+07   0.0000000E+00   0.0000000E+00   0.0000000E+00   0.0000000E+00   0.0000000E+00
   1.7082074E-02   1.0642425E+07   1.0642425E+07   5.4218235E+02   2.7733289E+01   1.8470489E+06   1.0606134E+07   1.0642425E+07   0.0000000E+00   0.0000000E+00   0.0000000E+00   0.0000000E+00   0.0000000E+00
   1.8356531E-02   1.0241571E+07   1.0241571E+07   4.3260167E+02   2.3698225E+01   1.6391963E+06   1.0206057E+07   1.0241571E+07   0.0000000E+00   0.0000000E+00   0.0000000E+00   0.0000000E+00   0.0000000E+00
   1.9726071E-02   9.8238566E+06   9.8238566E+06   3.6918414E+02   2.0154674E+01   1.4468745E+06   9.7892543E+06   9.8238566E+06   0.0000000E+00   0.0000000E+00   0.0000000E+00   0.0000000E+00   0.0000000E+00
   2.1197789E-02   9.3902055E+06   9.3902055E+06   3.1701035E+02   1.7058145E+01   1.2699104E+06   9.3566482E+06   9.3902055E+06   0.0000000E+00   0.0000000E+00   0.0000000E+00   0.0000000E+00   0.0000000E+00
   2.2779299E-02   8.9421055E+06   8.9421055E+06   2.2852987E+02   1.4363450E+01   1.1078493E+06   8.9097183E+06   8.9421055E+06   0.0000000E+00   0.0000000E+00   0.0000000E+00   0.0000000E+00   0.0000000E+00
   2.4478755E-02   8.4817463E+06   8.4817463E+06   1.8774137E+02   1.2029798E+01   9.6208628E+05   8.4506430E+06   8.4817463E+06   0.0000000E+00   0.0000000E+00   0.0000000E+00   0.0000000E+00   0.0000000E+00
   2.6304800E-02   8.0121748E+06   8.0121748E+06   1.3897558E+02   1.0022758E+01   8.2871048E+05   7.9824552E+06   8.0121748E+06   0.0000000E+00   0.0000000E+00   0.0000000E+00   0.0000000E+00   0.0000000E+00
   2.8266321E-02   7.5374696E+06   7.5374696E+06   1.3588633E+02   8.3060046E+00   7.1027907E+05   7.5092143E+06   7.5374696E+06   0.0000000E+00   0.0000000E+00   0.0000000E+00   0.0000000E+00   0.0000000E+00
   3.0371710E-02   7.0629449E+06   7.0629449E+06   1.0770478E+02   6.8490612E+00   6.0525977E+05   7.0362108E+06   7.0629449E+06   0.0000000E+00   0.0000000E+00   0.0000000E+00   0.0000000E+00   0.0000000E+00
   3.2627140E-02   6.5953734E+06   6.5953734E+06   6.8535439E+01   5.6239894E+00   5.1322473E+05   6.5701868E+06   6.5953734E+06   0.0000000E+00   0.0000000E+00   0.0000000E+00   0.0000000E+00   0.0000000E+00
   3.5033306E-02   6.1431200E+06   6.1431200E+06   6.7733568E+01   4.6049934E+00   4.3393115E+05   6.1194703E+06   6.1431200E+06   0.0000000E+00   0.0000000E+00   0.0000000E+00   0.0000000E+00   0.0000000E+00
   3.7580762E-02   5.7158864E+06   5.7158864E+06   4.1399531E+01   3.7695786E+00   3.6574900E+05   5.6937202E+06   5.7158864E+06   0.0000000E+00   0.0000000E+00   0.0000000E+00   0.0000000E+00   0.0000000E+00
   4.0245852E-02   5.3236062E+06   5.3236062E+06   3.8776325E+01   3.0950333E+00   3.0883550E+05   5.3028261E+06   5.3236062E+06   0.0000000E+00   0.0000000E+00   0.0000000E+00   0.0000000E+00   0.0000000E+00
   4.2991363E-02   4.9743350E+06   4.9743350E+06   3.4282169E+01   2.5588513E+00   2.6231708E+05   4.9548060E+06   4.9743350E+06   0.0000000E+00   0.0000000E+00   0.0000000E+00   0.0000000E+00   0.0000000E+00
   4.5774657E-02   4.6719672E+06   4.6719672E+06   2.8762373E+01   2.1376846E+00   2.2472101E+05   4.6535327E+06   4.6719672E+06   0.0000000E+00   0.0000000E+00   0.0000000E+00   0.0000000E+00   0.0000000E+00
   4.8559570E-02   4.4153032E+06   4.4153032E+06   2.4241270E+01   1.8080223E+00   1.9453024E+05   4.3978052E+06   4.4153032E+06   0.0000000E+00   0.0000000E+00   0.0000000E+00   0.0000000E+00   0.0000000E+00
   5.1324140E-02   4.1990690E+06   4.1990690E+06   2.0789431E+01   1.5486022E+00   1.7024581E+05   4.1823647E+06   4.1990690E+06   0.0000000E+00   0.0000000E+00   0.0000000E+00   0.0000000E+00   0.0000000E+00
   5.4060811E-02   4.0159053E+06   4.0159053E+06   1.7417524E+01   1.3419099E+00   1.5048404E+05   3.9998768E+06   4.0159053E+06   0.0000000E+00   0.0000000E+00   0.0000000E+00   0.0000000E+00   0.0000000E+00
   5.6772179E-02   3.8580742E+06   3.8580742E+06   1.4163743E+01   1.1743365E+00   1.3409220E+05   3.8426309E+06   3.8580742E+06   0.0000000E+00   0.0000000E+00   0.0000000E+00   0.0000000E+00   0.0000000E+00
   5.9466327E-02   3.7184261E+06   3.7184261E+06   1.2374057E+01   1.0357866E+00   1.2024220E+05   3.7035035E+06   3.7184261E+06   0.0000000E+00   0.0000000E+00   0.0000000E+00   0.0000000E+00   0.0000000E+00
   6.2153571E-02   3.5907908E+06   3.5907908E+06   1.1742380E+01   9.1896746E-01   1.0836160E+05   3.5763472E+06   3.5907908E+06   0.0000000E+00   0.0000000E+00   0.0000000E+00   0.0000000E+00   0.0000000E+00
   6.4844635E-02   3.4700703E+06   3.4700703E+06   1.0779734E+01   8.1864652E-01   9.7987642E+04   3.4560834E+06   3.4700703E+06   0.0000000E+00   0.0000000E+00   0.0000000E+00   0.0000000E+00   0.0000000E+00
   6.7549805E-02   3.3522230E+06   3.3522230E+06   9.0370262E+00   7.3107388E-01   8.8743871E+04   3.3386857E+06   3.3522230E+06   0.0000000E+00   0.0000000E+00   0.0000000E+00   0.0000000E+00   0.0000000E+00
   7.0278616E-02   3.2342236E+06   3.2342236E+06   7.2296302E+00   6.5358582E-01   8.0375351E+04   3.2211404E+06   3.2342236E+06   0.0000000E+00   0.0000000E+00   0.0000000E+00   0.0000000E+00   0.0000000E+00
   7.3039800E-02   3.1140290E+06   3.1140290E+06   5.9558377E+00   5.8430758E-01   7.2729262E+04   3.1014122E+06   3.1140290E+06   0.0000000E+00   0.0000000E+00   0.0000000E+00   0.0000000E+00   0.0000000E+00
   7.5841352E-02   2.9905478E+06   2.9905478E+06   5.2438365E+00   5.2191231E-01   6.5709268E+04   2.9784135E+06   2.9905478E+06   0.0000000E+00   0.0000000E+00   0.0000000E+00   0.0000000E+00   0.0000000E+00
   7.8690631E-02   2.8636029E+06   2.8636029E+06   5.0013394E+00   4.6549140E-01   5.9253520E+04   2.8519681E+06   2.8636029E+06   0.0000000E+00   0.0000000E+00   0.0000000E+00   0.0000000E+00   0.0000000E+00
   8.1594473E-02   2.7338737E+06   2.7338737E+06   5.1675260E+00   4.1444890E-01   5.3294033E+04   2.7227520E+06   2.7338737E+06   0.0000000E+00   0.0000000E+00   0.0000000E+00   0.0000000E+00   0.0000000E+00
   8.4559296E-02   2.6028013E+06   2.6028013E+06   4.6927179E+00   3.6835880E-01   4.7774064E+04   2.5922004E+06   2.6028013E+06   0.0000000E+00   0.0000000E+00   0.0000000E+00   0.0000000E+00   0.0000000E+00
   8.7591184E-02   2.4724481E+06   2.4724481E+06   3.0699979E+00   3.2693071E-01   4.2811304E+04   2.4623671E+06   2.4724481E+06   0.0000000E+00   0.0000000E+00   0.0000000E+00   0.0000000E+00   0.0000000E+00
   9.0695970E-02   2.3453041E+06   2.3453041E+06   3.3623223E+00   2.8994832E-01   3.8350631E+04   2.3357318E+06   2.3453041E+06   0.0000000E+00   0.0000000E+00   0.0000000E+00   0.0000000E+00   0.0000000E+00
   9.3879293E-02   2.2240412E+06   2.2240412E+06   2.6745394E+00   2.5720592E-01   3.4305951E+04   2.2149551E+06   2.2240412E+06   0.0000000E+00   0.0000000E+00   0.0000000E+00   0.0000000E+00   0.0000000E+00
   9.7146653E-02   2.1112247E+06   2.1112247E+06   2.3183850E+00   2.2848262E-01   3.0738640E+04   2.1025917E+06   2.1112247E+06   0.0000000E+00   0.0000000E+00   0.0000000E+00   0.0000000E+00   0.0000000E+00
   1.0050345E-01   2.0090023E+06   2.0090023E+06   2.0184228E+00   2.0351014E-01   2.7600760E+04   2.0007803E+06   2.0090023E+06   0.0000000E+00   0.0000000E+00   0.0000000E+00   0.0000000E+00   0.0000000E+00
   1.0395504E-01   1.9188001E+06   1.9188001E+06   1.8366834E+00   1.8196181E-01   2.4883206E+04   1.9109410E+06   1.9188001E+06   0.0000000E+00   0.0000000E+00   0.0000000E+00   0.0000000E+00   0.0000000E+00
   1.0750671E-01   1.8410660E+06   1.8410660E+06   1.5099999E+00   1.6345507E-01   2.2548913E+04   1.8335196E+06   1.8410660E+06   0.0000000E+00   0.0000000E+00   0.0000000E+00   0.0000000E+00   0.0000000E+00
   1.1116377E-01   1.7751037E+06   1.7751037E+06   1.3572130E+00   1.4754883E-01   2.0554968E+04   1.7678224E+06   1.7751037E+06   0.0000000E+00   0.0000000E+00   0.0000000E+00   0.0000000E+00   0.0000000E+00
   1.1493152E-01   1.7190444E+06   1.7190444E+06   1.6473724E+00   1.3378225E-01   1.8783358E+04   1.7119883E+06   1.7190444E+06   0.0000000E+00   0.0000000E+00   0.0000000E+00   0.0000000E+00   0.0000000E+00
   1.1881528E-01   1.6699885E+06   1.6699885E+06   1.0925086E+00   1.2168953E-01   1.7229583E+04   1.6631294E+06   1.6699885E+06   0.0000000E+00   0.0000000E+00   0.0000000E+00   0.0000000E+00   0.0000000E+00
   1.2282041E-01   1.6243335E+06   1.6243335E+06   1.1496851E+00   1.1084041E-01   1.5801841E+04   1.6176580E+06   1.6243335E+06   0.0000000E+00   0.0000000E+00   0.0000000E+00   0.0000000E+00   0.0000000E+00
   1.2695232E-01   1.5782714E+06   1.5782714E+06   1.1218536E+00   1.0087006E-01   1.4494862E+04   1.5717815E+06   1.5782714E+06   0.0000000E+00   0.0000000E+00   0.0000000E+00   0.0000000E+00   0.0000000E+00
   1.3121646E-01   1.5283998E+06   1.5283998E+06   9.5413791E-01   9.1511406E-02   1.3251292E+04   1.5221116E+06   1.5283998E+06   0.0000000E+00   0.0000000E+00   0.0000000E+00   0.0000000E+00   0.0000000E+00
   1.3561833E-01   1.4723526E+06   1.4723526E+06   9.0680698E-01   8.2606610E-02   1.2051072E+04   1.4662919E+06   1.4723526E+06   0.0000000E+00   0.0000000E+00   0.0000000E+00   0.0000000E+00   0.0000000E+00
   1.4016350E-01   1.4093201E+06   1.4093201E+06   6.7167835E-01   7.4111196E-02   1.0881836E+04   1.4035161E+06   1.4093201E+06   0.0000000E+00   0.0000000E+00   0.0000000E+00   0.0000000E+00   0.0000000E+00
   1.4485762E-01   1.3403215E+06   1.3403215E+06   6.7979102E-01   6.6076250E-02   9.7507681E+03   1.3347992E+06   1.3403215E+06   0.0000000E+00   0.0000000E+00   0.0000000E+00   0.0000000E+00   0.0000000E+00
   1.4970640E-01   1.2681105E+06   1.2681105E+06   6.3744648E-01   5.8614206E-02   8.7011435E+03   1.2628834E+06   1.2681105E+06   0.0000000E+00   0.0000000E+00   0.0000000E+00   0.0000000E+00   0.0000000E+00
   1.5471563E-01   1.1966613E+06   1.1966613E+06   4.9426562E-01   5.1859129E-02   7.7427218E+03   1.1917267E+06   1.1966613E+06   0.0000000E+00   0.0000000E+00   0.0000000E+00   0.0000000E+00   0.0000000E+00
   1.5989117E-01   1.1302802E+06   1.1302802E+06   4.6985388E-01   4.5918570E-02   6.9055807E+03   1.1256175E+06   1.1302802E+06   0.0000000E+00   0.0000000E+00   0.0000000E+00   0.0000000E+00   0.0000000E+00
   1.6523900E-01   1.0725124E+06   1.0725124E+06   3.8820457E-01   4.0835135E-02   6.1669712E+03   1.0680864E+06   1.0725124E+06   0.0000000E+00   0.0000000E+00   0.0000000E+00   0.0000000E+00   0.0000000E+00
   1.7076519E-01   1.0251196E+06   1.0251196E+06   3.7167477E-01   3.6566658E-02   5.5562710E+03   1.0208878E+06   1.0251196E+06   0.0000000E+00   0.0000000E+00   0.0000000E+00   0.0000000E+00   0.0000000E+00
   1.7647593E-01   9.8745612E+05   9.8745612E+05   3.5810056E-01   3.2989213E-02   5.0455203E+03   9.8337845E+05   9.8745612E+05   0.0000000E+00   0.0000000E+00   0.0000000E+00   0.0000000E+00   0.0000000E+00
   1.8237751E-01   9.5652030E+05   9.5652030E+05   2.8018668E-01   2.9923346E-02   4.5978171E+03   9.5256917E+05   9.5652030E+05   0.0000000E+00   0.0000000E+00   0.0000000E+00   0.0000000E+00   0.0000000E+00
   1.8847642E-01   9.2778622E+05   9.2778622E+05   2.9818351E-01   2.7178516E-02   4.2002513E+03   9.2395267E+05   9.2778622E+05   0.0000000E+00   0.0000000E+00   0.0000000E+00   0.0000000E+00   0.0000000E+00
   1.9477927E-01   8.9665397E+05   8.9665397E+05   2.6669734E-01   2.4600373E-02   3.8215140E+03   8.9294804E+05   8.9665397E+05   0.0000000E+00   0.0000000E+00   0.0000000E+00   0.0000000E+00   0.0000000E+00
   2.0129290E-01   8.6007397E+05   8.6007397E+05   2.0746134E-01   2.2106094E-02   3.4510332E+03   8.5651831E+05   8.6007397E+05   0.0000000E+00   0.0000000E+00   0.0000000E+00   0.0000000E+00   0.0000000E+00
   2.0802435E-01   8.1772549E+05   8.1772549E+05   2.0329530E-01   1.9695269E-02   3.0885261E+03   8.1434408E+05   8.1772549E+05   0.0000000E+00   0.0000000E+00   0.0000000E+00   0.0000000E+00   0.0000000E+00
   2.1498095E-01   7.7218537E+05   7.7218537E+05   1.6609174E-01   1.7430948E-02   2.7433506E+03   7.6899154E+05   7.7218537E+05   0.0000000E+00   0.0000000E+00   0.0000000E+00   0.0000000E+00   0.0000000E+00
   2.2217031E-01   7.2786351E+05   7.2786351E+05   1.5639642E-01   1.5398270E-02   2.4354207E+03   7.2485234E+05   7.2786351E+05   0.0000000E+00   0.0000000E+00   0.0000000E+00   0.0000000E+00   0.0000000E+00
   2.2960043E-01   6.8902936E+05   6.8902936E+05   1.2939687E-01   1.3657530E-02   2.1653499E+03   6.8617826E+05   6.8902936E+05   0.0000000E+00   0.0000000E+00   0.0000000E+00   0.0000000E+00   0.0000000E+00
   2.3727967E-01   6.5777810E+05   6.5777810E+05   1.1674236E-01   1.2211322E-02   1.9435544E+03   6.5505579E+05   6.5777810E+05   0.0000000E+00   0.0000000E+00   0.0000000E+00   0.0000000E+00   0.0000000E+00
   2.4521693E-01   6.3298029E+05   6.3298029E+05   1.0928879E-01   1.1002523E-02   1.7594930E+03   6.3036013E+05   6.3298029E+05   0.0000000E+00   0.0000000E+00   0.0000000E+00   0.0000000E+00   0.0000000E+00
   2.5342161E-01   6.1089924E+05   6.1089924E+05   1.0285759E-01   9.9416784E-03   1.5959014E+03   6.0837004E+05   6.1089924E+05   0.0000000E+00   0.0000000E+00   0.0000000E+00   0.0000000E+00   0.0000000E+00
   2.6190379E-01   5.8729961E+05   5.8729961E+05   9.4061932E-02   8.9498270E-03   1.4408660E+03   5.8486772E+05   5.8729961E+05   0.0000000E+00   0.0000000E+00   0.0000000E+00   0.0000000E+00   0.0000000E+00
   2.7067426E-01   5.5991943E+05   5.5991943E+05   7.6901733E-02   7.9920156E-03   1.2913073E+03   5.5760057E+05   5.5991943E+05   0.0000000E+00   0.0000000E+00   0.0000000E+00   0.0000000E+00   0.0000000E+00
   2.7974468E-01   5.2976533E+05   5.2976533E+05   6.8225078E-02   7.0838163E-03   1.1467355E+03   5.2757102E+05   5.2976533E+05   0.0000000E+00   0.0000000E+00   0.0000000E+00   0.0000000E+00   0.0000000E+00
   2.8912768E-01   5.0026865E+05   5.0026865E+05   6.1366618E-02   6.2660788E-03   1.0163575E+03   4.9819624E+05   5.0026865E+05   0.0000000E+00   0.0000000E+00   0.0000000E+00   0.0000000E+00   0.0000000E+00
   2.9883704E-01   4.7474688E+05   4.7474688E+05   5.3606103E-02   5.5681837E-03   9.0495062E+02   4.7277994E+05   4.7474688E+05   0.0000000E+00   0.0000000E+00   0.0000000E+00   0.0000000E+00   0.0000000E+00
   3.0888784E-01   4.5395658E+05   4.5395658E+05   4.9680892E-02   4.9838429E-03   8.1256130E+02   4.5207555E+05   4.5395658E+05   0.0000000E+00   0.0000000E+00   0.0000000E+00   0.0000000E+00   0.0000000E+00
   3.1929666E-01   4.3566595E+05   4.3566595E+05   4.3749729E-02   4.4761105E-03   7.3107398E+02   4.3386050E+05   4.3566595E+05   0.0000000E+00   0.0000000E+00   0.0000000E+00   0.0000000E+00   0.0000000E+00
   3.3008185E-01   4.1669062E+05   4.1669062E+05   3.8902428E-02   4.0064110E-03   6.5535492E+02   4.1496362E+05   4.1669062E+05   0.0000000E+00   0.0000000E+00   0.0000000E+00   0.0000000E+00   0.0000000E+00
   3.4126381E-01   3.9569551E+05   3.9569551E+05   3.4446295E-02   3.5605302E-03   5.8277347E+02   3.9405535E+05   3.9569551E+05   0.0000000E+00   0.0000000E+00   0.0000000E+00   0.0000000E+00   0.0000000E+00
   3.5286527E-01   3.7418967E+05   3.7418967E+05   3.1667319E-02   3.1506269E-03   5.1667501E+02   3.7263852E+05   3.7418967E+05   0.0000000E+00   0.0000000E+00   0.0000000E+00   0.0000000E+00   0.0000000E+00
   3.6491177E-01   3.5471132E+05   3.5471132E+05   2.7637407E-02   2.7934252E-03   4.5854809E+02   3.5324078E+05   3.5471132E+05   0.0000000E+00   0.0000000E+00   0.0000000E+00   0.0000000E+00   0.0000000E+00
   3.7743209E-01   3.3806230E+05   3.3806230E+05   2.4689848E-02   2.4888075E-03   4.0838010E+02   3.3666065E+05   3.3806230E+05   0.0000000E+00   0.0000000E+00   0.0000000E+00   0.0000000E+00   0.0000000E+00
   3.9045886E-01   3.2262596E+05   3.2262596E+05   2.1652954E-02   2.2194168E-03   3.6412211E+02   3.2128820E+05   3.2262596E+05   0.0000000E+00   0.0000000E+00   0.0000000E+00   0.0000000E+00   0.0000000E+00
   4.0402927E-01   3.0653413E+05   3.0653413E+05   1.9444355E-02   1.9697382E-03   3.2337998E+02   3.0526300E+05   3.0653413E+05   0.0000000E+00   0.0000000E+00   0.0000000E+00   0.0000000E+00   0.0000000E+00
   4.1818597E-01   2.8994690E+05   2.8994690E+05   1.6968398E-02   1.7396531E-03   2.8535475E+02   2.8874446E+05   2.8994690E+05   0.0000000E+00   0.0000000E+00   0.0000000E+00   0.0000000E+00   0.0000000E+00
   4.3297815E-01   2.7445836E+05   2.7445836E+05   1.5085214E-02   1.5364550E-03   2.5186510E+02   2.7332008E+05   2.7445836E+05   0.0000000E+00   0.0000000E+00   0.0000000E+00   0.0000000E+00   0.0000000E+00
   4.4846293E-01   2.6058635E+05   2.6058635E+05   1.3326452E-02   1.3598625E-03   2.2251729E+02   2.5950554E+05   2.6058635E+05   0.0000000E+00   0.0000000E+00   0.0000000E+00   0.0000000E+00   0.0000000E+00
   4.6470708E-01   2.4717246E+05   2.4717246E+05   1.1742441E-02   1.2013821E-03   1.9630263E+02   2.4614722E+05   2.4717246E+05   0.0000000E+00   0.0000000E+00   0.0000000E+00   0.0000000E+00   0.0000000E+00
   4.8178923E-01   2.3349932E+05   2.3349932E+05   1.0340254E-02   1.0560619E-03   1.7207159E+02   2.3253074E+05   2.3349932E+05   0.0000000E+00   0.0000000E+00   0.0000000E+00   0.0000000E+00   0.0000000E+00
   4.9980270E-01   2.2032857E+05   2.2032857E+05   9.0688994E-03   9.2612161E-04   1.5044049E+02   2.1941457E+05   2.2032857E+05   0.0000000E+00   0.0000000E+00   0.0000000E+00   0.0000000E+00   0.0000000E+00
   5.1885903E-01   2.0811453E+05   2.0811453E+05   7.9720240E-03   8.1175051E-04   1.3141356E+02   2.0725115E+05   2.0811453E+05   0.0000000E+00   0.0000000E+00   0.0000000E+00   0.0000000E+00   0.0000000E+00
   5.3909273E-01   1.9616722E+05   1.9616722E+05   6.9640079E-03   7.0888126E-04   1.1423686E+02   1.9535336E+05   1.9616722E+05   0.0000000E+00   0.0000000E+00   0.0000000E+00   0.0000000E+00   0.0000000E+00
   5.6066719E-01   1.8432436E+05   1.8432436E+05   6.0268977E-03   6.1589024E-04   9.8688681E+01   1.8355960E+05   1.8432436E+05   0.0000000E+00   0.0000000E+00   0.0000000E+00   0.0000000E+00   0.0000000E+00
   5.8378243E-01   1.7304752E+05   1.7304752E+05   5.2149952E-03   5.3337983E-04   8.4901301E+01   1.7232951E+05   1.7304752E+05   0.0000000E+00   0.0000000E+00   0.0000000E+00   0.0000000E+00   0.0000000E+00
   6.0868487E-01   1.6207292E+05   1.6207292E+05   4.4893311E-03   4.5955812E-04   7.2648261E+01   1.6140042E+05   1.6207292E+05   0.0000000E+00   0.0000000E+00   0.0000000E+00   0.0000000E+00   0.0000000E+00
   6.3567943E-01   1.5126961E+05   1.5126961E+05   3.8420473E-03   3.9331563E-04   6.1569858E+01   1.5064191E+05   1.5126961E+05   0.0000000E+00   0.0000000E+00   0.0000000E+00   0.0000000E+00   0.0000000E+00
   6.6514379E-01   1.4081476E+05   1.4081476E+05   3.2659422E-03   3.3443894E-04   5.1790900E+01   1.4023042E+05   1.4081476E+05   0.0000000E+00   0.0000000E+00   0.0000000E+00   0.0000000E+00   0.0000000E+00
   6.9754335E-01   1.3052381E+05   1.3052381E+05   2.7505353E-03   2.8189662E-04   4.3087036E+01   1.2998216E+05   1.3052381E+05   0.0000000E+00   0.0000000E+00   0.0000000E+00   0.0000000E+00   0.0000000E+00
   7.3344310E-01   1.2047223E+05   1.2047223E+05   2.2948657E-03   2.3536102E-04   3.5394934E+01   1.1997227E+05   1.2047223E+05   0.0000000E+00   0.0000000E+00   0.0000000E+00   0.0000000E+00   0.0000000E+00
   7.7350793E-01   1.1060948E+05   1.1060948E+05   1.8930077E-03   1.9430540E-04   2.8642151E+01   1.1015043E+05   1.1060948E+05   0.0000000E+00   0.0000000E+00   0.0000000E+00   0.0000000E+00   0.0000000E+00
   8.1847716E-01   1.0098454E+05   1.0098454E+05   1.5478301E-03   1.5845407E-04   2.2763224E+01   1.0056543E+05   1.0098454E+05   0.0000000E+00   0.0000000E+00   0.0000000E+00   0.0000000E+00   0.0000000E+00
   8.6909626E-01   9.1638301E+04   9.1638301E+04   1.2425741E-03   1.2753753E-04   1.7753800E+01   9.1257961E+04   9.1638301E+04   0.0000000E+00   0.0000000E+00   0.0000000E+00   0.0000000E+00   0.0000000E+00
   9.2600292E-01   8.2662259E+04   8.2662259E+04   9.8624398E-04   1.0134798E-04   1.3554079E+01   8.2319163E+04   8.2662259E+04   0.0000000E+00   0.0000000E+00   0.0000000E+00   0.0000000E+00   0.0000000E+00
   9.8960594E-01   7.4167820E+04   7.4167820E+04   7.7390371E-04   7.9626837E-05   1.0123053E+01   7.3859972E+04   7.4167820E+04   0.0000000E+00   0.0000000E+00   0.0000000E+00   0.0000000E+00   0.0000000E+00
   1.0600406E+00   6.6260876E+04   6.6260876E+04   6.0229508E-04   6.2003209E-05   7.3851299E+00   6.5985841E+04   6.6260876E+04   0.0000000E+00   0.0000000E+00   0.0000000E+00   0.0000000E+00   0.0000000E+00
   1.1372574E+00   5.9016021E+04   5.9016021E+04   4.6581700E-04   4.7982951E-05   5.2588592E+00   5.8771052E+04   5.9016021E+04   0.0000000E+00   0.0000000E+00   0.0000000E+00   0.0000000E+00   0.0000000E+00
   1.2211939E+00   5.2459785E+04   5.2459785E+04   3.5736171E-04   3.6993385E-05   3.6412098E+00   5.2242025E+04   5.2459785E+04   0.0000000E+00   0.0000000E+00   0.0000000E+00   0.0000000E+00   0.0000000E+00
   1.3119113E+00   4.6574079E+04   4.6574079E+04   2.7638410E-04   2.8460068E-05   2.4258482E+00   4.6380748E+04   4.6574079E+04   0.0000000E+00   0.0000000E+00   0.0000000E+00   0.0000000E+00   0.0000000E+00
   1.4096404E+00   4.1315623E+04   4.1315623E+04   2.1214795E-04   2.1869047E-05   1.5291156E+00   4.1144117E+04   4.1315623E+04   0.0000000E+00   0.0000000E+00   0.0000000E+00   0.0000000E+00   0.0000000E+00
   1.5147605E+00   3.6629288E+04   3.6629288E+04   1.6287486E-04   1.6792036E-05   8.7697092E-01   3.6477233E+04   3.6629288E+04   0.0000000E+00   0.0000000E+00   0.0000000E+00   0.0000000E+00   0.0000000E+00
   1.6277588E+00   3.2458392E+04   3.2458392E+04   1.2473724E-04   1.2886774E-05   4.0568230E-01   3.2323650E+04   3.2458392E+04   0.0000000E+00   0.0000000E+00   0.0000000E+00   0.0000000E+00   0.0000000E+00
   1.7491986E+00   2.8749523E+04   2.8749523E+04   9.5752731E-05   9.8851295E-06   7.4663185E-02   2.8630177E+04   2.8749523E+04   0.0000000E+00   0.0000000E+00   0.0000000E+00   0.0000000E+00   0.0000000E+00
   1.8797017E+00   2.5453504E+04   2.5453504E+04   7.3381754E-05   7.5794261E-06   -1.5223945E-01   2.5347839E+04   2.5453504E+04   0.0000000E+00   0.0000000E+00   0.0000000E+00   0.0000000E+00   0.0000000E+00
   2.0199421E+00   2.2526043E+04   2.2526043E+04   5.6219770E-05   5.8091996E-06   -3.0364502E-01   2.2432530E+04   2.2526043E+04   0.0000000E+00   0.0000000E+00   0.0000000E+00   0.0000000E+00   0.0000000E+00
   2.1706455E+00   1.9927333E+04   1.9927333E+04   4.3056785E-05   4.4506769E-06   -3.9808919E-01   1.9844608E+04   1.9927333E+04   0.0000000E+00   0.0000000E+00   0.0000000E+00   0.0000000E+00   0.0000000E+00
   2.3325927E+00   1.7621563E+04   1.7621563E+04   3.2954360E-05   3.4085601E-06   -4.5143004E-01   1.7548409E+04   1.7621563E+04   0.0000000E+00   0.0000000E+00   0.0000000E+00   0.0000000E+00   0.0000000E+00
   2.5066223E+00   1.5576738E+04   1.5576738E+04   2.5173580E-05   2.6095029E-06   -4.7492974E-01   1.5512073E+04   1.5576738E+04   0.0000000E+00   0.0000000E+00   0.0000000E+00   0.0000000E+00   0.0000000E+00
   2.6936360E+00   1.3764182E+04   1.3764182E+04   1.9314118E-05   1.9970717E-06   -4.7818261E-01   1.3707041E+04   1.3764182E+04   0.0000000E+00   0.0000000E+00   0.0000000E+00   0.0000000E+00   0.0000000E+00
   2.8946023E+00   1.2158237E+04   1.2158237E+04   1.4769838E-05   1.5278642E-06   -4.6699661E-01   1.2107763E+04   1.2158237E+04   0.0000000E+00   0.0000000E+00   0.0000000E+00   0.0000000E+00   0.0000000E+00
   3.1105623E+00   1.0735978E+04   1.0735978E+04   1.1289492E-05   1.1685233E-06   -4.4683694E-01   1.0691408E+04   1.0735978E+04   0.0000000E+00   0.0000000E+00   0.0000000E+00   0.0000000E+00   0.0000000E+00
   3.3426346E+00   9.4769337E+03   9.4769337E+03   8.6322727E-06   8.9342302E-07   -4.2072072E-01   9.4375906E+03   9.4769337E+03   0.0000000E+00   0.0000000E+00   0.0000000E+00   0.0000000E+00   0.0000000E+00
   3.5920213E+00   8.3628341E+03   8.3628341E+03   6.5953606E-06   6.8288804E-07   -3.9144491E-01   8.3281160E+03   8.3628341E+03   0.0000000E+00   0.0000000E+00   0.0000000E+00   0.0000000E+00   0.0000000E+00
   3.8600142E+00   7.3773869E+03   7.3773869E+03   5.0328008E-06   5.2181945E-07   -3.6061340E-01   7.3467599E+03   7.3773869E+03   0.0000000E+00   0.0000000E+00   0.0000000E+00   0.0000000E+00   0.0000000E+00
   4.1480015E+00   6.5060736E+03   6.5060736E+03   3.8493617E-06   3.9863556E-07   -3.2966256E-01   6.4790637E+03   6.5060736E+03   0.0000000E+00   0.0000000E+00   0.0000000E+00   0.0000000E+00   0.0000000E+00
   4.4574749E+00   5.7359641E+03   5.7359641E+03   2.9369467E-06   3.0445723E-07   -2.9977488E-01   5.7121513E+03   5.7359641E+03   0.0000000E+00   0.0000000E+00   0.0000000E+00   0.0000000E+00   0.0000000E+00
   4.7900374E+00   5.0555511E+03   5.0555511E+03   2.2494140E-06   2.3247421E-07   -2.7111242E-01   5.0345630E+03   5.0555511E+03   0.0000000E+00   0.0000000E+00   0.0000000E+00   0.0000000E+00   0.0000000E+00
   5.1474117E+00   4.4545994E+03   4.4545994E+03   1.7096858E-06   1.7747147E-07   -2.4403814E-01   4.4361061E+03   4.4545994E+03   0.0000000E+00   0.0000000E+00   0.0000000E+00   0.0000000E+00   0.0000000E+00
   5.5314489E+00   3.9240109E+03   3.9240109E+03   1.3055112E-06   1.3545581E-07   -2.1909680E-01   3.9077203E+03   3.9240109E+03   0.0000000E+00   0.0000000E+00   0.0000000E+00   0.0000000E+00   0.0000000E+00
   5.9441383E+00   3.4557023E+03   3.4557023E+03   9.9516451E-07   1.0336815E-07   -1.9592012E-01   3.4413559E+03   3.4557023E+03   0.0000000E+00   0.0000000E+00   0.0000000E+00   0.0000000E+00   0.0000000E+00
   6.3876176E+00   3.0424964E+03   3.0424964E+03   7.5991295E-07   7.8869661E-08   -1.7486206E-01   3.0298654E+03   3.0424964E+03   0.0000000E+00   0.0000000E+00   0.0000000E+00   0.0000000E+00   0.0000000E+00
   6.8641839E+00   2.6780237E+03   2.6780237E+03   5.7835311E-07   6.0168997E-08   -1.5568086E-01   2.6669058E+03   2.6780237E+03   0.0000000E+00   0.0000000E+00   0.0000000E+00   0.0000000E+00   0.0000000E+00
   7.3763057E+00   2.3566340E+03   2.3566340E+03   4.4033538E-07   4.5897342E-08   -1.3837378E-01   2.3468504E+03   2.3566340E+03   0.0000000E+00   0.0000000E+00   0.0000000E+00   0.0000000E+00   0.0000000E+00
   7.9266359E+00   2.0733183E+03   2.0733183E+03   3.3592637E-07   3.5007816E-08   -1.2276709E-01   2.0647109E+03   2.0733183E+03   0.0000000E+00   0.0000000E+00   0.0000000E+00   0.0000000E+00   0.0000000E+00
   8.5180249E+00   1.8236376E+03   1.8236376E+03   2.5563896E-07   2.6700355E-08   -1.0874530E-01   1.8160667E+03   1.8236376E+03   0.0000000E+00   0.0000000E+00   0.0000000E+00   0.0000000E+00   0.0000000E+00
