#           k/h    CDM            baryon         photon         nu             mass_nu        total          no_nu          total_de       Weyl           v_CDM          v_b            v_b-v_c     
   1.0246047E-05   1.3443721E+07   1.3443721E+07   1.7919150E+07   1.1825239E+04   6.0901788E+06   1.3443767E+07   1.3443721E+07   0.0000000E+00   0.0000000E+00   0.0000000E+00   0.0000000E+00   0.0000000E+00
   1.1010482E-05   1.3443718E+07   1.3443718E+07   1.7918248E+07   1.1824858E+04   6.0901025E+06   1.3443765E+07   1.3443718E+07   0.0000000E+00   0.0000000E+00   0.0000000E+00   0.0000000E+00   0.0000000E+00
   1.1831950E-05   1.3443715E+07   1.3443715E+07   1.7917205E+07   1.1824418E+04   6.0900144E+06   1.3443761E+07   1.3443715E+07   0.0000000E+00   0.0000000E+00   0.0000000E+00   0.0000000E+00   0.0000000E+00
   1.2714706E-05   1.3443711E+07   1.3443711E+07   1.7916001E+07   1.1823911E+04   6.0899127E+06   1.3443757E+07   1.3443711E+07   0.0000000E+00   0.0000000E+00   0.0000000E+00   0.0000000E+00   0.0000000E+00
   1.3663323E-05   1.3443707E+07   1.3443707E+07   1.7914611E+07   1.1823324E+04   6.0897952E+06   1.3443753E+07   1.3443707E+07   0.0000000E+00   0.0000000E+00   0.0000000E+00   0.0000000E+00   0.0000000E+00
   1.4682714E-05   1.3443702E+07   1.3443702E+07   1.7913006E+07   1.1822647E+04   6.0896596E+06   1.3443748E+07   1.3443702E+07   0.0000000E+00   0.0000000E+00   0.0000000E+00   0.0000000E+00   0.0000000E+00
   1.5778159E-05   1.3443697E+07   1.3443697E+07   1.7911153E+07   1.1821865E+04   6.0895030E+06   1.3443742E+07   1.3443697E+07   0.0000000E+00   0.0000000E+00   0.0000000E+00   0.0000000E+00   0.0000000E+00
   1.6955333E-05   1.3443690E+07   1.3443690E+07   1.7909013E+07   1.1820962E+04   6.0893222E+06   1.3443735E+07   1.3443690E+07   0.0000000E+00   0.0000000E+00   0.0000000E+00   0.0000000E+00   0.0000000E+00
   1.8220334E-05   1.3443683E+07   1.3443683E+07   1.7906542E+07   1.1819919E+04   6.0891135E+06   1.3443728E+07   1.3443683E+07   0.0000000E+00   0.0000000E+00   0.0000000E+00   0.0000000E+00   0.0000000E+00
   1.9579713E-05   1.3443674E+07   1.3443674E+07   1.7903689E+07   1.1818715E+04   6.0888725E+06   1.3443719E+07   1.3443674E+07   0.0000000E+00   0.0000000E+00   0.0000000E+00   0.0000000E+00   0.0000000E+00
   2.1040513E-05   1.3443664E+07   1.3443664E+07   1.7900395E+07   1.1817325E+04   6.0885942E+06   1.3443708E+07   1.3443664E+07   0.0000000E+00   0.0000000E+00   0.0000000E+00   0.0000000E+00   0.0000000E+00
   2.2610300E-05   1.3443653E+07   1.3443653E+07   1.7896592E+07   1.1815720E+04   6.0882730E+06   1.3443696E+07   1.3443653E+07   0.0000000E+00   0.0000000E+00   0.0000000E+00   0.0000000E+00   0.0000000E+00
   2.4297206E-05   1.3443640E+07   1.3443640E+07   1.7892201E+07   1.1813867E+04   6.0879023E+06   1.3443682E+07   1.3443640E+07   0.0000000E+00   0.0000000E+00   0.0000000E+00   0.0000000E+00   0.0000000E+00
   2.6109967E-05   1.3443624E+07   1.3443624E+07   1.7887131E+07   1.1811728E+04   6.0874742E+06   1.3443666E+07   1.3443624E+07   0.0000000E+00   0.0000000E+00   0.0000000E+00   0.0000000E+00   0.0000000E+00
   2.8057975E-05   1.3443607E+07   1.3443607E+07   1.7881279E+07   1.1809257E+04   6.0869802E+06   1.3443648E+07   1.3443607E+07   0.0000000E+00   0.0000000E+00   0.0000000E+00   0.0000000E+00   0.0000000E+00
   3.0151320E-05   1.3443587E+07   1.3443587E+07   1.7874523E+07   1.1806406E+04   6.0864100E+06   1.3443626E+07   1.3443587E+07   0.0000000E+00   0.0000000E+00   0.0000000E+00   0.0000000E+00   0.0000000E+00
   3.2400845E-05   1.3443563E+07   1.3443563E+07   1.7866725E+07   1.1803113E+04   6.0857519E+06   1.3443601E+07   1.3443563E+07   0.0000000E+00   0.0000000E+00   0.0000000E+00   0.0000000E+00   0.0000000E+00
   3.4818201E-05   1.3443536E+07   1.3443536E+07   1.7857723E+07   1.1799313E+04   6.0849925E+06   1.3443573E+07   1.3443536E+07   0.0000000E+00   0.0000000E+00   0.0000000E+00   0.0000000E+00   0.0000000E+00
   3.7415912E-05   1.3443505E+07   1.3443505E+07   1.7847334E+07   1.1794926E+04   6.0841163E+06   1.3443540E+07   1.3443505E+07   0.0000000E+00   0.0000000E+00   0.0000000E+00   0.0000000E+00   0.0000000E+00
   4.0207431E-05   1.3443468E+07   1.3443468E+07   1.7835344E+07   1.1789862E+04   6.0831054E+06   1.3443502E+07   1.3443468E+07   0.0000000E+00   0.0000000E+00   0.0000000E+00   0.0000000E+00   0.0000000E+00
   4.3207221E-05   1.3443427E+07   1.3443427E+07   1.7821507E+07   1.1784018E+04   6.0819394E+06   1.3443458E+07   1.3443427E+07   0.0000000E+00   0.0000000E+00   0.0000000E+00   0.0000000E+00   0.0000000E+00
   4.6430817E-05   1.3443378E+07   1.3443378E+07   1.7805541E+07   1.1777273E+04   6.0805945E+06   1.3443407E+07   1.3443378E+07   0.0000000E+00   0.0000000E+00   0.0000000E+00   0.0000000E+00   0.0000000E+00
   4.9894920E-05   1.3443323E+07   1.3443323E+07   1.7787121E+07   1.1769490E+04   6.0790436E+06   1.3443349E+07   1.3443323E+07   0.0000000E+00   0.0000000E+00   0.0000000E+00   0.0000000E+00   0.0000000E+00
   5.3617472E-05   1.3443258E+07   1.3443258E+07   1.7765872E+07   1.1760509E+04   6.0772558E+06   1.3443281E+07   1.3443258E+07   0.0000000E+00   0.0000000E+00   0.0000000E+00   0.0000000E+00   0.0000000E+00
   5.7617755E-05   1.3443184E+07   1.3443184E+07   1.7741364E+07   1.1750148E+04   6.0751952E+06   1.3443203E+07   1.3443184E+07   0.0000000E+00   0.0000000E+00   0.0000000E+00   0.0000000E+00   0.0000000E+00
   6.1916490E-05   1.3443099E+07   1.3443099E+07   1.7713103E+07   1.1738196E+04   6.0728209E+06   1.3443113E+07   1.3443099E+07   0.0000000E+00   0.0000000E+00   0.0000000E+00   0.0000000E+00   0.0000000E+00
   6.6535945E-05   1.3443000E+07   1.3443000E+07   1.7680520E+07   1.1724411E+04   6.0700862E+06   1.3443009E+07   1.3443000E+07   0.0000000E+00   0.0000000E+00   0.0000000E+00   0.0000000E+00   0.0000000E+00
   7.1500047E-05   1.3442885E+07   1.3442885E+07   1.7642965E+07   1.1708515E+04   6.0669375E+06   1.3442888E+07   1.3442885E+07   0.0000000E+00   0.0000000E+00   0.0000000E+00   0.0000000E+00   0.0000000E+00
   7.6834511E-05   1.3442754E+07   1.3442754E+07   1.7599691E+07   1.1690190E+04   6.0633140E+06   1.3442750E+07   1.3442754E+07   0.0000000E+00   0.0000000E+00   0.0000000E+00   0.0000000E+00   0.0000000E+00
   8.2566967E-05   1.3442601E+07   1.3442601E+07   1.7549845E+07   1.1669069E+04   6.0591462E+06   1.3442590E+07   1.3442601E+07   0.0000000E+00   0.0000000E+00   0.0000000E+00   0.0000000E+00   0.0000000E+00
   8.8727109E-05   1.3442426E+07   1.3442426E+07   1.7492449E+07   1.1644733E+04   6.0543554E+06   1.3442405E+07   1.3442426E+07   0.0000000E+00   0.0000000E+00   0.0000000E+00   0.0000000E+00   0.0000000E+00
   9.5346846E-05   1.3442223E+07   1.3442223E+07   1.7426391E+07   1.1616701E+04   6.0488523E+06   1.3442192E+07   1.3442223E+07   0.0000000E+00   0.0000000E+00   0.0000000E+00   0.0000000E+00   0.0000000E+00
   1.0246047E-04   1.3441989E+07   1.3441989E+07   1.7350403E+07   1.1584427E+04   6.0425362E+06   1.3441946E+07   1.3441989E+07   0.0000000E+00   0.0000000E+00   0.0000000E+00   0.0000000E+00   0.0000000E+00
   1.1010482E-04   1.3441720E+07   1.3441720E+07   1.7263045E+07   1.1547285E+04   6.0352940E+06   1.3441662E+07   1.3441720E+07   0.0000000E+00   0.0000000E+00   0.0000000E+00   0.0000000E+00   0.0000000E+00
   1.1831950E-04   1.3441408E+07   1.3441408E+07   1.7162685E+07   1.1504562E+04   6.0269990E+06   1.3441334E+07   1.3441408E+07   0.0000000E+00   0.0000000E+00   0.0000000E+00   0.0000000E+00   0.0000000E+00
   1.2714706E-04   1.3441049E+07   1.3441049E+07   1.7047480E+07   1.1455452E+04   6.0175105E+06   1.3440956E+07   1.3441049E+07   0.0000000E+00   0.0000000E+00   0.0000000E+00   0.0000000E+00   0.0000000E+00
   1.3663323E-04   1.3440635E+07   1.3440635E+07   1.6915358E+07   1.1399038E+04   6.0066728E+06   1.3440521E+07   1.3440635E+07   0.0000000E+00   0.0000000E+00   0.0000000E+00   0.0000000E+00   0.0000000E+00
   1.4682714E-04   1.3440157E+07   1.3440157E+07   1.6763996E+07   1.1334287E+04   5.9943154E+06   1.3440018E+07   1.3440157E+07   0.0000000E+00   0.0000000E+00   0.0000000E+00   0.0000000E+00   0.0000000E+00
   1.5778159E-04   1.3439607E+07   1.3439607E+07   1.6590810E+07   1.1260039E+04   5.9802532E+06   1.3439439E+07   1.3439607E+07   0.0000000E+00   0.0000000E+00   0.0000000E+00   0.0000000E+00   0.0000000E+00
   1.6955333E-04   1.3438972E+07   1.3438972E+07   1.6392937E+07   1.1174991E+04   5.9642883E+06   1.3438771E+07   1.3438972E+07   0.0000000E+00   0.0000000E+00   0.0000000E+00   0.0000000E+00   0.0000000E+00
   1.8220334E-04   1.3438241E+07   1.3438241E+07   1.6167234E+07   1.1077698E+04   5.9462117E+06   1.3438002E+07   1.3438241E+07   0.0000000E+00   0.0000000E+00   0.0000000E+00   0.0000000E+00   0.0000000E+00
   1.9579713E-04   1.3437399E+07   1.3437399E+07   1.5910284E+07   1.0966558E+04   5.9258084E+06   1.3437116E+07   1.3437399E+07   0.0000000E+00   0.0000000E+00   0.0000000E+00   0.0000000E+00   0.0000000E+00
   2.1040513E-04   1.3436429E+07   1.3436429E+07   1.5618414E+07   1.0839814E+04   5.9028625E+06   1.3436095E+07   1.3436429E+07   0.0000000E+00   0.0000000E+00   0.0000000E+00   0.0000000E+00   0.0000000E+00
   2.2610300E-04   1.3435313E+07   1.3435313E+07   1.5287737E+07   1.0695559E+04   5.8771667E+06   1.3434921E+07   1.3435313E+07   0.0000000E+00   0.0000000E+00   0.0000000E+00   0.0000000E+00   0.0000000E+00
   2.4297206E-04   1.3434029E+07   1.3434029E+07   1.4914221E+07   1.0531742E+04   5.8485336E+06   1.3433570E+07   1.3434029E+07   0.0000000E+00   0.0000000E+00   0.0000000E+00   0.0000000E+00   0.0000000E+00
   2.6109967E-04   1.3432553E+07   1.3432553E+07   1.4493786E+07   1.0346198E+04   5.8168120E+06   1.3432016E+07   1.3432553E+07   0.0000000E+00   0.0000000E+00   0.0000000E+00   0.0000000E+00   0.0000000E+00
   2.8057975E-04   1.3430856E+07   1.3430856E+07   1.4022457E+07   1.0136680E+04   5.7819064E+06   1.3430231E+07   1.3430856E+07   0.0000000E+00   0.0000000E+00   0.0000000E+00   0.0000000E+00   0.0000000E+00
   3.0151320E-04   1.3428909E+07   1.3428909E+07   1.3496567E+07   9.9009177E+03   5.7438022E+06   1.3428182E+07   1.3428909E+07   0.0000000E+00   0.0000000E+00   0.0000000E+00   0.0000000E+00   0.0000000E+00
   3.2400845E-04   1.3426675E+07   1.3426675E+07   1.2913018E+07   9.6367005E+03   5.7025946E+06   1.3425831E+07   1.3426675E+07   0.0000000E+00   0.0000000E+00   0.0000000E+00   0.0000000E+00   0.0000000E+00
   3.4818201E-04   1.3424114E+07   1.3424114E+07   1.2269638E+07   9.3419841E+03   5.6585213E+06   1.3423137E+07   1.3424114E+07   0.0000000E+00   0.0000000E+00   0.0000000E+00   0.0000000E+00   0.0000000E+00
   3.7415912E-04   1.3421182E+07   1.3421182E+07   1.1565593E+07   9.0150375E+03   5.6119971E+06   1.3420052E+07   1.3421182E+07   0.0000000E+00   0.0000000E+00   0.0000000E+00   0.0000000E+00   0.0000000E+00
   4.0207431E-04   1.3417828E+07   1.3417828E+07   1.0801908E+07   8.6546256E+03   5.5636445E+06   1.3416523E+07   1.3417828E+07   0.0000000E+00   0.0000000E+00   0.0000000E+00   0.0000000E+00   0.0000000E+00
   4.3207221E-04   1.3413998E+07   1.3413998E+07   9.9820289E+06   8.2602326E+03   5.5143162E+06   1.3412493E+07   1.3413998E+07   0.0000000E+00   0.0000000E+00   0.0000000E+00   0.0000000E+00   0.0000000E+00
   4.6430817E-04   1.3409629E+07   1.3409629E+07   9.1124437E+06   7.8323230E+03   5.4650977E+06   1.3407897E+07   1.3409629E+07   0.0000000E+00   0.0000000E+00   0.0000000E+00   0.0000000E+00   0.0000000E+00
   4.9894920E-04   1.3404654E+07   1.3404654E+07   8.2032661E+06   7.3726306E+03   5.4172773E+06   1.3402663E+07   1.3404654E+07   0.0000000E+00   0.0000000E+00   0.0000000E+00   0.0000000E+00   0.0000000E+00
   5.3617472E-04   1.3398997E+07   1.3398997E+07   7.2687106E+06   6.8844552E+03   5.3722666E+06   1.3396713E+07   1.3398997E+07   0.0000000E+00   0.0000000E+00   0.0000000E+00   0.0000000E+00   0.0000000E+00
   5.7617755E-04   1.3392578E+07   1.3392578E+07   6.3273149E+06   6.3729331E+03   5.3314528E+06   1.3389961E+07   1.3392578E+07   0.0000000E+00   0.0000000E+00   0.0000000E+00   0.0000000E+00   0.0000000E+00
   6.1916490E-04   1.3385305E+07   1.3385305E+07   5.4017314E+06   5.8452295E+03   5.2959682E+06   1.3382314E+07   1.3385305E+07   0.0000000E+00   0.0000000E+00   0.0000000E+00   0.0000000E+00   0.0000000E+00
   6.6535945E-04   1.3377084E+07   1.3377084E+07   4.5178807E+06   5.3105832E+03   5.2663702E+06   1.3373671E+07   1.3377084E+07   0.0000000E+00   0.0000000E+00   0.0000000E+00   0.0000000E+00   0.0000000E+00
   7.1500047E-04   1.3367807E+07   1.3367807E+07   3.7032582E+06   4.7801159E+03   5.2422509E+06   1.3363924E+07   1.3367807E+07   0.0000000E+00   0.0000000E+00   0.0000000E+00   0.0000000E+00   0.0000000E+00
   7.6834511E-04   1.3357362E+07   1.3357362E+07   2.9842576E+06   4.2663168E+03   5.2218329E+06   1.3352953E+07   1.3357362E+07   0.0000000E+00   0.0000000E+00   0.0000000E+00   0.0000000E+00   0.0000000E+00
   8.2566967E-04   1.3345624E+07   1.3345624E+07   2.3825448E+06   3.7821255E+03   5.2016637E+06   1.3340633E+07   1.3345624E+07   0.0000000E+00   0.0000000E+00   0.0000000E+00   0.0000000E+00   0.0000000E+00
   8.8727109E-04   1.3332457E+07   1.3332457E+07   1.9108316E+06   3.3395983E+03   5.1765841E+06   1.3326825E+07   1.3332457E+07   0.0000000E+00   0.0000000E+00   0.0000000E+00   0.0000000E+00   0.0000000E+00
   9.5346846E-04   1.3317714E+07   1.3317714E+07   1.5688405E+06   2.9482413E+03   5.1401904E+06   1.3311380E+07   1.3317714E+07   0.0000000E+00   0.0000000E+00   0.0000000E+00   0.0000000E+00   0.0000000E+00
   1.0246047E-03   1.3301231E+07   1.3301231E+07   1.3407610E+06   2.6132594E+03   5.0859822E+06   1.3294135E+07   1.3301231E+07   0.0000000E+00   0.0000000E+00   0.0000000E+00   0.0000000E+00   0.0000000E+00
   1.1010482E-03   1.3282832E+07   1.3282832E+07   1.1958435E+06   2.3341560E+03   5.0092255E+06   1.3274915E+07   1.3282832E+07   0.0000000E+00   0.0000000E+00   0.0000000E+00   0.0000000E+00   0.0000000E+00
   1.1831950E-03   1.3262321E+07   1.3262321E+07   1.0936027E+06   2.1042727E+03   4.9091946E+06   1.3253527E+07   1.3262321E+07   0.0000000E+00   0.0000000E+00   0.0000000E+00   0.0000000E+00   0.0000000E+00
   1.2714706E-03   1.3239488E+07   1.3239488E+07   9.9395323E+05   1.9118492E+03   4.7909183E+06   1.3229767E+07   1.3239488E+07   0.0000000E+00   0.0000000E+00   0.0000000E+00   0.0000000E+00   0.0000000E+00
   1.3663323E-03   1.3214108E+07   1.3214108E+07   8.7022715E+05   1.7428621E+03   4.6650698E+06   1.3203418E+07   1.3214108E+07   0.0000000E+00   0.0000000E+00   0.0000000E+00   0.0000000E+00   0.0000000E+00
   1.4682714E-03   1.3185947E+07   1.3185947E+07   7.1992213E+05   1.5851816E+03   4.5447189E+06   1.3174254E+07   1.3185947E+07   0.0000000E+00   0.0000000E+00   0.0000000E+00   0.0000000E+00   0.0000000E+00
   1.5778159E-03   1.3154762E+07   1.3154762E+07   5.6598974E+05   1.4325905E+03   4.4389706E+06   1.3142043E+07   1.3154762E+07   0.0000000E+00   0.0000000E+00   0.0000000E+00   0.0000000E+00   0.0000000E+00
   1.6955333E-03   1.3120308E+07   1.3120308E+07   4.4351504E+05   1.2864929E+03   4.3462637E+06   1.3106551E+07   1.3120308E+07   0.0000000E+00   0.0000000E+00   0.0000000E+00   0.0000000E+00   0.0000000E+00
   1.8220334E-03   1.3082337E+07   1.3082337E+07   3.7507354E+05   1.1535645E+03   4.2529156E+06   1.3067536E+07   1.3082337E+07   0.0000000E+00   0.0000000E+00   0.0000000E+00   0.0000000E+00   0.0000000E+00
   1.9579713E-03   1.3040589E+07   1.3040589E+07   3.5034645E+05   1.0398288E+03   4.1418249E+06   1.3024749E+07   1.3040589E+07   0.0000000E+00   0.0000000E+00   0.0000000E+00   0.0000000E+00   0.0000000E+00
   2.1040513E-03   1.2994795E+07   1.2994795E+07   3.3082862E+05   9.4493406E+02   4.0084522E+06   1.2977923E+07   1.2994795E+07   0.0000000E+00   0.0000000E+00   0.0000000E+00   0.0000000E+00   0.0000000E+00
   2.2610300E-03   1.2944673E+07   1.2944673E+07   2.8443564E+05   8.6183942E+02   3.8692256E+06   1.2926774E+07   1.2944673E+07   0.0000000E+00   0.0000000E+00   0.0000000E+00   0.0000000E+00   0.0000000E+00
   2.4297206E-03   1.2889929E+07   1.2889929E+07   2.1981108E+05   7.8330348E+02   3.7464073E+06   1.2871008E+07   1.2889929E+07   0.0000000E+00   0.0000000E+00   0.0000000E+00   0.0000000E+00   0.0000000E+00
   2.6109967E-03   1.2830265E+07   1.2830265E+07   1.7442271E+05   7.0874399E+02   3.6387931E+06   1.2810320E+07   1.2830265E+07   0.0000000E+00   0.0000000E+00   0.0000000E+00   0.0000000E+00   0.0000000E+00
   2.8057975E-03   1.2765379E+07   1.2765379E+07   1.5999906E+05   6.4244565E+02   3.5197304E+06   1.2744404E+07   1.2765379E+07   0.0000000E+00   0.0000000E+00   0.0000000E+00   0.0000000E+00   0.0000000E+00
   3.0151320E-03   1.2694953E+07   1.2694953E+07   1.4464437E+05   5.8488664E+02   3.3794441E+06   1.2672941E+07   1.2694953E+07   0.0000000E+00   0.0000000E+00   0.0000000E+00   0.0000000E+00   0.0000000E+00
   3.2400845E-03   1.2618655E+07   1.2618655E+07   1.1302800E+05   5.3127407E+02   3.2443075E+06   1.2595601E+07   1.2618655E+07   0.0000000E+00   0.0000000E+00   0.0000000E+00   0.0000000E+00   0.0000000E+00
   3.4818201E-03   1.2536148E+07   1.2536148E+07   9.4859220E+04   4.8038656E+02   3.1205042E+06   1.2512049E+07   1.2536148E+07   0.0000000E+00   0.0000000E+00   0.0000000E+00   0.0000000E+00   0.0000000E+00
   3.7415912E-03   1.2447085E+07   1.2447085E+07   9.1167453E+04   4.3532264E+02   2.9773585E+06   1.2421946E+07   1.2447085E+07   0.0000000E+00   0.0000000E+00   0.0000000E+00   0.0000000E+00   0.0000000E+00
   4.0207431E-03   1.2351112E+07   1.2351112E+07   7.1584790E+04   3.9437478E+02   2.8293170E+06   1.2324945E+07   1.2351112E+07   0.0000000E+00   0.0000000E+00   0.0000000E+00   0.0000000E+00   0.0000000E+00
   4.3207221E-03   1.2247872E+07   1.2247872E+07   5.8081083E+04   3.5526467E+02   2.6995642E+06   1.2220699E+07   1.2247872E+07   0.0000000E+00   0.0000000E+00   0.0000000E+00   0.0000000E+00   0.0000000E+00
   4.6430817E-03   1.2137012E+07   1.2137012E+07   5.5356339E+04   3.2023132E+02   2.5537139E+06   1.2108872E+07   1.2137012E+07   0.0000000E+00   0.0000000E+00   0.0000000E+00   0.0000000E+00   0.0000000E+00
   4.9894920E-03   1.2018186E+07   1.2018186E+07   4.2223786E+04   2.8776660E+02   2.4154291E+06   1.1989135E+07   1.2018186E+07   0.0000000E+00   0.0000000E+00   0.0000000E+00   0.0000000E+00   0.0000000E+00
   5.3617472E-03   1.1891053E+07   1.1891053E+07   3.9977190E+04   2.5808831E+02   2.2796115E+06   1.1861148E+07   1.1891053E+07   0.0000000E+00   0.0000000E+00   0.0000000E+00   0.0000000E+00   0.0000000E+00
   5.7617755E-03   1.1755269E+07   1.1755269E+07   3.0172704E+04   2.3135138E+02   2.1415633E+06   1.1724560E+07   1.1755269E+07   0.0000000E+00   0.0000000E+00   0.0000000E+00   0.0000000E+00   0.0000000E+00
   6.1916490E-03   1.1610481E+07   1.1610481E+07   2.9013680E+04   2.0672547E+02   2.0082228E+06   1.1579012E+07   1.1610481E+07   0.0000000E+00   0.0000000E+00   0.0000000E+00   0.0000000E+00   0.0000000E+00
   6.6535945E-03   1.1456331E+07   1.1456331E+07   2.1928694E+04   1.8419891E+02   1.8739680E+06   1.1424171E+07   1.1456331E+07   0.0000000E+00   0.0000000E+00   0.0000000E+00   0.0000000E+00   0.0000000E+00
   7.1500047E-03   1.1292475E+07   1.1292475E+07   2.0396481E+04   1.6368017E+02   1.7435401E+06   1.1259715E+07   1.1292475E+07   0.0000000E+00   0.0000000E+00   0.0000000E+00   0.0000000E+00   0.0000000E+00
   7.6834511E-03   1.1118580E+07   1.1118580E+07   1.6963767E+04   1.4507706E+02   1.6227883E+06   1.1085308E+07   1.1118580E+07   0.0000000E+00   0.0000000E+00   0.0000000E+00   0.0000000E+00   0.0000000E+00
   8.2566967E-03   1.0934315E+07   1.0934315E+07   1.3300513E+04   1.2833945E+02   1.4986424E+06   1.0900609E+07   1.0934315E+07   0.0000000E+00   0.0000000E+00   0.0000000E+00   0.0000000E+00   0.0000000E+00
   8.8727109E-03   1.0739339E+07   1.0739339E+07   1.2080274E+04   1.1313428E+02   1.3800529E+06   1.0705294E+07   1.0739339E+07   0.0000000E+00   0.0000000E+00   0.0000000E+00   0.0000000E+00   0.0000000E+00
   9.5346846E-03   1.0533325E+07   1.0533325E+07   1.0653748E+04   9.9422407E+01   1.2688048E+06   1.0499043E+07   1.0533325E+07   0.0000000E+00   0.0000000E+00   0.0000000E+00   0.0000000E+00   0.0000000E+00
   1.0246047E-02   1.0315956E+07   1.0315956E+07   8.9722048E+03   8.7106403E+01   1.1628761E+06   1.0281539E+07   1.0315956E+07   0.0000000E+00   0.0000000E+00   0.0000000E+00   0.0000000E+00   0.0000000E+00
   1.1010482E-02   1.0086923E+07   1.0086923E+07   7.4204126E+03   7.6084581E+01   1.0605500E+06   1.0052474E+07   1.0086923E+07   0.0000000E+00   0.0000000E+00   0.0000000E+00   0.0000000E+00   0.0000000E+00
   1.1831950E-02   9.8459388E+06   9.8459388E+06   6.2940694E+03   6.6221457E+01   9.6382747E+05   9.8115727E+06   9.8459388E+06   0.0000000E+00   0.0000000E+00   0.0000000E+00   0.0000000E+00   0.0000000E+00
   1.2714706E-02   9.5927514E+06   9.5927514E+06   5.3289902E+03   5.7473172E+01   8.7183478E+05   9.5585767E+06   9.5927514E+06   0.0000000E+00   0.0000000E+00   0.0000000E+00   0.0000000E+00   0.0000000E+00
   1.3663323E-02   9.3271489E+06   9.3271489E+06   4.4256221E+03   4.9678656E+01   7.8497904E+05   9.2932792E+06   9.3271489E+06   0.0000000E+00   0.0000000E+00   0.0000000E+00   0.0000000E+00   0.0000000E+00
   1.4682714E-02   9.0489941E+06   9.0489941E+06   3.4986110E+03   4.2795825E+01   7.0479883E+05   9.0155444E+06   9.0489941E+06   0.0000000E+00   0.0000000E+00   0.0000000E+00   0.0000000E+00   0.0000000E+00
   1.5778159E-02   8.7582463E+06   8.7582463E+06   2.9939542E+03   3.6712603E+01   6.3095606E+05   8.7253305E+06   8.7582463E+06   0.0000000E+00   0.0000000E+00   0.0000000E+00   0.0000000E+00   0.0000000E+00
   1.6955333E-02   8.4550066E+06   8.4550066E+06   2.5188162E+03   3.1380535E+01   5.6065682E+05   8.4227375E+06   8.4550066E+06   0.0000000E+00   0.0000000E+00   0.0000000E+00   0.0000000E+00   0.0000000E+00
   1.8220334E-02   8.1395633E+06   8.1395633E+06   2.1059763E+03   2.6702436E+01   4.9735495E+05   8.1080518E+06   8.1395633E+06   0.0000000E+00   0.0000000E+00   0.0000000E+00   0.0000000E+00   0.0000000E+00
   1.9579713E-02   7.8124587E+06   7.8124587E+06   1.6868344E+03   2.2630530E+01   4.3837637E+05   7.7818111E+06   7.8124587E+06   0.0000000E+00   0.0000000E+00   0.0000000E+00   0.0000000E+00   0.0000000E+00
   2.1040510E-02   7.4745594E+06   7.4745594E+06   1.3899684E+03   1.9093805E+01   3.8443328E+05   7.4448780E+06   7.4745594E+06   0.0000000E+00   0.0000000E+00   0.0000000E+00   0.0000000E+00   0.0000000E+00
   2.2610282E-02   7.1271416E+06   7.1271416E+06   1.1486890E+03   1.6034565E+01   3.3562940E+05   7.0985200E+06   7.1271416E+06   0.0000000E+00   0.0000000E+00   0.0000000E+00   0.0000000E+00   0.0000000E+00
   2.4297109E-02   6.7719831E+06   6.7719831E+06   9.3035573E+02   1.3402647E+01   2.9171416E+05   6.7445047E+06   6.7719831E+06   0.0000000E+00   0.0000000E+00   0.0000000E+00   0.0000000E+00   0.0000000E+00
   2.6109525E-02   6.4114645E+06   6.4114645E+06   7.7568931E+02   1.1150453E+01   2.5253461E+05   6.3852009E+06   6.4114645E+06   0.0000000E+00   0.0000000E+00   0.0000000E+00   0.0000000E+00   0.0000000E+00
   2.8056212E-02   6.0486856E+06   6.0486856E+06   6.6684687E+02   9.2355000E+00   2.1705351E+05   6.0236916E+06   6.0486856E+06   0.0000000E+00   0.0000000E+00   0.0000000E+00   0.0000000E+00   0.0000000E+00
   3.0145130E-02   5.6876036E+06   5.6876036E+06   5.1086918E+02   7.6171224E+00   1.8621087E+05   5.6639142E+06   5.6876036E+06   0.0000000E+00   0.0000000E+00   0.0000000E+00   0.0000000E+00   0.0000000E+00
   3.2381573E-02   5.3331843E+06   5.3331843E+06   4.1252384E+02   6.2616091E+00   1.5880021E+05   5.3108098E+06   5.3331843E+06   0.0000000E+00   0.0000000E+00   0.0000000E+00   0.0000000E+00   0.0000000E+00
   3.4764655E-02   4.9914692E+06   4.9914692E+06   3.3928525E+02   5.1378606E+00   1.3530540E+05   4.9703908E+06   4.9914692E+06   0.0000000E+00   0.0000000E+00   0.0000000E+00   0.0000000E+00   0.0000000E+00
   3.7282637E-02   4.6693211E+06   4.6693211E+06   2.7047188E+02   4.2181251E+00   1.1540153E+05   4.6494869E+06   4.6693211E+06   0.0000000E+00   0.0000000E+00   0.0000000E+00   0.0000000E+00   0.0000000E+00
   3.9909492E-02   4.3735217E+06   4.3735217E+06   2.2185805E+02   3.4764475E+00   9.8859580E+04   4.3548469E+06   4.3735217E+06   0.0000000E+00   0.0000000E+00   0.0000000E+00   0.0000000E+00   0.0000000E+00
   4.2606914E-02   4.1092059E+06   4.1092059E+06   1.9569558E+02   2.8863288E+00   8.5074796E+04   4.0915792E+06   4.1092059E+06   0.0000000E+00   0.0000000E+00   0.0000000E+00   0.0000000E+00   0.0000000E+00
   4.5333524E-02   3.8783570E+06   3.8783570E+06   1.5595607E+02   2.4208969E+00   7.3770807E+04   3.8616543E+06   3.8783570E+06   0.0000000E+00   0.0000000E+00   0.0000000E+00   0.0000000E+00   0.0000000E+00
   4.8056297E-02   3.6794180E+06   3.6794180E+06   1.2865731E+02   2.0541711E+00   6.4860487E+04   3.6635176E+06   3.6794180E+06   0.0000000E+00   0.0000000E+00   0.0000000E+00   0.0000000E+00   0.0000000E+00
   5.0756694E-02   3.5082232E+06   3.5082232E+06   1.1617558E+02   1.7633116E+00   5.7458575E+04   3.4930177E+06   3.5082232E+06   0.0000000E+00   0.0000000E+00   0.0000000E+00   0.0000000E+00   0.0000000E+00
   5.3429660E-02   3.3594332E+06   3.3594332E+06   9.6976131E+01   1.5293838E+00   5.1343330E+04   3.3448349E+06   3.3594332E+06   0.0000000E+00   0.0000000E+00   0.0000000E+00   0.0000000E+00   0.0000000E+00
   5.6079115E-02   3.2276578E+06   3.2276578E+06   8.4775583E+01   1.3380364E+00   4.6321022E+04   3.2136004E+06   3.2276578E+06   0.0000000E+00   0.0000000E+00   0.0000000E+00   0.0000000E+00   0.0000000E+00
   5.8713602E-02   3.1080533E+06   3.1080533E+06   7.6526661E+01   1.1787425E+00   4.1956193E+04   3.0944898E+06   3.1080533E+06   0.0000000E+00   0.0000000E+00   0.0000000E+00   0.0000000E+00   0.0000000E+00
   6.1343397E-02   2.9965440E+06   2.9965440E+06   6.5431175E+01   1.0437915E+00   3.8163480E+04   2.9834437E+06   2.9965440E+06   0.0000000E+00   0.0000000E+00   0.0000000E+00   0.0000000E+00   0.0000000E+00
   6.3978956E-02   2.8898593E+06   2.8898593E+06   5.6441151E+01   9.2762892E-01   3.4885718E+04   2.8772051E+06   2.8898593E+06   0.0000000E+00   0.0000000E+00   0.0000000E+00   0.0000000E+00   0.0000000E+00
   6.6630215E-02   2.7855049E+06   2.7855049E+06   5.2421940E+01   8.2626137E-01   3.1939789E+04   2.7732899E+06   2.7855049E+06   0.0000000E+00   0.0000000E+00   0.0000000E+00   0.0000000E+00   0.0000000E+00
   6.9306349E-02   2.6817210E+06   2.6817210E+06   4.7896049E+01   7.3686888E-01   2.9187963E+04   2.6699455E+06   2.6817210E+06   0.0000000E+00   0.0000000E+00   0.0000000E+00   0.0000000E+00   0.0000000E+00
   7.2015756E-02   2.5774396E+06   2.5774396E+06   3.9762006E+01   6.5737469E-01   2.6713415E+04   2.5661082E+06   2.5774396E+06   0.0000000E+00   0.0000000E+00   0.0000000E+00   0.0000000E+00   0.0000000E+00
   7.4766129E-02   2.4722430E+06   2.4722430E+06   3.6580813E+01   5.8625887E-01   2.4503305E+04   2.4613619E+06   2.4722430E+06   0.0000000E+00   0.0000000E+00   0.0000000E+00   0.0000000E+00   0.0000000E+00
   7.7564561E-02   2.3663117E+06   2.3663117E+06   3.3120246E+01   5.2249391E-01   2.2346417E+04   2.3558860E+06   2.3663117E+06   0.0000000E+00   0.0000000E+00   0.0000000E+00   0.0000000E+00   0.0000000E+00
   8.0417654E-02   2.2603557E+06   2.2603557E+06   2.8308626E+01   4.6528096E-01   2.0473145E+04   2.2503873E+06   2.2603557E+06   0.0000000E+00   0.0000000E+00   0.0000000E+00   0.0000000E+00   0.0000000E+00
   8.3331618E-02   2.1555197E+06   2.1555197E+06   2.5655691E+01   4.1407134E-01   1.8651168E+04   2.1460051E+06   2.1555197E+06   0.0000000E+00   0.0000000E+00   0.0000000E+00   0.0000000E+00   0.0000000E+00
   8.6312354E-02   2.0532580E+06   2.0532580E+06   2.3380969E+01   3.6836597E-01   1.7066379E+04   2.0441872E+06   2.0532580E+06   0.0000000E+00   0.0000000E+00   0.0000000E+00   0.0000000E+00   0.0000000E+00
   8.9365529E-02   1.9551789E+06   1.9551789E+06   2.0159603E+01   3.2781518E-01   1.5603844E+04   1.9465347E+06   1.9551789E+06   0.0000000E+00   0.0000000E+00   0.0000000E+00   0.0000000E+00   0.0000000E+00
   9.2496630E-02   1.8628634E+06   1.8628634E+06   1.7962861E+01   2.9202777E-01   1.4282768E+04   1.8546213E+06   1.8628634E+06   0.0000000E+00   0.0000000E+00   0.0000000E+00   0.0000000E+00   0.0000000E+00
   9.5711020E-02   1.7776693E+06   1.7776693E+06   1.6095300E+01   2.6064538E-01   1.3111077E+04   1.7697988E+06   1.7776693E+06   0.0000000E+00   0.0000000E+00   0.0000000E+00   0.0000000E+00   0.0000000E+00
   9.9013972E-02   1.7005385E+06   1.7005385E+06   1.4590802E+01   2.3325143E-01   1.2072285E+04   1.6930045E+06   1.7005385E+06   0.0000000E+00   0.0000000E+00   0.0000000E+00   0.0000000E+00   0.0000000E+00
   1.0241070E-01   1.6318306E+06   1.6318306E+06   1.3288124E+01   2.0942215E-01   1.1147878E+04   1.6245967E+06   1.6318306E+06   0.0000000E+00   0.0000000E+00   0.0000000E+00   0.0000000E+00   0.0000000E+00
   1.0590641E-01   1.5712114E+06   1.5712114E+06   1.1402915E+01   1.8867606E-01   1.0339514E+04   1.5642422E+06   1.5712114E+06   0.0000000E+00   0.0000000E+00   0.0000000E+00   0.0000000E+00   0.0000000E+00
   1.0950627E-01   1.5176204E+06   1.5176204E+06   1.0365155E+01   1.7053206E-01   9.6610312E+03   1.5108853E+06   1.5176204E+06   0.0000000E+00   0.0000000E+00   0.0000000E+00   0.0000000E+00   0.0000000E+00
   1.1321547E-01   1.4693432E+06   1.4693432E+06   9.4051484E+00   1.5452082E-01   9.0121986E+03   1.4628190E+06   1.4693432E+06   0.0000000E+00   0.0000000E+00   0.0000000E+00   0.0000000E+00   0.0000000E+00
   1.1703924E-01   1.4241954E+06   1.4241954E+06   8.8293575E+00   1.4018404E-01   8.4560414E+03   1.4178687E+06   1.4241954E+06   0.0000000E+00   0.0000000E+00   0.0000000E+00   0.0000000E+00   0.0000000E+00
   1.2098283E-01   1.3798138E+06   1.3798138E+06   7.8607539E+00   1.2714663E-01   7.9311455E+03   1.3736815E+06   1.3798138E+06   0.0000000E+00   0.0000000E+00   0.0000000E+00   0.0000000E+00   0.0000000E+00
   1.2505153E-01   1.3340213E+06   1.3340213E+06   7.1225089E+00   1.1510921E-01   7.4214691E+03   1.3280901E+06   1.3340213E+06   0.0000000E+00   0.0000000E+00   0.0000000E+00   0.0000000E+00   0.0000000E+00
   1.2925069E-01   1.2852129E+06   1.2852129E+06   6.3475212E+00   1.0387528E-01   6.9203046E+03   1.2794963E+06   1.2852129E+06   0.0000000E+00   0.0000000E+00   0.0000000E+00   0.0000000E+00   0.0000000E+00
   1.3358570E-01   1.2326850E+06   1.2326850E+06   5.5851341E+00   9.3345386E-02   6.4453154E+03   1.2272000E+06   1.2326850E+06   0.0000000E+00   0.0000000E+00   0.0000000E+00   0.0000000E+00   0.0000000E+00
   1.3806204E-01   1.1768281E+06   1.1768281E+06   5.1877711E+00   8.3515712E-02   5.9641523E+03   1.1715898E+06   1.1768281E+06   0.0000000E+00   0.0000000E+00   0.0000000E+00   0.0000000E+00   0.0000000E+00
   1.4268524E-01   1.1191061E+06   1.1191061E+06   4.5601946E+00   7.4439816E-02   5.5183045E+03   1.1141230E+06   1.1191061E+06   0.0000000E+00   0.0000000E+00   0.0000000E+00   0.0000000E+00   0.0000000E+00
   1.4746091E-01   1.0617872E+06   1.0617872E+06   3.9581552E+00   6.6201580E-02   5.0890460E+03   1.0570579E+06   1.0617872E+06   0.0000000E+00   0.0000000E+00   0.0000000E+00   0.0000000E+00   0.0000000E+00
   1.5239471E-01   1.0074453E+06   1.0074453E+06   3.5507213E+00   5.8871641E-02   4.6985274E+03   1.0029566E+06   1.0074453E+06   0.0000000E+00   0.0000000E+00   0.0000000E+00   0.0000000E+00   0.0000000E+00
   1.5749243E-01   9.5831986E+05   9.5831986E+05   3.2520348E+00   5.2475493E-02   4.3484217E+03   9.5404886E+05   9.5831986E+05   0.0000000E+00   0.0000000E+00   0.0000000E+00   0.0000000E+00   0.0000000E+00
   1.6275991E-01   9.1569328E+05   9.1569328E+05   2.8066768E+00   4.6969148E-02   4.0500402E+03   9.1161116E+05   9.1569328E+05   0.0000000E+00   0.0000000E+00   0.0000000E+00   0.0000000E+00   0.0000000E+00
   1.6820313E-01   8.7947291E+05   8.7947291E+05   2.5126350E+00   4.2245015E-02   3.7925603E+03   8.7555127E+05   8.7947291E+05   0.0000000E+00   0.0000000E+00   0.0000000E+00   0.0000000E+00   0.0000000E+00
   1.7382814E-01   8.4814765E+05   8.4814765E+05   2.2714483E+00   3.8143402E-02   3.5690787E+03   8.4436479E+05   8.4814765E+05   0.0000000E+00   0.0000000E+00   0.0000000E+00   0.0000000E+00   0.0000000E+00
   1.7964118E-01   8.1919639E+05   8.1919639E+05   2.0433792E+00   3.4491961E-02   3.3697406E+03   8.1554183E+05   8.1919639E+05   0.0000000E+00   0.0000000E+00   0.0000000E+00   0.0000000E+00   0.0000000E+00
   1.8564857E-01   7.8987810E+05   7.8987810E+05   1.9138185E+00   3.1140838E-02   3.1779217E+03   7.8635359E+05   7.8987810E+05   0.0000000E+00   0.0000000E+00   0.0000000E+00   0.0000000E+00   0.0000000E+00
   1.9185686E-01   7.5817000E+05   7.5817000E+05   1.6628843E+00   2.7995405E-02   2.9839962E+03   7.5478629E+05   7.5817000E+05   0.0000000E+00   0.0000000E+00   0.0000000E+00   0.0000000E+00   0.0000000E+00
   1.9827275E-01   7.2350952E+05   7.2350952E+05   1.4952332E+00   2.5028409E-02   2.7882530E+03   7.2027989E+05   7.2350952E+05   0.0000000E+00   0.0000000E+00   0.0000000E+00   0.0000000E+00   0.0000000E+00
   2.0490321E-01   6.8700804E+05   6.8700804E+05   1.3576871E+00   2.2268957E-02   2.5957167E+03   6.8394081E+05   6.8700804E+05   0.0000000E+00   0.0000000E+00   0.0000000E+00   0.0000000E+00   0.0000000E+00
   2.1175545E-01   6.5097537E+05   6.5097537E+05   1.1875123E+00   1.9772248E-02   2.4104468E+03   6.4806852E+05   6.5097537E+05   0.0000000E+00   0.0000000E+00   0.0000000E+00   0.0000000E+00   0.0000000E+00
   2.1883699E-01   6.1788758E+05   6.1788758E+05   1.0765622E+00   1.7582095E-02   2.2469628E+03   6.1512804E+05   6.1788758E+05   0.0000000E+00   0.0000000E+00   0.0000000E+00   0.0000000E+00   0.0000000E+00
   2.2615572E-01   5.8923001E+05   5.8923001E+05   9.6011001E-01   1.5703079E-02   2.1047964E+03   5.8659806E+05   5.8923001E+05   0.0000000E+00   0.0000000E+00   0.0000000E+00   0.0000000E+00   0.0000000E+00
   2.3371993E-01   5.6478546E+05   5.6478546E+05   8.4523627E-01   1.4092727E-02   1.9827181E+03   5.6226235E+05   5.6478546E+05   0.0000000E+00   0.0000000E+00   0.0000000E+00   0.0000000E+00   0.0000000E+00
   2.4153841E-01   5.4278619E+05   5.4278619E+05   7.6577477E-01   1.2679549E-02   1.8744633E+03   5.4036104E+05   5.4278619E+05   0.0000000E+00   0.0000000E+00   0.0000000E+00   0.0000000E+00   0.0000000E+00
   2.4962049E-01   5.2091686E+05   5.2091686E+05   6.9139764E-01   1.1393329E-02   1.7709466E+03   5.1858913E+05   5.2091686E+05   0.0000000E+00   0.0000000E+00   0.0000000E+00   0.0000000E+00   0.0000000E+00
   2.5797615E-01   4.9764179E+05   4.9764179E+05   6.0867012E-01   1.0192955E-02   1.6666630E+03   4.9541780E+05   4.9764179E+05   0.0000000E+00   0.0000000E+00   0.0000000E+00   0.0000000E+00   0.0000000E+00
   2.6661613E-01   4.7305651E+05   4.7305651E+05   5.5136374E-01   9.0754106E-03   1.5619998E+03   4.7094216E+05   4.7305651E+05   0.0000000E+00   0.0000000E+00   0.0000000E+00   0.0000000E+00   0.0000000E+00
   2.7555200E-01   4.4868436E+05   4.4868436E+05   4.8473147E-01   8.0624696E-03   1.4611680E+03   4.4667874E+05   4.4868436E+05   0.0000000E+00   0.0000000E+00   0.0000000E+00   0.0000000E+00   0.0000000E+00
   2.8479633E-01   4.2631280E+05   4.2631280E+05   4.3061561E-01   7.1735558E-03   1.3708222E+03   4.2440699E+05   4.2631280E+05   0.0000000E+00   0.0000000E+00   0.0000000E+00   0.0000000E+00   0.0000000E+00
   2.9436284E-01   4.0667881E+05   4.0667881E+05   3.8266509E-01   6.4060154E-03   1.2911066E+03   4.0486060E+05   4.0667881E+05   0.0000000E+00   0.0000000E+00   0.0000000E+00   0.0000000E+00   0.0000000E+00
   3.0426657E-01   3.8899998E+05   3.8899998E+05   3.4384545E-01   5.7348829E-03   1.2205217E+03   3.8726066E+05   3.8899998E+05   0.0000000E+00   0.0000000E+00   0.0000000E+00   0.0000000E+00   0.0000000E+00
   3.1452406E-01   3.7173624E+05   3.7173624E+05   3.0728047E-01   5.1287851E-03   1.1531248E+03   3.7007398E+05   3.7173624E+05   0.0000000E+00   0.0000000E+00   0.0000000E+00   0.0000000E+00   0.0000000E+00
   3.2515365E-01   3.5393823E+05   3.5393823E+05   2.7385681E-01   4.5700942E-03   1.0861169E+03   3.5235543E+05   3.5393823E+05   0.0000000E+00   0.0000000E+00   0.0000000E+00   0.0000000E+00   0.0000000E+00
   3.3617570E-01   3.3597360E+05   3.3597360E+05   2.4452183E-01   4.0595210E-03   1.0201519E+03   3.3447103E+05   3.3597360E+05   0.0000000E+00   0.0000000E+00   0.0000000E+00   0.0000000E+00   0.0000000E+00
   3.4761298E-01   3.1896152E+05   3.1896152E+05   2.1624429E-01   3.6052722E-03   9.5910733E+02   3.1753493E+05   3.1896152E+05   0.0000000E+00   0.0000000E+00   0.0000000E+00   0.0000000E+00   0.0000000E+00
   3.5949106E-01   3.0352055E+05   3.0352055E+05   1.9312868E-01   3.2081340E-03   9.0417626E+02   3.0216294E+05   3.0352055E+05   0.0000000E+00   0.0000000E+00   0.0000000E+00   0.0000000E+00   0.0000000E+00
   3.7183881E-01   2.8917588E+05   2.8917588E+05   1.7136498E-01   2.8569109E-03   8.5374186E+02   2.8788235E+05   2.8917588E+05   0.0000000E+00   0.0000000E+00   0.0000000E+00   0.0000000E+00   0.0000000E+00
   3.8468896E-01   2.7504698E+05   2.7504698E+05   1.5236381E-01   2.5389024E-03   8.0531595E+02   2.7381659E+05   2.7504698E+05   0.0000000E+00   0.0000000E+00   0.0000000E+00   0.0000000E+00   0.0000000E+00
   3.9807890E-01   2.6091884E+05   2.6091884E+05   1.3539153E-01   2.2496328E-03   7.5778369E+02   2.5975158E+05   2.6091884E+05   0.0000000E+00   0.0000000E+00   0.0000000E+00   0.0000000E+00   0.0000000E+00
   4.1205151E-01   2.4733148E+05   2.4733148E+05   1.1969649E-01   1.9906029E-03   7.1265361E+02   2.4622495E+05   2.4733148E+05   0.0000000E+00   0.0000000E+00   0.0000000E+00   0.0000000E+00   0.0000000E+00
   4.2665636E-01   2.3466333E+05   2.3466333E+05   1.0564998E-01   1.7616486E-03   6.7123160E+02   2.3361342E+05   2.3466333E+05   0.0000000E+00   0.0000000E+00   0.0000000E+00   0.0000000E+00   0.0000000E+00
   4.4195105E-01   2.2260244E+05   2.2260244E+05   9.3554601E-02   1.5575367E-03   6.3233065E+02   2.2160644E+05   2.2260244E+05   0.0000000E+00   0.0000000E+00   0.0000000E+00   0.0000000E+00   0.0000000E+00
   4.5800302E-01   2.1074303E+05   2.1074303E+05   8.2439183E-02   1.3731328E-03   5.9467083E+02   2.0980005E+05   2.1074303E+05   0.0000000E+00   0.0000000E+00   0.0000000E+00   0.0000000E+00   0.0000000E+00
   4.7489181E-01   1.9920403E+05   1.9920403E+05   7.2528337E-02   1.2074076E-03   5.5849908E+02   1.9831265E+05   1.9920403E+05   0.0000000E+00   0.0000000E+00   0.0000000E+00   0.0000000E+00   0.0000000E+00
   4.9271193E-01   1.8822680E+05   1.8822680E+05   6.3621351E-02   1.0599001E-03   5.2453284E+02   1.8738451E+05   1.8822680E+05   0.0000000E+00   0.0000000E+00   0.0000000E+00   0.0000000E+00   0.0000000E+00
   5.1157657E-01   1.7765765E+05   1.7765765E+05   5.5659256E-02   9.2803829E-04   4.9221159E+02   1.7686263E+05   1.7765765E+05   0.0000000E+00   0.0000000E+00   0.0000000E+00   0.0000000E+00   0.0000000E+00
   5.3162240E-01   1.6732169E+05   1.6732169E+05   4.8554813E-02   8.0945010E-04   4.6095807E+02   1.6657289E+05   1.6732169E+05   0.0000000E+00   0.0000000E+00   0.0000000E+00   0.0000000E+00   0.0000000E+00
   5.5301571E-01   1.5732302E+05   1.5732302E+05   4.2195137E-02   7.0337520E-04   4.3113725E+02   1.5661894E+05   1.5732302E+05   0.0000000E+00   0.0000000E+00   0.0000000E+00   0.0000000E+00   0.0000000E+00
   5.7596035E-01   1.4765071E+05   1.4765071E+05   3.6504513E-02   6.0860489E-04   4.0258130E+02   1.4698990E+05   1.4765071E+05   0.0000000E+00   0.0000000E+00   0.0000000E+00   0.0000000E+00   0.0000000E+00
   6.0070770E-01   1.3819439E+05   1.3819439E+05   3.1411820E-02   5.2371392E-04   3.7492010E+02   1.3757588E+05   1.3819439E+05   0.0000000E+00   0.0000000E+00   0.0000000E+00   0.0000000E+00   0.0000000E+00
   6.2756901E-01   1.2898415E+05   1.2898415E+05   2.6861537E-02   4.4787309E-04   3.4828438E+02   1.2840685E+05   1.2898415E+05   0.0000000E+00   0.0000000E+00   0.0000000E+00   0.0000000E+00   0.0000000E+00
   6.5692962E-01   1.1998080E+05   1.1998080E+05   2.2798679E-02   3.8023266E-04   3.2248975E+02   1.1944378E+05   1.1998080E+05   0.0000000E+00   0.0000000E+00   0.0000000E+00   0.0000000E+00   0.0000000E+00
   6.8926342E-01   1.1115976E+05   1.1115976E+05   1.9186963E-02   3.2002009E-04   2.9746308E+02   1.1066221E+05   1.1115976E+05   0.0000000E+00   0.0000000E+00   0.0000000E+00   0.0000000E+00   0.0000000E+00
   7.2514307E-01   1.0251703E+05   1.0251703E+05   1.5987314E-02   2.6667090E-04   2.7317720E+02   1.0205815E+05   1.0251703E+05   0.0000000E+00   0.0000000E+00   0.0000000E+00   0.0000000E+00   0.0000000E+00
   7.6523665E-01   9.4050578E+04   9.4050578E+04   1.3169438E-02   2.1969265E-04   2.4960959E+02   9.3629584E+04   9.4050578E+04   0.0000000E+00   0.0000000E+00   0.0000000E+00   0.0000000E+00   0.0000000E+00
   8.1027568E-01   8.5784484E+04   8.5784484E+04   1.0713130E-02   1.7873766E-04   2.2677394E+02   8.5400482E+04   8.5784484E+04   0.0000000E+00   0.0000000E+00   0.0000000E+00   0.0000000E+00   0.0000000E+00
   8.6097890E-01   7.7771649E+04   7.7771649E+04   8.6016301E-03   1.4352499E-04   2.0482769E+02   7.7423507E+04   7.7771649E+04   0.0000000E+00   0.0000000E+00   0.0000000E+00   0.0000000E+00   0.0000000E+00
   9.1793470E-01   7.0093353E+04   7.0093353E+04   6.8431672E-03   1.1380793E-04   1.8395606E+02   6.9779577E+04   7.0093353E+04   0.0000000E+00   0.0000000E+00   0.0000000E+00   0.0000000E+00   0.0000000E+00
   9.8149020E-01   6.2847490E+04   6.2847490E+04   5.3501546E-03   8.9260203E-05   1.6441155E+02   6.2566145E+04   6.2847490E+04   0.0000000E+00   0.0000000E+00   0.0000000E+00   0.0000000E+00   0.0000000E+00
   1.0517314E+00   5.6122423E+04   5.6122423E+04   4.1596526E-03   6.9421066E-05   1.4638683E+02   5.5871179E+04   5.6122423E+04   0.0000000E+00   0.0000000E+00   0.0000000E+00   0.0000000E+00   0.0000000E+00
   1.1285938E+00   4.9974901E+04   4.9974901E+04   3.2164051E-03   5.3686632E-05   1.3001003E+02   4.9751173E+04   4.9974901E+04   0.0000000E+00   0.0000000E+00   0.0000000E+00   0.0000000E+00   0.0000000E+00
   1.2120318E+00   4.4420625E+04   4.4420625E+04   2.4787037E-03   4.1377779E-05   1.1529562E+02   4.4221761E+04   4.4420625E+04   0.0000000E+00   0.0000000E+00   0.0000000E+00   0.0000000E+00   0.0000000E+00
   1.3021373E+00   3.9438689E+04   3.9438689E+04   1.9065802E-03   3.1830824E-05   1.0215513E+02   3.9262125E+04   3.9438689E+04   0.0000000E+00   0.0000000E+00   0.0000000E+00   0.0000000E+00   0.0000000E+00
   1.3991675E+00   3.4988881E+04   3.4988881E+04   1.4649053E-03   2.4459740E-05   9.0471150E+01   3.4832238E+04   3.4988881E+04   0.0000000E+00   0.0000000E+00   0.0000000E+00   0.0000000E+00   0.0000000E+00
   1.5035174E+00   3.1023541E+04   3.1023541E+04   1.1236565E-03   1.8782769E-05   8.0094566E+01   3.0884648E+04   3.1023541E+04   0.0000000E+00   0.0000000E+00   0.0000000E+00   0.0000000E+00   0.0000000E+00
   1.6156805E+00   2.7493891E+04   2.7493891E+04   8.6348263E-04   1.4415854E-05   7.0886586E+01   2.7370800E+04   2.7493891E+04   0.0000000E+00   0.0000000E+00   0.0000000E+00   0.0000000E+00   0.0000000E+00
   1.7362201E+00   2.4354905E+04   2.4354905E+04   6.6225507E-04   1.1059074E-05   6.2721512E+01   2.4245866E+04   2.4354905E+04   0.0000000E+00   0.0000000E+00   0.0000000E+00   0.0000000E+00   0.0000000E+00
   1.8657552E+00   2.1564860E+04   2.1564860E+04   5.0797765E-04   8.4803074E-06   5.5479603E+01   2.1468312E+04   2.1564860E+04   0.0000000E+00   0.0000000E+00   0.0000000E+00   0.0000000E+00   0.0000000E+00
   2.0049550E+00   1.9086506E+04   1.9086506E+04   3.8918254E-04   6.5002725E-06   4.9060339E+01   1.9001053E+04   1.9086506E+04   0.0000000E+00   0.0000000E+00   0.0000000E+00   0.0000000E+00   0.0000000E+00
   2.1545404E+00   1.6886136E+04   1.6886136E+04   2.9814381E-04   4.9805614E-06   4.3370957E+01   1.6810534E+04   1.6886136E+04   0.0000000E+00   0.0000000E+00   0.0000000E+00   0.0000000E+00   0.0000000E+00
   2.3152859E+00   1.4933565E+04   1.4933565E+04   2.2831731E-04   3.8146588E-06   3.8330950E+01   1.4866705E+04   1.4933565E+04   0.0000000E+00   0.0000000E+00   0.0000000E+00   0.0000000E+00   0.0000000E+00
   2.4880244E+00   1.3201766E+04   1.3201766E+04   1.7478107E-04   2.9206442E-06   3.3866067E+01   1.3142660E+04   1.3201766E+04   0.0000000E+00   0.0000000E+00   0.0000000E+00   0.0000000E+00   0.0000000E+00
   2.6736505E+00   1.1666499E+04   1.1666499E+04   1.3374994E-04   2.2353470E-06   2.9912878E+01   1.1614266E+04   1.1666499E+04   0.0000000E+00   0.0000000E+00   0.0000000E+00   0.0000000E+00   0.0000000E+00
   2.8731257E+00   1.0306085E+04   1.0306085E+04   1.0232474E-04   1.7102791E-06   2.6413348E+01   1.0259943E+04   1.0306085E+04   0.0000000E+00   0.0000000E+00   0.0000000E+00   0.0000000E+00   0.0000000E+00
   3.0874834E+00   9.1011507E+03   9.1011507E+03   7.8223622E-05   1.3081177E-06   2.3316591E+01   9.0604031E+03   9.1011507E+03   0.0000000E+00   0.0000000E+00   0.0000000E+00   0.0000000E+00   0.0000000E+00
   3.3178338E+00   8.0343870E+03   8.0343870E+03   5.9817775E-05   1.0002185E-06   2.0576790E+01   7.9984154E+03   8.0343870E+03   0.0000000E+00   0.0000000E+00   0.0000000E+00   0.0000000E+00   0.0000000E+00
   3.5653702E+00   7.0903441E+03   7.0903441E+03   4.5711876E-05   7.6456314E-07   1.8153975E+01   7.0585991E+03   7.0903441E+03   0.0000000E+00   0.0000000E+00   0.0000000E+00   0.0000000E+00   0.0000000E+00
   3.8313748E+00   6.2552419E+03   6.2552419E+03   3.4921712E-05   5.8426367E-07   1.6011771E+01   6.2272357E+03   6.2552419E+03   0.0000000E+00   0.0000000E+00   0.0000000E+00   0.0000000E+00   0.0000000E+00
   4.1172253E+00   5.5167979E+03   5.5167979E+03   2.6671145E-05   4.4636563E-07   1.4118449E+01   5.4920980E+03   5.5167979E+03   0.0000000E+00   0.0000000E+00   0.0000000E+00   0.0000000E+00   0.0000000E+00
   4.4244025E+00   4.8640724E+03   4.8640724E+03   2.0357536E-05   3.4092741E-07   1.2445714E+01   4.8422948E+03   4.8640724E+03   0.0000000E+00   0.0000000E+00   0.0000000E+00   0.0000000E+00   0.0000000E+00
   4.7544976E+00   4.2873270E+03   4.2873270E+03   1.5545004E-05   2.6033328E-07   1.0968263E+01   4.2681316E+03   4.2873270E+03   0.0000000E+00   0.0000000E+00   0.0000000E+00   0.0000000E+00   0.0000000E+00
   5.1092203E+00   3.7778987E+03   3.7778987E+03   1.1860869E-05   1.9874958E-07   9.6635682E+00   3.7609841E+03   3.7778987E+03   0.0000000E+00   0.0000000E+00   0.0000000E+00   0.0000000E+00   0.0000000E+00
   5.4904082E+00   3.3280858E+03   3.3280858E+03   9.0542154E-06   1.5170185E-07   8.5120328E+00   3.3131852E+03   3.3280858E+03   0.0000000E+00   0.0000000E+00   0.0000000E+00   0.0000000E+00   0.0000000E+00
   5.9000356E+00   2.9310449E+03   2.9310449E+03   6.8991985E-06   1.1577068E-07   7.4957624E+00   2.9179219E+03   2.9310449E+03   0.0000000E+00   0.0000000E+00   0.0000000E+00   0.0000000E+00   0.0000000E+00
   6.3402245E+00   2.5806987E+03   2.5806987E+03   5.2613455E-06   8.8335968E-08   6.5990920E+00   2.5691443E+03   2.5806987E+03   0.0000000E+00   0.0000000E+00   0.0000000E+00   0.0000000E+00   0.0000000E+00
   6.8132548E+00   2.2716530E+03   2.2716530E+03   4.0106878E-06   6.7393113E-08   5.8083637E+00   2.2614822E+03   2.2716530E+03   0.0000000E+00   0.0000000E+00   0.0000000E+00   0.0000000E+00   0.0000000E+00
   7.3215770E+00   1.9991225E+03   1.9991225E+03   3.0576952E-06   5.1409329E-08   5.1111786E+00   1.9901720E+03   1.9991225E+03   0.0000000E+00   0.0000000E+00   0.0000000E+00   0.0000000E+00   0.0000000E+00
   7.8678239E+00   1.7588643E+03   1.7588643E+03   2.3286821E-06   3.9213175E-08   4.4965950E+00   1.7509894E+03   1.7588643E+03   0.0000000E+00   0.0000000E+00   0.0000000E+00   0.0000000E+00   0.0000000E+00
   8.4548252E+00   1.5471178E+03   1.5471178E+03   1.7740360E-06   2.9908459E-08   3.9550021E+00   1.5401909E+03   1.5471178E+03   0.0000000E+00   0.0000000E+00   0.0000000E+00   0.0000000E+00   0.0000000E+00
