#           k/h    CDM            baryon         photon         nu             mass_nu        total          no_nu          total_de       Weyl           v_CDM          v_b            v_b-v_c     
   1.0600780E-05   1.6477304E+07   1.6477304E+07   2.1959681E+07   1.0208175E+04   1.8675226E+07   1.6477316E+07   1.6477304E+07   0.0000000E+00   0.0000000E+00   0.0000000E+00   0.0000000E+00   0.0000000E+00
   1.1391681E-05   1.6477301E+07   1.6477301E+07   2.1958120E+07   1.0207708E+04   1.8674854E+07   1.6477313E+07   1.6477301E+07   0.0000000E+00   0.0000000E+00   0.0000000E+00   0.0000000E+00   0.0000000E+00
   1.2241589E-05   1.6477297E+07   1.6477297E+07   2.1956318E+07   1.0207167E+04   1.8674425E+07   1.6477309E+07   1.6477297E+07   0.0000000E+00   0.0000000E+00   0.0000000E+00   0.0000000E+00   0.0000000E+00
   1.3154908E-05   1.6477293E+07   1.6477293E+07   2.1954237E+07   1.0206544E+04   1.8673928E+07   1.6477304E+07   1.6477293E+07   0.0000000E+00   0.0000000E+00   0.0000000E+00   0.0000000E+00   0.0000000E+00
   1.4136367E-05   1.6477288E+07   1.6477288E+07   2.1951835E+07   1.0205823E+04   1.8673356E+07   1.6477299E+07   1.6477288E+07   0.0000000E+00   0.0000000E+00   0.0000000E+00   0.0000000E+00   0.0000000E+00
   1.5191050E-05   1.6477282E+07   1.6477282E+07   2.1949060E+07   1.0204992E+04   1.8672694E+07   1.6477293E+07   1.6477282E+07   0.0000000E+00   0.0000000E+00   0.0000000E+00   0.0000000E+00   0.0000000E+00
   1.6324422E-05   1.6477276E+07   1.6477276E+07   2.1945857E+07   1.0204032E+04   1.8671930E+07   1.6477287E+07   1.6477276E+07   0.0000000E+00   0.0000000E+00   0.0000000E+00   0.0000000E+00   0.0000000E+00
   1.7542351E-05   1.6477268E+07   1.6477268E+07   2.1942159E+07   1.0202923E+04   1.8671049E+07   1.6477279E+07   1.6477268E+07   0.0000000E+00   0.0000000E+00   0.0000000E+00   0.0000000E+00   0.0000000E+00
   1.8851148E-05   1.6477260E+07   1.6477260E+07   2.1937888E+07   1.0201643E+04   1.8670031E+07   1.6477270E+07   1.6477260E+07   0.0000000E+00   0.0000000E+00   0.0000000E+00   0.0000000E+00   0.0000000E+00
   2.0257591E-05   1.6477250E+07   1.6477250E+07   2.1932958E+07   1.0200165E+04   1.8668856E+07   1.6477259E+07   1.6477250E+07   0.0000000E+00   0.0000000E+00   0.0000000E+00   0.0000000E+00   0.0000000E+00
   2.1768966E-05   1.6477238E+07   1.6477238E+07   2.1927266E+07   1.0198458E+04   1.8667499E+07   1.6477247E+07   1.6477238E+07   0.0000000E+00   0.0000000E+00   0.0000000E+00   0.0000000E+00   0.0000000E+00
   2.3393102E-05   1.6477225E+07   1.6477225E+07   2.1920695E+07   1.0196488E+04   1.8665933E+07   1.6477233E+07   1.6477225E+07   0.0000000E+00   0.0000000E+00   0.0000000E+00   0.0000000E+00   0.0000000E+00
   2.5138410E-05   1.6477209E+07   1.6477209E+07   2.1913109E+07   1.0194213E+04   1.8664126E+07   1.6477217E+07   1.6477209E+07   0.0000000E+00   0.0000000E+00   0.0000000E+00   0.0000000E+00   0.0000000E+00
   2.7013932E-05   1.6477191E+07   1.6477191E+07   2.1904351E+07   1.0191587E+04   1.8662040E+07   1.6477199E+07   1.6477191E+07   0.0000000E+00   0.0000000E+00   0.0000000E+00   0.0000000E+00   0.0000000E+00
   2.9029383E-05   1.6477171E+07   1.6477171E+07   2.1894242E+07   1.0188555E+04   1.8659632E+07   1.6477177E+07   1.6477171E+07   0.0000000E+00   0.0000000E+00   0.0000000E+00   0.0000000E+00   0.0000000E+00
   3.1195202E-05   1.6477147E+07   1.6477147E+07   2.1882574E+07   1.0185055E+04   1.8656854E+07   1.6477153E+07   1.6477147E+07   0.0000000E+00   0.0000000E+00   0.0000000E+00   0.0000000E+00   0.0000000E+00
   3.3522609E-05   1.6477120E+07   1.6477120E+07   2.1869108E+07   1.0181015E+04   1.8653648E+07   1.6477124E+07   1.6477120E+07   0.0000000E+00   0.0000000E+00   0.0000000E+00   0.0000000E+00   0.0000000E+00
   3.6023658E-05   1.6477088E+07   1.6477088E+07   2.1853566E+07   1.0176352E+04   1.8649950E+07   1.6477091E+07   1.6477088E+07   0.0000000E+00   0.0000000E+00   0.0000000E+00   0.0000000E+00   0.0000000E+00
   3.8711304E-05   1.6477051E+07   1.6477051E+07   2.1835632E+07   1.0170971E+04   1.8645683E+07   1.6477053E+07   1.6477051E+07   0.0000000E+00   0.0000000E+00   0.0000000E+00   0.0000000E+00   0.0000000E+00
   4.1599471E-05   1.6477009E+07   1.6477009E+07   2.1814939E+07   1.0164760E+04   1.8640763E+07   1.6477009E+07   1.6477009E+07   0.0000000E+00   0.0000000E+00   0.0000000E+00   0.0000000E+00   0.0000000E+00
   4.4703117E-05   1.6476960E+07   1.6476960E+07   2.1791065E+07   1.0157593E+04   1.8635088E+07   1.6476958E+07   1.6476960E+07   0.0000000E+00   0.0000000E+00   0.0000000E+00   0.0000000E+00   0.0000000E+00
   4.8038319E-05   1.6476904E+07   1.6476904E+07   2.1763527E+07   1.0149324E+04   1.8628546E+07   1.6476900E+07   1.6476904E+07   0.0000000E+00   0.0000000E+00   0.0000000E+00   0.0000000E+00   0.0000000E+00
   5.1622354E-05   1.6476839E+07   1.6476839E+07   2.1731767E+07   1.0139785E+04   1.8621006E+07   1.6476832E+07   1.6476839E+07   0.0000000E+00   0.0000000E+00   0.0000000E+00   0.0000000E+00   0.0000000E+00
   5.5473786E-05   1.6476764E+07   1.6476764E+07   2.1695145E+07   1.0128781E+04   1.8612317E+07   1.6476754E+07   1.6476764E+07   0.0000000E+00   0.0000000E+00   0.0000000E+00   0.0000000E+00   0.0000000E+00
   5.9612565E-05   1.6476677E+07   1.6476677E+07   2.1652926E+07   1.0116091E+04   1.8602310E+07   1.6476664E+07   1.6476677E+07   0.0000000E+00   0.0000000E+00   0.0000000E+00   0.0000000E+00   0.0000000E+00
   6.4060129E-05   1.6476577E+07   1.6476577E+07   2.1604267E+07   1.0101459E+04   1.8590786E+07   1.6476560E+07   1.6476577E+07   0.0000000E+00   0.0000000E+00   0.0000000E+00   0.0000000E+00   0.0000000E+00
   6.8839516E-05   1.6476462E+07   1.6476462E+07   2.1548204E+07   1.0084592E+04   1.8577524E+07   1.6476439E+07   1.6476462E+07   0.0000000E+00   0.0000000E+00   0.0000000E+00   0.0000000E+00   0.0000000E+00
   7.3975482E-05   1.6476329E+07   1.6476329E+07   2.1483633E+07   1.0065152E+04   1.8562269E+07   1.6476301E+07   1.6476329E+07   0.0000000E+00   0.0000000E+00   0.0000000E+00   0.0000000E+00   0.0000000E+00
   7.9494633E-05   1.6476175E+07   1.6476175E+07   2.1409292E+07   1.0042756E+04   1.8544731E+07   1.6476141E+07   1.6476175E+07   0.0000000E+00   0.0000000E+00   0.0000000E+00   0.0000000E+00   0.0000000E+00
   8.5425554E-05   1.6475998E+07   1.6475998E+07   2.1323743E+07   1.0016963E+04   1.8524584E+07   1.6475956E+07   1.6475998E+07   0.0000000E+00   0.0000000E+00   0.0000000E+00   0.0000000E+00   0.0000000E+00
   9.1798970E-05   1.6475793E+07   1.6475793E+07   2.1225351E+07   9.9872703E+03   1.8501458E+07   1.6475743E+07   1.6475793E+07   0.0000000E+00   0.0000000E+00   0.0000000E+00   0.0000000E+00   0.0000000E+00
   9.8647891E-05   1.6475556E+07   1.6475556E+07   2.1112256E+07   9.9531039E+03   1.8474937E+07   1.6475497E+07   1.6475556E+07   0.0000000E+00   0.0000000E+00   0.0000000E+00   0.0000000E+00   0.0000000E+00
   1.0600780E-04   1.6475284E+07   1.6475284E+07   2.0982357E+07   9.9138121E+03   1.8444557E+07   1.6475213E+07   1.6475284E+07   0.0000000E+00   0.0000000E+00   0.0000000E+00   0.0000000E+00   0.0000000E+00
   1.1391681E-04   1.6474969E+07   1.6474969E+07   2.0833282E+07   9.8686549E+03   1.8409799E+07   1.6474885E+07   1.6474969E+07   0.0000000E+00   0.0000000E+00   0.0000000E+00   0.0000000E+00   0.0000000E+00
   1.2241589E-04   1.6474607E+07   1.6474607E+07   2.0662366E+07   9.8167954E+03   1.8370090E+07   1.6474508E+07   1.6474607E+07   0.0000000E+00   0.0000000E+00   0.0000000E+00   0.0000000E+00   0.0000000E+00
   1.3154908E-04   1.6474188E+07   1.6474188E+07   2.0466627E+07   9.7572898E+03   1.8324801E+07   1.6474072E+07   1.6474188E+07   0.0000000E+00   0.0000000E+00   0.0000000E+00   0.0000000E+00   0.0000000E+00
   1.4136367E-04   1.6473706E+07   1.6473706E+07   2.0242751E+07   9.6890784E+03   1.8273251E+07   1.6473570E+07   1.6473706E+07   0.0000000E+00   0.0000000E+00   0.0000000E+00   0.0000000E+00   0.0000000E+00
   1.5191050E-04   1.6473150E+07   1.6473150E+07   1.9987078E+07   9.6109771E+03   1.8214706E+07   1.6472991E+07   1.6473150E+07   0.0000000E+00   0.0000000E+00   0.0000000E+00   0.0000000E+00   0.0000000E+00
   1.6324422E-04   1.6472510E+07   1.6472510E+07   1.9695598E+07   9.5216702E+03   1.8148392E+07   1.6472325E+07   1.6472510E+07   0.0000000E+00   0.0000000E+00   0.0000000E+00   0.0000000E+00   0.0000000E+00
   1.7542351E-04   1.6471773E+07   1.6471773E+07   1.9363965E+07   9.4197064E+03   1.8073511E+07   1.6471557E+07   1.6471773E+07   0.0000000E+00   0.0000000E+00   0.0000000E+00   0.0000000E+00   0.0000000E+00
   1.8851148E-04   1.6470923E+07   1.6470923E+07   1.8987526E+07   9.3034979E+03   1.7989255E+07   1.6470672E+07   1.6470923E+07   0.0000000E+00   0.0000000E+00   0.0000000E+00   0.0000000E+00   0.0000000E+00
   2.0257591E-04   1.6469946E+07   1.6469946E+07   1.8561384E+07   9.1713258E+03   1.7894847E+07   1.6469654E+07   1.6469946E+07   0.0000000E+00   0.0000000E+00   0.0000000E+00   0.0000000E+00   0.0000000E+00
   2.1768966E-04   1.6468821E+07   1.6468821E+07   1.8080487E+07   9.0213533E+03   1.7789578E+07   1.6468483E+07   1.6468821E+07   0.0000000E+00   0.0000000E+00   0.0000000E+00   0.0000000E+00   0.0000000E+00
   2.3393102E-04   1.6467528E+07   1.6467528E+07   1.7539778E+07   8.8516495E+03   1.7672864E+07   1.6467137E+07   1.6467528E+07   0.0000000E+00   0.0000000E+00   0.0000000E+00   0.0000000E+00   0.0000000E+00
   2.5138410E-04   1.6466043E+07   1.6466043E+07   1.6934390E+07   8.6602280E+03   1.7544322E+07   1.6465589E+07   1.6466043E+07   0.0000000E+00   0.0000000E+00   0.0000000E+00   0.0000000E+00   0.0000000E+00
   2.7013932E-04   1.6464337E+07   1.6464337E+07   1.6259924E+07   8.4451030E+03   1.7403861E+07   1.6463813E+07   1.6464337E+07   0.0000000E+00   0.0000000E+00   0.0000000E+00   0.0000000E+00   0.0000000E+00
   2.9029383E-04   1.6462380E+07   1.6462380E+07   1.5512809E+07   8.2043690E+03   1.7251789E+07   1.6461774E+07   1.6462380E+07   0.0000000E+00   0.0000000E+00   0.0000000E+00   0.0000000E+00   0.0000000E+00
   3.1195202E-04   1.6460137E+07   1.6460137E+07   1.4690761E+07   7.9363071E+03   1.7088938E+07   1.6459438E+07   1.6460137E+07   0.0000000E+00   0.0000000E+00   0.0000000E+00   0.0000000E+00   0.0000000E+00
   3.3522609E-04   1.6457568E+07   1.6457568E+07   1.3793338E+07   7.6395239E+03   1.6916796E+07   1.6456762E+07   1.6457568E+07   0.0000000E+00   0.0000000E+00   0.0000000E+00   0.0000000E+00   0.0000000E+00
   3.6023658E-04   1.6454630E+07   1.6454630E+07   1.2822605E+07   7.3131245E+03   1.6737636E+07   1.6453701E+07   1.6454630E+07   0.0000000E+00   0.0000000E+00   0.0000000E+00   0.0000000E+00   0.0000000E+00
   3.8711304E-04   1.6451273E+07   1.6451273E+07   1.1783864E+07   6.9569217E+03   1.6554616E+07   1.6450203E+07   1.6451273E+07   0.0000000E+00   0.0000000E+00   0.0000000E+00   0.0000000E+00   0.0000000E+00
   4.1599471E-04   1.6447444E+07   1.6447444E+07   1.0686421E+07   6.5716765E+03   1.6371820E+07   1.6446213E+07   1.6447444E+07   0.0000000E+00   0.0000000E+00   0.0000000E+00   0.0000000E+00   0.0000000E+00
   4.4703117E-04   1.6443081E+07   1.6443081E+07   9.5442926E+06   6.1593590E+03   1.6194197E+07   1.6441667E+07   1.6443081E+07   0.0000000E+00   0.0000000E+00   0.0000000E+00   0.0000000E+00   0.0000000E+00
   4.8038319E-04   1.6438120E+07   1.6438120E+07   8.3767334E+06   5.7234093E+03   1.6027335E+07   1.6436496E+07   1.6438120E+07   0.0000000E+00   0.0000000E+00   0.0000000E+00   0.0000000E+00   0.0000000E+00
   5.1622354E-04   1.6432485E+07   1.6432485E+07   7.2083884E+06   5.2689629E+03   1.5877010E+07   1.6430625E+07   1.6432485E+07   0.0000000E+00   0.0000000E+00   0.0000000E+00   0.0000000E+00   0.0000000E+00
   5.5473786E-04   1.6426099E+07   1.6426099E+07   6.0688452E+06   4.8029899E+03   1.5748460E+07   1.6423968E+07   1.6426099E+07   0.0000000E+00   0.0000000E+00   0.0000000E+00   0.0000000E+00   0.0000000E+00
   5.9612565E-04   1.6418872E+07   1.6418872E+07   4.9913155E+06   4.3342820E+03   1.5645344E+07   1.6416437E+07   1.6418872E+07   0.0000000E+00   0.0000000E+00   0.0000000E+00   0.0000000E+00   0.0000000E+00
   6.4060129E-04   1.6410709E+07   1.6410709E+07   4.0102035E+06   3.8732059E+03   1.5568460E+07   1.6407931E+07   1.6410709E+07   0.0000000E+00   0.0000000E+00   0.0000000E+00   0.0000000E+00   0.0000000E+00
   6.8839516E-04   1.6401506E+07   1.6401506E+07   3.1574363E+06   3.4311451E+03   1.5514374E+07   1.6398341E+07   1.6401506E+07   0.0000000E+00   0.0000000E+00   0.0000000E+00   0.0000000E+00   0.0000000E+00
   7.3975482E-04   1.6391145E+07   1.6391145E+07   2.4576866E+06   3.0195742E+03   1.5474325E+07   1.6387548E+07   1.6391145E+07   0.0000000E+00   0.0000000E+00   0.0000000E+00   0.0000000E+00   0.0000000E+00
   7.9494633E-04   1.6379500E+07   1.6379500E+07   1.9230585E+06   2.6487694E+03   1.5433953E+07   1.6375421E+07   1.6379500E+07   0.0000000E+00   0.0000000E+00   0.0000000E+00   0.0000000E+00   0.0000000E+00
   8.5425554E-04   1.6366430E+07   1.6366430E+07   1.5483935E+06   2.3262703E+03   1.5374523E+07   1.6361817E+07   1.6366430E+07   0.0000000E+00   0.0000000E+00   0.0000000E+00   0.0000000E+00   0.0000000E+00
   9.1798970E-04   1.6351776E+07   1.6351776E+07   1.3089571E+06   2.0553576E+03   1.5276234E+07   1.6346575E+07   1.6351776E+07   0.0000000E+00   0.0000000E+00   0.0000000E+00   0.0000000E+00   0.0000000E+00
   9.8647891E-04   1.6335365E+07   1.6335365E+07   1.1625688E+06   1.8339795E+03   1.5123681E+07   1.6329520E+07   1.6335365E+07   0.0000000E+00   0.0000000E+00   0.0000000E+00   0.0000000E+00   0.0000000E+00
   1.0600780E-03   1.6317005E+07   1.6317005E+07   1.0577328E+06   1.6546681E+03   1.4912367E+07   1.6310460E+07   1.6317005E+07   0.0000000E+00   0.0000000E+00   0.0000000E+00   0.0000000E+00   0.0000000E+00
   1.1391681E-03   1.6296486E+07   1.6296486E+07   9.4748944E+05   1.5059105E+03   1.4653638E+07   1.6289186E+07   1.6296486E+07   0.0000000E+00   0.0000000E+00   0.0000000E+00   0.0000000E+00   0.0000000E+00
   1.2241589E-03   1.6273582E+07   1.6273582E+07   8.0541599E+05   1.3750623E+03   1.4374032E+07   1.6265475E+07   1.6273582E+07   0.0000000E+00   0.0000000E+00   0.0000000E+00   0.0000000E+00   0.0000000E+00
   1.3154908E-03   1.6248054E+07   1.6248054E+07   6.3647371E+05   1.2521556E+03   1.4105685E+07   1.6239093E+07   1.6248054E+07   0.0000000E+00   0.0000000E+00   0.0000000E+00   0.0000000E+00   0.0000000E+00
   1.4136367E-03   1.6219655E+07   1.6219655E+07   4.7394406E+05   1.1330891E+03   1.3868677E+07   1.6209797E+07   1.6219655E+07   0.0000000E+00   0.0000000E+00   0.0000000E+00   0.0000000E+00   0.0000000E+00
   1.5191050E-03   1.6188127E+07   1.6188127E+07   3.5833244E+05   1.0202594E+03   1.3654291E+07   1.6177337E+07   1.6188127E+07   0.0000000E+00   0.0000000E+00   0.0000000E+00   0.0000000E+00   0.0000000E+00
   1.6324422E-03   1.6153204E+07   1.6153204E+07   3.0652572E+05   9.1950410E+02   1.3424936E+07   1.6141454E+07   1.6153204E+07   0.0000000E+00   0.0000000E+00   0.0000000E+00   0.0000000E+00   0.0000000E+00
   1.7542351E-03   1.6114606E+07   1.6114606E+07   2.9375131E+05   8.3459559E+02   1.3141567E+07   1.6101876E+07   1.6114606E+07   0.0000000E+00   0.0000000E+00   0.0000000E+00   0.0000000E+00   0.0000000E+00
   1.8851148E-03   1.6072038E+07   1.6072038E+07   2.7108555E+05   7.6325991E+02   1.2804694E+07   1.6058314E+07   1.6072038E+07   0.0000000E+00   0.0000000E+00   0.0000000E+00   0.0000000E+00   0.0000000E+00
   2.0257591E-03   1.6025190E+07   1.6025190E+07   2.1284664E+05   6.9880920E+02   1.2465154E+07   1.6010462E+07   1.6025190E+07   0.0000000E+00   0.0000000E+00   0.0000000E+00   0.0000000E+00   0.0000000E+00
   2.1768966E-03   1.5973743E+07   1.5973743E+07   1.4592856E+05   6.3668300E+02   1.2171426E+07   1.5958002E+07   1.5973743E+07   0.0000000E+00   0.0000000E+00   0.0000000E+00   0.0000000E+00   0.0000000E+00
   2.3393102E-03   1.5917368E+07   1.5917368E+07   1.1415649E+05   5.7866731E+02   1.1900360E+07   1.5900605E+07   1.5917368E+07   0.0000000E+00   0.0000000E+00   0.0000000E+00   0.0000000E+00   0.0000000E+00
   2.5138410E-03   1.5855728E+07   1.5855728E+07   1.1286208E+05   5.2857309E+02   1.1582382E+07   1.5837929E+07   1.5855728E+07   0.0000000E+00   0.0000000E+00   0.0000000E+00   0.0000000E+00   0.0000000E+00
   2.7013932E-03   1.5788466E+07   1.5788466E+07   9.7972290E+04   4.8507993E+02   1.1217203E+07   1.5769615E+07   1.5788466E+07   0.0000000E+00   0.0000000E+00   0.0000000E+00   0.0000000E+00   0.0000000E+00
   2.9029383E-03   1.5715208E+07   1.5715208E+07   6.8189065E+04   4.4386775E+02   1.0874791E+07   1.5695286E+07   1.5715208E+07   0.0000000E+00   0.0000000E+00   0.0000000E+00   0.0000000E+00   0.0000000E+00
   3.1195202E-03   1.5635568E+07   1.5635568E+07   5.9740515E+04   4.0522564E+02   1.0540351E+07   1.5614557E+07   1.5635568E+07   0.0000000E+00   0.0000000E+00   0.0000000E+00   0.0000000E+00   0.0000000E+00
   3.3522609E-03   1.5549145E+07   1.5549145E+07   5.5995438E+04   3.7103409E+02   1.0151694E+07   1.5527028E+07   1.5549145E+07   0.0000000E+00   0.0000000E+00   0.0000000E+00   0.0000000E+00   0.0000000E+00
   3.6023658E-03   1.5455519E+07   1.5455519E+07   3.6231445E+04   3.3889981E+02   9.7730810E+06   1.5432284E+07   1.5455519E+07   0.0000000E+00   0.0000000E+00   0.0000000E+00   0.0000000E+00   0.0000000E+00
   3.8711304E-03   1.5354257E+07   1.5354257E+07   3.4335481E+04   3.0867433E+02   9.4060880E+06   1.5329897E+07   1.5354257E+07   0.0000000E+00   0.0000000E+00   0.0000000E+00   0.0000000E+00   0.0000000E+00
   4.1599471E-03   1.5244914E+07   1.5244914E+07   3.0634322E+04   2.8173360E+02   8.9849156E+06   1.5219430E+07   1.5244914E+07   0.0000000E+00   0.0000000E+00   0.0000000E+00   0.0000000E+00   0.0000000E+00
   4.4703117E-03   1.5127040E+07   1.5127040E+07   2.0545582E+04   2.5600701E+02   8.5971622E+06   1.5100444E+07   1.5127040E+07   0.0000000E+00   0.0000000E+00   0.0000000E+00   0.0000000E+00   0.0000000E+00
   4.8038319E-03   1.5000184E+07   1.5000184E+07   2.0980851E+04   2.3244012E+02   8.1844132E+06   1.4972504E+07   1.5000184E+07   0.0000000E+00   0.0000000E+00   0.0000000E+00   0.0000000E+00   0.0000000E+00
   5.1622354E-03   1.4863896E+07   1.4863896E+07   1.4128670E+04   2.1040472E+02   7.7891679E+06   1.4835175E+07   1.4863896E+07   0.0000000E+00   0.0000000E+00   0.0000000E+00   0.0000000E+00   0.0000000E+00
   5.5473786E-03   1.4717719E+07   1.4717719E+07   1.4300010E+04   1.9037917E+02   7.3757845E+06   1.4688002E+07   1.4717719E+07   0.0000000E+00   0.0000000E+00   0.0000000E+00   0.0000000E+00   0.0000000E+00
   5.9612565E-03   1.4561185E+07   1.4561185E+07   1.0081632E+04   1.7177329E+02   6.9842808E+06   1.4530507E+07   1.4561185E+07   0.0000000E+00   0.0000000E+00   0.0000000E+00   0.0000000E+00   0.0000000E+00
   6.4060129E-03   1.4393806E+07   1.4393806E+07   8.4387722E+03   1.5477609E+02   6.5674728E+06   1.4362206E+07   1.4393806E+07   0.0000000E+00   0.0000000E+00   0.0000000E+00   0.0000000E+00   0.0000000E+00
   6.8839516E-03   1.4215085E+07   1.4215085E+07   8.2264771E+03   1.3888564E+02   6.1725562E+06   1.4182631E+07   1.4215085E+07   0.0000000E+00   0.0000000E+00   0.0000000E+00   0.0000000E+00   0.0000000E+00
   7.3975482E-03   1.4024538E+07   1.4024538E+07   5.9086816E+03   1.2433770E+02   5.7867891E+06   1.3991312E+07   1.4024538E+07   0.0000000E+00   0.0000000E+00   0.0000000E+00   0.0000000E+00   0.0000000E+00
   7.9494633E-03   1.3821674E+07   1.3821674E+07   4.1523432E+03   1.1112183E+02   5.3978649E+06   1.3787753E+07   1.3821674E+07   0.0000000E+00   0.0000000E+00   0.0000000E+00   0.0000000E+00   0.0000000E+00
   8.5425554E-03   1.3605987E+07   1.3605987E+07   3.8984962E+03   9.8990611E+01   5.0185260E+06   1.3571452E+07   1.3605987E+07   0.0000000E+00   0.0000000E+00   0.0000000E+00   0.0000000E+00   0.0000000E+00
   9.1798970E-03   1.3376964E+07   1.3376964E+07   3.4697322E+03   8.7902579E+01   4.6525062E+06   1.3341908E+07   1.3376964E+07   0.0000000E+00   0.0000000E+00   0.0000000E+00   0.0000000E+00   0.0000000E+00
   9.8647891E-03   1.3134091E+07   1.3134091E+07   3.0402983E+03   7.7820297E+01   4.2989113E+06   1.3098617E+07   1.3134091E+07   0.0000000E+00   0.0000000E+00   0.0000000E+00   0.0000000E+00   0.0000000E+00
   1.0600780E-02   1.2876851E+07   1.2876851E+07   2.4319506E+03   6.8684842E+01   3.9573765E+06   1.2841064E+07   1.2876851E+07   0.0000000E+00   0.0000000E+00   0.0000000E+00   0.0000000E+00   0.0000000E+00
   1.1391681E-02   1.2604730E+07   1.2604730E+07   1.7776649E+03   6.0412373E+01   3.6284729E+06   1.2568740E+07   1.2604730E+07   0.0000000E+00   0.0000000E+00   0.0000000E+00   0.0000000E+00   0.0000000E+00
   1.2241589E-02   1.2317231E+07   1.2317231E+07   1.3031379E+03   5.2950617E+01   3.3171350E+06   1.2281159E+07   1.2317231E+07   0.0000000E+00   0.0000000E+00   0.0000000E+00   0.0000000E+00   0.0000000E+00
   1.3154908E-02   1.2013881E+07   1.2013881E+07   1.3210275E+03   4.6252093E+01   3.0194420E+06   1.1977844E+07   1.2013881E+07   0.0000000E+00   0.0000000E+00   0.0000000E+00   0.0000000E+00   0.0000000E+00
   1.4136367E-02   1.1694255E+07   1.1694255E+07   1.1867309E+03   4.0253029E+01   2.7325035E+06   1.1658382E+07   1.1694255E+07   0.0000000E+00   0.0000000E+00   0.0000000E+00   0.0000000E+00   0.0000000E+00
   1.5191050E-02   1.1358006E+07   1.1358006E+07   7.6070819E+02   3.4893312E+01   2.4669014E+06   1.1322424E+07   1.1358006E+07   0.0000000E+00   0.0000000E+00   0.0000000E+00   0.0000000E+00   0.0000000E+00
   1.6324422E-02   1.1004905E+07   1.1004905E+07   7.6187228E+02   3.0129260E+01   2.2127624E+06   1.0969745E+07   1.1004905E+07   0.0000000E+00   0.0000000E+00   0.0000000E+00   0.0000000E+00   0.0000000E+00
   1.7542351E-02   1.0634888E+07   1.0634888E+07   6.6932469E+02   2.5904864E+01   1.9791105E+06   1.0600280E+07   1.0634888E+07   0.0000000E+00   0.0000000E+00   0.0000000E+00   0.0000000E+00   0.0000000E+00
   1.8851148E-02   1.0248132E+07   1.0248132E+07   4.6671274E+02   2.2174428E+01   1.7603756E+06   1.0214208E+07   1.0248132E+07   0.0000000E+00   0.0000000E+00   0.0000000E+00   0.0000000E+00   0.0000000E+00
   2.0257591E-02   9.8451305E+06   9.8451305E+06   3.6530559E+02   1.8895690E+01   1.5570482E+06   9.8120166E+06   9.8451305E+06   0.0000000E+00   0.0000000E+00   0.0000000E+00   0.0000000E+00   0.0000000E+00
   2.1768963E-02   9.4267983E+06   9.4267983E+06   3.3647012E+02   1.6026441E+01   1.3699729E+06   9.3946193E+06   9.4267983E+06   0.0000000E+00   0.0000000E+00   0.0000000E+00   0.0000000E+00   0.0000000E+00
   2.3393084E-02   8.9945859E+06   8.9945859E+06   2.9659504E+02   1.3526522E+01   1.1977377E+06   8.9634590E+06   8.9945859E+06   0.0000000E+00   0.0000000E+00   0.0000000E+00   0.0000000E+00   0.0000000E+00
   2.5138315E-02   8.5506091E+06   8.5506091E+06   1.7663833E+02   1.1358419E+01   1.0423636E+06   8.5206411E+06   8.5506091E+06   0.0000000E+00   0.0000000E+00   0.0000000E+00   0.0000000E+00   0.0000000E+00
   2.7013498E-02   8.0977932E+06   8.0977932E+06   1.8541998E+02   9.4903569E+00   9.0114550E+05   8.0690780E+06   8.0977932E+06   0.0000000E+00   0.0000000E+00   0.0000000E+00   0.0000000E+00   0.0000000E+00
   2.9027643E-02   7.6400392E+06   7.6400392E+06   1.5620541E+02   7.8898236E+00   7.7543384E+05   7.6126534E+06   7.6400392E+06   0.0000000E+00   0.0000000E+00   0.0000000E+00   0.0000000E+00   0.0000000E+00
   3.1189065E-02   7.1824236E+06   7.1824236E+06   1.2549728E+02   6.5291320E+00   6.6325898E+05   7.1564218E+06   7.1824236E+06   0.0000000E+00   0.0000000E+00   0.0000000E+00   0.0000000E+00   0.0000000E+00
   3.3503416E-02   6.7314170E+06   6.7314170E+06   8.8340748E+01   5.3827471E+00   5.6445731E+05   6.7068259E+06   6.7314170E+06   0.0000000E+00   0.0000000E+00   0.0000000E+00   0.0000000E+00   0.0000000E+00
   3.5970107E-02   6.2950053E+06   6.2950053E+06   6.7497249E+01   4.4270294E+00   4.7953913E+05   6.2718178E+06   6.2950053E+06   0.0000000E+00   0.0000000E+00   0.0000000E+00   0.0000000E+00   0.0000000E+00
   3.8577469E-02   5.8823985E+06   5.8823985E+06   5.1266664E+01   3.6416851E+00   4.0615997E+05   5.8605685E+06   5.8823985E+06   0.0000000E+00   0.0000000E+00   0.0000000E+00   0.0000000E+00   0.0000000E+00
   4.1299072E-02   5.5028864E+06   5.5028864E+06   4.8781361E+01   3.0057129E+00   3.4497455E+05   5.4823282E+06   5.5028864E+06   0.0000000E+00   0.0000000E+00   0.0000000E+00   0.0000000E+00   0.0000000E+00
   4.4095527E-02   5.1637705E+06   5.1637705E+06   4.1954805E+01   2.4983004E+00   2.9466761E+05   5.1443656E+06   5.1637705E+06   0.0000000E+00   0.0000000E+00   0.0000000E+00   0.0000000E+00   0.0000000E+00
   4.6923796E-02   4.8682858E+06   4.8682858E+06   3.5061876E+01   2.0976585E+00   2.5375940E+05   4.8498973E+06   4.8682858E+06   0.0000000E+00   0.0000000E+00   0.0000000E+00   0.0000000E+00   0.0000000E+00
   4.9749122E-02   4.6149365E+06   4.6149365E+06   2.9390995E+01   1.7819986E+00   2.2066338E+05   4.5974271E+06   4.6149365E+06   0.0000000E+00   0.0000000E+00   0.0000000E+00   0.0000000E+00   0.0000000E+00
   5.2551684E-02   4.3986168E+06   4.3986168E+06   2.4545091E+01   1.5316737E+00   1.9380113E+05   4.3818634E+06   4.3986168E+06   0.0000000E+00   0.0000000E+00   0.0000000E+00   0.0000000E+00   0.0000000E+00
   5.5325784E-02   4.2124807E+06   4.2124807E+06   1.9957252E+01   1.3306301E+00   1.7174690E+05   4.1963821E+06   4.2124807E+06   0.0000000E+00   0.0000000E+00   0.0000000E+00   0.0000000E+00   0.0000000E+00
   5.8075227E-02   4.0494569E+06   4.0494569E+06   1.5723631E+01   1.1664507E+00   1.5331235E+05   4.0339353E+06   4.0494569E+06   0.0000000E+00   0.0000000E+00   0.0000000E+00   0.0000000E+00   0.0000000E+00
   6.0808760E-02   3.9030763E+06   3.9030763E+06   1.2655832E+01   1.0298524E+00   1.3760485E+05   3.8880763E+06   3.9030763E+06   0.0000000E+00   0.0000000E+00   0.0000000E+00   0.0000000E+00   0.0000000E+00
   6.3537012E-02   3.7677962E+06   3.7677962E+06   1.1357659E+01   9.1411711E-01   1.2400508E+05   3.7532818E+06   3.7677962E+06   0.0000000E+00   0.0000000E+00   0.0000000E+00   0.0000000E+00   0.0000000E+00
   6.6270839E-02   3.6390717E+06   3.6390717E+06   1.1288616E+01   8.1443321E-01   1.1208660E+05   3.6250233E+06   3.6390717E+06   0.0000000E+00   0.0000000E+00   0.0000000E+00   0.0000000E+00   0.0000000E+00
   6.9020577E-02   3.5133361E+06   3.5133361E+06   1.1064496E+01   7.2730711E-01   1.0150985E+05   3.4997468E+06   3.5133361E+06   0.0000000E+00   0.0000000E+00   0.0000000E+00   0.0000000E+00   0.0000000E+00
   7.1795777E-02   3.3879617E+06   3.3879617E+06   1.0059487E+01   6.5021600E-01   9.1980684E+04   3.3748341E+06   3.3879617E+06   0.0000000E+00   0.0000000E+00   0.0000000E+00   0.0000000E+00   0.0000000E+00
   7.4605179E-02   3.2612246E+06   3.2612246E+06   8.7653998E+00   5.8138054E-01   8.3290288E+04   3.2485675E+06   3.2612246E+06   0.0000000E+00   0.0000000E+00   0.0000000E+00   0.0000000E+00   0.0000000E+00
   7.7456791E-02   3.1322699E+06   3.1322699E+06   7.7425333E+00   5.1954271E-01   7.5312555E+04   3.1200950E+06   3.1322699E+06   0.0000000E+00   0.0000000E+00   0.0000000E+00   0.0000000E+00   0.0000000E+00
   8.0357993E-02   3.0010690E+06   3.0010690E+06   7.0596538E+00   4.6379137E-01   6.7965149E+04   2.9893877E+06   3.0010690E+06   0.0000000E+00   0.0000000E+00   0.0000000E+00   0.0000000E+00   0.0000000E+00
   8.3315651E-02   2.8683543E+06   2.8683543E+06   6.2132803E+00   4.1348938E-01   6.1200286E+04   2.8571751E+06   2.8683543E+06   0.0000000E+00   0.0000000E+00   0.0000000E+00   0.0000000E+00   0.0000000E+00
   8.6336222E-02   2.7355204E+06   2.7355204E+06   4.5706080E+00   3.6820041E-01   5.5034976E+04   2.7248460E+06   2.7355204E+06   0.0000000E+00   0.0000000E+00   0.0000000E+00   0.0000000E+00   0.0000000E+00
   8.9425839E-02   2.6044824E+06   2.6044824E+06   3.8159678E+00   3.2757811E-01   4.9513364E+04   2.5943078E+06   2.6044824E+06   0.0000000E+00   0.0000000E+00   0.0000000E+00   0.0000000E+00   0.0000000E+00
   9.2590388E-02   2.4774865E+06   2.4774865E+06   4.2345126E+00   2.9136561E-01   4.4425033E+04   2.4677978E+06   2.4774865E+06   0.0000000E+00   0.0000000E+00   0.0000000E+00   0.0000000E+00   0.0000000E+00
   9.5835568E-02   2.3568770E+06   2.3568770E+06   3.0127711E+00   2.5930253E-01   3.9938767E+04   2.3476507E+06   2.3568770E+06   0.0000000E+00   0.0000000E+00   0.0000000E+00   0.0000000E+00   0.0000000E+00
   9.9166947E-02   2.2448296E+06   2.2448296E+06   2.8282385E+00   2.3112993E-01   3.5883176E+04   2.2360337E+06   2.2448296E+06   0.0000000E+00   0.0000000E+00   0.0000000E+00   0.0000000E+00   0.0000000E+00
   1.0259000E-01   2.1430722E+06   2.1430722E+06   2.9142827E+00   2.0654464E-01   3.2363827E+04   2.1346675E+06   2.1430722E+06   0.0000000E+00   0.0000000E+00   0.0000000E+00   0.0000000E+00   0.0000000E+00
   1.0611014E-01   2.0526211E+06   2.0526211E+06   2.6705625E+00   1.8520808E-01   2.9290199E+04   2.0445645E+06   2.0526211E+06   0.0000000E+00   0.0000000E+00   0.0000000E+00   0.0000000E+00   0.0000000E+00
   1.0973275E-01   1.9735720E+06   1.9735720E+06   2.3328196E+00   1.6672913E-01   2.6594767E+04   1.9658196E+06   1.9735720E+06   0.0000000E+00   0.0000000E+00   0.0000000E+00   0.0000000E+00   0.0000000E+00
   1.1346321E-01   1.9049837E+06   1.9049837E+06   1.7574316E+00   1.5069121E-01   2.4245949E+04   1.8974952E+06   1.9049837E+06   0.0000000E+00   0.0000000E+00   0.0000000E+00   0.0000000E+00   0.0000000E+00
   1.1730691E-01   1.8448945E+06   1.8448945E+06   1.6807704E+00   1.3665788E-01   2.2215389E+04   1.8376371E+06   1.8448945E+06   0.0000000E+00   0.0000000E+00   0.0000000E+00   0.0000000E+00   0.0000000E+00
   1.2126926E-01   1.7904965E+06   1.7904965E+06   1.5223006E+00   1.2420602E-01   2.0332733E+04   1.7834484E+06   1.7904965E+06   0.0000000E+00   0.0000000E+00   0.0000000E+00   0.0000000E+00   0.0000000E+00
   1.2535571E-01   1.7384748E+06   1.7384748E+06   1.5769175E+00   1.1295320E-01   1.8659486E+04   1.7316272E+06   1.7384748E+06   0.0000000E+00   0.0000000E+00   0.0000000E+00   0.0000000E+00   0.0000000E+00
   1.2957174E-01   1.6854859E+06   1.6854859E+06   1.4098621E+00   1.0258599E-01   1.7091070E+04   1.6788431E+06   1.6854859E+06   0.0000000E+00   0.0000000E+00   0.0000000E+00   0.0000000E+00   0.0000000E+00
   1.3392291E-01   1.6287160E+06   1.6287160E+06   1.2822052E+00   9.2881867E-02   1.5586923E+04   1.6222933E+06   1.6287160E+06   0.0000000E+00   0.0000000E+00   0.0000000E+00   0.0000000E+00   0.0000000E+00
   1.3841481E-01   1.5664242E+06   1.5664242E+06   9.7714675E-01   8.3716614E-02   1.4145739E+04   1.5602439E+06   1.5664242E+06   0.0000000E+00   0.0000000E+00   0.0000000E+00   0.0000000E+00   0.0000000E+00
   1.4305311E-01   1.4983514E+06   1.4983514E+06   9.8306987E-01   7.5060935E-02   1.2790811E+04   1.4924368E+06   1.4983514E+06   0.0000000E+00   0.0000000E+00   0.0000000E+00   0.0000000E+00   0.0000000E+00
   1.4784354E-01   1.4258732E+06   1.4258732E+06   7.3573888E-01   6.6964277E-02   1.1482760E+04   1.4202420E+06   1.4258732E+06   0.0000000E+00   0.0000000E+00   0.0000000E+00   0.0000000E+00   0.0000000E+00
   1.5279193E-01   1.3518067E+06   1.3518067E+06   6.5279959E-01   5.9520562E-02   1.0269661E+04   1.3464656E+06   1.3518067E+06   0.0000000E+00   0.0000000E+00   0.0000000E+00   0.0000000E+00   0.0000000E+00
   1.5790416E-01   1.2798464E+06   1.2798464E+06   6.0776506E-01   5.2830361E-02   9.1806830E+03   1.2747875E+06   1.2798464E+06   0.0000000E+00   0.0000000E+00   0.0000000E+00   0.0000000E+00   0.0000000E+00
   1.6318621E-01   1.2137030E+06   1.2137030E+06   6.2754149E-01   4.6961501E-02   8.2052015E+03   1.2089036E+06   1.2137030E+06   0.0000000E+00   0.0000000E+00   0.0000000E+00   0.0000000E+00   0.0000000E+00
   1.6864415E-01   1.1561255E+06   1.1561255E+06   5.0098860E-01   4.1920815E-02   7.3797882E+03   1.1515520E+06   1.1561255E+06   0.0000000E+00   0.0000000E+00   0.0000000E+00   0.0000000E+00   0.0000000E+00
   1.7428416E-01   1.1080725E+06   1.1080725E+06   4.2788727E-01   3.7640907E-02   6.6685029E+03   1.1036876E+06   1.1080725E+06   0.0000000E+00   0.0000000E+00   0.0000000E+00   0.0000000E+00   0.0000000E+00
   1.8011255E-01   1.0683199E+06   1.0683199E+06   4.2471838E-01   3.3990954E-02   6.0628821E+03   1.0640908E+06   1.0683199E+06   0.0000000E+00   0.0000000E+00   0.0000000E+00   0.0000000E+00   0.0000000E+00
   1.8613574E-01   1.0337118E+06   1.0337118E+06   3.7551836E-01   3.0802031E-02   5.5221336E+03   1.0296184E+06   1.0337118E+06   0.0000000E+00   0.0000000E+00   0.0000000E+00   0.0000000E+00   0.0000000E+00
   1.9236032E-01   1.0000848E+06   1.0000848E+06   3.6515501E-01   2.7909187E-02   5.0399676E+03   9.9612335E+05   1.0000848E+06   0.0000000E+00   0.0000000E+00   0.0000000E+00   0.0000000E+00   0.0000000E+00
   1.9879305E-01   9.6364224E+05   9.6364224E+05   3.2799982E-01   2.5190107E-02   4.5759860E+03   9.5982409E+05   9.6364224E+05   0.0000000E+00   0.0000000E+00   0.0000000E+00   0.0000000E+00   0.0000000E+00
   2.0544091E-01   9.2232535E+05   9.2232535E+05   2.6449098E-01   2.2589219E-02   4.1240899E+03   9.1866992E+05   9.2232535E+05   0.0000000E+00   0.0000000E+00   0.0000000E+00   0.0000000E+00   0.0000000E+00
   2.1231108E-01   8.7662553E+05   8.7662553E+05   2.5902953E-01   2.0119490E-02   3.6956248E+03   8.7315033E+05   8.7662553E+05   0.0000000E+00   0.0000000E+00   0.0000000E+00   0.0000000E+00   0.0000000E+00
   2.1941104E-01   8.2940911E+05   8.2940911E+05   2.2704132E-01   1.7839727E-02   3.2940634E+03   8.2612030E+05   8.2940911E+05   0.0000000E+00   0.0000000E+00   0.0000000E+00   0.0000000E+00   0.0000000E+00
   2.2674859E-01   7.8469265E+05   7.8469265E+05   1.9343602E-01   1.5815903E-02   2.9323019E+03   7.8158044E+05   7.8469265E+05   0.0000000E+00   0.0000000E+00   0.0000000E+00   0.0000000E+00   0.0000000E+00
   2.3433189E-01   7.4580764E+05   7.4580764E+05   1.7436628E-01   1.4082743E-02   2.6272690E+03   7.4284902E+05   7.4580764E+05   0.0000000E+00   0.0000000E+00   0.0000000E+00   0.0000000E+00   0.0000000E+00
   2.4216953E-01   7.1379040E+05   7.1379040E+05   1.5553198E-01   1.2623073E-02   2.3674790E+03   7.1095822E+05   7.1379040E+05   0.0000000E+00   0.0000000E+00   0.0000000E+00   0.0000000E+00   0.0000000E+00
   2.5027061E-01   6.8686651E+05   6.8686651E+05   1.3833209E-01   1.1374109E-02   2.1423225E+03   6.8414064E+05   6.8686651E+05   0.0000000E+00   0.0000000E+00   0.0000000E+00   0.0000000E+00   0.0000000E+00
   2.5864478E-01   6.6143156E+05   6.6143156E+05   1.2813117E-01   1.0256040E-02   1.9427532E+03   6.5880615E+05   6.6143156E+05   0.0000000E+00   0.0000000E+00   0.0000000E+00   0.0000000E+00   0.0000000E+00
   2.6730237E-01   6.3410693E+05   6.3410693E+05   1.1399120E-01   9.2081173E-03   1.7520778E+03   6.3158955E+05   6.3410693E+05   0.0000000E+00   0.0000000E+00   0.0000000E+00   0.0000000E+00   0.0000000E+00
   2.7625448E-01   6.0371018E+05   6.0371018E+05   9.5614267E-02   8.2118185E-03   1.5706639E+03   6.0131310E+05   6.0371018E+05   0.0000000E+00   0.0000000E+00   0.0000000E+00   0.0000000E+00   0.0000000E+00
   2.8551309E-01   5.7186432E+05   5.7186432E+05   8.4692429E-02   7.2865543E-03   1.3997003E+03   5.6959333E+05   5.7186432E+05   0.0000000E+00   0.0000000E+00   0.0000000E+00   0.0000000E+00   0.0000000E+00
   2.9509120E-01   5.4173548E+05   5.4173548E+05   7.9244152E-02   6.4652380E-03   1.2464117E+03   5.3958383E+05   5.4173548E+05   0.0000000E+00   0.0000000E+00   0.0000000E+00   0.0000000E+00   0.0000000E+00
   3.0500300E-01   5.1568563E+05   5.1568563E+05   7.0578375E-02   5.7624009E-03   1.1161290E+03   5.1363718E+05   5.1568563E+05   0.0000000E+00   0.0000000E+00   0.0000000E+00   0.0000000E+00   0.0000000E+00
   3.1526401E-01   4.9355271E+05   4.9355271E+05   6.0060427E-02   5.1624111E-03   1.0040603E+03   4.9159193E+05   4.9355271E+05   0.0000000E+00   0.0000000E+00   0.0000000E+00   0.0000000E+00   0.0000000E+00
   3.2589136E-01   4.7295290E+05   4.7295290E+05   5.4603166E-02   4.6298626E-03   9.0432250E+02   4.7107373E+05   4.7295290E+05   0.0000000E+00   0.0000000E+00   0.0000000E+00   0.0000000E+00   0.0000000E+00
   3.3690398E-01   4.5141984E+05   4.5141984E+05   4.8937548E-02   4.1357303E-03   8.1162752E+02   4.4962602E+05   4.5141984E+05   0.0000000E+00   0.0000000E+00   0.0000000E+00   0.0000000E+00   0.0000000E+00
   3.4832291E-01   4.2853038E+05   4.2853038E+05   4.3552045E-02   3.6742486E-03   7.2329339E+02   4.2682733E+05   4.2853038E+05   0.0000000E+00   0.0000000E+00   0.0000000E+00   0.0000000E+00   0.0000000E+00
   3.6017168E-01   4.0602764E+05   4.0602764E+05   3.8009583E-02   3.2572209E-03   6.4332298E+02   4.0441386E+05   4.0602764E+05   0.0000000E+00   0.0000000E+00   0.0000000E+00   0.0000000E+00   0.0000000E+00
   3.7247669E-01   3.8581016E+05   3.8581016E+05   3.3892868E-02   2.8945546E-03   5.7447405E+02   3.8427659E+05   3.8581016E+05   0.0000000E+00   0.0000000E+00   0.0000000E+00   0.0000000E+00   0.0000000E+00
   3.8526775E-01   3.6790245E+05   3.6790245E+05   3.0131504E-02   2.5800656E-03   5.1390730E+02   3.6643993E+05   3.6790245E+05   0.0000000E+00   0.0000000E+00   0.0000000E+00   0.0000000E+00   0.0000000E+00
   3.9857866E-01   3.5065498E+05   3.5065498E+05   2.7055374E-02   2.2978923E-03   4.5918213E+02   3.4926091E+05   3.5065498E+05   0.0000000E+00   0.0000000E+00   0.0000000E+00   0.0000000E+00   0.0000000E+00
   4.1244799E-01   3.3288086E+05   3.3288086E+05   2.4008064E-02   2.0375852E-03   4.0903900E+02   3.3155734E+05   3.3288086E+05   0.0000000E+00   0.0000000E+00   0.0000000E+00   0.0000000E+00   0.0000000E+00
   4.2692003E-01   3.1519760E+05   3.1519760E+05   2.1385895E-02   1.8012387E-03   3.6260163E+02   3.1394429E+05   3.1519760E+05   0.0000000E+00   0.0000000E+00   0.0000000E+00   0.0000000E+00   0.0000000E+00
   4.4204588E-01   2.9884015E+05   2.9884015E+05   1.8727330E-02   1.5931497E-03   3.2189284E+02   2.9765180E+05   2.9884015E+05   0.0000000E+00   0.0000000E+00   0.0000000E+00   0.0000000E+00   0.0000000E+00
   4.5788496E-01   2.8376622E+05   2.8376622E+05   1.6486839E-02   1.4100740E-03   2.8580846E+02   2.8263773E+05   2.8376622E+05   0.0000000E+00   0.0000000E+00   0.0000000E+00   0.0000000E+00   0.0000000E+00
   4.7450683E-01   2.6893578E+05   2.6893578E+05   1.4663251E-02   1.2445504E-03   2.5318214E+02   2.6786620E+05   2.6893578E+05   0.0000000E+00   0.0000000E+00   0.0000000E+00   0.0000000E+00   0.0000000E+00
   4.9199345E-01   2.5412482E+05   2.5412482E+05   1.2813762E-02   1.0941269E-03   2.2328337E+02   2.5311409E+05   2.5412482E+05   0.0000000E+00   0.0000000E+00   0.0000000E+00   0.0000000E+00   0.0000000E+00
   5.1044224E-01   2.4003846E+05   2.4003846E+05   1.1265746E-02   9.6024569E-04   1.9657662E+02   2.3908369E+05   2.4003846E+05   0.0000000E+00   0.0000000E+00   0.0000000E+00   0.0000000E+00   0.0000000E+00
   5.2996981E-01   2.2673338E+05   2.2673338E+05   9.8600520E-03   8.4148861E-04   1.7292466E+02   2.2583148E+05   2.2673338E+05   0.0000000E+00   0.0000000E+00   0.0000000E+00   0.0000000E+00   0.0000000E+00
   5.5071692E-01   2.1363482E+05   2.1363482E+05   8.6130641E-03   7.3435211E-04   1.5127563E+02   2.1278498E+05   2.1363482E+05   0.0000000E+00   0.0000000E+00   0.0000000E+00   0.0000000E+00   0.0000000E+00
   5.7285478E-01   2.0083315E+05   2.0083315E+05   7.4825488E-03   6.3810213E-04   1.3194026E+02   2.0003420E+05   2.0083315E+05   0.0000000E+00   0.0000000E+00   0.0000000E+00   0.0000000E+00   0.0000000E+00
   5.9659321E-01   1.8857328E+05   1.8857328E+05   6.4700139E-03   5.5247142E-04   1.1462143E+02   1.8782306E+05   1.8857328E+05   0.0000000E+00   0.0000000E+00   0.0000000E+00   0.0000000E+00   0.0000000E+00
   6.2219094E-01   1.7656194E+05   1.7656194E+05   5.5678159E-03   4.7565447E-04   9.8999923E+01   1.7585948E+05   1.7656194E+05   0.0000000E+00   0.0000000E+00   0.0000000E+00   0.0000000E+00   0.0000000E+00
   6.4996826E-01   1.6482009E+05   1.6482009E+05   4.7596789E-03   4.0691802E-04   8.4968454E+01   1.6416431E+05   1.6482009E+05   0.0000000E+00   0.0000000E+00   0.0000000E+00   0.0000000E+00   0.0000000E+00
   6.8032174E-01   1.5338942E+05   1.5338942E+05   4.0396427E-03   3.4569002E-04   7.2435559E+01   1.5277910E+05   1.5338942E+05   0.0000000E+00   0.0000000E+00   0.0000000E+00   0.0000000E+00   0.0000000E+00
   7.1373930E-01   1.4215310E+05   1.4215310E+05   3.3993233E-03   2.9110302E-04   6.1201017E+01   1.4158746E+05   1.4215310E+05   0.0000000E+00   0.0000000E+00   0.0000000E+00   0.0000000E+00   0.0000000E+00
   7.5081109E-01   1.3116095E+05   1.3116095E+05   2.8331623E-03   2.4274738E-04   5.1195580E+01   1.3063903E+05   1.3116095E+05   0.0000000E+00   0.0000000E+00   0.0000000E+00   0.0000000E+00   0.0000000E+00
   7.9222681E-01   1.2037763E+05   1.2037763E+05   2.3342872E-03   2.0012234E-04   4.2364302E+01   1.1989860E+05   1.2037763E+05   0.0000000E+00   0.0000000E+00   0.0000000E+00   0.0000000E+00   0.0000000E+00
   8.3874401E-01   1.0984909E+05   1.0984909E+05   1.9000443E-03   1.6293977E-04   3.4615415E+01   1.0941194E+05   1.0984909E+05   0.0000000E+00   0.0000000E+00   0.0000000E+00   0.0000000E+00   0.0000000E+00
   8.9111087E-01   9.9636355E+04   9.9636355E+04   1.5266460E-03   1.3094343E-04   2.7920672E+01   9.9239837E+04   9.9636355E+04   0.0000000E+00   0.0000000E+00   0.0000000E+00   0.0000000E+00   0.0000000E+00
   9.4994534E-01   8.9841654E+04   8.9841654E+04   1.2105031E-03   1.0390773E-04   2.2238869E+01   8.9484104E+04   8.9841654E+04   0.0000000E+00   0.0000000E+00   0.0000000E+00   0.0000000E+00   0.0000000E+00
   1.0156182E+00   8.0589333E+04   8.0589333E+04   9.4901202E-04   8.1548958E-05   1.7512360E+01   8.0268595E+04   8.0589333E+04   0.0000000E+00   0.0000000E+00   0.0000000E+00   0.0000000E+00   0.0000000E+00
   1.0882277E+00   7.1993595E+04   7.1993595E+04   7.3812481E-04   6.3458954E-05   1.3681848E+01   7.1707061E+04   7.1993595E+04   0.0000000E+00   0.0000000E+00   0.0000000E+00   0.0000000E+00   0.0000000E+00
   1.1677095E+00   6.4130026E+04   6.4130026E+04   5.7075381E-04   4.9098125E-05   1.0622496E+01   6.3874782E+04   6.4130026E+04   0.0000000E+00   0.0000000E+00   0.0000000E+00   0.0000000E+00   0.0000000E+00
   1.2540129E+00   5.7020184E+04   5.7020184E+04   4.3782314E-04   3.7855456E-05   8.2225683E+00   5.6793234E+04   5.7020184E+04   0.0000000E+00   0.0000000E+00   0.0000000E+00   0.0000000E+00   0.0000000E+00
   1.3472266E+00   5.0639339E+04   5.0639339E+04   3.3861278E-04   2.9129886E-05   6.3502545E+00   5.0437781E+04   5.0639339E+04   0.0000000E+00   0.0000000E+00   0.0000000E+00   0.0000000E+00   0.0000000E+00
   1.4476112E+00   4.4938011E+04   4.4938011E+04   2.6010519E-04   2.2391117E-05   4.8962109E+00   4.4759144E+04   4.4938011E+04   0.0000000E+00   0.0000000E+00   0.0000000E+00   0.0000000E+00   0.0000000E+00
   1.5555721E+00   3.9855184E+04   3.9855184E+04   1.9968005E-04   1.7198986E-05   3.7745218E+00   3.9696545E+04   3.9855184E+04   0.0000000E+00   0.0000000E+00   0.0000000E+00   0.0000000E+00   0.0000000E+00
   1.6716179E+00   3.5329608E+04   3.5329608E+04   1.5333455E-04   1.3203726E-05   2.9071353E+00   3.5188981E+04   3.5329608E+04   0.0000000E+00   0.0000000E+00   0.0000000E+00   0.0000000E+00   0.0000000E+00
   1.7963306E+00   3.1303462E+04   3.1303462E+04   1.1755248E-04   1.0131720E-05   2.2391227E+00   3.1178859E+04   3.1303462E+04   0.0000000E+00   0.0000000E+00   0.0000000E+00   0.0000000E+00   0.0000000E+00
   1.9303503E+00   2.7723961E+04   2.7723961E+04   9.0125011E-05   7.7711270E-06   1.7227251E+00   2.7613605E+04   2.7723961E+04   0.0000000E+00   0.0000000E+00   0.0000000E+00   0.0000000E+00   0.0000000E+00
   2.0743695E+00   2.4543306E+04   2.4543306E+04   6.9073180E-05   5.9580057E-06   1.3262956E+00   2.4445611E+04   2.4543306E+04   0.0000000E+00   0.0000000E+00   0.0000000E+00   0.0000000E+00   0.0000000E+00
   2.2291337E+00   2.1718673E+04   2.1718673E+04   5.2919673E-05   4.5660953E-06   1.0200180E+00   2.1632220E+04   2.1718673E+04   0.0000000E+00   0.0000000E+00   0.0000000E+00   0.0000000E+00   0.0000000E+00
   2.3954445E+00   1.9211454E+04   1.9211454E+04   4.0523511E-05   3.4980100E-06   7.8443593E-01   1.9134981E+04   1.9211454E+04   0.0000000E+00   0.0000000E+00   0.0000000E+00   0.0000000E+00   0.0000000E+00
   2.5741634E+00   1.6987108E+04   1.6987108E+04   3.1047526E-05   2.6787519E-06   6.0330889E-01   1.6919489E+04   1.6987108E+04   0.0000000E+00   0.0000000E+00   0.0000000E+00   0.0000000E+00   0.0000000E+00
   2.7662161E+00   1.5014688E+04   1.5014688E+04   2.3758885E-05   2.0506440E-06   4.6374447E-01   1.4954920E+04   1.5014688E+04   0.0000000E+00   0.0000000E+00   0.0000000E+00   0.0000000E+00   0.0000000E+00
   2.9725975E+00   1.3266477E+04   1.3266477E+04   1.8174079E-05   1.5692771E-06   3.5641493E-01   1.3213668E+04   1.3266477E+04   0.0000000E+00   0.0000000E+00   0.0000000E+00   0.0000000E+00   0.0000000E+00
   3.1943765E+00   1.1717689E+04   1.1717689E+04   1.3897973E-05   1.2005022E-06   2.7446220E-01   1.1671045E+04   1.1717689E+04   0.0000000E+00   0.0000000E+00   0.0000000E+00   0.0000000E+00   0.0000000E+00
   3.4327020E+00   1.0346177E+04   1.0346177E+04   1.0627257E-05   9.1810097E-07   2.1107312E-01   1.0304992E+04   1.0346177E+04   0.0000000E+00   0.0000000E+00   0.0000000E+00   0.0000000E+00   0.0000000E+00
   3.6888085E+00   9.1321659E+03   9.1321659E+03   8.1040841E-06   7.0191771E-07   1.6252284E-01   9.0958137E+03   9.1321659E+03   0.0000000E+00   0.0000000E+00   0.0000000E+00   0.0000000E+00   0.0000000E+00
   3.9640225E+00   8.0580100E+03   8.0580100E+03   6.2068016E-06   5.3648581E-07   1.2495121E-01   8.0259336E+03   8.0580100E+03   0.0000000E+00   0.0000000E+00   0.0000000E+00   0.0000000E+00   0.0000000E+00
   4.2597696E+00   7.1079759E+03   7.1079759E+03   4.7413972E-06   4.0993110E-07   9.6269081E-02   7.0796813E+03   7.1079759E+03   0.0000000E+00   0.0000000E+00   0.0000000E+00   0.0000000E+00   0.0000000E+00
   4.5775817E+00   6.2680446E+03   6.2680446E+03   3.6197825E-06   3.1314974E-07   7.4094220E-02   6.2430934E+03   6.2680446E+03   0.0000000E+00   0.0000000E+00   0.0000000E+00   0.0000000E+00   0.0000000E+00
   4.9191052E+00   5.5257332E+03   5.5257332E+03   2.7600610E-06   2.3915903E-07   5.7302914E-02   5.5037369E+03   5.5257332E+03   0.0000000E+00   0.0000000E+00   0.0000000E+00   0.0000000E+00   0.0000000E+00
   5.2861089E+00   4.8699333E+03   4.8699333E+03   2.1092854E-06   1.8261062E-07   4.4257221E-02   4.8505475E+03   4.8699333E+03   0.0000000E+00   0.0000000E+00   0.0000000E+00   0.0000000E+00   0.0000000E+00
   5.6804940E+00   4.2907659E+03   4.2907659E+03   1.6103972E-06   1.3940412E-07   3.4167255E-02   4.2736856E+03   4.2907659E+03   0.0000000E+00   0.0000000E+00   0.0000000E+00   0.0000000E+00   0.0000000E+00
   6.1043034E+00   3.7794501E+03   3.7794501E+03   1.2265255E-06   1.0640014E-07   2.6478282E-02   3.7644052E+03   3.7794501E+03   0.0000000E+00   0.0000000E+00   0.0000000E+00   0.0000000E+00   0.0000000E+00
   6.5597322E+00   3.3281859E+03   3.3281859E+03   9.3640835E-07   8.1196274E-08   2.0522154E-02   3.3149373E+03   3.3281859E+03   0.0000000E+00   0.0000000E+00   0.0000000E+00   0.0000000E+00   0.0000000E+00
   7.0491396E+00   2.9300481E+03   2.9300481E+03   7.1360000E-07   6.1953489E-08   1.5942577E-02   2.9183843E+03   2.9300481E+03   0.0000000E+00   0.0000000E+00   0.0000000E+00   0.0000000E+00   0.0000000E+00
   7.5750606E+00   2.5788913E+03   2.5788913E+03   5.4374147E-07   4.7265353E-08   1.2455583E-02   2.5686254E+03   2.5788913E+03   0.0000000E+00   0.0000000E+00   0.0000000E+00   0.0000000E+00   0.0000000E+00
   8.1402194E+00   2.2692652E+03   2.2692652E+03   4.1466028E-07   3.6056005E-08   9.6982874E-03   2.2602319E+03   2.2692652E+03   0.0000000E+00   0.0000000E+00   0.0000000E+00   0.0000000E+00   0.0000000E+00
