#           k/h    CDM            baryon         photon         nu             mass_nu        total          no_nu          total_de       Weyl           v_CDM          v_b            v_b-v_c     
   1.0102478E-05   1.2424163E+07   1.2424163E+07   1.6561627E+07   1.8016117E+04   2.6836858E+06   1.2424287E+07   1.2424163E+07   0.0000000E+00   0.0000000E+00   0.0000000E+00   0.0000000E+00   0.0000000E+00
   1.0856202E-05   1.2424160E+07   1.2424160E+07   1.6561016E+07   1.8015697E+04   2.6836588E+06   1.2424284E+07   1.2424160E+07   0.0000000E+00   0.0000000E+00   0.0000000E+00   0.0000000E+00   0.0000000E+00
   1.1666160E-05   1.2424157E+07   1.2424157E+07   1.6560311E+07   1.8015213E+04   2.6836276E+06   1.2424280E+07   1.2424157E+07   0.0000000E+00   0.0000000E+00   0.0000000E+00   0.0000000E+00   0.0000000E+00
   1.2536546E-05   1.2424153E+07   1.2424153E+07   1.6559496E+07   1.8014654E+04   2.6835916E+06   1.2424276E+07   1.2424153E+07   0.0000000E+00   0.0000000E+00   0.0000000E+00   0.0000000E+00   0.0000000E+00
   1.3471871E-05   1.2424149E+07   1.2424149E+07   1.6558556E+07   1.8014008E+04   2.6835501E+06   1.2424272E+07   1.2424149E+07   0.0000000E+00   0.0000000E+00   0.0000000E+00   0.0000000E+00   0.0000000E+00
   1.4476978E-05   1.2424143E+07   1.2424143E+07   1.6557469E+07   1.8013262E+04   2.6835021E+06   1.2424266E+07   1.2424143E+07   0.0000000E+00   0.0000000E+00   0.0000000E+00   0.0000000E+00   0.0000000E+00
   1.5557074E-05   1.2424138E+07   1.2424138E+07   1.6556215E+07   1.8012400E+04   2.6834466E+06   1.2424260E+07   1.2424138E+07   0.0000000E+00   0.0000000E+00   0.0000000E+00   0.0000000E+00   0.0000000E+00
   1.6717753E-05   1.2424131E+07   1.2424131E+07   1.6554767E+07   1.8011406E+04   2.6833826E+06   1.2424253E+07   1.2424131E+07   0.0000000E+00   0.0000000E+00   0.0000000E+00   0.0000000E+00   0.0000000E+00
   1.7965029E-05   1.2424123E+07   1.2424123E+07   1.6553094E+07   1.8010257E+04   2.6833087E+06   1.2424244E+07   1.2424123E+07   0.0000000E+00   0.0000000E+00   0.0000000E+00   0.0000000E+00   0.0000000E+00
   1.9305360E-05   1.2424114E+07   1.2424114E+07   1.6551163E+07   1.8008931E+04   2.6832234E+06   1.2424235E+07   1.2424114E+07   0.0000000E+00   0.0000000E+00   0.0000000E+00   0.0000000E+00   0.0000000E+00
   2.0745691E-05   1.2424104E+07   1.2424104E+07   1.6548934E+07   1.8007400E+04   2.6831249E+06   1.2424224E+07   1.2424104E+07   0.0000000E+00   0.0000000E+00   0.0000000E+00   0.0000000E+00   0.0000000E+00
   2.2293482E-05   1.2424092E+07   1.2424092E+07   1.6546359E+07   1.8005631E+04   2.6830111E+06   1.2424211E+07   1.2424092E+07   0.0000000E+00   0.0000000E+00   0.0000000E+00   0.0000000E+00   0.0000000E+00
   2.3956751E-05   1.2424078E+07   1.2424078E+07   1.6543387E+07   1.8003590E+04   2.6828798E+06   1.2424196E+07   1.2424078E+07   0.0000000E+00   0.0000000E+00   0.0000000E+00   0.0000000E+00   0.0000000E+00
   2.5744112E-05   1.2424062E+07   1.2424062E+07   1.6539955E+07   1.8001232E+04   2.6827282E+06   1.2424179E+07   1.2424062E+07   0.0000000E+00   0.0000000E+00   0.0000000E+00   0.0000000E+00   0.0000000E+00
   2.7664824E-05   1.2424043E+07   1.2424043E+07   1.6535993E+07   1.7998511E+04   2.6825533E+06   1.2424159E+07   1.2424043E+07   0.0000000E+00   0.0000000E+00   0.0000000E+00   0.0000000E+00   0.0000000E+00
   2.9728837E-05   1.2424022E+07   1.2424022E+07   1.6531419E+07   1.7995368E+04   2.6823513E+06   1.2424136E+07   1.2424022E+07   0.0000000E+00   0.0000000E+00   0.0000000E+00   0.0000000E+00   0.0000000E+00
   3.1946840E-05   1.2423997E+07   1.2423997E+07   1.6526138E+07   1.7991740E+04   2.6821181E+06   1.2424110E+07   1.2423997E+07   0.0000000E+00   0.0000000E+00   0.0000000E+00   0.0000000E+00   0.0000000E+00
   3.4330325E-05   1.2423968E+07   1.2423968E+07   1.6520042E+07   1.7987552E+04   2.6818490E+06   1.2424080E+07   1.2423968E+07   0.0000000E+00   0.0000000E+00   0.0000000E+00   0.0000000E+00   0.0000000E+00
   3.6891636E-05   1.2423935E+07   1.2423935E+07   1.6513005E+07   1.7982717E+04   2.6815385E+06   1.2424045E+07   1.2423935E+07   0.0000000E+00   0.0000000E+00   0.0000000E+00   0.0000000E+00   0.0000000E+00
   3.9644041E-05   1.2423897E+07   1.2423897E+07   1.6504882E+07   1.7977135E+04   2.6811801E+06   1.2424004E+07   1.2423897E+07   0.0000000E+00   0.0000000E+00   0.0000000E+00   0.0000000E+00   0.0000000E+00
   4.2601796E-05   1.2423853E+07   1.2423853E+07   1.6495507E+07   1.7970691E+04   2.6807666E+06   1.2423957E+07   1.2423853E+07   0.0000000E+00   0.0000000E+00   0.0000000E+00   0.0000000E+00   0.0000000E+00
   4.5780224E-05   1.2423803E+07   1.2423803E+07   1.6484687E+07   1.7963254E+04   2.6802896E+06   1.2423903E+07   1.2423803E+07   0.0000000E+00   0.0000000E+00   0.0000000E+00   0.0000000E+00   0.0000000E+00
   4.9195787E-05   1.2423744E+07   1.2423744E+07   1.6472200E+07   1.7954669E+04   2.6797393E+06   1.2423841E+07   1.2423744E+07   0.0000000E+00   0.0000000E+00   0.0000000E+00   0.0000000E+00   0.0000000E+00
   5.2866178E-05   1.2423676E+07   1.2423676E+07   1.6457793E+07   1.7944762E+04   2.6791047E+06   1.2423769E+07   1.2423676E+07   0.0000000E+00   0.0000000E+00   0.0000000E+00   0.0000000E+00   0.0000000E+00
   5.6810409E-05   1.2423598E+07   1.2423598E+07   1.6441170E+07   1.7933330E+04   2.6783729E+06   1.2423686E+07   1.2423598E+07   0.0000000E+00   0.0000000E+00   0.0000000E+00   0.0000000E+00   0.0000000E+00
   6.1048910E-05   1.2423508E+07   1.2423508E+07   1.6421994E+07   1.7920138E+04   2.6775293E+06   1.2423589E+07   1.2423508E+07   0.0000000E+00   0.0000000E+00   0.0000000E+00   0.0000000E+00   0.0000000E+00
   6.5603636E-05   1.2423404E+07   1.2423404E+07   1.6399876E+07   1.7904918E+04   2.6765570E+06   1.2423479E+07   1.2423404E+07   0.0000000E+00   0.0000000E+00   0.0000000E+00   0.0000000E+00   0.0000000E+00
   7.0498181E-05   1.2423284E+07   1.2423284E+07   1.6374371E+07   1.7887360E+04   2.6754368E+06   1.2423351E+07   1.2423284E+07   0.0000000E+00   0.0000000E+00   0.0000000E+00   0.0000000E+00   0.0000000E+00
   7.5757898E-05   1.2423145E+07   1.2423145E+07   1.6344964E+07   1.7867110E+04   2.6741465E+06   1.2423203E+07   1.2423145E+07   0.0000000E+00   0.0000000E+00   0.0000000E+00   0.0000000E+00   0.0000000E+00
   8.1410030E-05   1.2422985E+07   1.2422985E+07   1.6311069E+07   1.7843758E+04   2.6726610E+06   1.2423032E+07   1.2422985E+07   0.0000000E+00   0.0000000E+00   0.0000000E+00   0.0000000E+00   0.0000000E+00
   8.7483855E-05   1.2422800E+07   1.2422800E+07   1.6272010E+07   1.7816835E+04   2.6709516E+06   1.2422835E+07   1.2422800E+07   0.0000000E+00   0.0000000E+00   0.0000000E+00   0.0000000E+00   0.0000000E+00
   9.4010836E-05   1.2422586E+07   1.2422586E+07   1.6227017E+07   1.7785804E+04   2.6689854E+06   1.2422608E+07   1.2422586E+07   0.0000000E+00   0.0000000E+00   0.0000000E+00   0.0000000E+00   0.0000000E+00
   1.0102478E-04   1.2422340E+07   1.2422340E+07   1.6175208E+07   1.7750046E+04   2.6667255E+06   1.2422346E+07   1.2422340E+07   0.0000000E+00   0.0000000E+00   0.0000000E+00   0.0000000E+00   0.0000000E+00
   1.0856202E-04   1.2422056E+07   1.2422056E+07   1.6115576E+07   1.7708857E+04   2.6641299E+06   1.2422043E+07   1.2422056E+07   0.0000000E+00   0.0000000E+00   0.0000000E+00   0.0000000E+00   0.0000000E+00
   1.1666160E-04   1.2421728E+07   1.2421728E+07   1.6046975E+07   1.7661429E+04   2.6611510E+06   1.2421693E+07   1.2421728E+07   0.0000000E+00   0.0000000E+00   0.0000000E+00   0.0000000E+00   0.0000000E+00
   1.2536546E-04   1.2421350E+07   1.2421350E+07   1.5968102E+07   1.7606841E+04   2.6577357E+06   1.2421290E+07   1.2421350E+07   0.0000000E+00   0.0000000E+00   0.0000000E+00   0.0000000E+00   0.0000000E+00
   1.3471871E-04   1.2420913E+07   1.2420913E+07   1.5877483E+07   1.7544047E+04   2.6538244E+06   1.2420825E+07   1.2420913E+07   0.0000000E+00   0.0000000E+00   0.0000000E+00   0.0000000E+00   0.0000000E+00
   1.4476978E-04   1.2420409E+07   1.2420409E+07   1.5773448E+07   1.7471854E+04   2.6493509E+06   1.2420289E+07   1.2420409E+07   0.0000000E+00   0.0000000E+00   0.0000000E+00   0.0000000E+00   0.0000000E+00
   1.5557074E-04   1.2419829E+07   1.2419829E+07   1.5654121E+07   1.7388914E+04   2.6442421E+06   1.2419671E+07   1.2419829E+07   0.0000000E+00   0.0000000E+00   0.0000000E+00   0.0000000E+00   0.0000000E+00
   1.6717753E-04   1.2419159E+07   1.2419159E+07   1.5517399E+07   1.7293701E+04   2.6384180E+06   1.2418958E+07   1.2419159E+07   0.0000000E+00   0.0000000E+00   0.0000000E+00   0.0000000E+00   0.0000000E+00
   1.7965029E-04   1.2418387E+07   1.2418387E+07   1.5360936E+07   1.7184501E+04   2.6317918E+06   1.2418136E+07   1.2418387E+07   0.0000000E+00   0.0000000E+00   0.0000000E+00   0.0000000E+00   0.0000000E+00
   1.9305360E-04   1.2417498E+07   1.2417498E+07   1.5182137E+07   1.7059391E+04   2.6242709E+06   1.2417188E+07   1.2417498E+07   0.0000000E+00   0.0000000E+00   0.0000000E+00   0.0000000E+00   0.0000000E+00
   2.0745691E-04   1.2416473E+07   1.2416473E+07   1.4978144E+07   1.6916231E+04   2.6157576E+06   1.2416097E+07   1.2416473E+07   0.0000000E+00   0.0000000E+00   0.0000000E+00   0.0000000E+00   0.0000000E+00
   2.2293482E-04   1.2415293E+07   1.2415293E+07   1.4745851E+07   1.6752647E+04   2.6061516E+06   1.2414840E+07   1.2415293E+07   0.0000000E+00   0.0000000E+00   0.0000000E+00   0.0000000E+00   0.0000000E+00
   2.3956751E-04   1.2413934E+07   1.2413934E+07   1.4481910E+07   1.6566033E+04   2.5953526E+06   1.2413393E+07   1.2413934E+07   0.0000000E+00   0.0000000E+00   0.0000000E+00   0.0000000E+00   0.0000000E+00
   2.5744112E-04   1.2412371E+07   1.2412371E+07   1.4182772E+07   1.6353552E+04   2.5832647E+06   1.2411728E+07   1.2412371E+07   0.0000000E+00   0.0000000E+00   0.0000000E+00   0.0000000E+00   0.0000000E+00
   2.7664824E-04   1.2410573E+07   1.2410573E+07   1.3844746E+07   1.6112147E+04   2.5698017E+06   1.2409814E+07   1.2410573E+07   0.0000000E+00   0.0000000E+00   0.0000000E+00   0.0000000E+00   0.0000000E+00
   2.9728837E-04   1.2408506E+07   1.2408506E+07   1.3464082E+07   1.5838578E+04   2.5548951E+06   1.2407613E+07   1.2408506E+07   0.0000000E+00   0.0000000E+00   0.0000000E+00   0.0000000E+00   0.0000000E+00
   3.1946840E-04   1.2406133E+07   1.2406133E+07   1.3037110E+07   1.5529470E+04   2.5385031E+06   1.2405086E+07   1.2406133E+07   0.0000000E+00   0.0000000E+00   0.0000000E+00   0.0000000E+00   0.0000000E+00
   3.4330325E-04   1.2403409E+07   1.2403409E+07   1.2560411E+07   1.5181395E+04   2.5206224E+06   1.2402186E+07   1.2403409E+07   0.0000000E+00   0.0000000E+00   0.0000000E+00   0.0000000E+00   0.0000000E+00
   3.6891636E-04   1.2400285E+07   1.2400285E+07   1.2031063E+07   1.4790982E+04   2.5013019E+06   1.2398860E+07   1.2400285E+07   0.0000000E+00   0.0000000E+00   0.0000000E+00   0.0000000E+00   0.0000000E+00
   3.9644041E-04   1.2396706E+07   1.2396706E+07   1.1446946E+07   1.4355080E+04   2.4806574E+06   1.2395051E+07   1.2396706E+07   0.0000000E+00   0.0000000E+00   0.0000000E+00   0.0000000E+00   0.0000000E+00
   4.2601796E-04   1.2392612E+07   1.2392612E+07   1.0807121E+07   1.3870959E+04   2.4588874E+06   1.2390693E+07   1.2392612E+07   0.0000000E+00   0.0000000E+00   0.0000000E+00   0.0000000E+00   0.0000000E+00
   4.5780224E-04   1.2387932E+07   1.2387932E+07   1.0112294E+07   1.3336577E+04   2.4362865E+06   1.2385713E+07   1.2387932E+07   0.0000000E+00   0.0000000E+00   0.0000000E+00   0.0000000E+00   0.0000000E+00
   4.9195787E-04   1.2382592E+07   1.2382592E+07   9.3653343E+06   1.2750905E+04   2.4132538E+06   1.2380031E+07   1.2382592E+07   0.0000000E+00   0.0000000E+00   0.0000000E+00   0.0000000E+00   0.0000000E+00
   5.2866178E-04   1.2376507E+07   1.2376507E+07   8.5718338E+06   1.2114306E+04   2.3902916E+06   1.2373559E+07   1.2376507E+07   0.0000000E+00   0.0000000E+00   0.0000000E+00   0.0000000E+00   0.0000000E+00
   5.6810409E-04   1.2369585E+07   1.2369585E+07   7.7406597E+06   1.1428963E+04   2.3679866E+06   1.2366198E+07   1.2369585E+07   0.0000000E+00   0.0000000E+00   0.0000000E+00   0.0000000E+00   0.0000000E+00
   6.1048910E-04   1.2361725E+07   1.2361725E+07   6.8844069E+06   1.0699323E+04   2.3469670E+06   1.2357843E+07   1.2361725E+07   0.0000000E+00   0.0000000E+00   0.0000000E+00   0.0000000E+00   0.0000000E+00
   6.5603636E-04   1.2352819E+07   1.2352819E+07   6.0196396E+06   9.9325126E+03   2.3278246E+06   1.2348379E+07   1.2352819E+07   0.0000000E+00   0.0000000E+00   0.0000000E+00   0.0000000E+00   0.0000000E+00
   7.0498181E-04   1.2342748E+07   1.2342748E+07   5.1667594E+06   9.1386528E+03   2.3109965E+06   1.2337684E+07   1.2342748E+07   0.0000000E+00   0.0000000E+00   0.0000000E+00   0.0000000E+00   0.0000000E+00
   7.5757898E-04   1.2331386E+07   1.2331386E+07   4.3493061E+06   8.3309678E+03   2.2966025E+06   1.2325625E+07   1.2331386E+07   0.0000000E+00   0.0000000E+00   0.0000000E+00   0.0000000E+00   0.0000000E+00
   8.1410030E-04   1.2318595E+07   1.2318595E+07   3.5925001E+06   7.5255698E+03   2.2842506E+06   1.2312062E+07   1.2318595E+07   0.0000000E+00   0.0000000E+00   0.0000000E+00   0.0000000E+00   0.0000000E+00
   8.7483855E-04   1.2304232E+07   1.2304232E+07   2.9208827E+06   6.7407776E+03   2.2728387E+06   1.2296846E+07   1.2304232E+07   0.0000000E+00   0.0000000E+00   0.0000000E+00   0.0000000E+00   0.0000000E+00
   9.4010836E-04   1.2288138E+07   1.2288138E+07   2.3550593E+06   5.9958537E+03   2.2604128E+06   1.2279820E+07   1.2288138E+07   0.0000000E+00   0.0000000E+00   0.0000000E+00   0.0000000E+00   0.0000000E+00
   1.0102478E-03   1.2270148E+07   1.2270148E+07   1.9078194E+06   5.3091140E+03   2.2441730E+06   1.2260814E+07   1.2270148E+07   0.0000000E+00   0.0000000E+00   0.0000000E+00   0.0000000E+00   0.0000000E+00
   1.0856202E-03   1.2250079E+07   1.2250079E+07   1.5803100E+06   4.6955123E+03   2.2207413E+06   1.2239651E+07   1.2250079E+07   0.0000000E+00   0.0000000E+00   0.0000000E+00   0.0000000E+00   0.0000000E+00
   1.1666160E-03   1.2227736E+07   1.2227736E+07   1.3594087E+06   4.1640243E+03   2.1867925E+06   1.2216139E+07   1.2227736E+07   0.0000000E+00   0.0000000E+00   0.0000000E+00   0.0000000E+00   0.0000000E+00
   1.2536546E-03   1.2202907E+07   1.2202907E+07   1.2178107E+06   3.7154409E+03   2.1400656E+06   1.2190075E+07   1.2202907E+07   0.0000000E+00   0.0000000E+00   0.0000000E+00   0.0000000E+00   0.0000000E+00
   1.3471871E-03   1.2175362E+07   1.2175362E+07   1.1182765E+06   3.3414234E+03   2.0805779E+06   1.2161241E+07   1.2175362E+07   0.0000000E+00   0.0000000E+00   0.0000000E+00   0.0000000E+00   0.0000000E+00
   1.4476978E-03   1.2144856E+07   1.2144856E+07   1.0225688E+06   3.0257116E+03   2.0115786E+06   1.2129404E+07   1.2144856E+07   0.0000000E+00   0.0000000E+00   0.0000000E+00   0.0000000E+00   0.0000000E+00
   1.5557074E-03   1.2111131E+07   1.2111131E+07   9.0355028E+05   2.7479803E+03   1.9395048E+06   1.2094322E+07   1.2111131E+07   0.0000000E+00   0.0000000E+00   0.0000000E+00   0.0000000E+00   0.0000000E+00
   1.6717753E-03   1.2073920E+07   1.2073920E+07   7.5602387E+05   2.4898465E+03   1.8722085E+06   1.2055747E+07   1.2073920E+07   0.0000000E+00   0.0000000E+00   0.0000000E+00   0.0000000E+00   0.0000000E+00
   1.7965029E-03   1.2032955E+07   1.2032955E+07   5.9966239E+05   2.2410722E+03   1.8153911E+06   1.2013426E+07   1.2032955E+07   0.0000000E+00   0.0000000E+00   0.0000000E+00   0.0000000E+00   0.0000000E+00
   1.9305360E-03   1.1987972E+07   1.1987972E+07   4.6850130E+05   2.0027838E+03   1.7686549E+06   1.1967108E+07   1.1987972E+07   0.0000000E+00   0.0000000E+00   0.0000000E+00   0.0000000E+00   0.0000000E+00
   2.0745691E-03   1.1938708E+07   1.1938708E+07   3.8847094E+05   1.7848256E+03   1.7242352E+06   1.1916540E+07   1.1938708E+07   0.0000000E+00   0.0000000E+00   0.0000000E+00   0.0000000E+00   0.0000000E+00
   2.2293482E-03   1.1884898E+07   1.1884898E+07   3.5595410E+05   1.5973078E+03   1.6714187E+06   1.1861459E+07   1.1884898E+07   0.0000000E+00   0.0000000E+00   0.0000000E+00   0.0000000E+00   0.0000000E+00
   2.3956751E-03   1.1826268E+07   1.1826268E+07   3.3734789E+05   1.4413422E+03   1.6057000E+06   1.1801589E+07   1.1826268E+07   0.0000000E+00   0.0000000E+00   0.0000000E+00   0.0000000E+00   0.0000000E+00
   2.5744112E-03   1.1762531E+07   1.1762531E+07   2.9822861E+05   1.3069574E+03   1.5348566E+06   1.1736635E+07   1.1762531E+07   0.0000000E+00   0.0000000E+00   0.0000000E+00   0.0000000E+00   0.0000000E+00
   2.7664824E-03   1.1693390E+07   1.1693390E+07   2.3897206E+05   1.1818046E+03   1.4720978E+06   1.1666293E+07   1.1693390E+07   0.0000000E+00   0.0000000E+00   0.0000000E+00   0.0000000E+00   0.0000000E+00
   2.9728837E-03   1.1618553E+07   1.1618553E+07   1.9233580E+05   1.0626829E+03   1.4190969E+06   1.1590263E+07   1.1618553E+07   0.0000000E+00   0.0000000E+00   0.0000000E+00   0.0000000E+00   0.0000000E+00
   3.1946840E-03   1.1537724E+07   1.1537724E+07   1.7481652E+05   9.5546579E+02   1.3615486E+06   1.1508249E+07   1.1537724E+07   0.0000000E+00   0.0000000E+00   0.0000000E+00   0.0000000E+00   0.0000000E+00
   3.4330325E-03   1.1450603E+07   1.1450603E+07   1.5935384E+05   8.6235635E+02   1.2918344E+06   1.1419954E+07   1.1450603E+07   0.0000000E+00   0.0000000E+00   0.0000000E+00   0.0000000E+00   0.0000000E+00
   3.6891636E-03   1.1356875E+07   1.1356875E+07   1.2542692E+05   7.7660309E+02   1.2251488E+06   1.1325071E+07   1.1356875E+07   0.0000000E+00   0.0000000E+00   0.0000000E+00   0.0000000E+00   0.0000000E+00
   3.9644041E-03   1.1256229E+07   1.1256229E+07   1.0063073E+05   6.9493704E+02   1.1695173E+06   1.1223297E+07   1.1256229E+07   0.0000000E+00   0.0000000E+00   0.0000000E+00   0.0000000E+00   0.0000000E+00
   4.2601796E-03   1.1148361E+07   1.1148361E+07   9.6753494E+04   6.2236296E+02   1.1058673E+06   1.1114343E+07   1.1148361E+07   0.0000000E+00   0.0000000E+00   0.0000000E+00   0.0000000E+00   0.0000000E+00
   4.5780224E-03   1.1032975E+07   1.1032975E+07   8.1463476E+04   5.5788430E+02   1.0358510E+06   1.0997929E+07   1.1032975E+07   0.0000000E+00   0.0000000E+00   0.0000000E+00   0.0000000E+00   0.0000000E+00
   4.9195787E-03   1.0909786E+07   1.0909786E+07   6.4932615E+04   4.9678295E+02   9.7857689E+05   1.0873792E+07   1.0909786E+07   0.0000000E+00   0.0000000E+00   0.0000000E+00   0.0000000E+00   0.0000000E+00
   5.2866178E-03   1.0778530E+07   1.0778530E+07   6.1120103E+04   4.4233255E+02   9.1623935E+05   1.0741679E+07   1.0778530E+07   0.0000000E+00   0.0000000E+00   0.0000000E+00   0.0000000E+00   0.0000000E+00
   5.6810409E-03   1.0638946E+07   1.0638946E+07   4.6654861E+04   3.9341804E+02   8.5603375E+05   1.0601320E+07   1.0638946E+07   0.0000000E+00   0.0000000E+00   0.0000000E+00   0.0000000E+00   0.0000000E+00
   6.1048910E-03   1.0490777E+07   1.0490777E+07   4.3311692E+04   3.4874676E+02   8.0074679E+05   1.0452439E+07   1.0490777E+07   0.0000000E+00   0.0000000E+00   0.0000000E+00   0.0000000E+00   0.0000000E+00
   6.5603636E-03   1.0333763E+07   1.0333763E+07   3.5152749E+04   3.0893005E+02   7.3901219E+05   1.0294790E+07   1.0333763E+07   0.0000000E+00   0.0000000E+00   0.0000000E+00   0.0000000E+00   0.0000000E+00
   7.0498181E-03   1.0167658E+07   1.0167658E+07   3.1311029E+04   2.7200289E+02   6.8680790E+05   1.0128167E+07   1.0167658E+07   0.0000000E+00   0.0000000E+00   0.0000000E+00   0.0000000E+00   0.0000000E+00
   7.5757898E-03   9.9922462E+06   9.9922462E+06   2.4471058E+04   2.3946893E+02   6.3238265E+05   9.9523626E+06   9.9922462E+06   0.0000000E+00   0.0000000E+00   0.0000000E+00   0.0000000E+00   0.0000000E+00
   8.1410030E-03   9.8073192E+06   9.8073192E+06   2.3189131E+04   2.1022354E+02   5.8205645E+05   9.7671428E+06   9.8073192E+06   0.0000000E+00   0.0000000E+00   0.0000000E+00   0.0000000E+00   0.0000000E+00
   8.7483855E-03   9.6126672E+06   9.6126672E+06   1.7980194E+04   1.8385543E+02   5.3440156E+05   9.5723047E+06   9.6126672E+06   0.0000000E+00   0.0000000E+00   0.0000000E+00   0.0000000E+00   0.0000000E+00
   9.4010836E-03   9.4080935E+06   9.4080935E+06   1.5156517E+04   1.6046948E+02   4.8624204E+05   9.3676722E+06   9.4080935E+06   0.0000000E+00   0.0000000E+00   0.0000000E+00   0.0000000E+00   0.0000000E+00
   1.0102478E-02   9.1934204E+06   9.1934204E+06   1.3899441E+04   1.3958294E+02   4.4264865E+05   9.1530624E+06   9.1934204E+06   0.0000000E+00   0.0000000E+00   0.0000000E+00   0.0000000E+00   0.0000000E+00
   1.0856202E-02   8.9684790E+06   8.9684790E+06   1.1577909E+04   1.2100148E+02   4.0246788E+05   8.9283036E+06   8.9684790E+06   0.0000000E+00   0.0000000E+00   0.0000000E+00   0.0000000E+00   0.0000000E+00
   1.1666160E-02   8.7331223E+06   8.7331223E+06   9.4488454E+03   1.0454399E+02   3.6403476E+05   8.6932580E+06   8.7331223E+06   0.0000000E+00   0.0000000E+00   0.0000000E+00   0.0000000E+00   0.0000000E+00
   1.2536546E-02   8.4872358E+06   8.4872358E+06   7.7134299E+03   9.0078742E+01   3.2763360E+05   8.4478117E+06   8.4872358E+06   0.0000000E+00   0.0000000E+00   0.0000000E+00   0.0000000E+00   0.0000000E+00
   1.3471871E-02   8.2307392E+06   8.2307392E+06   6.5015387E+03   7.7317992E+01   2.9361037E+05   8.1918736E+06   8.2307392E+06   0.0000000E+00   0.0000000E+00   0.0000000E+00   0.0000000E+00   0.0000000E+00
   1.4476978E-02   7.9636132E+06   7.9636132E+06   5.5252384E+03   6.6135140E+01   2.6233486E+05   7.9254384E+06   7.9636132E+06   0.0000000E+00   0.0000000E+00   0.0000000E+00   0.0000000E+00   0.0000000E+00
   1.5557074E-02   7.6859200E+06   7.6859200E+06   4.8081580E+03   5.6353353E+01   2.3299331E+05   7.6485544E+06   7.6859200E+06   0.0000000E+00   0.0000000E+00   0.0000000E+00   0.0000000E+00   0.0000000E+00
   1.6717753E-02   7.3978376E+06   7.3978376E+06   3.9702330E+03   4.7842446E+01   2.0577743E+05   7.3614042E+06   7.3978376E+06   0.0000000E+00   0.0000000E+00   0.0000000E+00   0.0000000E+00   0.0000000E+00
   1.7965029E-02   7.0996999E+06   7.0996999E+06   3.0684476E+03   4.0435370E+01   1.8171811E+05   7.0643129E+06   7.0996999E+06   0.0000000E+00   0.0000000E+00   0.0000000E+00   0.0000000E+00   0.0000000E+00
   1.9305360E-02   6.7920522E+06   6.7920522E+06   2.7418693E+03   3.4034864E+01   1.5974659E+05   6.7578244E+06   6.7920522E+06   0.0000000E+00   0.0000000E+00   0.0000000E+00   0.0000000E+00   0.0000000E+00
   2.0745690E-02   6.4757131E+06   6.4757131E+06   2.1068004E+03   2.8516308E+01   1.3946031E+05   6.4427472E+06   6.4757131E+06   0.0000000E+00   0.0000000E+00   0.0000000E+00   0.0000000E+00   0.0000000E+00
   2.2293476E-02   6.1518474E+06   6.1518474E+06   1.8429497E+03   2.3785326E+01   1.2116483E+05   6.1202375E+06   6.1518474E+06   0.0000000E+00   0.0000000E+00   0.0000000E+00   0.0000000E+00   0.0000000E+00
   2.3956713E-02   5.8220476E+06   5.8220476E+06   1.5226500E+03   1.9743812E+01   1.0519540E+05   5.7918766E+06   5.8220476E+06   0.0000000E+00   0.0000000E+00   0.0000000E+00   0.0000000E+00   0.0000000E+00
   2.5743923E-02   5.4884188E+06   5.4884188E+06   1.2253042E+03   1.6310416E+01   9.0777629E+04   5.4597550E+06   5.4884188E+06   0.0000000E+00   0.0000000E+00   0.0000000E+00   0.0000000E+00   0.0000000E+00
   2.7664009E-02   5.1536702E+06   5.1536702E+06   1.0044652E+03   1.3410178E+01   7.7878721E+04   5.1265630E+06   5.1536702E+06   0.0000000E+00   0.0000000E+00   0.0000000E+00   0.0000000E+00   0.0000000E+00
   2.9725757E-02   4.8212155E+06   4.8212155E+06   8.1542315E+02   1.0976433E+01   6.6415254E+04   4.7956929E+06   4.8212155E+06   0.0000000E+00   0.0000000E+00   0.0000000E+00   0.0000000E+00   0.0000000E+00
   3.1936559E-02   4.4952823E+06   4.4952823E+06   6.1440773E+02   8.9487247E+00   5.6635870E+04   4.4713454E+06   4.4952823E+06   0.0000000E+00   0.0000000E+00   0.0000000E+00   0.0000000E+00   0.0000000E+00
   3.4299788E-02   4.1809868E+06   4.1809868E+06   5.3508629E+02   7.2767303E+00   4.8217409E+04   4.1586054E+06   4.1809868E+06   0.0000000E+00   0.0000000E+00   0.0000000E+00   0.0000000E+00   0.0000000E+00
   3.6810558E-02   3.8842338E+06   3.8842338E+06   4.0335337E+02   5.9132078E+00   4.1087445E+04   3.8633420E+06   3.8842338E+06   0.0000000E+00   0.0000000E+00   0.0000000E+00   0.0000000E+00   0.0000000E+00
   3.9450981E-02   3.6111775E+06   3.6111775E+06   3.2101685E+02   4.8177721E+00   3.4957120E+04   3.5916724E+06   3.6111775E+06   0.0000000E+00   0.0000000E+00   0.0000000E+00   0.0000000E+00   0.0000000E+00
   4.2188411E-02   3.3670538E+06   3.3670538E+06   2.6555566E+02   3.9497661E+00   2.9979876E+04   3.3487999E+06   3.3670538E+06   0.0000000E+00   0.0000000E+00   0.0000000E+00   0.0000000E+00   0.0000000E+00
   4.4980682E-02   3.1546953E+06   3.1546953E+06   2.2093871E+02   3.2702882E+00   2.5980305E+04   3.1375376E+06   3.1546953E+06   0.0000000E+00   0.0000000E+00   0.0000000E+00   0.0000000E+00   0.0000000E+00
   4.7787491E-02   2.9736437E+06   2.9736437E+06   1.8556319E+02   2.7410656E+00   2.2775201E+04   2.9574258E+06   2.9736437E+06   0.0000000E+00   0.0000000E+00   0.0000000E+00   0.0000000E+00   0.0000000E+00
   5.0580662E-02   2.8205278E+06   2.8205278E+06   1.5838651E+02   2.3273352E+00   2.0206867E+04   2.8051083E+06   2.8205278E+06   0.0000000E+00   0.0000000E+00   0.0000000E+00   0.0000000E+00   0.0000000E+00
   5.3347241E-02   2.6903309E+06   2.6903309E+06   1.3726797E+02   2.0002076E+00   1.8128384E+04   2.6755930E+06   2.6903309E+06   0.0000000E+00   0.0000000E+00   0.0000000E+00   0.0000000E+00   0.0000000E+00
   5.6086416E-02   2.5776573E+06   2.5776573E+06   1.2009503E+02   1.7371177E+00   1.6415169E+04   2.5635114E+06   2.5776573E+06   0.0000000E+00   0.0000000E+00   0.0000000E+00   0.0000000E+00   0.0000000E+00
   5.8804632E-02   2.4775185E+06   2.4775185E+06   1.0570054E+02   1.5212959E+00   1.4974742E+04   2.4639009E+06   2.4775185E+06   0.0000000E+00   0.0000000E+00   0.0000000E+00   0.0000000E+00   0.0000000E+00
   6.1511679E-02   2.3856680E+06   2.3856680E+06   9.3651826E+01   1.3407226E+00   1.3739291E+04   2.3725371E+06   2.3856680E+06   0.0000000E+00   0.0000000E+00   0.0000000E+00   0.0000000E+00   0.0000000E+00
   6.4218336E-02   2.2986808E+06   2.2986808E+06   8.3067545E+01   1.1869374E+00   1.2657062E+04   2.2860130E+06   2.2986808E+06   0.0000000E+00   0.0000000E+00   0.0000000E+00   0.0000000E+00   0.0000000E+00
   6.6935194E-02   2.2139304E+06   2.2139304E+06   7.2968933E+01   1.0537916E+00   1.1686697E+04   2.2017160E+06   2.2139304E+06   0.0000000E+00   0.0000000E+00   0.0000000E+00   0.0000000E+00   0.0000000E+00
   6.9672167E-02   2.1295387E+06   2.1295387E+06   6.3584928E+01   9.3690947E-01   1.0796475E+04   2.1177781E+06   2.1295387E+06   0.0000000E+00   0.0000000E+00   0.0000000E+00   0.0000000E+00   0.0000000E+00
   7.2438363E-02   2.0443253E+06   2.0443253E+06   5.5529158E+01   8.3334082E-01   9.9685134E+03   2.0330250E+06   2.0443253E+06   0.0000000E+00   0.0000000E+00   0.0000000E+00   0.0000000E+00   0.0000000E+00
   7.5242112E-02   1.9577587E+06   1.9577587E+06   4.8933606E+01   7.4095196E-01   9.1963315E+03   1.9469278E+06   1.9577587E+06   0.0000000E+00   0.0000000E+00   0.0000000E+00   0.0000000E+00   0.0000000E+00
   7.8091061E-02   1.8699034E+06   1.8699034E+06   4.3640500E+01   6.5815990E-01   8.4773882E+03   1.8595505E+06   1.8699034E+06   0.0000000E+00   0.0000000E+00   0.0000000E+00   0.0000000E+00   0.0000000E+00
   8.0992290E-02   1.7813528E+06   1.7813528E+06   3.9499486E+01   5.8392948E-01   7.8057166E+03   1.7714831E+06   1.7813528E+06   0.0000000E+00   0.0000000E+00   0.0000000E+00   0.0000000E+00   0.0000000E+00
   8.3952412E-02   1.6931421E+06   1.6931421E+06   3.5941070E+01   5.1754859E-01   7.1688023E+03   1.6837550E+06   1.6931421E+06   0.0000000E+00   0.0000000E+00   0.0000000E+00   0.0000000E+00   0.0000000E+00
   8.6977678E-02   1.6066332E+06   1.6066332E+06   3.1351106E+01   4.5838597E-01   6.5700245E+03   1.5977201E+06   1.6066332E+06   0.0000000E+00   0.0000000E+00   0.0000000E+00   0.0000000E+00   0.0000000E+00
   9.0074051E-02   1.5233717E+06   1.5233717E+06   2.6064817E+01   4.0596933E-01   6.0531016E+03   1.5149157E+06   1.5233717E+06   0.0000000E+00   0.0000000E+00   0.0000000E+00   0.0000000E+00   0.0000000E+00
   9.3247278E-02   1.4449193E+06   1.4449193E+06   2.4477479E+01   3.5986231E-01   5.5908355E+03   1.4368944E+06   1.4449193E+06   0.0000000E+00   0.0000000E+00   0.0000000E+00   0.0000000E+00   0.0000000E+00
   9.6502948E-02   1.3726698E+06   1.3726698E+06   2.0760124E+01   3.1961683E-01   5.1479540E+03   1.3650424E+06   1.3726698E+06   0.0000000E+00   0.0000000E+00   0.0000000E+00   0.0000000E+00   0.0000000E+00
   9.9846533E-02   1.3076642E+06   1.3076642E+06   1.9497084E+01   2.8471011E-01   4.7820363E+03   1.3003946E+06   1.3076642E+06   0.0000000E+00   0.0000000E+00   0.0000000E+00   0.0000000E+00   0.0000000E+00
   1.0328343E-01   1.2504259E+06   1.2504259E+06   1.6578660E+01   2.5458847E-01   4.4637358E+03   1.2434715E+06   1.2504259E+06   0.0000000E+00   0.0000000E+00   0.0000000E+00   0.0000000E+00   0.0000000E+00
   1.0681901E-01   1.2008403E+06   1.2008403E+06   1.4625793E+01   2.2863511E-01   4.1684375E+03   1.1941589E+06   1.2008403E+06   0.0000000E+00   0.0000000E+00   0.0000000E+00   0.0000000E+00   0.0000000E+00
   1.1045858E-01   1.1581034E+06   1.1581034E+06   1.3507381E+01   2.0620212E-01   3.9193055E+03   1.1516572E+06   1.1581034E+06   0.0000000E+00   0.0000000E+00   0.0000000E+00   0.0000000E+00   0.0000000E+00
   1.1420749E-01   1.1207631E+06   1.1207631E+06   1.2271855E+01   1.8661957E-01   3.7061884E+03   1.1145225E+06   1.1207631E+06   0.0000000E+00   0.0000000E+00   0.0000000E+00   0.0000000E+00   0.0000000E+00
   1.1807109E-01   1.0868643E+06   1.0868643E+06   1.0912017E+01   1.6926021E-01   3.5182907E+03   1.0808104E+06   1.0868643E+06   0.0000000E+00   0.0000000E+00   0.0000000E+00   0.0000000E+00   0.0000000E+00
   1.2205477E-01   1.0541960E+06   1.0541960E+06   9.9703605E+00   1.5358324E-01   3.3494356E+03   1.0483221E+06   1.0541960E+06   0.0000000E+00   0.0000000E+00   0.0000000E+00   0.0000000E+00   0.0000000E+00
   1.2616393E-01   1.0206171E+06   1.0206171E+06   9.5228931E+00   1.3915119E-01   3.1707052E+03   1.0149286E+06   1.0206171E+06   0.0000000E+00   0.0000000E+00   0.0000000E+00   0.0000000E+00   0.0000000E+00
   1.3040405E-01   9.8441738E+05   9.8441738E+05   8.0938877E+00   1.2565494E-01   3.0008075E+03   9.7892908E+05   9.8441738E+05   0.0000000E+00   0.0000000E+00   0.0000000E+00   0.0000000E+00   0.0000000E+00
   1.3478065E-01   9.4464602E+05   9.4464602E+05   7.4638083E+00   1.1293664E-01   2.8185483E+03   9.3937802E+05   9.4464602E+05   0.0000000E+00   0.0000000E+00   0.0000000E+00   0.0000000E+00   0.0000000E+00
   1.3929932E-01   9.0133400E+05   9.0133400E+05   6.8043226E+00   1.0097023E-01   2.6416975E+03   8.9630626E+05   9.0133400E+05   0.0000000E+00   0.0000000E+00   0.0000000E+00   0.0000000E+00   0.0000000E+00
   1.4396571E-01   8.5553806E+05   8.5553806E+05   6.0693424E+00   8.9831933E-02   2.4636439E+03   8.5076463E+05   8.5553806E+05   0.0000000E+00   0.0000000E+00   0.0000000E+00   0.0000000E+00   0.0000000E+00
   1.4878553E-01   8.0916109E+05   8.0916109E+05   5.2646187E+00   7.9649218E-02   2.2897890E+03   8.0464539E+05   8.0916109E+05   0.0000000E+00   0.0000000E+00   0.0000000E+00   0.0000000E+00   0.0000000E+00
   1.5376459E-01   7.6455048E+05   7.6455048E+05   4.5265708E+00   7.0545943E-02   2.1331811E+03   7.6028283E+05   7.6455048E+05   0.0000000E+00   0.0000000E+00   0.0000000E+00   0.0000000E+00   0.0000000E+00
   1.5890876E-01   7.2393842E+05   7.2393842E+05   4.2366745E+00   6.2600014E-02   1.9874803E+03   7.1989665E+05   7.2393842E+05   0.0000000E+00   0.0000000E+00   0.0000000E+00   0.0000000E+00   0.0000000E+00
   1.6422402E-01   6.8885013E+05   6.8885013E+05   3.6403407E+00   5.5798478E-02   1.8661055E+03   6.8500353E+05   6.8885013E+05   0.0000000E+00   0.0000000E+00   0.0000000E+00   0.0000000E+00   0.0000000E+00
   1.6971643E-01   6.5964728E+05   6.5964728E+05   3.2192488E+00   5.0028616E-02   1.7605399E+03   6.5596310E+05   6.5964728E+05   0.0000000E+00   0.0000000E+00   0.0000000E+00   0.0000000E+00   0.0000000E+00
   1.7539217E-01   6.3537012E+05   6.3537012E+05   2.9443574E+00   4.5099872E-02   1.6735244E+03   6.3182092E+05   6.3537012E+05   0.0000000E+00   0.0000000E+00   0.0000000E+00   0.0000000E+00   0.0000000E+00
   1.8125755E-01   6.1397806E+05   6.1397806E+05   2.7461003E+00   4.0784164E-02   1.5949811E+03   6.1054781E+05   6.1397806E+05   0.0000000E+00   0.0000000E+00   0.0000000E+00   0.0000000E+00   0.0000000E+00
   1.8731901E-01   5.9296864E+05   5.9296864E+05   2.3827490E+00   3.6864502E-02   1.5205329E+03   5.8965527E+05   5.9296864E+05   0.0000000E+00   0.0000000E+00   0.0000000E+00   0.0000000E+00   0.0000000E+00
   1.9358316E-01   5.7020756E+05   5.7020756E+05   2.2253876E+00   3.3189455E-02   1.4448812E+03   5.6702093E+05   5.7020756E+05   0.0000000E+00   0.0000000E+00   0.0000000E+00   0.0000000E+00   0.0000000E+00
   2.0005679E-01   5.4468438E+05   5.4468438E+05   1.9965499E+00   2.9696085E-02   1.3655895E+03   5.4163999E+05   5.4468438E+05   0.0000000E+00   0.0000000E+00   0.0000000E+00   0.0000000E+00   0.0000000E+00
   2.0674690E-01   5.1688205E+05   5.1688205E+05   1.7598656E+00   2.6405930E-02   1.2810915E+03   5.1399268E+05   5.1688205E+05   0.0000000E+00   0.0000000E+00   0.0000000E+00   0.0000000E+00   0.0000000E+00
   2.1366076E-01   4.8855725E+05   4.8855725E+05   1.5184786E+00   2.3390727E-02   1.1998236E+03   4.8582590E+05   4.8855725E+05   0.0000000E+00   0.0000000E+00   0.0000000E+00   0.0000000E+00   0.0000000E+00
   2.2080591E-01   4.6196220E+05   4.6196220E+05   1.3632323E+00   2.0724191E-02   1.1224351E+03   4.5937925E+05   4.6196220E+05   0.0000000E+00   0.0000000E+00   0.0000000E+00   0.0000000E+00   0.0000000E+00
   2.2819023E-01   4.3881204E+05   4.3881204E+05   1.2271819E+00   1.8438355E-02   1.0566931E+03   4.3635827E+05   4.3881204E+05   0.0000000E+00   0.0000000E+00   0.0000000E+00   0.0000000E+00   0.0000000E+00
   2.3582202E-01   4.1948004E+05   4.1948004E+05   1.0858936E+00   1.6501451E-02   1.0011832E+03   4.1713414E+05   4.1948004E+05   0.0000000E+00   0.0000000E+00   0.0000000E+00   0.0000000E+00   0.0000000E+00
   2.4370998E-01   4.0285475E+05   4.0285475E+05   9.6782877E-01   1.4832511E-02   9.5461295E+02   4.0060162E+05   4.0285475E+05   0.0000000E+00   0.0000000E+00   0.0000000E+00   0.0000000E+00   0.0000000E+00
   2.5186340E-01   3.8698545E+05   3.8698545E+05   8.6916541E-01   1.3336247E-02   9.0917075E+02   3.8482089E+05   3.8698545E+05   0.0000000E+00   0.0000000E+00   0.0000000E+00   0.0000000E+00   0.0000000E+00
   2.6029212E-01   3.7019760E+05   3.7019760E+05   7.7746763E-01   1.1944822E-02   8.6334676E+02   3.6812677E+05   3.7019760E+05   0.0000000E+00   0.0000000E+00   0.0000000E+00   0.0000000E+00   0.0000000E+00
   2.6900672E-01   3.5203298E+05   3.5203298E+05   6.9905610E-01   1.0638702E-02   8.1564886E+02   3.5006361E+05   3.5203298E+05   0.0000000E+00   0.0000000E+00   0.0000000E+00   0.0000000E+00   0.0000000E+00
   2.7801859E-01   3.3341259E+05   3.3341259E+05   6.1680166E-01   9.4382270E-03   7.6674364E+02   3.3154725E+05   3.3341259E+05   0.0000000E+00   0.0000000E+00   0.0000000E+00   0.0000000E+00   0.0000000E+00
   2.8734003E-01   3.1588942E+05   3.1588942E+05   5.4791197E-01   8.3750390E-03   7.2187541E+02   3.1412199E+05   3.1588942E+05   0.0000000E+00   0.0000000E+00   0.0000000E+00   0.0000000E+00   0.0000000E+00
   2.9698444E-01   3.0049608E+05   3.0049608E+05   4.8874350E-01   7.4584375E-03   6.8290632E+02   2.9881468E+05   3.0049608E+05   0.0000000E+00   0.0000000E+00   0.0000000E+00   0.0000000E+00   0.0000000E+00
   3.0696646E-01   2.8703426E+05   2.8703426E+05   4.3638581E-01   6.6672950E-03   6.4832252E+02   2.8542808E+05   2.8703426E+05   0.0000000E+00   0.0000000E+00   0.0000000E+00   0.0000000E+00   0.0000000E+00
   3.1730218E-01   2.7435766E+05   2.7435766E+05   3.9020109E-01   5.9636612E-03   6.1636309E+02   2.7282233E+05   2.7435766E+05   0.0000000E+00   0.0000000E+00   0.0000000E+00   0.0000000E+00   0.0000000E+00
   3.2800933E-01   2.6140382E+05   2.6140382E+05   3.5021556E-01   5.3174243E-03   5.8446940E+02   2.5994090E+05   2.6140382E+05   0.0000000E+00   0.0000000E+00   0.0000000E+00   0.0000000E+00   0.0000000E+00
   3.3910760E-01   2.4806494E+05   2.4806494E+05   3.1006551E-01   4.7225430E-03   5.5194138E+02   2.4667660E+05   2.4806494E+05   0.0000000E+00   0.0000000E+00   0.0000000E+00   0.0000000E+00   0.0000000E+00
   3.5061890E-01   2.3511005E+05   2.3511005E+05   2.7622214E-01   4.1877221E-03   5.2060704E+02   2.3379415E+05   2.3511005E+05   0.0000000E+00   0.0000000E+00   0.0000000E+00   0.0000000E+00   0.0000000E+00
   3.6256778E-01   2.2327864E+05   2.2327864E+05   2.4436096E-01   3.7195756E-03   4.9249977E+02   2.2202891E+05   2.2327864E+05   0.0000000E+00   0.0000000E+00   0.0000000E+00   0.0000000E+00   0.0000000E+00
   3.7498187E-01   2.1251563E+05   2.1251563E+05   2.1777460E-01   3.3095814E-03   4.6671734E+02   2.1132609E+05   2.1251563E+05   0.0000000E+00   0.0000000E+00   0.0000000E+00   0.0000000E+00   0.0000000E+00
   3.8789241E-01   2.0215833E+05   2.0215833E+05   1.9354409E-01   2.9420738E-03   4.4220068E+02   2.0102672E+05   2.0215833E+05   0.0000000E+00   0.0000000E+00   0.0000000E+00   0.0000000E+00   0.0000000E+00
   4.0133494E-01   1.9178251E+05   1.9178251E+05   1.7118110E-01   2.6075706E-03   4.1789055E+02   1.9070894E+05   1.9178251E+05   0.0000000E+00   0.0000000E+00   0.0000000E+00   0.0000000E+00   0.0000000E+00
   4.1535012E-01   1.8162734E+05   1.8162734E+05   1.5126789E-01   2.3059843E-03   3.9452165E+02   1.8061059E+05   1.8162734E+05   0.0000000E+00   0.0000000E+00   0.0000000E+00   0.0000000E+00   0.0000000E+00
   4.2998472E-01   1.7210635E+05   1.7210635E+05   1.3400320E-01   2.0390053E-03   3.7262327E+02   1.7114286E+05   1.7210635E+05   0.0000000E+00   0.0000000E+00   0.0000000E+00   0.0000000E+00   0.0000000E+00
   4.4529293E-01   1.6317864E+05   1.6317864E+05   1.1825999E-01   1.8026462E-03   3.5209639E+02   1.6226510E+05   1.6317864E+05   0.0000000E+00   0.0000000E+00   0.0000000E+00   0.0000000E+00   0.0000000E+00
   4.6133791E-01   1.5449855E+05   1.5449855E+05   1.0422219E-01   1.5901783E-03   3.3241343E+02   1.5363358E+05   1.5449855E+05   0.0000000E+00   0.0000000E+00   0.0000000E+00   0.0000000E+00   0.0000000E+00
   4.7819381E-01   1.4599256E+05   1.4599256E+05   9.1683467E-02   1.3986476E-03   3.1320264E+02   1.4517519E+05   1.4599256E+05   0.0000000E+00   0.0000000E+00   0.0000000E+00   0.0000000E+00   0.0000000E+00
   4.9594838E-01   1.3785848E+05   1.3785848E+05   8.0504183E-02   1.2279701E-03   2.9495573E+02   1.3708663E+05   1.3785848E+05   0.0000000E+00   0.0000000E+00   0.0000000E+00   0.0000000E+00   0.0000000E+00
   5.1470619E-01   1.3010275E+05   1.3010275E+05   7.0545561E-02   1.0759021E-03   2.7768076E+02   1.2937430E+05   1.3010275E+05   0.0000000E+00   0.0000000E+00   0.0000000E+00   0.0000000E+00   0.0000000E+00
   5.3459292E-01   1.2255902E+05   1.2255902E+05   6.1658746E-02   9.3955296E-04   2.6095079E+02   1.2187280E+05   1.2255902E+05   0.0000000E+00   0.0000000E+00   0.0000000E+00   0.0000000E+00   0.0000000E+00
   5.5576079E-01   1.1523237E+05   1.1523237E+05   5.3605157E-02   8.1747364E-04   2.4475368E+02   1.1458715E+05   1.1523237E+05   0.0000000E+00   0.0000000E+00   0.0000000E+00   0.0000000E+00   0.0000000E+00
   5.7839560E-01   1.0817491E+05   1.0817491E+05   4.6472613E-02   7.0850776E-04   2.2928558E+02   1.0756919E+05   1.0817491E+05   0.0000000E+00   0.0000000E+00   0.0000000E+00   0.0000000E+00   0.0000000E+00
   6.0272570E-01   1.0130996E+05   1.0130996E+05   4.0082831E-02   6.1107448E-04   2.1429243E+02   1.0074267E+05   1.0130996E+05   0.0000000E+00   0.0000000E+00   0.0000000E+00   0.0000000E+00   0.0000000E+00
   6.2903327E-01   9.4620821E+04   9.4620821E+04   3.4372812E-02   5.2401479E-04   1.9973306E+02   9.4090978E+04   9.4620821E+04   0.0000000E+00   0.0000000E+00   0.0000000E+00   0.0000000E+00   0.0000000E+00
   6.5766790E-01   8.8110209E+04   8.8110209E+04   2.9275160E-02   4.4642012E-04   1.8561531E+02   8.7616814E+04   8.8110209E+04   0.0000000E+00   0.0000000E+00   0.0000000E+00   0.0000000E+00   0.0000000E+00
   6.8906160E-01   8.1741745E+04   8.1741745E+04   2.4742776E-02   3.7728394E-04   1.7186866E+02   8.1284003E+04   8.1741745E+04   0.0000000E+00   0.0000000E+00   0.0000000E+00   0.0000000E+00   0.0000000E+00
   7.2374276E-01   7.5515133E+04   7.5515133E+04   2.0718927E-02   3.1595128E-04   1.5849582E+02   7.5092251E+04   7.5515133E+04   0.0000000E+00   0.0000000E+00   0.0000000E+00   0.0000000E+00   0.0000000E+00
   7.6234239E-01   6.9419906E+04   6.9419906E+04   1.7166392E-02   2.6179670E-04   1.4544283E+02   6.9031151E+04   6.9419906E+04   0.0000000E+00   0.0000000E+00   0.0000000E+00   0.0000000E+00   0.0000000E+00
   8.0558082E-01   6.3465899E+04   6.3465899E+04   1.4054488E-02   2.1434653E-04   1.3275446E+02   6.3110480E+04   6.3465899E+04   0.0000000E+00   0.0000000E+00   0.0000000E+00   0.0000000E+00   0.0000000E+00
   8.5421758E-01   5.7675839E+04   5.7675839E+04   1.1359014E-02   1.7324926E-04   1.2045516E+02   5.7352841E+04   5.7675839E+04   0.0000000E+00   0.0000000E+00   0.0000000E+00   0.0000000E+00   0.0000000E+00
   9.0895319E-01   5.2095144E+04   5.2095144E+04   9.0612331E-03   1.3821100E-04   1.0863599E+02   5.1803395E+04   5.2095144E+04   0.0000000E+00   0.0000000E+00   0.0000000E+00   0.0000000E+00   0.0000000E+00
   9.7030181E-01   4.6787699E+04   4.6787699E+04   7.1413994E-03   1.0893053E-04   9.7442275E+01   4.6525670E+04   4.6787699E+04   0.0000000E+00   0.0000000E+00   0.0000000E+00   0.0000000E+00   0.0000000E+00
   1.0385051E+00   4.1821929E+04   4.1821929E+04   5.5707184E-03   8.5005040E-05   8.6984165E+01   4.1587707E+04   4.1821929E+04   0.0000000E+00   0.0000000E+00   0.0000000E+00   0.0000000E+00   0.0000000E+00
   1.1135683E+00   3.7251085E+04   3.7251085E+04   4.3179798E-03   6.5853781E-05   7.7389995E+01   3.7042460E+04   3.7251085E+04   0.0000000E+00   0.0000000E+00   0.0000000E+00   0.0000000E+00   0.0000000E+00
   1.1954127E+00   3.3101306E+04   3.3101306E+04   3.3289016E-03   5.0780853E-05   6.8700712E+01   3.2915920E+04   3.3101306E+04   0.0000000E+00   0.0000000E+00   0.0000000E+00   0.0000000E+00   0.0000000E+00
   1.2840401E+00   2.9371157E+04   2.9371157E+04   2.5599218E-03   3.9055579E-05   6.0902703E+01   2.9206660E+04   2.9371157E+04   0.0000000E+00   0.0000000E+00   0.0000000E+00   0.0000000E+00   0.0000000E+00
   1.3796155E+00   2.6037487E+04   2.6037487E+04   1.9657585E-03   2.9992794E-05   5.3949127E+01   2.5891660E+04   2.6037487E+04   0.0000000E+00   0.0000000E+00   0.0000000E+00   0.0000000E+00   0.0000000E+00
   1.4824667E+00   2.3067543E+04   2.3067543E+04   1.5082332E-03   2.3014224E-05   4.7761703E+01   2.2938349E+04   2.3067543E+04   0.0000000E+00   0.0000000E+00   0.0000000E+00   0.0000000E+00   0.0000000E+00
   1.5930460E+00   2.0426446E+04   2.0426446E+04   1.1565524E-03   1.7649044E-05   4.2269455E+01   2.0312043E+04   2.0426446E+04   0.0000000E+00   0.0000000E+00   0.0000000E+00   0.0000000E+00   0.0000000E+00
   1.7118931E+00   1.8079659E+04   1.8079659E+04   8.8646574E-04   1.3528417E-05   3.7394785E+01   1.7978399E+04   1.8079659E+04   0.0000000E+00   0.0000000E+00   0.0000000E+00   0.0000000E+00   0.0000000E+00
   1.8396123E+00   1.5996051E+04   1.5996051E+04   6.7921076E-04   1.0365839E-05   3.3069517E+01   1.5906460E+04   1.5996051E+04   0.0000000E+00   0.0000000E+00   0.0000000E+00   0.0000000E+00   0.0000000E+00
   1.9768614E+00   1.4146915E+04   1.4146915E+04   5.1985456E-04   7.9392260E-06   2.9237014E+01   1.4067681E+04   1.4146915E+04   0.0000000E+00   0.0000000E+00   0.0000000E+00   0.0000000E+00   0.0000000E+00
   2.1243507E+00   1.2506824E+04   1.2506824E+04   3.9900934E-04   6.0786839E-06   2.5837747E+01   1.2436775E+04   1.2506824E+04   0.0000000E+00   0.0000000E+00   0.0000000E+00   0.0000000E+00   0.0000000E+00
   2.2828439E+00   1.1052772E+04   1.1052772E+04   3.0479592E-04   4.6523533E-06   2.2827903E+01   1.0990867E+04   1.1052772E+04   0.0000000E+00   0.0000000E+00   0.0000000E+00   0.0000000E+00   0.0000000E+00
   2.4531619E+00   9.7642695E+03   9.7642695E+03   2.3315297E-04   3.5595382E-06   2.0161280E+01   9.7095813E+03   9.7642695E+03   0.0000000E+00   0.0000000E+00   0.0000000E+00   0.0000000E+00   0.0000000E+00
   2.6361870E+00   8.6229897E+03   8.6229897E+03   1.7829650E-04   2.7224963E-06   1.7801394E+01   8.5746935E+03   8.6229897E+03   0.0000000E+00   0.0000000E+00   0.0000000E+00   0.0000000E+00   0.0000000E+00
   2.8328672E+00   7.6125371E+03   7.6125371E+03   1.3630264E-04   2.0816718E-06   1.5711860E+01   7.5699002E+03   7.6125371E+03   0.0000000E+00   0.0000000E+00   0.0000000E+00   0.0000000E+00   0.0000000E+00
   3.0442213E+00   6.7182900E+03   6.7182900E+03   1.0416754E-04   1.5911579E-06   1.3864218E+01   6.6806616E+03   6.7182900E+03   0.0000000E+00   0.0000000E+00   0.0000000E+00   0.0000000E+00   0.0000000E+00
   3.2713440E+00   5.9272065E+03   5.9272065E+03   7.9604837E-05   1.2158874E-06   1.2229890E+01   5.8940089E+03   5.9272065E+03   0.0000000E+00   0.0000000E+00   0.0000000E+00   0.0000000E+00   0.0000000E+00
   3.5154119E+00   5.2276599E+03   5.2276599E+03   6.0782896E-05   9.2885279E-07   1.0785313E+01   5.1983803E+03   5.2276599E+03   0.0000000E+00   0.0000000E+00   0.0000000E+00   0.0000000E+00   0.0000000E+00
   3.7776891E+00   4.6092932E+03   4.6092932E+03   4.6403829E-05   7.0940022E-07   9.5083169E+00   4.5834770E+03   4.6092932E+03   0.0000000E+00   0.0000000E+00   0.0000000E+00   0.0000000E+00   0.0000000E+00
   4.0595343E+00   4.0628869E+03   4.0628869E+03   3.5421874E-05   5.4165577E-07   8.3804782E+00   4.0401310E+03   4.0628869E+03   0.0000000E+00   0.0000000E+00   0.0000000E+00   0.0000000E+00   0.0000000E+00
   4.3624073E+00   3.5802392E+03   3.5802392E+03   2.7038766E-05   4.1348067E-07   7.3843714E+00   3.5601866E+03   3.5802392E+03   0.0000000E+00   0.0000000E+00   0.0000000E+00   0.0000000E+00   0.0000000E+00
   4.6878771E+00   3.1540580E+03   3.1540580E+03   2.0623297E-05   3.1556824E-07   6.5048742E+00   3.1363923E+03   3.1540580E+03   0.0000000E+00   0.0000000E+00   0.0000000E+00   0.0000000E+00   0.0000000E+00
   5.0376294E+00   2.7778632E+03   2.7778632E+03   1.5728583E-05   2.4078989E-07   5.7286221E+00   2.7623046E+03   2.7778632E+03   0.0000000E+00   0.0000000E+00   0.0000000E+00   0.0000000E+00   0.0000000E+00
   5.4134760E+00   2.4459002E+03   2.4459002E+03   1.1993931E-05   1.8369725E-07   5.0438006E+00   2.4322009E+03   2.4459002E+03   0.0000000E+00   0.0000000E+00   0.0000000E+00   0.0000000E+00   0.0000000E+00
   5.8173637E+00   2.1530609E+03   2.1530609E+03   9.1387887E-06   1.4011872E-07   4.4396103E+00   2.1410018E+03   2.1530609E+03   0.0000000E+00   0.0000000E+00   0.0000000E+00   0.0000000E+00   0.0000000E+00
   6.2513846E+00   1.8948137E+03   1.8948137E+03   6.9669456E-06   1.0686140E-07   3.9069729E+00   1.8842010E+03   1.8948137E+03   0.0000000E+00   0.0000000E+00   0.0000000E+00   0.0000000E+00   0.0000000E+00
   6.7177868E+00   1.6671401E+03   1.6671401E+03   5.3085208E-06   8.1487186E-08   3.4373879E+00   1.6578026E+03   1.6671401E+03   0.0000000E+00   0.0000000E+00   0.0000000E+00   0.0000000E+00   0.0000000E+00
   7.2189863E+00   1.4664786E+03   1.4664786E+03   4.0435714E-06   6.2131745E-08   3.0235226E+00   1.4582649E+03   1.4664786E+03   0.0000000E+00   0.0000000E+00   0.0000000E+00   0.0000000E+00   0.0000000E+00
   7.7575792E+00   1.2896741E+03   1.2896741E+03   3.0787707E-06   4.7369476E-08   2.6589461E+00   1.2824507E+03   1.2896741E+03   0.0000000E+00   0.0000000E+00   0.0000000E+00   0.0000000E+00   0.0000000E+00
   8.3363553E+00   1.1339328E+03   1.1339328E+03   2.3446690E-06   3.6112986E-08   2.3378085E+00   1.1275818E+03   1.1339328E+03   0.0000000E+00   0.0000000E+00   0.0000000E+00   0.0000000E+00   0.0000000E+00
