#           k/h    CDM            baryon         photon         nu             mass_nu        total          no_nu          total_de       Weyl           v_CDM          v_b            v_b-v_c     
   1.0660405E-05   3.0733843E+06   3.0733843E+06   4.0975267E+06   1.0212726E+04   5.5179060E+04   3.0735939E+06   3.0733843E+06   0.0000000E+00   0.0000000E+00   0.0000000E+00   0.0000000E+00   0.0000000E+00
   1.1455755E-05   3.0733839E+06   3.0733839E+06   4.0974767E+06   1.0212649E+04   5.5178571E+04   3.0735934E+06   3.0733839E+06   0.0000000E+00   0.0000000E+00   0.0000000E+00   0.0000000E+00   0.0000000E+00
   1.2310444E-05   3.0733834E+06   3.0733834E+06   4.0974191E+06   1.0212561E+04   5.5178006E+04   3.0735929E+06   3.0733834E+06   0.0000000E+00   0.0000000E+00   0.0000000E+00   0.0000000E+00   0.0000000E+00
   1.3228900E-05   3.0733828E+06   3.0733828E+06   4.0973525E+06   1.0212459E+04   5.5177354E+04   3.0735923E+06   3.0733828E+06   0.0000000E+00   0.0000000E+00   0.0000000E+00   0.0000000E+00   0.0000000E+00
   1.4215879E-05   3.0733822E+06   3.0733822E+06   4.0972756E+06   1.0212341E+04   5.5176601E+04   3.0735915E+06   3.0733822E+06   0.0000000E+00   0.0000000E+00   0.0000000E+00   0.0000000E+00   0.0000000E+00
   1.5276495E-05   3.0733814E+06   3.0733814E+06   4.0971868E+06   1.0212205E+04   5.5175731E+04   3.0735907E+06   3.0733814E+06   0.0000000E+00   0.0000000E+00   0.0000000E+00   0.0000000E+00   0.0000000E+00
   1.6416241E-05   3.0733806E+06   3.0733806E+06   4.0970842E+06   1.0212048E+04   5.5174727E+04   3.0735898E+06   3.0733806E+06   0.0000000E+00   0.0000000E+00   0.0000000E+00   0.0000000E+00   0.0000000E+00
   1.7641021E-05   3.0733796E+06   3.0733796E+06   4.0969658E+06   1.0211866E+04   5.5173567E+04   3.0735887E+06   3.0733796E+06   0.0000000E+00   0.0000000E+00   0.0000000E+00   0.0000000E+00   0.0000000E+00
   1.8957179E-05   3.0733784E+06   3.0733784E+06   4.0968291E+06   1.0211657E+04   5.5172228E+04   3.0735874E+06   3.0733784E+06   0.0000000E+00   0.0000000E+00   0.0000000E+00   0.0000000E+00   0.0000000E+00
   2.0371533E-05   3.0733771E+06   3.0733771E+06   4.0966712E+06   1.0211415E+04   5.5170681E+04   3.0735859E+06   3.0733771E+06   0.0000000E+00   0.0000000E+00   0.0000000E+00   0.0000000E+00   0.0000000E+00
   2.1891409E-05   3.0733755E+06   3.0733755E+06   4.0964888E+06   1.0211135E+04   5.5168896E+04   3.0735842E+06   3.0733755E+06   0.0000000E+00   0.0000000E+00   0.0000000E+00   0.0000000E+00   0.0000000E+00
   2.3524680E-05   3.0733738E+06   3.0733738E+06   4.0962783E+06   1.0210812E+04   5.5166834E+04   3.0735823E+06   3.0733738E+06   0.0000000E+00   0.0000000E+00   0.0000000E+00   0.0000000E+00   0.0000000E+00
   2.5279805E-05   3.0733717E+06   3.0733717E+06   4.0960352E+06   1.0210440E+04   5.5164453E+04   3.0735800E+06   3.0733717E+06   0.0000000E+00   0.0000000E+00   0.0000000E+00   0.0000000E+00   0.0000000E+00
   2.7165876E-05   3.0733693E+06   3.0733693E+06   4.0957545E+06   1.0210009E+04   5.5161704E+04   3.0735774E+06   3.0733693E+06   0.0000000E+00   0.0000000E+00   0.0000000E+00   0.0000000E+00   0.0000000E+00
   2.9192663E-05   3.0733666E+06   3.0733666E+06   4.0954303E+06   1.0209512E+04   5.5158530E+04   3.0735744E+06   3.0733666E+06   0.0000000E+00   0.0000000E+00   0.0000000E+00   0.0000000E+00   0.0000000E+00
   3.1370665E-05   3.0733635E+06   3.0733635E+06   4.0950560E+06   1.0208938E+04   5.5154865E+04   3.0735709E+06   3.0733635E+06   0.0000000E+00   0.0000000E+00   0.0000000E+00   0.0000000E+00   0.0000000E+00
   3.3711162E-05   3.0733598E+06   3.0733598E+06   4.0946238E+06   1.0208276E+04   5.5150634E+04   3.0735669E+06   3.0733598E+06   0.0000000E+00   0.0000000E+00   0.0000000E+00   0.0000000E+00   0.0000000E+00
   3.6226278E-05   3.0733556E+06   3.0733556E+06   4.0941248E+06   1.0207511E+04   5.5145748E+04   3.0735623E+06   3.0733556E+06   0.0000000E+00   0.0000000E+00   0.0000000E+00   0.0000000E+00   0.0000000E+00
   3.8929042E-05   3.0733507E+06   3.0733507E+06   4.0935485E+06   1.0206627E+04   5.5140108E+04   3.0735570E+06   3.0733507E+06   0.0000000E+00   0.0000000E+00   0.0000000E+00   0.0000000E+00   0.0000000E+00
   4.1833454E-05   3.0733451E+06   3.0733451E+06   4.0928832E+06   1.0205607E+04   5.5133596E+04   3.0735508E+06   3.0733451E+06   0.0000000E+00   0.0000000E+00   0.0000000E+00   0.0000000E+00   0.0000000E+00
   4.4954557E-05   3.0733387E+06   3.0733387E+06   4.0921151E+06   1.0204429E+04   5.5126079E+04   3.0735436E+06   3.0733387E+06   0.0000000E+00   0.0000000E+00   0.0000000E+00   0.0000000E+00   0.0000000E+00
   4.8308519E-05   3.0733312E+06   3.0733312E+06   4.0912282E+06   1.0203069E+04   5.5117401E+04   3.0735354E+06   3.0733312E+06   0.0000000E+00   0.0000000E+00   0.0000000E+00   0.0000000E+00   0.0000000E+00
   5.1912712E-05   3.0733225E+06   3.0733225E+06   4.0902042E+06   1.0201499E+04   5.5107384E+04   3.0735259E+06   3.0733225E+06   0.0000000E+00   0.0000000E+00   0.0000000E+00   0.0000000E+00   0.0000000E+00
   5.5785807E-05   3.0733125E+06   3.0733125E+06   4.0890221E+06   1.0199686E+04   5.5095821E+04   3.0735149E+06   3.0733125E+06   0.0000000E+00   0.0000000E+00   0.0000000E+00   0.0000000E+00   0.0000000E+00
   5.9947865E-05   3.0733010E+06   3.0733010E+06   4.0876574E+06   1.0197593E+04   5.5082476E+04   3.0735022E+06   3.0733010E+06   0.0000000E+00   0.0000000E+00   0.0000000E+00   0.0000000E+00   0.0000000E+00
   6.4420445E-05   3.0732877E+06   3.0732877E+06   4.0860820E+06   1.0195177E+04   5.5067075E+04   3.0734876E+06   3.0732877E+06   0.0000000E+00   0.0000000E+00   0.0000000E+00   0.0000000E+00   0.0000000E+00
   6.9226714E-05   3.0732724E+06   3.0732724E+06   4.0842635E+06   1.0192387E+04   5.5049302E+04   3.0734707E+06   3.0732724E+06   0.0000000E+00   0.0000000E+00   0.0000000E+00   0.0000000E+00   0.0000000E+00
   7.4391569E-05   3.0732546E+06   3.0732546E+06   4.0821644E+06   1.0189167E+04   5.5028795E+04   3.0734512E+06   3.0732546E+06   0.0000000E+00   0.0000000E+00   0.0000000E+00   0.0000000E+00   0.0000000E+00
   7.9941763E-05   3.0732341E+06   3.0732341E+06   4.0797417E+06   1.0185449E+04   5.5005135E+04   3.0734286E+06   3.0732341E+06   0.0000000E+00   0.0000000E+00   0.0000000E+00   0.0000000E+00   0.0000000E+00
   8.5906044E-05   3.0732105E+06   3.0732105E+06   4.0769457E+06   1.0181158E+04   5.4977843E+04   3.0734026E+06   3.0732105E+06   0.0000000E+00   0.0000000E+00   0.0000000E+00   0.0000000E+00   0.0000000E+00
   9.2315307E-05   3.0731832E+06   3.0731832E+06   4.0737191E+06   1.0176206E+04   5.4946366E+04   3.0733726E+06   3.0731832E+06   0.0000000E+00   0.0000000E+00   0.0000000E+00   0.0000000E+00   0.0000000E+00
   9.9202752E-05   3.0731517E+06   3.0731517E+06   4.0699961E+06   1.0170490E+04   5.4910069E+04   3.0733379E+06   3.0731517E+06   0.0000000E+00   0.0000000E+00   0.0000000E+00   0.0000000E+00   0.0000000E+00
   1.0660405E-04   3.0731153E+06   3.0731153E+06   4.0657008E+06   1.0163893E+04   5.4868223E+04   3.0732978E+06   3.0731153E+06   0.0000000E+00   0.0000000E+00   0.0000000E+00   0.0000000E+00   0.0000000E+00
   1.1455755E-04   3.0730733E+06   3.0730733E+06   4.0607460E+06   1.0156282E+04   5.4819993E+04   3.0732516E+06   3.0730733E+06   0.0000000E+00   0.0000000E+00   0.0000000E+00   0.0000000E+00   0.0000000E+00
   1.2310444E-04   3.0730248E+06   3.0730248E+06   4.0550314E+06   1.0147501E+04   5.4764421E+04   3.0731982E+06   3.0730248E+06   0.0000000E+00   0.0000000E+00   0.0000000E+00   0.0000000E+00   0.0000000E+00
   1.3228900E-04   3.0729688E+06   3.0729688E+06   4.0484415E+06   1.0137370E+04   5.4700411E+04   3.0731366E+06   3.0729688E+06   0.0000000E+00   0.0000000E+00   0.0000000E+00   0.0000000E+00   0.0000000E+00
   1.4215879E-04   3.0729041E+06   3.0729041E+06   4.0408442E+06   1.0125686E+04   5.4626712E+04   3.0730655E+06   3.0729041E+06   0.0000000E+00   0.0000000E+00   0.0000000E+00   0.0000000E+00   0.0000000E+00
   1.5276495E-04   3.0728295E+06   3.0728295E+06   4.0320876E+06   1.0112212E+04   5.4541896E+04   3.0729835E+06   3.0728295E+06   0.0000000E+00   0.0000000E+00   0.0000000E+00   0.0000000E+00   0.0000000E+00
   1.6416241E-04   3.0727434E+06   3.0727434E+06   4.0219979E+06   1.0096677E+04   5.4444338E+04   3.0728887E+06   3.0727434E+06   0.0000000E+00   0.0000000E+00   0.0000000E+00   0.0000000E+00   0.0000000E+00
   1.7641021E-04   3.0726441E+06   3.0726441E+06   4.0103758E+06   1.0078771E+04   5.4332194E+04   3.0727794E+06   3.0726441E+06   0.0000000E+00   0.0000000E+00   0.0000000E+00   0.0000000E+00   0.0000000E+00
   1.8957179E-04   3.0725294E+06   3.0725294E+06   3.9969942E+06   1.0058136E+04   5.4203372E+04   3.0726533E+06   3.0725294E+06   0.0000000E+00   0.0000000E+00   0.0000000E+00   0.0000000E+00   0.0000000E+00
   2.0371533E-04   3.0723971E+06   3.0723971E+06   3.9815935E+06   1.0034367E+04   5.4055517E+04   3.0725077E+06   3.0723971E+06   0.0000000E+00   0.0000000E+00   0.0000000E+00   0.0000000E+00   0.0000000E+00
   2.1891409E-04   3.0722444E+06   3.0722444E+06   3.9638784E+06   1.0006996E+04   5.3885978E+04   3.0723398E+06   3.0722444E+06   0.0000000E+00   0.0000000E+00   0.0000000E+00   0.0000000E+00   0.0000000E+00
   2.3524680E-04   3.0720684E+06   3.0720684E+06   3.9435134E+06   9.9754921E+03   5.3691790E+04   3.0721462E+06   3.0720684E+06   0.0000000E+00   0.0000000E+00   0.0000000E+00   0.0000000E+00   0.0000000E+00
   2.5279805E-04   3.0718653E+06   3.0718653E+06   3.9201187E+06   9.9392492E+03   5.3469654E+04   3.0719229E+06   3.0718653E+06   0.0000000E+00   0.0000000E+00   0.0000000E+00   0.0000000E+00   0.0000000E+00
   2.7165876E-04   3.0716311E+06   3.0716311E+06   3.8932654E+06   9.8975791E+03   5.3215927E+04   3.0716654E+06   3.0716311E+06   0.0000000E+00   0.0000000E+00   0.0000000E+00   0.0000000E+00   0.0000000E+00
   2.9192663E-04   3.0713611E+06   3.0713611E+06   3.8624709E+06   9.8497014E+03   5.2926618E+04   3.0713686E+06   3.0713611E+06   0.0000000E+00   0.0000000E+00   0.0000000E+00   0.0000000E+00   0.0000000E+00
   3.1370665E-04   3.0710499E+06   3.0710499E+06   3.8271953E+06   9.7947346E+03   5.2597399E+04   3.0710266E+06   3.0710499E+06   0.0000000E+00   0.0000000E+00   0.0000000E+00   0.0000000E+00   0.0000000E+00
   3.3711162E-04   3.0706913E+06   3.0706913E+06   3.7868373E+06   9.7316860E+03   5.2223638E+04   3.0706326E+06   3.0706913E+06   0.0000000E+00   0.0000000E+00   0.0000000E+00   0.0000000E+00   0.0000000E+00
   3.6226278E-04   3.0702783E+06   3.0702783E+06   3.7407319E+06   9.6594430E+03   5.1800466E+04   3.0701788E+06   3.0702783E+06   0.0000000E+00   0.0000000E+00   0.0000000E+00   0.0000000E+00   0.0000000E+00
   3.8929042E-04   3.0698027E+06   3.0698027E+06   3.6881491E+06   9.5767647E+03   5.1322869E+04   3.0696565E+06   3.0698027E+06   0.0000000E+00   0.0000000E+00   0.0000000E+00   0.0000000E+00   0.0000000E+00
   4.1833454E-04   3.0692553E+06   3.0692553E+06   3.6282961E+06   9.4822761E+03   5.0785844E+04   3.0690556E+06   3.0692553E+06   0.0000000E+00   0.0000000E+00   0.0000000E+00   0.0000000E+00   0.0000000E+00
   4.4954557E-04   3.0686256E+06   3.0686256E+06   3.5603219E+06   9.3744643E+03   5.0184616E+04   3.0683646E+06   3.0686256E+06   0.0000000E+00   0.0000000E+00   0.0000000E+00   0.0000000E+00   0.0000000E+00
   4.8308519E-04   3.0679017E+06   3.0679017E+06   3.4833272E+06   9.2516804E+03   4.9514933E+04   3.0675705E+06   3.0679017E+06   0.0000000E+00   0.0000000E+00   0.0000000E+00   0.0000000E+00   0.0000000E+00
   5.1912712E-04   3.0670700E+06   3.0670700E+06   3.3963804E+06   9.1121471E+03   4.8773462E+04   3.0666586E+06   3.0670700E+06   0.0000000E+00   0.0000000E+00   0.0000000E+00   0.0000000E+00   0.0000000E+00
   5.5785807E-04   3.0661151E+06   3.0661151E+06   3.2985427E+06   8.9539756E+03   4.7958305E+04   3.0656123E+06   3.0661151E+06   0.0000000E+00   0.0000000E+00   0.0000000E+00   0.0000000E+00   0.0000000E+00
   5.9947865E-04   3.0650198E+06   3.0650198E+06   3.1889027E+06   8.7751942E+03   4.7069637E+04   3.0644129E+06   3.0650198E+06   0.0000000E+00   0.0000000E+00   0.0000000E+00   0.0000000E+00   0.0000000E+00
   6.4420445E-04   3.0637646E+06   3.0637646E+06   3.0666253E+06   8.5737934E+03   4.6110482E+04   3.0630395E+06   3.0637646E+06   0.0000000E+00   0.0000000E+00   0.0000000E+00   0.0000000E+00   0.0000000E+00
   6.9226714E-04   3.0623278E+06   3.0623278E+06   2.9310149E+06   8.3477893E+03   4.5087603E+04   3.0614688E+06   3.0623278E+06   0.0000000E+00   0.0000000E+00   0.0000000E+00   0.0000000E+00   0.0000000E+00
   7.4391569E-04   3.0606851E+06   3.0606851E+06   2.7815980E+06   8.0953135E+03   4.4012484E+04   3.0596750E+06   3.0606851E+06   0.0000000E+00   0.0000000E+00   0.0000000E+00   0.0000000E+00   0.0000000E+00
   7.9941763E-04   3.0588098E+06   3.0588098E+06   2.6182238E+06   7.8147296E+03   4.2902298E+04   3.0576296E+06   3.0588098E+06   0.0000000E+00   0.0000000E+00   0.0000000E+00   0.0000000E+00   0.0000000E+00
   8.5906044E-04   3.0566723E+06   3.0566723E+06   2.4411844E+06   7.5047845E+03   4.1780735E+04   3.0553014E+06   3.0566723E+06   0.0000000E+00   0.0000000E+00   0.0000000E+00   0.0000000E+00   0.0000000E+00
   9.2315307E-04   3.0542403E+06   3.0542403E+06   2.2513512E+06   7.1647938E+03   4.0678445E+04   3.0526567E+06   3.0542403E+06   0.0000000E+00   0.0000000E+00   0.0000000E+00   0.0000000E+00   0.0000000E+00
   9.9202752E-04   3.0514787E+06   3.0514787E+06   2.0503194E+06   6.7948611E+03   3.9632783E+04   3.0496589E+06   3.0514787E+06   0.0000000E+00   0.0000000E+00   0.0000000E+00   0.0000000E+00   0.0000000E+00
   1.0660405E-03   3.0483496E+06   3.0483496E+06   1.8405464E+06   6.3961250E+03   3.8686389E+04   3.0462695E+06   3.0483496E+06   0.0000000E+00   0.0000000E+00   0.0000000E+00   0.0000000E+00   0.0000000E+00
   1.1455755E-03   3.0448128E+06   3.0448128E+06   1.6254633E+06   5.9710191E+03   3.7884088E+04   3.0424474E+06   3.0448128E+06   0.0000000E+00   0.0000000E+00   0.0000000E+00   0.0000000E+00   0.0000000E+00
   1.2310444E-03   3.0408253E+06   3.0408253E+06   1.4095242E+06   5.5235188E+03   3.7267524E+04   3.0381503E+06   3.0408253E+06   0.0000000E+00   0.0000000E+00   0.0000000E+00   0.0000000E+00   0.0000000E+00
   1.3228900E-03   3.0363425E+06   3.0363425E+06   1.1981530E+06   5.0593346E+03   3.6867125E+04   3.0333342E+06   3.0363425E+06   0.0000000E+00   0.0000000E+00   0.0000000E+00   0.0000000E+00   0.0000000E+00
   1.4215879E-03   3.0313177E+06   3.0313177E+06   9.9753460E+05   4.5859959E+03   3.6691356E+04   3.0279548E+06   3.0313177E+06   0.0000000E+00   0.0000000E+00   0.0000000E+00   0.0000000E+00   0.0000000E+00
   1.5276495E-03   3.0257027E+06   3.0257027E+06   8.1420209E+05   4.1127539E+03   3.6714108E+04   3.0219671E+06   3.0257027E+06   0.0000000E+00   0.0000000E+00   0.0000000E+00   0.0000000E+00   0.0000000E+00
   1.6416241E-03   3.0194480E+06   3.0194480E+06   6.5438387E+05   3.6502257E+03   3.6862417E+04   3.0153263E+06   3.0194480E+06   0.0000000E+00   0.0000000E+00   0.0000000E+00   0.0000000E+00   0.0000000E+00
   1.7641021E-03   3.0125028E+06   3.0125028E+06   5.2311898E+05   3.2097110E+03   3.7008656E+04   3.0079876E+06   3.0125028E+06   0.0000000E+00   0.0000000E+00   0.0000000E+00   0.0000000E+00   0.0000000E+00
   1.8957179E-03   3.0048145E+06   3.0048145E+06   4.2322250E+05   2.8021492E+03   3.6973398E+04   2.9999054E+06   3.0048145E+06   0.0000000E+00   0.0000000E+00   0.0000000E+00   0.0000000E+00   0.0000000E+00
   2.0371533E-03   2.9963283E+06   2.9963283E+06   3.5429269E+05   2.4367669E+03   3.6546413E+04   2.9910330E+06   2.9963283E+06   0.0000000E+00   0.0000000E+00   0.0000000E+00   0.0000000E+00   0.0000000E+00
   2.1891409E-03   2.9869862E+06   2.9869862E+06   3.1207826E+05   2.1195853E+03   3.5531853E+04   2.9813204E+06   2.9869862E+06   0.0000000E+00   0.0000000E+00   0.0000000E+00   0.0000000E+00   0.0000000E+00
   2.3524680E-03   2.9767264E+06   2.9767264E+06   2.8861518E+05   1.8521181E+03   3.3817158E+04   2.9707135E+06   2.9767264E+06   0.0000000E+00   0.0000000E+00   0.0000000E+00   0.0000000E+00   0.0000000E+00
   2.5279805E-03   2.9654824E+06   2.9654824E+06   2.7351082E+05   1.6307255E+03   3.1451495E+04   2.9591512E+06   2.9654824E+06   0.0000000E+00   0.0000000E+00   0.0000000E+00   0.0000000E+00   0.0000000E+00
   2.7165876E-03   2.9531831E+06   2.9531831E+06   2.5648226E+05   1.4471210E+03   2.8699875E+04   2.9465655E+06   2.9531831E+06   0.0000000E+00   0.0000000E+00   0.0000000E+00   0.0000000E+00   0.0000000E+00
   2.9192663E-03   2.9397535E+06   2.9397535E+06   2.3067476E+05   1.2903244E+03   2.6022092E+04   2.9328809E+06   2.9397535E+06   0.0000000E+00   0.0000000E+00   0.0000000E+00   0.0000000E+00   0.0000000E+00
   3.1370665E-03   2.9251171E+06   2.9251171E+06   1.9549559E+05   1.1498230E+03   2.3930692E+04   2.9180165E+06   2.9251171E+06   0.0000000E+00   0.0000000E+00   0.0000000E+00   0.0000000E+00   0.0000000E+00
   3.3711162E-03   2.9091971E+06   2.9091971E+06   1.5712540E+05   1.0189210E+03   2.2734435E+04   2.9018892E+06   2.9091971E+06   0.0000000E+00   0.0000000E+00   0.0000000E+00   0.0000000E+00   0.0000000E+00
   3.6226278E-03   2.8919186E+06   2.8919186E+06   1.2527409E+05   8.9659255E+02   2.2280582E+04   2.8844161E+06   2.8919186E+06   0.0000000E+00   0.0000000E+00   0.0000000E+00   0.0000000E+00   0.0000000E+00
   3.8929042E-03   2.8732072E+06   2.8732072E+06   1.0679214E+05   7.8630139E+02   2.1918518E+04   2.8655169E+06   2.8732072E+06   0.0000000E+00   0.0000000E+00   0.0000000E+00   0.0000000E+00   0.0000000E+00
   4.1833454E-03   2.8529863E+06   2.8529863E+06   9.9962172E+04   6.9181693E+02   2.0879282E+04   2.8451126E+06   2.8529863E+06   0.0000000E+00   0.0000000E+00   0.0000000E+00   0.0000000E+00   0.0000000E+00
   4.4954557E-03   2.8311736E+06   2.8311736E+06   9.5042756E+04   6.1266571E+02   1.8953426E+04   2.8231229E+06   2.8311736E+06   0.0000000E+00   0.0000000E+00   0.0000000E+00   0.0000000E+00   0.0000000E+00
   4.8308519E-03   2.8076810E+06   2.8076810E+06   8.3048921E+04   5.4337721E+02   1.6855822E+04   2.7994648E+06   2.8076810E+06   0.0000000E+00   0.0000000E+00   0.0000000E+00   0.0000000E+00   0.0000000E+00
   5.1912712E-03   2.7824190E+06   2.7824190E+06   6.5584632E+04   4.7821327E+02   1.5589766E+04   2.7740546E+06   2.7824190E+06   0.0000000E+00   0.0000000E+00   0.0000000E+00   0.0000000E+00   0.0000000E+00
   5.5785807E-03   2.7553017E+06   2.7553017E+06   5.2984350E+04   4.1685263E+02   1.5149222E+04   2.7468102E+06   2.7553017E+06   0.0000000E+00   0.0000000E+00   0.0000000E+00   0.0000000E+00   0.0000000E+00
   5.9947865E-03   2.7262476E+06   2.7262476E+06   4.9454663E+04   3.6341322E+02   1.4337299E+04   2.7176514E+06   2.7262476E+06   0.0000000E+00   0.0000000E+00   0.0000000E+00   0.0000000E+00   0.0000000E+00
   6.4420445E-03   2.6951731E+06   2.6951731E+06   4.5904726E+04   3.1899017E+02   1.2642763E+04   2.6864936E+06   2.6951731E+06   0.0000000E+00   0.0000000E+00   0.0000000E+00   0.0000000E+00   0.0000000E+00
   6.9226714E-03   2.6619888E+06   2.6619888E+06   3.6096901E+04   2.7928507E+02   1.1354256E+04   2.6532447E+06   2.6619888E+06   0.0000000E+00   0.0000000E+00   0.0000000E+00   0.0000000E+00   0.0000000E+00
   7.4391569E-03   2.6266058E+06   2.6266058E+06   2.8831519E+04   2.4224503E+02   1.1019196E+04   2.6178126E+06   2.6266058E+06   0.0000000E+00   0.0000000E+00   0.0000000E+00   0.0000000E+00   0.0000000E+00
   7.9941763E-03   2.5889388E+06   2.5889388E+06   2.7636173E+04   2.1051985E+02   1.0042564E+04   2.5801127E+06   2.5889388E+06   0.0000000E+00   0.0000000E+00   0.0000000E+00   0.0000000E+00   0.0000000E+00
   8.5906044E-03   2.5488998E+06   2.5488998E+06   2.2555956E+04   1.8314208E+02   8.6812762E+03   2.5400641E+06   2.5488998E+06   0.0000000E+00   0.0000000E+00   0.0000000E+00   0.0000000E+00   0.0000000E+00
   9.2315307E-03   2.5064002E+06   2.5064002E+06   1.7412481E+04   1.5760852E+02   8.4397858E+03   2.4975833E+06   2.5064002E+06   0.0000000E+00   0.0000000E+00   0.0000000E+00   0.0000000E+00   0.0000000E+00
   9.9202752E-03   2.4613563E+06   2.4613563E+06   1.6782488E+04   1.3627084E+02   7.5674689E+03   2.4525792E+06   2.4613563E+06   0.0000000E+00   0.0000000E+00   0.0000000E+00   0.0000000E+00   0.0000000E+00
   1.0660405E-02   2.4136827E+06   2.4136827E+06   1.2465286E+04   1.1765941E+02   6.7236955E+03   2.4049599E+06   2.4136827E+06   0.0000000E+00   0.0000000E+00   0.0000000E+00   0.0000000E+00   0.0000000E+00
   1.1455755E-02   2.3632950E+06   2.3632950E+06   1.1451165E+04   1.0060490E+02   6.4272278E+03   2.3546505E+06   2.3632950E+06   0.0000000E+00   0.0000000E+00   0.0000000E+00   0.0000000E+00   0.0000000E+00
   1.2310444E-02   2.3101159E+06   2.3101159E+06   9.1320967E+03   8.6509544E+01   5.5098981E+03   2.3015754E+06   2.3101159E+06   0.0000000E+00   0.0000000E+00   0.0000000E+00   0.0000000E+00   0.0000000E+00
   1.3228900E-02   2.2540733E+06   2.2540733E+06   8.1878708E+03   7.3796508E+01   5.2628648E+03   2.2456537E+06   2.2540733E+06   0.0000000E+00   0.0000000E+00   0.0000000E+00   0.0000000E+00   0.0000000E+00
   1.4215879E-02   2.1951066E+06   2.1951066E+06   6.4141953E+03   6.2990141E+01   4.5308406E+03   2.1868317E+06   2.1951066E+06   0.0000000E+00   0.0000000E+00   0.0000000E+00   0.0000000E+00   0.0000000E+00
   1.5276495E-02   2.1331704E+06   2.1331704E+06   6.0943498E+03   5.3563098E+01   4.1384759E+03   2.1250611E+06   2.1331704E+06   0.0000000E+00   0.0000000E+00   0.0000000E+00   0.0000000E+00   0.0000000E+00
   1.6416241E-02   2.0682424E+06   2.0682424E+06   4.5917640E+03   4.5376576E+01   3.7766074E+03   2.0603181E+06   2.0682424E+06   0.0000000E+00   0.0000000E+00   0.0000000E+00   0.0000000E+00   0.0000000E+00
   1.7641021E-02   2.0003326E+06   2.0003326E+06   3.9518128E+03   3.8427650E+01   3.1978849E+03   1.9926153E+06   2.0003326E+06   0.0000000E+00   0.0000000E+00   0.0000000E+00   0.0000000E+00   0.0000000E+00
   1.8957179E-02   1.9294943E+06   1.9294943E+06   3.5460056E+03   3.2376094E+01   2.8923412E+03   1.9220020E+06   1.9294943E+06   0.0000000E+00   0.0000000E+00   0.0000000E+00   0.0000000E+00   0.0000000E+00
   2.0371533E-02   1.8558392E+06   1.8558392E+06   2.8632246E+03   2.7159852E+01   2.6743698E+03   1.8485913E+06   1.8558392E+06   0.0000000E+00   0.0000000E+00   0.0000000E+00   0.0000000E+00   0.0000000E+00
   2.1891405E-02   1.7795536E+06   1.7795536E+06   2.2593515E+03   2.2735709E+01   2.3900473E+03   1.7725665E+06   1.7795536E+06   0.0000000E+00   0.0000000E+00   0.0000000E+00   0.0000000E+00   0.0000000E+00
   2.3524654E-02   1.7009179E+06   1.7009179E+06   1.8363612E+03   1.8973165E+01   2.1075172E+03   1.6942080E+06   1.7009179E+06   0.0000000E+00   0.0000000E+00   0.0000000E+00   0.0000000E+00   0.0000000E+00
   2.5279672E-02   1.6203277E+06   1.6203277E+06   1.5240410E+03   1.5759399E+01   1.8662301E+03   1.6139084E+06   1.6203277E+06   0.0000000E+00   0.0000000E+00   0.0000000E+00   0.0000000E+00   0.0000000E+00
   2.7165283E-02   1.5383182E+06   1.5383182E+06   1.2813985E+03   1.3046625E+01   1.6530840E+03   1.5321999E+06   1.5383182E+06   0.0000000E+00   0.0000000E+00   0.0000000E+00   0.0000000E+00   0.0000000E+00
   2.9190354E-02   1.4555919E+06   1.4555919E+06   1.0903897E+03   1.0763792E+01   1.4481262E+03   1.4497825E+06   1.4555919E+06   0.0000000E+00   0.0000000E+00   0.0000000E+00   0.0000000E+00   0.0000000E+00
   3.1362744E-02   1.3730541E+06   1.3730541E+06   8.8860677E+02   8.8514751E+00   1.2420027E+03   1.3675570E+06   1.3730541E+06   0.0000000E+00   0.0000000E+00   0.0000000E+00   0.0000000E+00   0.0000000E+00
   3.3687028E-02   1.2918512E+06   1.2918512E+06   6.7877612E+02   7.2547647E+00   1.1119478E+03   1.2866649E+06   1.2918512E+06   0.0000000E+00   0.0000000E+00   0.0000000E+00   0.0000000E+00   0.0000000E+00
   3.6160598E-02   1.2133866E+06   1.2133866E+06   5.9377418E+02   5.9388659E+00   9.9541597E+02   1.2085032E+06   1.2133866E+06   0.0000000E+00   0.0000000E+00   0.0000000E+00   0.0000000E+00   0.0000000E+00
   3.8768833E-02   1.1392529E+06   1.1392529E+06   4.5361668E+02   4.8691168E+00   8.6334130E+02   1.1346579E+06   1.1392529E+06   0.0000000E+00   0.0000000E+00   0.0000000E+00   0.0000000E+00   0.0000000E+00
   4.1482277E-02   1.0710055E+06   1.0710055E+06   4.0141200E+02   4.0059117E+00   7.8578558E+02   1.0666775E+06   1.0710055E+06   0.0000000E+00   0.0000000E+00   0.0000000E+00   0.0000000E+00   0.0000000E+00
   4.4260126E-02   1.0097904E+06   1.0097904E+06   3.0487408E+02   3.3211105E+00   7.0563807E+02   1.0057031E+06   1.0097904E+06   0.0000000E+00   0.0000000E+00   0.0000000E+00   0.0000000E+00   0.0000000E+00
   4.7060680E-02   9.5601695E+05   9.5601695E+05   2.7649094E+02   2.7817633E+00   6.2796016E+02   9.5214189E+05   9.5601695E+05   0.0000000E+00   0.0000000E+00   0.0000000E+00   0.0000000E+00   0.0000000E+00
   4.9852570E-02   9.0930508E+05   9.0930508E+05   2.2289170E+02   2.3546160E+00   5.9432637E+02   9.0561495E+05   9.0930508E+05   0.0000000E+00   0.0000000E+00   0.0000000E+00   0.0000000E+00   0.0000000E+00
   5.2619594E-02   8.6871859E+05   8.6871859E+05   1.9352158E+02   2.0165047E+00   5.3070361E+02   8.6518959E+05   8.6871859E+05   0.0000000E+00   0.0000000E+00   0.0000000E+00   0.0000000E+00   0.0000000E+00
   5.5358657E-02   8.3308404E+05   8.3308404E+05   1.7102677E+02   1.7433046E+00   5.0958924E+02   8.2969683E+05   8.3308404E+05   0.0000000E+00   0.0000000E+00   0.0000000E+00   0.0000000E+00   0.0000000E+00
   5.8074969E-02   8.0122793E+05   8.0122793E+05   1.4315629E+02   1.5209709E+00   4.6552177E+02   7.9796775E+05   8.0122793E+05   0.0000000E+00   0.0000000E+00   0.0000000E+00   0.0000000E+00   0.0000000E+00
   6.0777807E-02   7.7209891E+05   7.7209891E+05   1.3346674E+02   1.3356014E+00   4.4594208E+02   7.6895516E+05   7.7209891E+05   0.0000000E+00   0.0000000E+00   0.0000000E+00   0.0000000E+00   0.0000000E+00
   6.3477844E-02   7.4481217E+05   7.4481217E+05   1.1002372E+02   1.1796065E+00   4.1737757E+02   7.4177774E+05   7.4481217E+05   0.0000000E+00   0.0000000E+00   0.0000000E+00   0.0000000E+00   0.0000000E+00
   6.6185749E-02   7.1865678E+05   7.1865678E+05   1.0567844E+02   1.0461526E+00   3.9532543E+02   7.1572735E+05   7.1865678E+05   0.0000000E+00   0.0000000E+00   0.0000000E+00   0.0000000E+00   0.0000000E+00
   6.8911587E-02   6.9308985E+05   6.9308985E+05   8.6378649E+01   9.3053375E-01   3.7671146E+02   6.9026329E+05   6.9308985E+05   0.0000000E+00   0.0000000E+00   0.0000000E+00   0.0000000E+00   0.0000000E+00
   7.1664625E-02   6.6772804E+05   6.6772804E+05   8.3465557E+01   8.2944374E-01   3.5156168E+02   6.6500374E+05   6.6772804E+05   0.0000000E+00   0.0000000E+00   0.0000000E+00   0.0000000E+00   0.0000000E+00
   7.4453343E-02   6.4233903E+05   6.4233903E+05   6.9983483E+01   7.3998985E-01   3.4205322E+02   6.3971729E+05   6.4233903E+05   0.0000000E+00   0.0000000E+00   0.0000000E+00   0.0000000E+00   0.0000000E+00
   7.7285516E-02   6.1683268E+05   6.1683268E+05   6.3507406E+01   6.6095283E-01   3.1287406E+02   6.1431413E+05   6.1683268E+05   0.0000000E+00   0.0000000E+00   0.0000000E+00   0.0000000E+00   0.0000000E+00
   8.0168322E-02   5.9124984E+05   5.9124984E+05   5.9020964E+01   5.9006953E-01   3.0471358E+02   5.8883496E+05   5.9124984E+05   0.0000000E+00   0.0000000E+00   0.0000000E+00   0.0000000E+00   0.0000000E+00
   8.3108458E-02   5.6574721E+05   5.6574721E+05   4.8352632E+01   5.2691533E-01   2.8644581E+02   5.6343579E+05   5.6574721E+05   0.0000000E+00   0.0000000E+00   0.0000000E+00   0.0000000E+00   0.0000000E+00
   8.6112233E-02   5.4057615E+05   5.4057615E+05   4.5070495E+01   4.7051881E-01   2.6498474E+02   5.3836695E+05   5.4057615E+05   0.0000000E+00   0.0000000E+00   0.0000000E+00   0.0000000E+00   0.0000000E+00
   8.9185656E-02   5.1605494E+05   5.1605494E+05   4.1754539E+01   4.2000683E-01   2.5413844E+02   5.1394540E+05   5.1605494E+05   0.0000000E+00   0.0000000E+00   0.0000000E+00   0.0000000E+00   0.0000000E+00
   9.2334505E-02   4.9253398E+05   4.9253398E+05   3.6108274E+01   3.7505353E-01   2.4256679E+02   4.9052010E+05   4.9253398E+05   0.0000000E+00   0.0000000E+00   0.0000000E+00   0.0000000E+00   0.0000000E+00
   9.5564386E-02   4.7035551E+05   4.7035551E+05   3.1183074E+01   3.3510753E-01   2.2917769E+02   4.6843188E+05   4.7035551E+05   0.0000000E+00   0.0000000E+00   0.0000000E+00   0.0000000E+00   0.0000000E+00
   9.8880785E-02   4.4981017E+05   4.4981017E+05   2.7545453E+01   2.9977206E-01   2.1595775E+02   4.4797017E+05   4.4981017E+05   0.0000000E+00   0.0000000E+00   0.0000000E+00   0.0000000E+00   0.0000000E+00
   1.0228910E-01   4.3109447E+05   4.3109447E+05   2.4629676E+01   2.6858679E-01   2.0487443E+02   4.2933069E+05   4.3109447E+05   0.0000000E+00   0.0000000E+00   0.0000000E+00   0.0000000E+00   0.0000000E+00
   1.0579469E-01   4.1427463E+05   4.1427463E+05   2.2123536E+01   2.4113502E-01   1.9536016E+02   4.1257934E+05   4.1427463E+05   0.0000000E+00   0.0000000E+00   0.0000000E+00   0.0000000E+00   0.0000000E+00
   1.0940287E-01   3.9926254E+05   3.9926254E+05   2.0034640E+01   2.1693867E-01   1.8741194E+02   3.9762840E+05   3.9926254E+05   0.0000000E+00   0.0000000E+00   0.0000000E+00   0.0000000E+00   0.0000000E+00
   1.1311896E-01   3.8581027E+05   3.8581027E+05   1.8496341E+01   1.9559177E-01   1.8049093E+02   3.8423094E+05   3.8581027E+05   0.0000000E+00   0.0000000E+00   0.0000000E+00   0.0000000E+00   0.0000000E+00
   1.1694831E-01   3.7352756E+05   3.7352756E+05   1.7346468E+01   1.7665026E-01   1.7297314E+02   3.7199827E+05   3.7352756E+05   0.0000000E+00   0.0000000E+00   0.0000000E+00   0.0000000E+00   0.0000000E+00
   1.2089627E-01   3.6192467E+05   3.6192467E+05   1.5663127E+01   1.5972459E-01   1.6439878E+02   3.6044268E+05   3.6192467E+05   0.0000000E+00   0.0000000E+00   0.0000000E+00   0.0000000E+00   0.0000000E+00
   1.2496824E-01   3.5047845E+05   3.5047845E+05   1.3431645E+01   1.4441479E-01   1.5877568E+02   3.4904313E+05   3.5047845E+05   0.0000000E+00   0.0000000E+00   0.0000000E+00   0.0000000E+00   0.0000000E+00
   1.2916966E-01   3.3871444E+05   3.3871444E+05   1.2738934E+01   1.3044918E-01   1.5397690E+02   3.3732712E+05   3.3871444E+05   0.0000000E+00   0.0000000E+00   0.0000000E+00   0.0000000E+00   0.0000000E+00
   1.3350604E-01   3.2629233E+05   3.2629233E+05   1.1206496E+01   1.1762178E-01   1.4548592E+02   3.2495574E+05   3.2629233E+05   0.0000000E+00   0.0000000E+00   0.0000000E+00   0.0000000E+00   0.0000000E+00
   1.3798294E-01   3.1307771E+05   3.1307771E+05   1.0320516E+01   1.0576638E-01   1.4083534E+02   3.1179511E+05   3.1307771E+05   0.0000000E+00   0.0000000E+00   0.0000000E+00   0.0000000E+00   0.0000000E+00
   1.4260597E-01   2.9918133E+05   2.9918133E+05   8.8030639E+00   9.4851539E-02   1.3278183E+02   2.9795553E+05   2.9918133E+05   0.0000000E+00   0.0000000E+00   0.0000000E+00   0.0000000E+00   0.0000000E+00
   1.4738083E-01   2.8495013E+05   2.8495013E+05   8.2496007E+00   8.4841621E-02   1.2544117E+02   2.8378252E+05   2.8495013E+05   0.0000000E+00   0.0000000E+00   0.0000000E+00   0.0000000E+00   0.0000000E+00
   1.5231329E-01   2.7090216E+05   2.7090216E+05   7.4233875E+00   7.5758104E-02   1.1956650E+02   2.6979201E+05   2.7090216E+05   0.0000000E+00   0.0000000E+00   0.0000000E+00   0.0000000E+00   0.0000000E+00
   1.5740919E-01   2.5761101E+05   2.5761101E+05   6.5383285E+00   6.7623556E-02   1.1362327E+02   2.5655523E+05   2.5761101E+05   0.0000000E+00   0.0000000E+00   0.0000000E+00   0.0000000E+00   0.0000000E+00
   1.6267447E-01   2.4556131E+05   2.4556131E+05   5.8359323E+00   6.0434991E-02   1.0776363E+02   2.4455484E+05   2.4556131E+05   0.0000000E+00   0.0000000E+00   0.0000000E+00   0.0000000E+00   0.0000000E+00
   1.6811517E-01   2.3501138E+05   2.3501138E+05   5.2505109E+00   5.4140204E-02   1.0235215E+02   2.3404807E+05   2.3501138E+05   0.0000000E+00   0.0000000E+00   0.0000000E+00   0.0000000E+00   0.0000000E+00
   1.7373742E-01   2.2590582E+05   2.2590582E+05   4.6282311E+00   4.8641547E-02   9.7603292E+01   2.2497977E+05   2.2590582E+05   0.0000000E+00   0.0000000E+00   0.0000000E+00   0.0000000E+00   0.0000000E+00
   1.7954749E-01   2.1787518E+05   2.1787518E+05   4.0846401E+00   4.3801459E-02   9.4424643E+01   2.1698198E+05   2.1787518E+05   0.0000000E+00   0.0000000E+00   0.0000000E+00   0.0000000E+00   0.0000000E+00
   1.8555178E-01   2.1033742E+05   2.1033742E+05   3.8576756E+00   3.9483478E-02   9.0839067E+01   2.0947508E+05   2.1033742E+05   0.0000000E+00   0.0000000E+00   0.0000000E+00   0.0000000E+00   0.0000000E+00
   1.9175683E-01   2.0268236E+05   2.0268236E+05   3.3286776E+00   3.5561236E-02   8.7166411E+01   2.0185135E+05   2.0268236E+05   0.0000000E+00   0.0000000E+00   0.0000000E+00   0.0000000E+00   0.0000000E+00
   1.9816938E-01   1.9448279E+05   1.9448279E+05   3.1017080E+00   3.1944868E-02   8.3188161E+01   1.9368535E+05   1.9448279E+05   0.0000000E+00   0.0000000E+00   0.0000000E+00   0.0000000E+00   0.0000000E+00
   2.0479637E-01   1.8565337E+05   1.8565337E+05   2.7750414E+00   2.8590675E-02   7.9616922E+01   1.8489209E+05   1.8565337E+05   0.0000000E+00   0.0000000E+00   0.0000000E+00   0.0000000E+00   0.0000000E+00
   2.1164500E-01   1.7648392E+05   1.7648392E+05   2.4397754E+00   2.5510971E-02   7.5559522E+01   1.7576021E+05   1.7648392E+05   0.0000000E+00   0.0000000E+00   0.0000000E+00   0.0000000E+00   0.0000000E+00
   2.1872271E-01   1.6751581E+05   1.6751581E+05   2.1737524E+00   2.2729099E-02   7.1507693E+01   1.6682884E+05   1.6751581E+05   0.0000000E+00   0.0000000E+00   0.0000000E+00   0.0000000E+00   0.0000000E+00
   2.2603730E-01   1.5929876E+05   1.5929876E+05   1.9571365E+00   2.0265168E-02   6.7708569E+01   1.5864546E+05   1.5929876E+05   0.0000000E+00   0.0000000E+00   0.0000000E+00   0.0000000E+00   0.0000000E+00
   2.3359693E-01   1.5213177E+05   1.5213177E+05   1.7122709E+00   1.8115568E-02   6.4397468E+01   1.5150783E+05   1.5213177E+05   0.0000000E+00   0.0000000E+00   0.0000000E+00   0.0000000E+00   0.0000000E+00
   2.4141022E-01   1.4591831E+05   1.4591831E+05   1.5517086E+00   1.6241128E-02   6.1881071E+01   1.4531984E+05   1.4591831E+05   0.0000000E+00   0.0000000E+00   0.0000000E+00   0.0000000E+00   0.0000000E+00
   2.4948627E-01   1.4022427E+05   1.4022427E+05   1.3751552E+00   1.4584028E-02   5.9188109E+01   1.3964913E+05   1.4022427E+05   0.0000000E+00   0.0000000E+00   0.0000000E+00   0.0000000E+00   0.0000000E+00
   2.5783480E-01   1.3452358E+05   1.3452358E+05   1.2580295E+00   1.3084497E-02   5.6642962E+01   1.3397180E+05   1.3452358E+05   0.0000000E+00   0.0000000E+00   0.0000000E+00   0.0000000E+00   0.0000000E+00
   2.6646617E-01   1.2850039E+05   1.2850039E+05   1.1292356E+00   1.1705798E-02   5.4056407E+01   1.2797331E+05   1.2850039E+05   0.0000000E+00   0.0000000E+00   0.0000000E+00   0.0000000E+00   0.0000000E+00
   2.7539155E-01   1.2222287E+05   1.2222287E+05   1.0023553E+00   1.0438875E-02   5.1344069E+01   1.2172151E+05   1.2222287E+05   0.0000000E+00   0.0000000E+00   0.0000000E+00   0.0000000E+00   0.0000000E+00
   2.8462303E-01   1.1606703E+05   1.1606703E+05   8.7793775E-01   9.2950251E-03   4.8697973E+01   1.1559092E+05   1.1606703E+05   0.0000000E+00   0.0000000E+00   0.0000000E+00   0.0000000E+00   0.0000000E+00
   2.9417369E-01   1.1043193E+05   1.1043193E+05   7.9105064E-01   8.2834875E-03   4.6331775E+01   1.0997892E+05   1.1043193E+05   0.0000000E+00   0.0000000E+00   0.0000000E+00   0.0000000E+00   0.0000000E+00
   3.0405788E-01   1.0544611E+05   1.0544611E+05   6.9938760E-01   7.3984666E-03   4.4164918E+01   1.0501354E+05   1.0544611E+05   0.0000000E+00   0.0000000E+00   0.0000000E+00   0.0000000E+00   0.0000000E+00
   3.1429128E-01   1.0089087E+05   1.0089087E+05   6.2762361E-01   6.6173686E-03   4.2176952E+01   1.0047698E+05   1.0089087E+05   0.0000000E+00   0.0000000E+00   0.0000000E+00   0.0000000E+00   0.0000000E+00
   3.2489121E-01   9.6405748E+04   9.6405748E+04   5.6074428E-01   5.9135845E-03   4.0257423E+01   9.6010244E+04   9.6405748E+04   0.0000000E+00   0.0000000E+00   0.0000000E+00   0.0000000E+00   0.0000000E+00
   3.3587686E-01   9.1801905E+04   9.1801905E+04   5.0036332E-01   5.2710305E-03   3.8334436E+01   9.1425281E+04   9.1801905E+04   0.0000000E+00   0.0000000E+00   0.0000000E+00   0.0000000E+00   0.0000000E+00
   3.4726956E-01   8.7200363E+04   8.7200363E+04   4.4811376E-01   4.6880161E-03   3.6353362E+01   8.6842609E+04   8.7200363E+04   0.0000000E+00   0.0000000E+00   0.0000000E+00   0.0000000E+00   0.0000000E+00
   3.5909320E-01   8.2866474E+04   8.2866474E+04   3.9778704E-01   4.1684420E-03   3.4521723E+01   8.2526495E+04   8.2866474E+04   0.0000000E+00   0.0000000E+00   0.0000000E+00   0.0000000E+00   0.0000000E+00
   3.7137460E-01   7.8915650E+04   7.8915650E+04   3.5403290E-01   3.7098674E-03   3.2849960E+01   7.8591874E+04   7.8915650E+04   0.0000000E+00   0.0000000E+00   0.0000000E+00   0.0000000E+00   0.0000000E+00
   3.8414409E-01   7.5208149E+04   7.5208149E+04   3.1466999E-01   3.3025791E-03   3.1264323E+01   7.4899580E+04   7.5208149E+04   0.0000000E+00   0.0000000E+00   0.0000000E+00   0.0000000E+00   0.0000000E+00
   3.9743611E-01   7.1541484E+04   7.1541484E+04   2.7963145E-01   2.9347712E-03   2.9730943E+01   7.1247955E+04   7.1541484E+04   0.0000000E+00   0.0000000E+00   0.0000000E+00   0.0000000E+00   0.0000000E+00
   4.1129000E-01   6.7892578E+04   6.7892578E+04   2.4729247E-01   2.6017937E-03   2.8202416E+01   6.7614015E+04   6.7892578E+04   0.0000000E+00   0.0000000E+00   0.0000000E+00   0.0000000E+00   0.0000000E+00
   4.2575099E-01   6.4400544E+04   6.4400544E+04   2.1963248E-01   2.3038717E-03   2.6715799E+01   6.4136304E+04   6.4400544E+04   0.0000000E+00   0.0000000E+00   0.0000000E+00   0.0000000E+00   0.0000000E+00
   4.4087136E-01   6.1136361E+04   6.1136361E+04   1.9387485E-01   2.0389278E-03   2.5356752E+01   6.0885512E+04   6.1136361E+04   0.0000000E+00   0.0000000E+00   0.0000000E+00   0.0000000E+00   0.0000000E+00
   4.5671198E-01   5.8008447E+04   5.8008447E+04   1.7146278E-01   1.8023614E-03   2.4041225E+01   5.7770429E+04   5.8008447E+04   0.0000000E+00   0.0000000E+00   0.0000000E+00   0.0000000E+00   0.0000000E+00
   4.7334421E-01   5.4930130E+04   5.4930130E+04   1.5144740E-01   1.5893059E-03   2.2756224E+01   5.4704740E+04   5.4930130E+04   0.0000000E+00   0.0000000E+00   0.0000000E+00   0.0000000E+00   0.0000000E+00
   4.9085230E-01   5.1944774E+04   5.1944774E+04   1.3315713E-01   1.3978005E-03   2.1499340E+01   5.1731631E+04   5.1944774E+04   0.0000000E+00   0.0000000E+00   0.0000000E+00   0.0000000E+00   0.0000000E+00
   5.0933654E-01   4.9101921E+04   4.9101921E+04   1.1676377E-01   1.2271438E-03   2.0308273E+01   4.8900442E+04   4.9101921E+04   0.0000000E+00   0.0000000E+00   0.0000000E+00   0.0000000E+00   0.0000000E+00
   5.2891721E-01   4.6353295E+04   4.6353295E+04   1.0227681E-01   1.0740403E-03   1.9170458E+01   4.6163092E+04   4.6353295E+04   0.0000000E+00   0.0000000E+00   0.0000000E+00   0.0000000E+00   0.0000000E+00
   5.4973975E-01   4.3664994E+04   4.3664994E+04   8.9140960E-02   9.3672232E-04   1.8040900E+01   4.3485820E+04   4.3664994E+04   0.0000000E+00   0.0000000E+00   0.0000000E+00   0.0000000E+00   0.0000000E+00
   5.7198137E-01   4.1065898E+04   4.1065898E+04   7.7437279E-02   8.1376715E-04   1.6963656E+01   4.0897388E+04   4.1065898E+04   0.0000000E+00   0.0000000E+00   0.0000000E+00   0.0000000E+00   0.0000000E+00
   5.9585957E-01   3.8544689E+04   3.8544689E+04   6.7001234E-02   7.0381969E-04   1.5915106E+01   3.8386524E+04   3.8544689E+04   0.0000000E+00   0.0000000E+00   0.0000000E+00   0.0000000E+00   0.0000000E+00
   6.2164285E-01   3.6077634E+04   3.6077634E+04   5.7607678E-02   6.0526504E-04   1.4891072E+01   3.5929590E+04   3.6077634E+04   0.0000000E+00   0.0000000E+00   0.0000000E+00   0.0000000E+00   0.0000000E+00
   6.4966374E-01   3.3673438E+04   3.3673438E+04   4.9231089E-02   5.1726672E-04   1.3890814E+01   3.3535258E+04   3.3673438E+04   0.0000000E+00   0.0000000E+00   0.0000000E+00   0.0000000E+00   0.0000000E+00
   6.8033366E-01   3.1318919E+04   3.1318919E+04   4.1750599E-02   4.3869313E-04   1.2914970E+01   3.1190401E+04   3.1318919E+04   0.0000000E+00   0.0000000E+00   0.0000000E+00   0.0000000E+00   0.0000000E+00
   7.1415746E-01   2.9010782E+04   2.9010782E+04   3.5096804E-02   3.6875975E-04   1.1964008E+01   2.8891735E+04   2.9010782E+04   0.0000000E+00   0.0000000E+00   0.0000000E+00   0.0000000E+00   0.0000000E+00
   7.5174215E-01   2.6746670E+04   2.6746670E+04   2.9203713E-02   3.0686534E-04   1.1020549E+01   2.6636912E+04   2.6746670E+04   0.0000000E+00   0.0000000E+00   0.0000000E+00   0.0000000E+00   0.0000000E+00
   7.9378937E-01   2.4527915E+04   2.4527915E+04   2.4018417E-02   2.5237111E-04   1.0107545E+01   2.4427262E+04   2.4527915E+04   0.0000000E+00   0.0000000E+00   0.0000000E+00   0.0000000E+00   0.0000000E+00
   8.4105509E-01   2.2361818E+04   2.2361818E+04   1.9505024E-02   2.0494782E-04   9.2132754E+00   2.2270053E+04   2.2361818E+04   0.0000000E+00   0.0000000E+00   0.0000000E+00   0.0000000E+00   0.0000000E+00
   8.9426222E-01   2.0264039E+04   2.0264039E+04   1.5634279E-02   1.6427861E-04   8.3485018E+00   2.0180882E+04   2.0264039E+04   0.0000000E+00   0.0000000E+00   0.0000000E+00   0.0000000E+00   0.0000000E+00
   9.5397573E-01   1.8257335E+04   1.8257335E+04   1.2377705E-02   1.3006131E-04   7.5182303E+00   1.8182413E+04   1.8257335E+04   0.0000000E+00   0.0000000E+00   0.0000000E+00   0.0000000E+00   0.0000000E+00
   1.0204995E+00   1.6367613E+04   1.6367613E+04   9.6968939E-03   1.0189978E-04   6.7365474E+00   1.6300445E+04   1.6367613E+04   0.0000000E+00   0.0000000E+00   0.0000000E+00   0.0000000E+00   0.0000000E+00
   1.0938811E+00   1.4617306E+04   1.4617306E+04   7.5369414E-03   7.9199881E-05   6.0157526E+00   1.4557321E+04   1.4617306E+04   0.0000000E+00   0.0000000E+00   0.0000000E+00   0.0000000E+00   0.0000000E+00
   1.1740448E+00   1.3019911E+04   1.3019911E+04   5.8277693E-03   6.1242028E-05   5.3576161E+00   1.2966481E+04   1.3019911E+04   0.0000000E+00   0.0000000E+00   0.0000000E+00   0.0000000E+00   0.0000000E+00
   1.2609639E+00   1.1577735E+04   1.1577735E+04   4.4923932E-03   4.7209723E-05   4.7619545E+00   1.1530223E+04   1.1577735E+04   0.0000000E+00   0.0000000E+00   0.0000000E+00   0.0000000E+00   0.0000000E+00
   1.3547645E+00   1.0284249E+04   1.0284249E+04   3.4570094E-03   3.6329807E-05   4.2298045E+00   1.0242045E+04   1.0284249E+04   0.0000000E+00   0.0000000E+00   0.0000000E+00   0.0000000E+00   0.0000000E+00
   1.4557400E+00   9.1286471E+03   9.1286471E+03   2.6576076E-03   2.7929889E-05   3.7527856E+00   9.0911851E+03   9.1286471E+03   0.0000000E+00   0.0000000E+00   0.0000000E+00   0.0000000E+00   0.0000000E+00
   1.5643176E+00   8.0982272E+03   8.0982272E+03   2.0416845E-03   2.1456560E-05   3.3302382E+00   8.0649938E+03   8.0982272E+03   0.0000000E+00   0.0000000E+00   0.0000000E+00   0.0000000E+00   0.0000000E+00
   1.6810191E+00   7.1805187E+03   7.1805187E+03   1.5676748E-03   1.6475726E-05   2.9521850E+00   7.1510513E+03   7.1805187E+03   0.0000000E+00   0.0000000E+00   0.0000000E+00   0.0000000E+00   0.0000000E+00
   1.8064342E+00   6.3638189E+03   6.3638189E+03   1.2031422E-03   1.2645208E-05   2.6155246E+00   6.3377030E+03   6.3638189E+03   0.0000000E+00   0.0000000E+00   0.0000000E+00   0.0000000E+00   0.0000000E+00
   1.9412079E+00   5.6374876E+03   5.6374876E+03   9.2297076E-04   9.7004540E-06   2.3170680E+00   5.6143523E+03   5.6374876E+03   0.0000000E+00   0.0000000E+00   0.0000000E+00   0.0000000E+00   0.0000000E+00
   2.0860371E+00   4.9918831E+03   4.9918831E+03   7.0824365E-04   7.4382137E-06   2.0518187E+00   4.9713973E+03   4.9918831E+03   0.0000000E+00   0.0000000E+00   0.0000000E+00   0.0000000E+00   0.0000000E+00
   2.2416718E+00   4.4183686E+03   4.4183686E+03   5.4252503E-04   5.7013624E-06   1.8160725E+00   4.4002364E+03   4.4183686E+03   0.0000000E+00   0.0000000E+00   0.0000000E+00   0.0000000E+00   0.0000000E+00
   2.4089180E+00   3.9091544E+03   3.9091544E+03   4.1562995E-04   4.3681929E-06   1.6070136E+00   3.8931119E+03   3.9091544E+03   0.0000000E+00   0.0000000E+00   0.0000000E+00   0.0000000E+00   0.0000000E+00
   2.5886422E+00   3.4572650E+03   3.4572650E+03   3.1830379E-04   3.3455767E-06   1.4208049E+00   3.4430769E+03   3.4572650E+03   0.0000000E+00   0.0000000E+00   0.0000000E+00   0.0000000E+00   0.0000000E+00
   2.7817751E+00   3.0564479E+03   3.0564479E+03   2.4367873E-04   2.5613671E-06   1.2560178E+00   3.0439047E+03   3.0564479E+03   0.0000000E+00   0.0000000E+00   0.0000000E+00   0.0000000E+00   0.0000000E+00
   2.9893173E+00   2.7011006E+03   2.7011006E+03   1.8648147E-04   1.9602397E-06   1.1100014E+00   2.6900157E+03   2.7011006E+03   0.0000000E+00   0.0000000E+00   0.0000000E+00   0.0000000E+00   0.0000000E+00
   3.2123438E+00   2.3862105E+03   2.3862105E+03   1.4265910E-04   1.4996450E-06   9.8084904E-01   2.3764179E+03   2.3862105E+03   0.0000000E+00   0.0000000E+00   0.0000000E+00   0.0000000E+00   0.0000000E+00
   3.4520098E+00   2.1072965E+03   2.1072965E+03   1.0909713E-04   1.1469189E-06   8.6601477E-01   2.0986485E+03   2.1072965E+03   0.0000000E+00   0.0000000E+00   0.0000000E+00   0.0000000E+00   0.0000000E+00
   3.7095568E+00   1.8603554E+03   1.8603554E+03   8.3402676E-05   8.7687356E-07   7.6428817E-01   1.8527208E+03   1.8603554E+03   0.0000000E+00   0.0000000E+00   0.0000000E+00   0.0000000E+00   0.0000000E+00
   3.9863187E+00   1.6418137E+03   1.6418137E+03   6.3737231E-05   6.7016731E-07   6.7458917E-01   1.6350760E+03   1.6418137E+03   0.0000000E+00   0.0000000E+00   0.0000000E+00   0.0000000E+00   0.0000000E+00
   4.2837293E+00   1.4484839E+03   1.4484839E+03   4.8700892E-05   5.1204198E-07   5.9526827E-01   1.4425395E+03   1.4484839E+03   0.0000000E+00   0.0000000E+00   0.0000000E+00   0.0000000E+00   0.0000000E+00
   4.6033291E+00   1.2775246E+03   1.2775246E+03   3.7194131E-05   3.9111925E-07   5.2491602E-01   1.2722818E+03   1.2775246E+03   0.0000000E+00   0.0000000E+00   0.0000000E+00   0.0000000E+00   0.0000000E+00
   4.9467735E+00   1.1264048E+03   1.1264048E+03   2.8397967E-05   2.9865649E-07   4.6278910E-01   1.1217822E+03   1.1264048E+03   0.0000000E+00   0.0000000E+00   0.0000000E+00   0.0000000E+00   0.0000000E+00
   5.3158415E+00   9.9287149E+02   9.9287149E+02   2.1676018E-05   2.2799564E-07   4.0792264E-01   9.8879690E+02   9.9287149E+02   0.0000000E+00   0.0000000E+00   0.0000000E+00   0.0000000E+00   0.0000000E+00
   5.7124449E+00   8.7492021E+02   8.7492021E+02   1.6540662E-05   1.7400195E-07   3.5951310E-01   8.7132967E+02   8.7492021E+02   0.0000000E+00   0.0000000E+00   0.0000000E+00   0.0000000E+00   0.0000000E+00
   6.1386380E+00   7.7076881E+02   7.7076881E+02   1.2621676E-05   1.3276346E-07   3.1667740E-01   7.6760569E+02   7.7076881E+02   0.0000000E+00   0.0000000E+00   0.0000000E+00   0.0000000E+00   0.0000000E+00
   6.5966284E+00   6.7883366E+02   6.7883366E+02   9.6243850E-06   1.0127492E-07   2.7890614E-01   6.7604782E+02   6.7883366E+02   0.0000000E+00   0.0000000E+00   0.0000000E+00   0.0000000E+00   0.0000000E+00
   7.0887885E+00   5.9770832E+02   5.9770832E+02   7.3380426E-06   7.7234969E-08   2.4561319E-01   5.9525542E+02   5.9770832E+02   0.0000000E+00   0.0000000E+00   0.0000000E+00   0.0000000E+00   0.0000000E+00
   7.6176677E+00   5.2614443E+02   5.2614443E+02   5.5935790E-06   5.8889278E-08   2.1620351E-01   5.2398521E+02   5.2614443E+02   0.0000000E+00   0.0000000E+00   0.0000000E+00   0.0000000E+00   0.0000000E+00
   8.1860053E+00   4.6303445E+02   4.6303445E+02   4.2635880E-06   4.4892149E-08   1.9024652E-01   4.6113423E+02   4.6303445E+02   0.0000000E+00   0.0000000E+00   0.0000000E+00   0.0000000E+00   0.0000000E+00
