#           k/h    CDM            baryon         photon         nu             mass_nu        total          no_nu          total_de       Weyl           v_CDM          v_b            v_b-v_c     
   1.1088422E-05   8.1442177E+06   8.1442177E+06   1.0856491E+07   7.5717518E+03   1.7528084E+06   8.1442706E+06   8.1442177E+06   0.0000000E+00   0.0000000E+00   0.0000000E+00   0.0000000E+00   0.0000000E+00
   1.1915706E-05   8.1442164E+06   8.1442164E+06   1.0856107E+07   7.5715826E+03   1.7527927E+06   8.1442693E+06   8.1442164E+06   0.0000000E+00   0.0000000E+00   0.0000000E+00   0.0000000E+00   0.0000000E+00
   1.2804710E-05   8.1442150E+06   8.1442150E+06   1.0855665E+07   7.5713873E+03   1.7527747E+06   8.1442677E+06   8.1442150E+06   0.0000000E+00   0.0000000E+00   0.0000000E+00   0.0000000E+00   0.0000000E+00
   1.3760042E-05   8.1442133E+06   8.1442133E+06   1.0855154E+07   7.5711617E+03   1.7527538E+06   8.1442660E+06   8.1442133E+06   0.0000000E+00   0.0000000E+00   0.0000000E+00   0.0000000E+00   0.0000000E+00
   1.4786649E-05   8.1442114E+06   8.1442114E+06   1.0854563E+07   7.5709013E+03   1.7527297E+06   8.1442639E+06   8.1442114E+06   0.0000000E+00   0.0000000E+00   0.0000000E+00   0.0000000E+00   0.0000000E+00
   1.5889849E-05   8.1442091E+06   8.1442091E+06   1.0853882E+07   7.5706005E+03   1.7527019E+06   8.1442615E+06   8.1442091E+06   0.0000000E+00   0.0000000E+00   0.0000000E+00   0.0000000E+00   0.0000000E+00
   1.7075356E-05   8.1442065E+06   8.1442065E+06   1.0853095E+07   7.5702532E+03   1.7526698E+06   8.1442588E+06   8.1442065E+06   0.0000000E+00   0.0000000E+00   0.0000000E+00   0.0000000E+00   0.0000000E+00
   1.8349311E-05   8.1442035E+06   8.1442035E+06   1.0852186E+07   7.5698522E+03   1.7526328E+06   8.1442556E+06   8.1442035E+06   0.0000000E+00   0.0000000E+00   0.0000000E+00   0.0000000E+00   0.0000000E+00
   1.9718313E-05   8.1442001E+06   8.1442001E+06   1.0851137E+07   7.5693891E+03   1.7525899E+06   8.1442520E+06   8.1442001E+06   0.0000000E+00   0.0000000E+00   0.0000000E+00   0.0000000E+00   0.0000000E+00
   2.1189454E-05   8.1441961E+06   8.1441961E+06   1.0849925E+07   7.5688544E+03   1.7525405E+06   8.1442477E+06   8.1441961E+06   0.0000000E+00   0.0000000E+00   0.0000000E+00   0.0000000E+00   0.0000000E+00
   2.2770353E-05   8.1441915E+06   8.1441915E+06   1.0848526E+07   7.5682370E+03   1.7524835E+06   8.1442429E+06   8.1441915E+06   0.0000000E+00   0.0000000E+00   0.0000000E+00   0.0000000E+00   0.0000000E+00
   2.4469199E-05   8.1441862E+06   8.1441862E+06   1.0846911E+07   7.5675241E+03   1.7524176E+06   8.1442372E+06   8.1441862E+06   0.0000000E+00   0.0000000E+00   0.0000000E+00   0.0000000E+00   0.0000000E+00
   2.6294793E-05   8.1441801E+06   8.1441801E+06   1.0845045E+07   7.5667010E+03   1.7523416E+06   8.1442307E+06   8.1441801E+06   0.0000000E+00   0.0000000E+00   0.0000000E+00   0.0000000E+00   0.0000000E+00
   2.8256591E-05   8.1441730E+06   8.1441730E+06   1.0842892E+07   7.5657506E+03   1.7522538E+06   8.1442232E+06   8.1441730E+06   0.0000000E+00   0.0000000E+00   0.0000000E+00   0.0000000E+00   0.0000000E+00
   3.0364754E-05   8.1441648E+06   8.1441648E+06   1.0840406E+07   7.5646532E+03   1.7521524E+06   8.1442145E+06   8.1441648E+06   0.0000000E+00   0.0000000E+00   0.0000000E+00   0.0000000E+00   0.0000000E+00
   3.2630202E-05   8.1441554E+06   8.1441554E+06   1.0837535E+07   7.5633863E+03   1.7520354E+06   8.1442045E+06   8.1441554E+06   0.0000000E+00   0.0000000E+00   0.0000000E+00   0.0000000E+00   0.0000000E+00
   3.5064670E-05   8.1441445E+06   8.1441445E+06   1.0834222E+07   7.5619235E+03   1.7519004E+06   8.1441930E+06   8.1441445E+06   0.0000000E+00   0.0000000E+00   0.0000000E+00   0.0000000E+00   0.0000000E+00
   3.7680769E-05   8.1441319E+06   8.1441319E+06   1.0830396E+07   7.5602347E+03   1.7517445E+06   8.1441796E+06   8.1441319E+06   0.0000000E+00   0.0000000E+00   0.0000000E+00   0.0000000E+00   0.0000000E+00
   4.0492050E-05   8.1441174E+06   8.1441174E+06   1.0825980E+07   7.5582850E+03   1.7515647E+06   8.1441642E+06   8.1441174E+06   0.0000000E+00   0.0000000E+00   0.0000000E+00   0.0000000E+00   0.0000000E+00
   4.3513074E-05   8.1441006E+06   8.1441006E+06   1.0820883E+07   7.5560343E+03   1.7513571E+06   8.1441464E+06   8.1441006E+06   0.0000000E+00   0.0000000E+00   0.0000000E+00   0.0000000E+00   0.0000000E+00
   4.6759490E-05   8.1440812E+06   8.1440812E+06   1.0815000E+07   7.5534362E+03   1.7511176E+06   8.1441259E+06   8.1440812E+06   0.0000000E+00   0.0000000E+00   0.0000000E+00   0.0000000E+00   0.0000000E+00
   5.0248114E-05   8.1440588E+06   8.1440588E+06   1.0808210E+07   7.5504373E+03   1.7508413E+06   8.1441021E+06   8.1440588E+06   0.0000000E+00   0.0000000E+00   0.0000000E+00   0.0000000E+00   0.0000000E+00
   5.3997016E-05   8.1440330E+06   8.1440330E+06   1.0800373E+07   7.5469758E+03   1.7505226E+06   8.1440747E+06   8.1440330E+06   0.0000000E+00   0.0000000E+00   0.0000000E+00   0.0000000E+00   0.0000000E+00
   5.8025616E-05   8.1440031E+06   8.1440031E+06   1.0791331E+07   7.5429809E+03   1.7501549E+06   8.1440431E+06   8.1440031E+06   0.0000000E+00   0.0000000E+00   0.0000000E+00   0.0000000E+00   0.0000000E+00
   6.2354781E-05   8.1439687E+06   8.1439687E+06   1.0780898E+07   7.5383706E+03   1.7497310E+06   8.1440066E+06   8.1439687E+06   0.0000000E+00   0.0000000E+00   0.0000000E+00   0.0000000E+00   0.0000000E+00
   6.7006936E-05   8.1439289E+06   8.1439289E+06   1.0768863E+07   7.5330508E+03   1.7492423E+06   8.1439644E+06   8.1439289E+06   0.0000000E+00   0.0000000E+00   0.0000000E+00   0.0000000E+00   0.0000000E+00
   7.2006178E-05   8.1438830E+06   8.1438830E+06   1.0754980E+07   7.5269129E+03   1.7486790E+06   8.1439157E+06   8.1438830E+06   0.0000000E+00   0.0000000E+00   0.0000000E+00   0.0000000E+00   0.0000000E+00
   7.7378403E-05   8.1438300E+06   8.1438300E+06   1.0738970E+07   7.5198321E+03   1.7480300E+06   8.1438595E+06   8.1438300E+06   0.0000000E+00   0.0000000E+00   0.0000000E+00   0.0000000E+00   0.0000000E+00
   8.3151438E-05   8.1437688E+06   8.1437688E+06   1.0720510E+07   7.5116649E+03   1.7472824E+06   8.1437946E+06   8.1437688E+06   0.0000000E+00   0.0000000E+00   0.0000000E+00   0.0000000E+00   0.0000000E+00
   8.9355186E-05   8.1436982E+06   8.1436982E+06   1.0699231E+07   7.5022463E+03   1.7464216E+06   8.1437197E+06   8.1436982E+06   0.0000000E+00   0.0000000E+00   0.0000000E+00   0.0000000E+00   0.0000000E+00
   9.6021782E-05   8.1436166E+06   8.1436166E+06   1.0674709E+07   7.4913868E+03   1.7454310E+06   8.1436332E+06   8.1436166E+06   0.0000000E+00   0.0000000E+00   0.0000000E+00   0.0000000E+00   0.0000000E+00
   1.0318576E-04   8.1435225E+06   8.1435225E+06   1.0646458E+07   7.4788689E+03   1.7442915E+06   8.1435333E+06   8.1435225E+06   0.0000000E+00   0.0000000E+00   0.0000000E+00   0.0000000E+00   0.0000000E+00
   1.1088422E-04   8.1434139E+06   8.1434139E+06   1.0613923E+07   7.4644434E+03   1.7429816E+06   8.1434181E+06   8.1434139E+06   0.0000000E+00   0.0000000E+00   0.0000000E+00   0.0000000E+00   0.0000000E+00
   1.1915706E-04   8.1432885E+06   8.1432885E+06   1.0576471E+07   7.4478250E+03   1.7414769E+06   8.1432852E+06   8.1432885E+06   0.0000000E+00   0.0000000E+00   0.0000000E+00   0.0000000E+00   0.0000000E+00
   1.2804710E-04   8.1431438E+06   8.1431438E+06   1.0533379E+07   7.4286874E+03   1.7397498E+06   8.1431317E+06   8.1431438E+06   0.0000000E+00   0.0000000E+00   0.0000000E+00   0.0000000E+00   0.0000000E+00
   1.3760042E-04   8.1429768E+06   8.1429768E+06   1.0483828E+07   7.4066582E+03   1.7377693E+06   8.1429547E+06   8.1429768E+06   0.0000000E+00   0.0000000E+00   0.0000000E+00   0.0000000E+00   0.0000000E+00
   1.4786649E-04   8.1427842E+06   8.1427842E+06   1.0426884E+07   7.3813131E+03   1.7355008E+06   8.1427504E+06   8.1427842E+06   0.0000000E+00   0.0000000E+00   0.0000000E+00   0.0000000E+00   0.0000000E+00
   1.5889849E-04   8.1425620E+06   8.1425620E+06   1.0361497E+07   7.3521695E+03   1.7329056E+06   8.1425148E+06   8.1425620E+06   0.0000000E+00   0.0000000E+00   0.0000000E+00   0.0000000E+00   0.0000000E+00
   1.7075356E-04   8.1423057E+06   8.1423057E+06   1.0286477E+07   7.3186805E+03   1.7299410E+06   8.1422430E+06   8.1423057E+06   0.0000000E+00   0.0000000E+00   0.0000000E+00   0.0000000E+00   0.0000000E+00
   1.8349311E-04   8.1420101E+06   8.1420101E+06   1.0200496E+07   7.2802275E+03   1.7265603E+06   8.1419295E+06   8.1420101E+06   0.0000000E+00   0.0000000E+00   0.0000000E+00   0.0000000E+00   0.0000000E+00
   1.9718313E-04   8.1416694E+06   8.1416694E+06   1.0102065E+07   7.2361137E+03   1.7227126E+06   8.1415682E+06   8.1416694E+06   0.0000000E+00   0.0000000E+00   0.0000000E+00   0.0000000E+00   0.0000000E+00
   2.1189454E-04   8.1412766E+06   8.1412766E+06   9.9895361E+06   7.1855574E+03   1.7183435E+06   8.1411517E+06   8.1412766E+06   0.0000000E+00   0.0000000E+00   0.0000000E+00   0.0000000E+00   0.0000000E+00
   2.2770353E-04   8.1408239E+06   8.1408239E+06   9.8610909E+06   7.1276861E+03   1.7133956E+06   8.1406717E+06   8.1408239E+06   0.0000000E+00   0.0000000E+00   0.0000000E+00   0.0000000E+00   0.0000000E+00
   2.4469199E-04   8.1403025E+06   8.1403025E+06   9.7147451E+06   7.0615316E+03   1.7078094E+06   8.1401189E+06   8.1403025E+06   0.0000000E+00   0.0000000E+00   0.0000000E+00   0.0000000E+00   0.0000000E+00
   2.6294793E-04   8.1397020E+06   8.1397020E+06   9.5483553E+06   6.9860277E+03   1.7015254E+06   8.1394822E+06   8.1397020E+06   0.0000000E+00   0.0000000E+00   0.0000000E+00   0.0000000E+00   0.0000000E+00
   2.8256591E-04   8.1390108E+06   8.1390108E+06   9.3596381E+06   6.9000101E+03   1.6944860E+06   8.1387494E+06   8.1390108E+06   0.0000000E+00   0.0000000E+00   0.0000000E+00   0.0000000E+00   0.0000000E+00
   3.0364754E-04   8.1382156E+06   8.1382156E+06   9.1462035E+06   6.8022214E+03   1.6866390E+06   8.1379063E+06   8.1382156E+06   0.0000000E+00   0.0000000E+00   0.0000000E+00   0.0000000E+00   0.0000000E+00
   3.2630202E-04   8.1373011E+06   8.1373011E+06   8.9056076E+06   6.6913218E+03   1.6779416E+06   8.1369369E+06   8.1373011E+06   0.0000000E+00   0.0000000E+00   0.0000000E+00   0.0000000E+00   0.0000000E+00
   3.5064670E-04   8.1362502E+06   8.1362502E+06   8.6354293E+06   6.5659084E+03   1.6683660E+06   8.1358229E+06   8.1362502E+06   0.0000000E+00   0.0000000E+00   0.0000000E+00   0.0000000E+00   0.0000000E+00
   3.7680769E-04   8.1350433E+06   8.1350433E+06   8.3333781E+06   6.4245450E+03   1.6579063E+06   8.1345437E+06   8.1350433E+06   0.0000000E+00   0.0000000E+00   0.0000000E+00   0.0000000E+00   0.0000000E+00
   4.0492050E-04   8.1336585E+06   8.1336585E+06   7.9974386E+06   6.2658055E+03   1.6465858E+06   8.1330759E+06   8.1336585E+06   0.0000000E+00   0.0000000E+00   0.0000000E+00   0.0000000E+00   0.0000000E+00
   4.3513074E-04   8.1320707E+06   8.1320707E+06   7.6260588E+06   6.0883345E+03   1.6344664E+06   8.1313934E+06   8.1320707E+06   0.0000000E+00   0.0000000E+00   0.0000000E+00   0.0000000E+00   0.0000000E+00
   4.6759490E-04   8.1302523E+06   8.1302523E+06   7.2183853E+06   5.8909281E+03   1.6216576E+06   8.1294667E+06   8.1302523E+06   0.0000000E+00   0.0000000E+00   0.0000000E+00   0.0000000E+00   0.0000000E+00
   5.0248114E-04   8.1281719E+06   8.1281719E+06   6.7745494E+06   5.6726379E+03   1.6083249E+06   8.1272628E+06   8.1281719E+06   0.0000000E+00   0.0000000E+00   0.0000000E+00   0.0000000E+00   0.0000000E+00
   5.3997016E-04   8.1257950E+06   8.1257950E+06   6.2959969E+06   5.4328997E+03   1.5946956E+06   8.1247453E+06   8.1257950E+06   0.0000000E+00   0.0000000E+00   0.0000000E+00   0.0000000E+00   0.0000000E+00
   5.8025616E-04   8.1230829E+06   8.1230829E+06   5.7858494E+06   5.1716874E+03   1.5810589E+06   8.1218735E+06   8.1230829E+06   0.0000000E+00   0.0000000E+00   0.0000000E+00   0.0000000E+00   0.0000000E+00
   6.2354781E-04   8.1199931E+06   8.1199931E+06   5.2492688E+06   4.8896874E+03   1.5677569E+06   8.1186028E+06   8.1199931E+06   0.0000000E+00   0.0000000E+00   0.0000000E+00   0.0000000E+00   0.0000000E+00
   6.7006936E-04   8.1164790E+06   8.1164790E+06   4.6937769E+06   4.5884846E+03   1.5551616E+06   8.1148844E+06   8.1164790E+06   0.0000000E+00   0.0000000E+00   0.0000000E+00   0.0000000E+00   0.0000000E+00
   7.2006178E-04   8.1124895E+06   8.1124895E+06   4.1294606E+06   4.2707425E+03   1.5436314E+06   8.1106647E+06   8.1124895E+06   0.0000000E+00   0.0000000E+00   0.0000000E+00   0.0000000E+00   0.0000000E+00
   7.7378403E-04   8.1079689E+06   8.1079689E+06   3.5689626E+06   3.9403500E+03   1.5334446E+06   8.1058861E+06   8.1079689E+06   0.0000000E+00   0.0000000E+00   0.0000000E+00   0.0000000E+00   0.0000000E+00
   8.3151438E-04   8.1028571E+06   8.1028571E+06   3.0271399E+06   3.6024968E+03   1.5247042E+06   8.1004860E+06   8.1028571E+06   0.0000000E+00   0.0000000E+00   0.0000000E+00   0.0000000E+00   0.0000000E+00
   8.9355186E-04   8.0970887E+06   8.0970887E+06   2.5202587E+06   3.2636256E+03   1.5172223E+06   8.0943974E+06   8.0970887E+06   0.0000000E+00   0.0000000E+00   0.0000000E+00   0.0000000E+00   0.0000000E+00
   9.6021782E-04   8.0905935E+06   8.0905935E+06   2.0646206E+06   2.9312057E+03   1.5103959E+06   8.0875482E+06   8.0905935E+06   0.0000000E+00   0.0000000E+00   0.0000000E+00   0.0000000E+00   0.0000000E+00
   1.0318576E-03   8.0832953E+06   8.0832953E+06   1.6745884E+06   2.6132748E+03   1.5031081E+06   8.0798616E+06   8.0832953E+06   0.0000000E+00   0.0000000E+00   0.0000000E+00   0.0000000E+00   0.0000000E+00
   1.1088422E-03   8.0751121E+06   8.0751121E+06   1.3601344E+06   2.3177173E+03   1.4937067E+06   8.0712548E+06   8.0751121E+06   0.0000000E+00   0.0000000E+00   0.0000000E+00   0.0000000E+00   0.0000000E+00
   1.1915706E-03   8.0659545E+06   8.0659545E+06   1.1242732E+06   2.0513038E+03   1.4801277E+06   8.0616395E+06   8.0659545E+06   0.0000000E+00   0.0000000E+00   0.0000000E+00   0.0000000E+00   0.0000000E+00
   1.2804710E-03   8.0557254E+06   8.0557254E+06   9.6104322E+05   1.8185964E+03   1.4602331E+06   8.0509201E+06   8.0557254E+06   0.0000000E+00   0.0000000E+00   0.0000000E+00   0.0000000E+00   0.0000000E+00
   1.3760042E-03   8.0443188E+06   8.0443188E+06   8.5497747E+05   1.6209449E+03   1.4323913E+06   8.0389937E+06   8.0443188E+06   0.0000000E+00   0.0000000E+00   0.0000000E+00   0.0000000E+00   0.0000000E+00
   1.4786649E-03   8.0316194E+06   8.0316194E+06   7.8306185E+05   1.4559049E+03   1.3962254E+06   8.0257490E+06   8.0316194E+06   0.0000000E+00   0.0000000E+00   0.0000000E+00   0.0000000E+00   0.0000000E+00
   1.5889849E-03   8.0175022E+06   8.0175022E+06   7.1976089E+05   1.3174629E+03   1.3532884E+06   8.0110667E+06   8.0175022E+06   0.0000000E+00   0.0000000E+00   0.0000000E+00   0.0000000E+00   0.0000000E+00
   1.7075356E-03   8.0018337E+06   8.0018337E+06   6.4455368E+05   1.1973438E+03   1.3072381E+06   7.9948196E+06   8.0018337E+06   0.0000000E+00   0.0000000E+00   0.0000000E+00   0.0000000E+00   0.0000000E+00
   1.8349311E-03   7.9844731E+06   7.9844731E+06   5.4963091E+05   1.0873317E+03   1.2630245E+06   7.9768740E+06   7.9844731E+06   0.0000000E+00   0.0000000E+00   0.0000000E+00   0.0000000E+00   0.0000000E+00
   1.9718313E-03   7.9652756E+06   7.9652756E+06   4.4368134E+05   9.8196115E+02   1.2248923E+06   7.9570916E+06   7.9652756E+06   0.0000000E+00   0.0000000E+00   0.0000000E+00   0.0000000E+00   0.0000000E+00
   2.1189454E-03   7.9440932E+06   7.9440932E+06   3.4763394E+05   8.8035285E+02   1.1938061E+06   7.9353304E+06   7.9440932E+06   0.0000000E+00   0.0000000E+00   0.0000000E+00   0.0000000E+00   0.0000000E+00
   2.2770353E-03   7.9207759E+06   7.9207759E+06   2.8166454E+05   7.8585656E+02   1.1659927E+06   7.9114441E+06   7.9207759E+06   0.0000000E+00   0.0000000E+00   0.0000000E+00   0.0000000E+00   0.0000000E+00
   2.4469199E-03   7.8951694E+06   7.8951694E+06   2.4981501E+05   7.0307612E+02   1.1346888E+06   7.8852802E+06   7.8951694E+06   0.0000000E+00   0.0000000E+00   0.0000000E+00   0.0000000E+00   0.0000000E+00
   2.6294793E-03   7.8671118E+06   7.8671118E+06   2.3479314E+05   6.3378487E+02   1.0954073E+06   7.8566756E+06   7.8671118E+06   0.0000000E+00   0.0000000E+00   0.0000000E+00   0.0000000E+00   0.0000000E+00
   2.8256591E-03   7.8364312E+06   7.8364312E+06   2.1209848E+05   5.7494449E+02   1.0509235E+06   7.8254556E+06   7.8364312E+06   0.0000000E+00   0.0000000E+00   0.0000000E+00   0.0000000E+00   0.0000000E+00
   3.0364754E-03   7.8029464E+06   7.8029464E+06   1.7462831E+05   5.2120917E+02   1.0094299E+06   7.7914351E+06   7.8029464E+06   0.0000000E+00   0.0000000E+00   0.0000000E+00   0.0000000E+00   0.0000000E+00
   3.2630202E-03   7.7664698E+06   7.7664698E+06   1.4001440E+05   4.6998767E+02   9.7459568E+05   7.7544231E+06   7.7664698E+06   0.0000000E+00   0.0000000E+00   0.0000000E+00   0.0000000E+00   0.0000000E+00
   3.5064670E-03   7.7268077E+06   7.7268077E+06   1.2465190E+05   4.2312682E+02   9.3913874E+05   7.7142249E+06   7.7268077E+06   0.0000000E+00   0.0000000E+00   0.0000000E+00   0.0000000E+00   0.0000000E+00
   3.7680769E-03   7.6837579E+06   7.6837579E+06   1.1659534E+05   3.8244269E+02   8.9538764E+05   7.6706390E+06   7.6837579E+06   0.0000000E+00   0.0000000E+00   0.0000000E+00   0.0000000E+00   0.0000000E+00
   4.0492050E-03   7.6371056E+06   7.6371056E+06   9.6158304E+04   3.4574144E+02   8.5011601E+05   7.6234539E+06   7.6371056E+06   0.0000000E+00   0.0000000E+00   0.0000000E+00   0.0000000E+00   0.0000000E+00
   4.3513074E-03   7.5866284E+06   7.5866284E+06   7.4547379E+04   3.1058892E+02   8.1271835E+05   7.5724508E+06   7.5866284E+06   0.0000000E+00   0.0000000E+00   0.0000000E+00   0.0000000E+00   0.0000000E+00
   4.6759490E-03   7.5321011E+06   7.5321011E+06   6.8499959E+04   2.7856070E+02   7.7416887E+05   7.5174096E+06   7.5321011E+06   0.0000000E+00   0.0000000E+00   0.0000000E+00   0.0000000E+00   0.0000000E+00
   5.0248114E-03   7.4732950E+06   7.4732950E+06   6.0878946E+04   2.5041866E+02   7.2881248E+05   7.4581090E+06   7.4732950E+06   0.0000000E+00   0.0000000E+00   0.0000000E+00   0.0000000E+00   0.0000000E+00
   5.3997016E-03   7.4099777E+06   7.4099777E+06   4.7878068E+04   2.2394425E+02   6.8989756E+05   7.3943251E+06   7.4099777E+06   0.0000000E+00   0.0000000E+00   0.0000000E+00   0.0000000E+00   0.0000000E+00
   5.8025616E-03   7.3419146E+06   7.3419146E+06   4.5131430E+04   1.9986662E+02   6.5085786E+05   7.3258294E+06   7.3419146E+06   0.0000000E+00   0.0000000E+00   0.0000000E+00   0.0000000E+00   0.0000000E+00
   6.2354781E-03   7.2688672E+06   7.2688672E+06   3.6664781E+04   1.7858170E+02   6.0866547E+05   7.2523810E+06   7.2688672E+06   0.0000000E+00   0.0000000E+00   0.0000000E+00   0.0000000E+00   0.0000000E+00
   6.7006936E-03   7.1905855E+06   7.1905855E+06   3.0920847E+04   1.5881805E+02   5.7341240E+05   7.1737232E+06   7.1905855E+06   0.0000000E+00   0.0000000E+00   0.0000000E+00   0.0000000E+00   0.0000000E+00
   7.2006178E-03   7.1068130E+06   7.1068130E+06   2.7356446E+04   1.4127263E+02   5.3233405E+05   7.0896021E+06   7.1068130E+06   0.0000000E+00   0.0000000E+00   0.0000000E+00   0.0000000E+00   0.0000000E+00
   7.7378403E-03   7.0172891E+06   7.0172891E+06   2.2828184E+04   1.2490943E+02   4.9775152E+05   6.9997736E+06   7.0172891E+06   0.0000000E+00   0.0000000E+00   0.0000000E+00   0.0000000E+00   0.0000000E+00
   8.3151438E-03   6.9217537E+06   6.9217537E+06   1.9639825E+04   1.1048028E+02   4.5972257E+05   6.9039854E+06   6.9217537E+06   0.0000000E+00   0.0000000E+00   0.0000000E+00   0.0000000E+00   0.0000000E+00
   8.9355186E-03   6.8199406E+06   6.8199406E+06   1.7050582E+04   9.7353312E+01   4.2758235E+05   6.8019617E+06   6.8199406E+06   0.0000000E+00   0.0000000E+00   0.0000000E+00   0.0000000E+00   0.0000000E+00
   9.6021782E-03   6.7115767E+06   6.7115767E+06   1.3561780E+04   8.5619947E+01   3.9353008E+05   6.6934297E+06   6.7115767E+06   0.0000000E+00   0.0000000E+00   0.0000000E+00   0.0000000E+00   0.0000000E+00
   1.0318576E-02   6.5963851E+06   6.5963851E+06   1.2458898E+04   7.5067424E+01   3.6101147E+05   6.5781229E+06   6.5963851E+06   0.0000000E+00   0.0000000E+00   0.0000000E+00   0.0000000E+00   0.0000000E+00
   1.1088422E-02   6.4740868E+06   6.4740868E+06   1.0577601E+04   6.5594846E+01   3.3221655E+05   6.4557624E+06   6.4740868E+06   0.0000000E+00   0.0000000E+00   0.0000000E+00   0.0000000E+00   0.0000000E+00
   1.1915706E-02   6.3444033E+06   6.3444033E+06   8.5204673E+03   5.7176203E+01   3.0367797E+05   6.3260684E+06   6.3444033E+06   0.0000000E+00   0.0000000E+00   0.0000000E+00   0.0000000E+00   0.0000000E+00
   1.2804710E-02   6.2070621E+06   6.2070621E+06   7.0002919E+03   4.9688552E+01   2.7595641E+05   6.1887724E+06   6.2070621E+06   0.0000000E+00   0.0000000E+00   0.0000000E+00   0.0000000E+00   0.0000000E+00
   1.3760042E-02   6.0618020E+06   6.0618020E+06   5.9752851E+03   4.3044146E+01   2.5028581E+05   6.0436162E+06   6.0618020E+06   0.0000000E+00   0.0000000E+00   0.0000000E+00   0.0000000E+00   0.0000000E+00
   1.4786649E-02   5.9083853E+06   5.9083853E+06   5.0568262E+03   3.7165761E+01   2.2613500E+05   5.8903571E+06   5.9083853E+06   0.0000000E+00   0.0000000E+00   0.0000000E+00   0.0000000E+00   0.0000000E+00
   1.5889849E-02   5.7466092E+06   5.7466092E+06   4.2362427E+03   3.1967678E+01   2.0403855E+05   5.7287996E+06   5.7466092E+06   0.0000000E+00   0.0000000E+00   0.0000000E+00   0.0000000E+00   0.0000000E+00
   1.7075356E-02   5.5763286E+06   5.5763286E+06   3.5557880E+03   2.7401960E+01   1.8347803E+05   5.5587938E+06   5.5763286E+06   0.0000000E+00   0.0000000E+00   0.0000000E+00   0.0000000E+00   0.0000000E+00
   1.8349311E-02   5.3974790E+06   5.3974790E+06   3.1332866E+03   2.3400612E+01   1.6435905E+05   5.3802780E+06   5.3974790E+06   0.0000000E+00   0.0000000E+00   0.0000000E+00   0.0000000E+00   0.0000000E+00
   1.9718313E-02   5.2101114E+06   5.2101114E+06   2.6716698E+03   1.9910817E+01   1.4603180E+05   5.1933002E+06   5.2101114E+06   0.0000000E+00   0.0000000E+00   0.0000000E+00   0.0000000E+00   0.0000000E+00
   2.1189453E-02   5.0144315E+06   5.0144315E+06   2.0775261E+03   1.6867987E+01   1.2987906E+05   4.9980665E+06   5.0144315E+06   0.0000000E+00   0.0000000E+00   0.0000000E+00   0.0000000E+00   0.0000000E+00
   2.2770349E-02   4.8108500E+06   4.8108500E+06   1.8544847E+03   1.4229180E+01   1.1481630E+05   4.7949834E+06   4.8108500E+06   0.0000000E+00   0.0000000E+00   0.0000000E+00   0.0000000E+00   0.0000000E+00
   2.4469178E-02   4.6000381E+06   4.6000381E+06   1.4552555E+03   1.1951329E+01   1.0136708E+05   4.5847198E+06   4.6000381E+06   0.0000000E+00   0.0000000E+00   0.0000000E+00   0.0000000E+00   0.0000000E+00
   2.6294680E-02   4.3829923E+06   4.3829923E+06   1.1893348E+03   9.9948914E+00   8.8763558E+04   4.3682673E+06   4.3829923E+06   0.0000000E+00   0.0000000E+00   0.0000000E+00   0.0000000E+00   0.0000000E+00
   2.8256076E-02   4.1611053E+06   4.1611053E+06   1.0002682E+03   8.3194509E+00   7.7581489E+04   4.1470126E+06   4.1611053E+06   0.0000000E+00   0.0000000E+00   0.0000000E+00   0.0000000E+00   0.0000000E+00
   3.0362715E-02   3.9362517E+06   3.9362517E+06   8.1821181E+02   6.8940187E+00   6.7616144E+04   3.9228219E+06   3.9362517E+06   0.0000000E+00   0.0000000E+00   0.0000000E+00   0.0000000E+00   0.0000000E+00
   3.2623095E-02   3.7108916E+06   3.7108916E+06   6.5282005E+02   5.6894397E+00   5.8812976E+04   3.6981454E+06   3.7108916E+06   0.0000000E+00   0.0000000E+00   0.0000000E+00   0.0000000E+00   0.0000000E+00
   3.5042678E-02   3.4881874E+06   3.4881874E+06   5.4518211E+02   4.6793251E+00   5.1114211E+04   3.4761331E+06   3.4881874E+06   0.0000000E+00   0.0000000E+00   0.0000000E+00   0.0000000E+00   0.0000000E+00
   3.7620025E-02   3.2720720E+06   3.2720720E+06   4.4994377E+02   3.8421509E+00   4.4162650E+04   3.2607025E+06   3.2720720E+06   0.0000000E+00   0.0000000E+00   0.0000000E+00   0.0000000E+00   0.0000000E+00
   4.0341724E-02   3.0671038E+06   3.0671038E+06   3.6432355E+02   3.1558755E+00   3.8446494E+04   3.0563942E+06   3.0671038E+06   0.0000000E+00   0.0000000E+00   0.0000000E+00   0.0000000E+00   0.0000000E+00
   4.3178890E-02   2.8778877E+06   2.8778877E+06   2.8830248E+02   2.6020660E+00   3.3455291E+04   2.8677952E+06   2.8778877E+06   0.0000000E+00   0.0000000E+00   0.0000000E+00   0.0000000E+00   0.0000000E+00
   4.6089747E-02   2.7080408E+06   2.7080408E+06   2.4544286E+02   2.1608818E+00   2.9330081E+04   2.6985080E+06   2.7080408E+06   0.0000000E+00   0.0000000E+00   0.0000000E+00   0.0000000E+00   0.0000000E+00
   4.9029872E-02   2.5591784E+06   2.5591784E+06   2.1017773E+02   1.8125938E+00   2.6022046E+04   2.5501402E+06   2.5591784E+06   0.0000000E+00   0.0000000E+00   0.0000000E+00   0.0000000E+00   0.0000000E+00
   5.1964391E-02   2.4306177E+06   2.4306177E+06   1.7503675E+02   1.5380382E+00   2.3335865E+04   2.4220093E+06   2.4306177E+06   0.0000000E+00   0.0000000E+00   0.0000000E+00   0.0000000E+00   0.0000000E+00
   5.4874171E-02   2.3199433E+06   2.3199433E+06   1.4503146E+02   1.3202796E+00   2.1090057E+04   2.3117069E+06   2.3199433E+06   0.0000000E+00   0.0000000E+00   0.0000000E+00   0.0000000E+00   0.0000000E+00
   5.7754405E-02   2.2239099E+06   2.2239099E+06   1.2630999E+02   1.1451956E+00   1.9206260E+04   2.2159979E+06   2.2239099E+06   0.0000000E+00   0.0000000E+00   0.0000000E+00   0.0000000E+00   0.0000000E+00
   6.0609688E-02   2.1391615E+06   2.1391615E+06   1.1370608E+02   1.0020940E+00   1.7656579E+04   2.1315370E+06   2.1391615E+06   0.0000000E+00   0.0000000E+00   0.0000000E+00   0.0000000E+00   0.0000000E+00
   6.3449394E-02   2.0626214E+06   2.0626214E+06   9.9514561E+01   8.8312584E-01   1.6350411E+04   2.0552577E+06   2.0626214E+06   0.0000000E+00   0.0000000E+00   0.0000000E+00   0.0000000E+00   0.0000000E+00
   6.6284641E-02   1.9916462E+06   1.9916462E+06   8.5585038E+01   7.8253740E-01   1.5180276E+04   1.9845256E+06   1.9916462E+06   0.0000000E+00   0.0000000E+00   0.0000000E+00   0.0000000E+00   0.0000000E+00
   6.9126687E-02   1.9240611E+06   1.9240611E+06   7.6425687E+01   6.9616655E-01   1.4115020E+04   1.9171732E+06   1.9240611E+06   0.0000000E+00   0.0000000E+00   0.0000000E+00   0.0000000E+00   0.0000000E+00
   7.1986203E-02   1.8581529E+06   1.8581529E+06   7.0501547E+01   6.2088983E-01   1.3179726E+04   1.8514931E+06   1.8581529E+06   0.0000000E+00   0.0000000E+00   0.0000000E+00   0.0000000E+00   0.0000000E+00
   7.4873036E-02   1.7926530E+06   1.7926530E+06   6.1948300E+01   5.5456266E-01   1.2334936E+04   1.7862211E+06   1.7926530E+06   0.0000000E+00   0.0000000E+00   0.0000000E+00   0.0000000E+00   0.0000000E+00
   7.7796198E-02   1.7267219E+06   1.7267219E+06   5.3241712E+01   4.9560440E-01   1.1516319E+04   1.7205205E+06   1.7267219E+06   0.0000000E+00   0.0000000E+00   0.0000000E+00   0.0000000E+00   0.0000000E+00
   8.0763944E-02   1.6599345E+06   1.6599345E+06   4.7698404E+01   4.4286575E-01   1.0736088E+04   1.6539676E+06   1.6599345E+06   0.0000000E+00   0.0000000E+00   0.0000000E+00   0.0000000E+00   0.0000000E+00
   8.3783891E-02   1.5922599E+06   1.5922599E+06   4.3588888E+01   3.9549944E-01   1.0013345E+04   1.5865315E+06   1.5922599E+06   0.0000000E+00   0.0000000E+00   0.0000000E+00   0.0000000E+00   0.0000000E+00
   8.6863133E-02   1.5240313E+06   1.5240313E+06   3.9381740E+01   3.5287818E-01   9.3389624E+03   1.5185441E+06   1.5240313E+06   0.0000000E+00   0.0000000E+00   0.0000000E+00   0.0000000E+00   0.0000000E+00
   9.0008344E-02   1.4558995E+06   1.4558995E+06   3.5089890E+01   3.1458101E-01   8.7027369E+03   1.4506539E+06   1.4558995E+06   0.0000000E+00   0.0000000E+00   0.0000000E+00   0.0000000E+00   0.0000000E+00
   9.3225872E-02   1.3887656E+06   1.3887656E+06   3.0906220E+01   2.8028520E-01   8.1041317E+03   1.3837585E+06   1.3887656E+06   0.0000000E+00   0.0000000E+00   0.0000000E+00   0.0000000E+00   0.0000000E+00
   9.6521812E-02   1.3236904E+06   1.3236904E+06   2.6884806E+01   2.4969053E-01   7.5512015E+03   1.3189150E+06   1.3236904E+06   0.0000000E+00   0.0000000E+00   0.0000000E+00   0.0000000E+00   0.0000000E+00
   9.9902075E-02   1.2617836E+06   1.2617836E+06   2.3706829E+01   2.2255270E-01   7.0538415E+03   1.2572289E+06   1.2617836E+06   0.0000000E+00   0.0000000E+00   0.0000000E+00   0.0000000E+00   0.0000000E+00
   1.0337243E-01   1.2040758E+06   1.2040758E+06   2.2019665E+01   1.9864197E-01   6.5924827E+03   1.1997269E+06   1.2040758E+06   0.0000000E+00   0.0000000E+00   0.0000000E+00   0.0000000E+00   0.0000000E+00
   1.0693857E-01   1.1513842E+06   1.1513842E+06   1.9094598E+01   1.7768397E-01   6.1693504E+03   1.1472236E+06   1.1513842E+06   0.0000000E+00   0.0000000E+00   0.0000000E+00   0.0000000E+00   0.0000000E+00
   1.1060611E-01   1.1041869E+06   1.1041869E+06   1.7556047E+01   1.5939714E-01   5.8135609E+03   1.1001949E+06   1.1041869E+06   0.0000000E+00   0.0000000E+00   0.0000000E+00   0.0000000E+00   0.0000000E+00
   1.1438065E-01   1.0625215E+06   1.0625215E+06   1.5207484E+01   1.4346678E-01   5.4870305E+03   1.0586784E+06   1.0625215E+06   0.0000000E+00   0.0000000E+00   0.0000000E+00   0.0000000E+00   0.0000000E+00
   1.1826777E-01   1.0259294E+06   1.0259294E+06   1.4231804E+01   1.2956249E-01   5.2011931E+03   1.0222171E+06   1.0259294E+06   0.0000000E+00   0.0000000E+00   0.0000000E+00   0.0000000E+00   0.0000000E+00
   1.2227307E-01   9.9346405E+05   9.9346405E+05   1.3034238E+01   1.1733949E-01   4.9579611E+03   9.8986776E+05   9.9346405E+05   0.0000000E+00   0.0000000E+00   0.0000000E+00   0.0000000E+00   0.0000000E+00
   1.2640219E-01   9.6377442E+05   9.6377442E+05   1.1769197E+01   1.0646958E-01   4.7345996E+03   9.6028428E+05   9.6377442E+05   0.0000000E+00   0.0000000E+00   0.0000000E+00   0.0000000E+00   0.0000000E+00
   1.3066078E-01   9.3526859E+05   9.3526859E+05   1.0710127E+01   9.6660408E-02   4.5224181E+03   9.3188049E+05   9.3526859E+05   0.0000000E+00   0.0000000E+00   0.0000000E+00   0.0000000E+00   0.0000000E+00
   1.3505456E-01   9.0634428E+05   9.0634428E+05   9.6457963E+00   8.7663324E-02   4.3141494E+03   9.0305986E+05   9.0634428E+05   0.0000000E+00   0.0000000E+00   0.0000000E+00   0.0000000E+00   0.0000000E+00
   1.3958929E-01   8.7565778E+05   8.7565778E+05   8.4410318E+00   7.9296697E-02   4.1112937E+03   8.7248356E+05   8.7565778E+05   0.0000000E+00   0.0000000E+00   0.0000000E+00   0.0000000E+00   0.0000000E+00
   1.4427081E-01   8.4238527E+05   8.4238527E+05   7.9053434E+00   7.1455095E-02   3.9037806E+03   8.3933076E+05   8.4238527E+05   0.0000000E+00   0.0000000E+00   0.0000000E+00   0.0000000E+00   0.0000000E+00
   1.4910500E-01   8.0641882E+05   8.0641882E+05   6.8377114E+00   6.4104478E-02   3.6890097E+03   8.0349390E+05   8.0641882E+05   0.0000000E+00   0.0000000E+00   0.0000000E+00   0.0000000E+00   0.0000000E+00
   1.5409784E-01   7.6843825E+05   7.6843825E+05   6.1295451E+00   5.7266080E-02   3.4690731E+03   7.6565035E+05   7.6843825E+05   0.0000000E+00   0.0000000E+00   0.0000000E+00   0.0000000E+00   0.0000000E+00
   1.5925536E-01   7.2981519E+05   7.2981519E+05   5.4864261E+00   5.0996056E-02   3.2554033E+03   7.2716675E+05   7.2981519E+05   0.0000000E+00   0.0000000E+00   0.0000000E+00   0.0000000E+00   0.0000000E+00
   1.6458372E-01   6.9233761E+05   6.9233761E+05   4.8411952E+00   4.5357855E-02   3.0540930E+03   6.8982459E+05   6.9233761E+05   0.0000000E+00   0.0000000E+00   0.0000000E+00   0.0000000E+00   0.0000000E+00
   1.7008911E-01   6.5779117E+05   6.5779117E+05   4.2966398E+00   4.0392287E-02   2.8731527E+03   6.5540301E+05   6.5779117E+05   0.0000000E+00   0.0000000E+00   0.0000000E+00   0.0000000E+00   0.0000000E+00
   1.7577787E-01   6.2748567E+05   6.2748567E+05   3.9568233E+00   3.6096223E-02   2.7115672E+03   6.2520706E+05   6.2748567E+05   0.0000000E+00   0.0000000E+00   0.0000000E+00   0.0000000E+00   0.0000000E+00
   1.8165643E-01   6.0185629E+05   6.0185629E+05   3.4492475E+00   3.2414599E-02   2.5767203E+03   5.9967032E+05   6.0185629E+05   0.0000000E+00   0.0000000E+00   0.0000000E+00   0.0000000E+00   0.0000000E+00
   1.8773134E-01   5.8027861E+05   5.8027861E+05   3.1103193E+00   2.9246548E-02   2.4597474E+03   5.7817062E+05   5.8027861E+05   0.0000000E+00   0.0000000E+00   0.0000000E+00   0.0000000E+00   0.0000000E+00
   1.9400931E-01   5.6119831E+05   5.6119831E+05   2.8224507E+00   2.6464157E-02   2.3582908E+03   5.5915927E+05   5.6119831E+05   0.0000000E+00   0.0000000E+00   0.0000000E+00   0.0000000E+00   0.0000000E+00
   2.0049719E-01   5.4258730E+05   5.4258730E+05   2.5714612E+00   2.3943043E-02   2.2620988E+03   5.4061557E+05   5.4258730E+05   0.0000000E+00   0.0000000E+00   0.0000000E+00   0.0000000E+00   0.0000000E+00
   2.0720203E-01   5.2261587E+05   5.2261587E+05   2.3608915E+00   2.1590583E-02   2.1603620E+03   5.2071641E+05   5.2261587E+05   0.0000000E+00   0.0000000E+00   0.0000000E+00   0.0000000E+00   0.0000000E+00
   2.1413109E-01   5.0031745E+05   5.0031745E+05   2.0750283E+00   1.9361743E-02   2.0535203E+03   4.9849877E+05   5.0031745E+05   0.0000000E+00   0.0000000E+00   0.0000000E+00   0.0000000E+00   0.0000000E+00
   2.2129187E-01   4.7597474E+05   4.7597474E+05   1.8396178E+00   1.7263013E-02   1.9388046E+03   4.7424431E+05   4.7597474E+05   0.0000000E+00   0.0000000E+00   0.0000000E+00   0.0000000E+00   0.0000000E+00
   2.2869217E-01   4.5101932E+05   4.5101932E+05   1.6325094E+00   1.5333747E-02   1.8249224E+03   4.4937941E+05   4.5101932E+05   0.0000000E+00   0.0000000E+00   0.0000000E+00   0.0000000E+00   0.0000000E+00
   2.3634012E-01   4.2741975E+05   4.2741975E+05   1.4748352E+00   1.3618863E-02   1.7184782E+03   4.2586545E+05   4.2741975E+05   0.0000000E+00   0.0000000E+00   0.0000000E+00   0.0000000E+00   0.0000000E+00
   2.4424425E-01   4.0677882E+05   4.0677882E+05   1.2946372E+00   1.2140649E-02   1.6250602E+03   4.0529941E+05   4.0677882E+05   0.0000000E+00   0.0000000E+00   0.0000000E+00   0.0000000E+00   0.0000000E+00
   2.5241352E-01   3.8955371E+05   3.8955371E+05   1.1731337E+00   1.0883607E-02   1.5469494E+03   3.8813679E+05   3.8955371E+05   0.0000000E+00   0.0000000E+00   0.0000000E+00   0.0000000E+00   0.0000000E+00
   2.6085744E-01   3.7482404E+05   3.7482404E+05   1.0547305E+00   9.7991170E-03   1.4803698E+03   3.7346056E+05   3.7482404E+05   0.0000000E+00   0.0000000E+00   0.0000000E+00   0.0000000E+00   0.0000000E+00
   2.6958609E-01   3.6079722E+05   3.6079722E+05   9.4374624E-01   8.8269204E-03   1.4180387E+03   3.5948464E+05   3.6079722E+05   0.0000000E+00   0.0000000E+00   0.0000000E+00   0.0000000E+00   0.0000000E+00
   2.7861029E-01   3.4583163E+05   3.4583163E+05   8.5376985E-01   7.9212634E-03   1.3521667E+03   3.4457338E+05   3.4583163E+05   0.0000000E+00   0.0000000E+00   0.0000000E+00   0.0000000E+00   0.0000000E+00
   2.8794164E-01   3.2939705E+05   3.2939705E+05   7.6277916E-01   7.0673128E-03   1.2819507E+03   3.2819849E+05   3.2939705E+05   0.0000000E+00   0.0000000E+00   0.0000000E+00   0.0000000E+00   0.0000000E+00
   2.9759268E-01   3.1234543E+05   3.1234543E+05   6.7264164E-01   6.2786416E-03   1.2103083E+03   3.1120883E+05   3.1234543E+05   0.0000000E+00   0.0000000E+00   0.0000000E+00   0.0000000E+00   0.0000000E+00
   3.0757704E-01   2.9625543E+05   2.9625543E+05   6.0226173E-01   5.5782921E-03   1.1433861E+03   2.9517730E+05   2.9625543E+05   0.0000000E+00   0.0000000E+00   0.0000000E+00   0.0000000E+00   0.0000000E+00
   3.1790955E-01   2.8226080E+05   2.8226080E+05   5.3503865E-01   4.9752305E-03   1.0851092E+03   2.8123353E+05   2.8226080E+05   0.0000000E+00   0.0000000E+00   0.0000000E+00   0.0000000E+00   0.0000000E+00
   3.2860652E-01   2.7022170E+05   2.7022170E+05   4.8114564E-01   4.4563860E-03   1.0348771E+03   2.6923817E+05   2.7022170E+05   0.0000000E+00   0.0000000E+00   0.0000000E+00   0.0000000E+00   0.0000000E+00
   3.3968588E-01   2.5891773E+05   2.5891773E+05   4.2807938E-01   3.9945718E-03   9.8817116E+02   2.5797529E+05   2.5891773E+05   0.0000000E+00   0.0000000E+00   0.0000000E+00   0.0000000E+00   0.0000000E+00
   3.5116750E-01   2.4713897E+05   2.4713897E+05   3.8221100E-01   3.5678315E-03   9.4000687E+02   2.4623935E+05   2.4713897E+05   0.0000000E+00   0.0000000E+00   0.0000000E+00   0.0000000E+00   0.0000000E+00
   3.6307346E-01   2.3472840E+05   2.3472840E+05   3.4186550E-01   3.1714374E-03   8.9003698E+02   2.3387390E+05   2.3472840E+05   0.0000000E+00   0.0000000E+00   0.0000000E+00   0.0000000E+00   0.0000000E+00
   3.7542847E-01   2.2259364E+05   2.2259364E+05   3.0248016E-01   2.8140031E-03   8.4153642E+02   2.2178328E+05   2.2259364E+05   0.0000000E+00   0.0000000E+00   0.0000000E+00   0.0000000E+00   0.0000000E+00
   3.8826026E-01   2.1166642E+05   2.1166642E+05   2.6956585E-01   2.5020822E-03   7.9787804E+02   2.1089580E+05   2.1166642E+05   0.0000000E+00   0.0000000E+00   0.0000000E+00   0.0000000E+00   0.0000000E+00
   4.0160014E-01   2.0190596E+05   2.0190596E+05   2.3960884E-01   2.2302287E-03   7.5919029E+02   2.0117085E+05   2.0190596E+05   0.0000000E+00   0.0000000E+00   0.0000000E+00   0.0000000E+00   0.0000000E+00
   4.1548368E-01   1.9245701E+05   1.9245701E+05   2.1382555E-01   1.9859720E-03   7.2177434E+02   1.9175626E+05   1.9245701E+05   0.0000000E+00   0.0000000E+00   0.0000000E+00   0.0000000E+00   0.0000000E+00
   4.2995144E-01   1.8275169E+05   1.8275169E+05   1.8939820E-01   1.7615102E-03   6.8377459E+02   1.8208625E+05   1.8275169E+05   0.0000000E+00   0.0000000E+00   0.0000000E+00   0.0000000E+00   0.0000000E+00
   4.4505003E-01   1.7314397E+05   1.7314397E+05   1.6739155E-01   1.5580183E-03   6.4632561E+02   1.7251349E+05   1.7314397E+05   0.0000000E+00   0.0000000E+00   0.0000000E+00   0.0000000E+00   0.0000000E+00
   4.6083328E-01   1.6425256E+05   1.6425256E+05   1.4797794E-01   1.3784672E-03   6.1187395E+02   1.6365443E+05   1.6425256E+05   0.0000000E+00   0.0000000E+00   0.0000000E+00   0.0000000E+00   0.0000000E+00
   4.7736381E-01   1.5601346E+05   1.5601346E+05   1.3119626E-01   1.2200993E-03   5.8000153E+02   1.5544532E+05   1.5601346E+05   0.0000000E+00   0.0000000E+00   0.0000000E+00   0.0000000E+00   0.0000000E+00
   4.9471496E-01   1.4788800E+05   1.4788800E+05   1.1568622E-01   1.0769428E-03   5.4873792E+02   1.4734943E+05   1.4788800E+05   0.0000000E+00   0.0000000E+00   0.0000000E+00   0.0000000E+00   0.0000000E+00
   5.1297323E-01   1.3979571E+05   1.3979571E+05   1.0175444E-01   9.4700410E-04   5.1775707E+02   1.3928660E+05   1.3979571E+05   0.0000000E+00   0.0000000E+00   0.0000000E+00   0.0000000E+00   0.0000000E+00
   5.3224148E-01   1.3210617E+05   1.3210617E+05   8.9249394E-02   8.3128782E-04   4.8845334E+02   1.3162505E+05   1.3210617E+05   0.0000000E+00   0.0000000E+00   0.0000000E+00   0.0000000E+00   0.0000000E+00
   5.5264295E-01   1.2481760E+05   1.2481760E+05   7.8271438E-02   7.2849450E-04   4.6072433E+02   1.2436301E+05   1.2481760E+05   0.0000000E+00   0.0000000E+00   0.0000000E+00   0.0000000E+00   0.0000000E+00
   5.7432647E-01   1.1763220E+05   1.1763220E+05   6.8284303E-02   6.3576265E-04   4.3352178E+02   1.1720377E+05   1.1763220E+05   0.0000000E+00   0.0000000E+00   0.0000000E+00   0.0000000E+00   0.0000000E+00
   5.9747324E-01   1.1061973E+05   1.1061973E+05   5.9341014E-02   5.5246207E-04   4.0706635E+02   1.1021683E+05   1.1061973E+05   0.0000000E+00   0.0000000E+00   0.0000000E+00   0.0000000E+00   0.0000000E+00
   6.2230544E-01   1.0389339E+05   1.0389339E+05   5.1358582E-02   4.7829114E-04   3.8177593E+02   1.0351497E+05   1.0389339E+05   0.0000000E+00   0.0000000E+00   0.0000000E+00   0.0000000E+00   0.0000000E+00
   6.4909715E-01   9.7292442E+04   9.7292442E+04   4.4207429E-02   4.1171216E-04   3.5703802E+02   9.6938061E+04   9.7292442E+04   0.0000000E+00   0.0000000E+00   0.0000000E+00   0.0000000E+00   0.0000000E+00
   6.7818775E-01   9.0842263E+04   9.0842263E+04   3.7813713E-02   3.5216713E-04   3.3291691E+02   9.0511369E+04   9.0842263E+04   0.0000000E+00   0.0000000E+00   0.0000000E+00   0.0000000E+00   0.0000000E+00
   7.0999736E-01   8.4552758E+04   8.4552758E+04   3.2109303E-02   2.9908199E-04   3.0948667E+02   8.4244767E+04   8.4552758E+04   0.0000000E+00   0.0000000E+00   0.0000000E+00   0.0000000E+00   0.0000000E+00
   7.4504229E-01   7.8367504E+04   7.8367504E+04   2.7028078E-02   2.5174932E-04   2.8650075E+02   7.8082038E+04   7.8367504E+04   0.0000000E+00   0.0000000E+00   0.0000000E+00   0.0000000E+00   0.0000000E+00
   7.8394567E-01   7.2311371E+04   7.2311371E+04   2.2524580E-02   2.0982281E-04   2.6404353E+02   7.2047960E+04   7.2311371E+04   0.0000000E+00   0.0000000E+00   0.0000000E+00   0.0000000E+00   0.0000000E+00
   8.2743258E-01   6.6367648E+04   6.6367648E+04   1.8557047E-02   1.7287097E-04   2.4207728E+02   6.6125884E+04   6.6367648E+04   0.0000000E+00   0.0000000E+00   0.0000000E+00   0.0000000E+00   0.0000000E+00
   8.7629347E-01   6.0562377E+04   6.0562377E+04   1.5097711E-02   1.4065654E-04   2.2066496E+02   6.0341756E+04   6.0562377E+04   0.0000000E+00   0.0000000E+00   0.0000000E+00   0.0000000E+00   0.0000000E+00
   9.3129924E-01   5.4932255E+04   5.4932255E+04   1.2124164E-02   1.1295831E-04   1.9994827E+02   5.4732141E+04   5.4932255E+04   0.0000000E+00   0.0000000E+00   0.0000000E+00   0.0000000E+00   0.0000000E+00
   9.9307302E-01   4.9535250E+04   4.9535250E+04   9.6149773E-03   8.9585104E-05   1.8013489E+02   4.9354793E+04   4.9535250E+04   0.0000000E+00   0.0000000E+00   0.0000000E+00   0.0000000E+00   0.0000000E+00
   1.0619734E+00   4.4440525E+04   4.4440525E+04   7.5429625E-03   7.0285329E-05   1.6146356E+02   4.4278626E+04   4.4440525E+04   0.0000000E+00   0.0000000E+00   0.0000000E+00   0.0000000E+00   0.0000000E+00
   1.1380806E+00   3.9710794E+04   3.9710794E+04   5.8688496E-03   5.4686977E-05   1.4417159E+02   3.9566124E+04   3.9710794E+04   0.0000000E+00   0.0000000E+00   0.0000000E+00   0.0000000E+00   0.0000000E+00
   1.2213215E+00   3.5386175E+04   3.5386175E+04   4.5452198E-03   4.2316950E-05   1.2838058E+02   3.5257258E+04   3.5386175E+04   0.0000000E+00   0.0000000E+00   0.0000000E+00   0.0000000E+00   0.0000000E+00
   1.3116524E+00   3.1476302E+04   3.1476302E+04   3.5023560E-03   3.2636861E-05   1.1412358E+02   3.1361629E+04   3.1476302E+04   0.0000000E+00   0.0000000E+00   0.0000000E+00   0.0000000E+00   0.0000000E+00
   1.4091819E+00   2.7966624E+04   2.7966624E+04   2.6958409E-03   2.5123739E-05   1.0134691E+02   2.7864736E+04   2.7966624E+04   0.0000000E+00   0.0000000E+00   0.0000000E+00   0.0000000E+00   0.0000000E+00
   1.5141961E+00   2.4829418E+04   2.4829418E+04   2.0729006E-03   1.9320163E-05   8.9933589E+01   2.4738958E+04   2.4829418E+04   0.0000000E+00   0.0000000E+00   0.0000000E+00   0.0000000E+00   0.0000000E+00
   1.6271276E+00   2.2030988E+04   2.2030988E+04   1.5927923E-03   1.4846374E-05   7.9765338E+01   2.1950723E+04   2.2030988E+04   0.0000000E+00   0.0000000E+00   0.0000000E+00   0.0000000E+00   0.0000000E+00
   1.7485129E+00   1.9538047E+04   1.9538047E+04   1.2232240E-03   1.1402490E-05   7.0714759E+01   1.9466864E+04   1.9538047E+04   0.0000000E+00   0.0000000E+00   0.0000000E+00   0.0000000E+00   0.0000000E+00
   1.8789629E+00   1.7318908E+04   1.7318908E+04   9.3894876E-04   8.7532781E-06   6.2663811E+01   1.7255810E+04   1.7318908E+04   0.0000000E+00   0.0000000E+00   0.0000000E+00   0.0000000E+00   0.0000000E+00
   2.0191477E+00   1.5344907E+04   1.5344907E+04   7.2041673E-04   6.7165989E-06   5.5506179E+01   1.5289001E+04   1.5344907E+04   0.0000000E+00   0.0000000E+00   0.0000000E+00   0.0000000E+00   0.0000000E+00
   2.1697918E+00   1.3589920E+04   1.3589920E+04   5.5251061E-04   5.1515524E-06   4.9146643E+01   1.3540408E+04   1.3589920E+04   0.0000000E+00   0.0000000E+00   0.0000000E+00   0.0000000E+00   0.0000000E+00
   2.3316753E+00   1.2030562E+04   1.2030562E+04   4.2317857E-04   3.9495503E-06   4.3498697E+01   1.1986730E+04   1.2030562E+04   0.0000000E+00   0.0000000E+00   0.0000000E+00   0.0000000E+00   0.0000000E+00
   2.5056365E+00   1.0645765E+04   1.0645765E+04   3.2457464E-04   3.0268232E-06   3.8484908E+01   1.0606978E+04   1.0645765E+04   0.0000000E+00   0.0000000E+00   0.0000000E+00   0.0000000E+00   0.0000000E+00
   2.6925766E+00   9.4166160E+03   9.4166160E+03   2.4863088E-04   2.3187906E-06   3.4036203E+01   9.3823078E+03   9.4166160E+03   0.0000000E+00   0.0000000E+00   0.0000000E+00   0.0000000E+00   0.0000000E+00
   2.8934639E+00   8.3261723E+03   8.3261723E+03   1.9036664E-04   1.7757125E-06   3.0091078E+01   8.2958369E+03   8.3261723E+03   0.0000000E+00   0.0000000E+00   0.0000000E+00   0.0000000E+00   0.0000000E+00
   3.1093389E+00   7.3592514E+03   7.3592514E+03   1.4570301E-04   1.3593514E-06   2.6593480E+01   7.3324389E+03   7.3592514E+03   0.0000000E+00   0.0000000E+00   0.0000000E+00   0.0000000E+00   0.0000000E+00
   3.3413200E+00   6.5022619E+03   6.5022619E+03   1.1147864E-04   1.0402634E-06   2.3494372E+01   6.4785717E+03   6.5022619E+03   0.0000000E+00   0.0000000E+00   0.0000000E+00   0.0000000E+00   0.0000000E+00
   3.5906086E+00   5.7430492E+03   5.7430492E+03   8.5292789E-05   7.9581376E-07   2.0749674E+01   5.7221250E+03   5.7430492E+03   0.0000000E+00   0.0000000E+00   0.0000000E+00   0.0000000E+00   0.0000000E+00
   3.8584961E+00   5.0707521E+03   5.0707521E+03   6.5194611E-05   6.0862694E-07   1.8319222E+01   5.0522773E+03   5.0707521E+03   0.0000000E+00   0.0000000E+00   0.0000000E+00   0.0000000E+00   0.0000000E+00
   4.1463701E+00   4.4756728E+03   4.4756728E+03   4.9828510E-05   4.6533388E-07   1.6168227E+01   4.4593661E+03   4.4756728E+03   0.0000000E+00   0.0000000E+00   0.0000000E+00   0.0000000E+00   0.0000000E+00
   4.4557218E+00   3.9491585E+03   3.9491585E+03   3.8072506E-05   3.5567500E-07   1.4265415E+01   3.9347701E+03   3.9491585E+03   0.0000000E+00   0.0000000E+00   0.0000000E+00   0.0000000E+00   0.0000000E+00
   4.7881535E+00   3.4834943E+03   3.4834943E+03   2.9084416E-05   2.7178714E-07   1.2582727E+01   3.4708026E+03   3.4834943E+03   0.0000000E+00   0.0000000E+00   0.0000000E+00   0.0000000E+00   0.0000000E+00
   5.1453872E+00   3.0718063E+03   3.0718063E+03   2.2209844E-05   2.0763479E-07   1.1095224E+01   3.0606144E+03   3.0718063E+03   0.0000000E+00   0.0000000E+00   0.0000000E+00   0.0000000E+00   0.0000000E+00
   5.5292734E+00   2.7079736E+03   2.7079736E+03   1.6954178E-05   1.5858811E-07   9.7806771E+00   2.6981073E+03   2.7079736E+03   0.0000000E+00   0.0000000E+00   0.0000000E+00   0.0000000E+00   0.0000000E+00
   5.9418005E+00   2.3865496E+03   2.3865496E+03   1.2949160E-05   1.2110232E-07   8.6194732E+00   2.3778545E+03   2.3865496E+03   0.0000000E+00   0.0000000E+00   0.0000000E+00   0.0000000E+00   0.0000000E+00
   6.3851053E+00   2.1026908E+03   2.1026908E+03   9.8721420E-06   9.2459182E-08   7.5940137E+00   2.0950298E+03   2.1026908E+03   0.0000000E+00   0.0000000E+00   0.0000000E+00   0.0000000E+00   0.0000000E+00
   6.8614841E+00   1.8520919E+03   1.8520919E+03   7.5285968E-06   7.0579434E-08   6.6888044E+00   1.8453440E+03   1.8520919E+03   0.0000000E+00   0.0000000E+00   0.0000000E+00   0.0000000E+00   0.0000000E+00
   7.3734046E+00   1.6309289E+03   1.6309289E+03   5.7421663E-06   5.3869354E-08   5.8899317E+00   1.6249867E+03   1.6309289E+03   0.0000000E+00   0.0000000E+00   0.0000000E+00   0.0000000E+00   0.0000000E+00
   7.9235183E+00   1.4358065E+03   1.4358065E+03   4.3777061E-06   4.1110591E-08   5.1851538E+00   1.4305752E+03   1.4358065E+03   0.0000000E+00   0.0000000E+00   0.0000000E+00   0.0000000E+00   0.0000000E+00
   8.5146748E+00   1.2637121E+03   1.2637121E+03   3.3367589E-06   3.1370947E-08   4.5635847E+00   1.2591078E+03   1.2637121E+03   0.0000000E+00   0.0000000E+00   0.0000000E+00   0.0000000E+00   0.0000000E+00
