#           k/h    CDM            baryon         photon         nu             mass_nu        total          no_nu          total_de       Weyl           v_CDM          v_b            v_b-v_c     
   1.1088422E-05   9.3356161E+06   9.3356161E+06   1.2444228E+07   7.5711473E+03   2.7582286E+06   9.3356591E+06   9.3356161E+06   0.0000000E+00   0.0000000E+00   0.0000000E+00   0.0000000E+00   0.0000000E+00
   1.1915706E-05   9.3356146E+06   9.3356146E+06   1.2443722E+07   7.5709511E+03   2.7582023E+06   9.3356575E+06   9.3356146E+06   0.0000000E+00   0.0000000E+00   0.0000000E+00   0.0000000E+00   0.0000000E+00
   1.2804710E-05   9.3356129E+06   9.3356129E+06   1.2443137E+07   7.5707246E+03   2.7581720E+06   9.3356557E+06   9.3356129E+06   0.0000000E+00   0.0000000E+00   0.0000000E+00   0.0000000E+00   0.0000000E+00
   1.3760042E-05   9.3356109E+06   9.3356109E+06   1.2442462E+07   7.5704630E+03   2.7581370E+06   9.3356536E+06   9.3356109E+06   0.0000000E+00   0.0000000E+00   0.0000000E+00   0.0000000E+00   0.0000000E+00
   1.4786649E-05   9.3356086E+06   9.3356086E+06   1.2441682E+07   7.5701609E+03   2.7580966E+06   9.3356512E+06   9.3356086E+06   0.0000000E+00   0.0000000E+00   0.0000000E+00   0.0000000E+00   0.0000000E+00
   1.5889849E-05   9.3356060E+06   9.3356060E+06   1.2440781E+07   7.5698121E+03   2.7580499E+06   9.3356484E+06   9.3356060E+06   0.0000000E+00   0.0000000E+00   0.0000000E+00   0.0000000E+00   0.0000000E+00
   1.7075356E-05   9.3356030E+06   9.3356030E+06   1.2439742E+07   7.5694093E+03   2.7579960E+06   9.3356452E+06   9.3356030E+06   0.0000000E+00   0.0000000E+00   0.0000000E+00   0.0000000E+00   0.0000000E+00
   1.8349311E-05   9.3355994E+06   9.3355994E+06   1.2438541E+07   7.5689442E+03   2.7579337E+06   9.3356415E+06   9.3355994E+06   0.0000000E+00   0.0000000E+00   0.0000000E+00   0.0000000E+00   0.0000000E+00
   1.9718313E-05   9.3355954E+06   9.3355954E+06   1.2437155E+07   7.5684072E+03   2.7578619E+06   9.3356372E+06   9.3355954E+06   0.0000000E+00   0.0000000E+00   0.0000000E+00   0.0000000E+00   0.0000000E+00
   2.1189454E-05   9.3355907E+06   9.3355907E+06   1.2435554E+07   7.5677870E+03   2.7577789E+06   9.3356323E+06   9.3355907E+06   0.0000000E+00   0.0000000E+00   0.0000000E+00   0.0000000E+00   0.0000000E+00
   2.2770353E-05   9.3355853E+06   9.3355853E+06   1.2433706E+07   7.5670710E+03   2.7576831E+06   9.3356266E+06   9.3355853E+06   0.0000000E+00   0.0000000E+00   0.0000000E+00   0.0000000E+00   0.0000000E+00
   2.4469199E-05   9.3355791E+06   9.3355791E+06   1.2431572E+07   7.5662443E+03   2.7575725E+06   9.3356200E+06   9.3355791E+06   0.0000000E+00   0.0000000E+00   0.0000000E+00   0.0000000E+00   0.0000000E+00
   2.6294793E-05   9.3355719E+06   9.3355719E+06   1.2429108E+07   7.5652897E+03   2.7574449E+06   9.3356124E+06   9.3355719E+06   0.0000000E+00   0.0000000E+00   0.0000000E+00   0.0000000E+00   0.0000000E+00
   2.8256591E-05   9.3355635E+06   9.3355635E+06   1.2426264E+07   7.5641875E+03   2.7572975E+06   9.3356036E+06   9.3355635E+06   0.0000000E+00   0.0000000E+00   0.0000000E+00   0.0000000E+00   0.0000000E+00
   3.0364754E-05   9.3355539E+06   9.3355539E+06   1.2422980E+07   7.5629149E+03   2.7571274E+06   9.3355934E+06   9.3355539E+06   0.0000000E+00   0.0000000E+00   0.0000000E+00   0.0000000E+00   0.0000000E+00
   3.2630202E-05   9.3355428E+06   9.3355428E+06   1.2419189E+07   7.5614457E+03   2.7569310E+06   9.3355817E+06   9.3355428E+06   0.0000000E+00   0.0000000E+00   0.0000000E+00   0.0000000E+00   0.0000000E+00
   3.5064670E-05   9.3355300E+06   9.3355300E+06   1.2414812E+07   7.5597495E+03   2.7567044E+06   9.3355682E+06   9.3355300E+06   0.0000000E+00   0.0000000E+00   0.0000000E+00   0.0000000E+00   0.0000000E+00
   3.7680769E-05   9.3355152E+06   9.3355152E+06   1.2409760E+07   7.5577913E+03   2.7564428E+06   9.3355526E+06   9.3355152E+06   0.0000000E+00   0.0000000E+00   0.0000000E+00   0.0000000E+00   0.0000000E+00
   4.0492050E-05   9.3354981E+06   9.3354981E+06   1.2403928E+07   7.5555307E+03   2.7561410E+06   9.3355345E+06   9.3354981E+06   0.0000000E+00   0.0000000E+00   0.0000000E+00   0.0000000E+00   0.0000000E+00
   4.3513074E-05   9.3354784E+06   9.3354784E+06   1.2397196E+07   7.5529212E+03   2.7557927E+06   9.3355137E+06   9.3354784E+06   0.0000000E+00   0.0000000E+00   0.0000000E+00   0.0000000E+00   0.0000000E+00
   4.6759490E-05   9.3354556E+06   9.3354556E+06   1.2389428E+07   7.5499090E+03   2.7553909E+06   9.3354897E+06   9.3354556E+06   0.0000000E+00   0.0000000E+00   0.0000000E+00   0.0000000E+00   0.0000000E+00
   5.0248114E-05   9.3354293E+06   9.3354293E+06   1.2380462E+07   7.5464323E+03   2.7549274E+06   9.3354619E+06   9.3354293E+06   0.0000000E+00   0.0000000E+00   0.0000000E+00   0.0000000E+00   0.0000000E+00
   5.3997016E-05   9.3353990E+06   9.3353990E+06   1.2370117E+07   7.5424198E+03   2.7543928E+06   9.3354298E+06   9.3353990E+06   0.0000000E+00   0.0000000E+00   0.0000000E+00   0.0000000E+00   0.0000000E+00
   5.8025616E-05   9.3353639E+06   9.3353639E+06   1.2358180E+07   7.5377893E+03   2.7537763E+06   9.3353928E+06   9.3353639E+06   0.0000000E+00   0.0000000E+00   0.0000000E+00   0.0000000E+00   0.0000000E+00
   6.2354781E-05   9.3353234E+06   9.3353234E+06   1.2344410E+07   7.5324461E+03   2.7530656E+06   9.3353500E+06   9.3353234E+06   0.0000000E+00   0.0000000E+00   0.0000000E+00   0.0000000E+00   0.0000000E+00
   6.7006936E-05   9.3352767E+06   9.3352767E+06   1.2328526E+07   7.5262813E+03   2.7522463E+06   9.3353007E+06   9.3352767E+06   0.0000000E+00   0.0000000E+00   0.0000000E+00   0.0000000E+00   0.0000000E+00
   7.2006178E-05   9.3352227E+06   9.3352227E+06   1.2310208E+07   7.5191695E+03   2.7513024E+06   9.3352437E+06   9.3352227E+06   0.0000000E+00   0.0000000E+00   0.0000000E+00   0.0000000E+00   0.0000000E+00
   7.7378403E-05   9.3351604E+06   9.3351604E+06   1.2289088E+07   7.5109664E+03   2.7502151E+06   9.3351779E+06   9.3351604E+06   0.0000000E+00   0.0000000E+00   0.0000000E+00   0.0000000E+00   0.0000000E+00
   8.3151438E-05   9.3350885E+06   9.3350885E+06   1.2264741E+07   7.5015065E+03   2.7489631E+06   9.3351020E+06   9.3350885E+06   0.0000000E+00   0.0000000E+00   0.0000000E+00   0.0000000E+00   0.0000000E+00
   8.9355186E-05   9.3350055E+06   9.3350055E+06   1.2236683E+07   7.4905993E+03   2.7475222E+06   9.3350144E+06   9.3350055E+06   0.0000000E+00   0.0000000E+00   0.0000000E+00   0.0000000E+00   0.0000000E+00
   9.6021782E-05   9.3349097E+06   9.3349097E+06   1.2204359E+07   7.4780265E+03   2.7458647E+06   9.3349132E+06   9.3349097E+06   0.0000000E+00   0.0000000E+00   0.0000000E+00   0.0000000E+00   0.0000000E+00
   1.0318576E-04   9.3347991E+06   9.3347991E+06   1.2167133E+07   7.4635379E+03   2.7439592E+06   9.3347964E+06   9.3347991E+06   0.0000000E+00   0.0000000E+00   0.0000000E+00   0.0000000E+00   0.0000000E+00
   1.1088422E-04   9.3346714E+06   9.3346714E+06   1.2124280E+07   7.4468467E+03   2.7417701E+06   9.3346616E+06   9.3346714E+06   0.0000000E+00   0.0000000E+00   0.0000000E+00   0.0000000E+00   0.0000000E+00
   1.1915706E-04   9.3345241E+06   9.3345241E+06   1.2074975E+07   7.4276254E+03   2.7392573E+06   9.3345061E+06   9.3345241E+06   0.0000000E+00   0.0000000E+00   0.0000000E+00   0.0000000E+00   0.0000000E+00
   1.2804710E-04   9.3343541E+06   9.3343541E+06   1.2018276E+07   7.4055000E+03   2.7363755E+06   9.3343266E+06   9.3343541E+06   0.0000000E+00   0.0000000E+00   0.0000000E+00   0.0000000E+00   0.0000000E+00
   1.3760042E-04   9.3341580E+06   9.3341580E+06   1.1953119E+07   7.3800442E+03   2.7330743E+06   9.3341196E+06   9.3341580E+06   0.0000000E+00   0.0000000E+00   0.0000000E+00   0.0000000E+00   0.0000000E+00
   1.4786649E-04   9.3339318E+06   9.3339318E+06   1.1878297E+07   7.3507736E+03   2.7292972E+06   9.3338807E+06   9.3339318E+06   0.0000000E+00   0.0000000E+00   0.0000000E+00   0.0000000E+00   0.0000000E+00
   1.5889849E-04   9.3336708E+06   9.3336708E+06   1.1792453E+07   7.3171388E+03   2.7249819E+06   9.3336052E+06   9.3336708E+06   0.0000000E+00   0.0000000E+00   0.0000000E+00   0.0000000E+00   0.0000000E+00
   1.7075356E-04   9.3333699E+06   9.3333699E+06   1.1694062E+07   7.2785187E+03   2.7200601E+06   9.3332874E+06   9.3333699E+06   0.0000000E+00   0.0000000E+00   0.0000000E+00   0.0000000E+00   0.0000000E+00
   1.8349311E-04   9.3330229E+06   9.3330229E+06   1.1581422E+07   7.2342135E+03   2.7144574E+06   9.3329211E+06   9.3330229E+06   0.0000000E+00   0.0000000E+00   0.0000000E+00   0.0000000E+00   0.0000000E+00
   1.9718313E-04   9.3326229E+06   9.3326229E+06   1.1452643E+07   7.1834384E+03   2.7080940E+06   9.3324988E+06   9.3326229E+06   0.0000000E+00   0.0000000E+00   0.0000000E+00   0.0000000E+00   0.0000000E+00
   2.1189454E-04   9.3321619E+06   9.3321619E+06   1.1305644E+07   7.1253172E+03   2.7008856E+06   9.3320121E+06   9.3321619E+06   0.0000000E+00   0.0000000E+00   0.0000000E+00   0.0000000E+00   0.0000000E+00
   2.2770353E-04   9.3316309E+06   9.3316309E+06   1.1138150E+07   7.0588781E+03   2.6927450E+06   9.3314514E+06   9.3316309E+06   0.0000000E+00   0.0000000E+00   0.0000000E+00   0.0000000E+00   0.0000000E+00
   2.4469199E-04   9.3310193E+06   9.3310193E+06   1.0947705E+07   6.9830504E+03   2.6835842E+06   9.3308057E+06   9.3310193E+06   0.0000000E+00   0.0000000E+00   0.0000000E+00   0.0000000E+00   0.0000000E+00
   2.6294793E-04   9.3303152E+06   9.3303152E+06   1.0731692E+07   6.8966655E+03   2.6733180E+06   9.3300625E+06   9.3303152E+06   0.0000000E+00   0.0000000E+00   0.0000000E+00   0.0000000E+00   0.0000000E+00
   2.8256591E-04   9.3295051E+06   9.3295051E+06   1.0487367E+07   6.7984614E+03   2.6618684E+06   9.3292072E+06   9.3295051E+06   0.0000000E+00   0.0000000E+00   0.0000000E+00   0.0000000E+00   0.0000000E+00
   3.0364754E-04   9.3285734E+06   9.3285734E+06   1.0211926E+07   6.6870936E+03   2.6491710E+06   9.3282236E+06   9.3285734E+06   0.0000000E+00   0.0000000E+00   0.0000000E+00   0.0000000E+00   0.0000000E+00
   3.2630202E-04   9.3275025E+06   9.3275025E+06   9.9025859E+06   6.5611545E+03   2.6351826E+06   9.3270932E+06   9.3275025E+06   0.0000000E+00   0.0000000E+00   0.0000000E+00   0.0000000E+00   0.0000000E+00
   3.5064670E-04   9.3262725E+06   9.3262725E+06   9.5567116E+06   6.4192036E+03   2.6198908E+06   9.3257948E+06   9.3262725E+06   0.0000000E+00   0.0000000E+00   0.0000000E+00   0.0000000E+00   0.0000000E+00
   3.7680769E-04   9.3248608E+06   9.3248608E+06   9.1719782E+06   6.2598112E+03   2.6033258E+06   9.3243048E+06   9.3248608E+06   0.0000000E+00   0.0000000E+00   0.0000000E+00   0.0000000E+00   0.0000000E+00
   4.0492050E-04   9.3232421E+06   9.3232421E+06   8.7465859E+06   6.0816194E+03   2.5855734E+06   9.3225963E+06   9.3232421E+06   0.0000000E+00   0.0000000E+00   0.0000000E+00   0.0000000E+00   0.0000000E+00
   4.3513074E-04   9.3213876E+06   9.3213876E+06   8.2795298E+06   5.8834236E+03   2.5667884E+06   9.3206391E+06   9.3213876E+06   0.0000000E+00   0.0000000E+00   0.0000000E+00   0.0000000E+00   0.0000000E+00
   4.6759490E-04   9.3192655E+06   9.3192655E+06   7.7709253E+06   5.6642770E+03   2.5472073E+06   9.3183998E+06   9.3192655E+06   0.0000000E+00   0.0000000E+00   0.0000000E+00   0.0000000E+00   0.0000000E+00
   5.0248114E-04   9.3168400E+06   9.3168400E+06   7.2223860E+06   5.4236203E+03   2.5271576E+06   9.3158406E+06   9.3168400E+06   0.0000000E+00   0.0000000E+00   0.0000000E+00   0.0000000E+00   0.0000000E+00
   5.3997016E-04   9.3140715E+06   9.3140715E+06   6.6374367E+06   5.1614370E+03   2.5070596E+06   9.3129200E+06   9.3140715E+06   0.0000000E+00   0.0000000E+00   0.0000000E+00   0.0000000E+00   0.0000000E+00
   5.8025616E-04   9.3109162E+06   9.3109162E+06   6.0219325E+06   4.8784285E+03   2.4874144E+06   9.3095919E+06   9.3109162E+06   0.0000000E+00   0.0000000E+00   0.0000000E+00   0.0000000E+00   0.0000000E+00
   6.2354781E-04   9.3073259E+06   9.3073259E+06   5.3844263E+06   4.5762019E+03   2.4687735E+06   9.3058059E+06   9.3073259E+06   0.0000000E+00   0.0000000E+00   0.0000000E+00   0.0000000E+00   0.0000000E+00
   6.7006936E-04   9.3032476E+06   9.3032476E+06   4.7364086E+06   4.2574511E+03   2.4516791E+06   9.3015067E+06   9.3032476E+06   0.0000000E+00   0.0000000E+00   0.0000000E+00   0.0000000E+00   0.0000000E+00
   7.2006178E-04   9.2986235E+06   9.2986235E+06   4.0923036E+06   3.9261049E+03   2.4365700E+06   9.2966340E+06   9.2986235E+06   0.0000000E+00   0.0000000E+00   0.0000000E+00   0.0000000E+00   0.0000000E+00
   7.7378403E-04   9.2933910E+06   9.2933910E+06   3.4690890E+06   3.5874029E+03   2.4236488E+06   9.2911228E+06   9.2933910E+06   0.0000000E+00   0.0000000E+00   0.0000000E+00   0.0000000E+00   0.0000000E+00
   8.3151438E-04   9.2874818E+06   9.2874818E+06   2.8853878E+06   3.2478474E+03   2.4127156E+06   9.2849025E+06   9.2874818E+06   0.0000000E+00   0.0000000E+00   0.0000000E+00   0.0000000E+00   0.0000000E+00
   8.9355186E-04   9.2808220E+06   9.2808220E+06   2.3599118E+06   2.9149754E+03   2.4029878E+06   9.2778972E+06   9.2808220E+06   0.0000000E+00   0.0000000E+00   0.0000000E+00   0.0000000E+00   0.0000000E+00
   9.6021782E-04   9.2733316E+06   9.2733316E+06   1.9092199E+06   2.5968962E+03   2.3929519E+06   9.2700253E+06   9.2733316E+06   0.0000000E+00   0.0000000E+00   0.0000000E+00   0.0000000E+00   0.0000000E+00
   1.0318576E-03   9.2649235E+06   9.2649235E+06   1.5449248E+06   2.3015645E+03   2.3803177E+06   9.2611987E+06   9.2649235E+06   0.0000000E+00   0.0000000E+00   0.0000000E+00   0.0000000E+00   0.0000000E+00
   1.1088422E-03   9.2555030E+06   9.2555030E+06   1.2707589E+06   2.0358091E+03   2.3621728E+06   9.2513223E+06   9.2555030E+06   0.0000000E+00   0.0000000E+00   0.0000000E+00   0.0000000E+00   0.0000000E+00
   1.1915706E-03   9.2449664E+06   9.2449664E+06   1.0802506E+06   1.8042282E+03   2.3354348E+06   9.2402933E+06   9.2449664E+06   0.0000000E+00   0.0000000E+00   0.0000000E+00   0.0000000E+00   0.0000000E+00
   1.2804710E-03   9.2332004E+06   9.2332004E+06   9.5607881E+05   1.6081708E+03   2.2976475E+06   9.2280000E+06   9.2332004E+06   0.0000000E+00   0.0000000E+00   0.0000000E+00   0.0000000E+00   0.0000000E+00
   1.3760042E-03   9.2200810E+06   9.2200810E+06   8.7224475E+05   1.4451436E+03   2.2480259E+06   9.2143218E+06   9.2200810E+06   0.0000000E+00   0.0000000E+00   0.0000000E+00   0.0000000E+00   0.0000000E+00
   1.4786649E-03   9.2054735E+06   9.2054735E+06   7.9973232E+05   1.3090296E+03   2.1884240E+06   9.1991283E+06   9.2054735E+06   0.0000000E+00   0.0000000E+00   0.0000000E+00   0.0000000E+00   0.0000000E+00
   1.5889849E-03   9.1892335E+06   9.1892335E+06   7.1504292E+05   1.1913988E+03   2.1236377E+06   9.1822808E+06   9.1892335E+06   0.0000000E+00   0.0000000E+00   0.0000000E+00   0.0000000E+00   0.0000000E+00
   1.7075356E-03   9.1712085E+06   9.1712085E+06   6.0895923E+05   1.0838491E+03   2.0603565E+06   9.1636331E+06   9.1712085E+06   0.0000000E+00   0.0000000E+00   0.0000000E+00   0.0000000E+00   0.0000000E+00
   1.8349311E-03   9.1512401E+06   9.1512401E+06   4.9092549E+05   9.8073286E+02   2.0044652E+06   9.1430338E+06   9.1512401E+06   0.0000000E+00   0.0000000E+00   0.0000000E+00   0.0000000E+00   0.0000000E+00
   1.9718313E-03   9.1291661E+06   9.1291661E+06   3.8433151E+05   8.8103898E+02   1.9574905E+06   9.1203273E+06   9.1291661E+06   0.0000000E+00   0.0000000E+00   0.0000000E+00   0.0000000E+00   0.0000000E+00
   2.1189454E-03   9.1048213E+06   9.1048213E+06   3.1185485E+05   7.8807664E+02   1.9145023E+06   9.0953535E+06   9.1048213E+06   0.0000000E+00   0.0000000E+00   0.0000000E+00   0.0000000E+00   0.0000000E+00
   2.2770353E-03   9.0780351E+06   9.0780351E+06   2.7798476E+05   7.0651210E+02   1.8663727E+06   9.0679455E+06   9.0780351E+06   0.0000000E+00   0.0000000E+00   0.0000000E+00   0.0000000E+00   0.0000000E+00
   2.4469199E-03   9.0486292E+06   9.0486292E+06   2.6296367E+05   6.3824911E+02   1.8069345E+06   9.0379255E+06   9.0486292E+06   0.0000000E+00   0.0000000E+00   0.0000000E+00   0.0000000E+00   0.0000000E+00
   2.6294793E-03   9.0164143E+06   9.0164143E+06   2.3864545E+05   5.8037183E+02   1.7399354E+06   9.0051031E+06   9.0164143E+06   0.0000000E+00   0.0000000E+00   0.0000000E+00   0.0000000E+00   0.0000000E+00
   2.8256591E-03   8.9811915E+06   8.9811915E+06   1.9649191E+05   5.2757453E+02   1.6767615E+06   8.9692762E+06   8.9811915E+06   0.0000000E+00   0.0000000E+00   0.0000000E+00   0.0000000E+00   0.0000000E+00
   3.0364754E-03   8.9427548E+06   8.9427548E+06   1.5635983E+05   4.7721049E+02   1.6229013E+06   8.9302352E+06   8.9427548E+06   0.0000000E+00   0.0000000E+00   0.0000000E+00   0.0000000E+00   0.0000000E+00
   3.2630202E-03   8.9008921E+06   8.9008921E+06   1.3751340E+05   4.3104504E+02   1.5687618E+06   8.8877654E+06   8.9008921E+06   0.0000000E+00   0.0000000E+00   0.0000000E+00   0.0000000E+00   0.0000000E+00
   3.5064670E-03   8.8553812E+06   8.8553812E+06   1.2760248E+05   3.9087434E+02   1.5035659E+06   8.8416441E+06   8.8553812E+06   0.0000000E+00   0.0000000E+00   0.0000000E+00   0.0000000E+00   0.0000000E+00
   3.7680769E-03   8.8059865E+06   8.8059865E+06   1.0492639E+05   3.5455582E+02   1.4357505E+06   8.7916375E+06   8.8059865E+06   0.0000000E+00   0.0000000E+00   0.0000000E+00   0.0000000E+00   0.0000000E+00
   4.0492050E-03   8.7524618E+06   8.7524618E+06   8.1671952E+04   3.1971580E+02   1.3776385E+06   8.7375027E+06   8.7524618E+06   0.0000000E+00   0.0000000E+00   0.0000000E+00   0.0000000E+00   0.0000000E+00
   4.3513074E-03   8.6945555E+06   8.6945555E+06   7.6012579E+04   2.8797477E+02   1.3169092E+06   8.6789923E+06   8.6945555E+06   0.0000000E+00   0.0000000E+00   0.0000000E+00   0.0000000E+00   0.0000000E+00
   4.6759490E-03   8.6320092E+06   8.6320092E+06   6.8081743E+04   2.6011980E+02   1.2457743E+06   8.6158535E+06   8.6320092E+06   0.0000000E+00   0.0000000E+00   0.0000000E+00   0.0000000E+00   0.0000000E+00
   5.0248114E-03   8.5645590E+06   8.5645590E+06   5.3122310E+04   2.3383959E+02   1.1827244E+06   8.5478310E+06   8.5645590E+06   0.0000000E+00   0.0000000E+00   0.0000000E+00   0.0000000E+00   0.0000000E+00
   5.3997016E-03   8.4919415E+06   8.4919415E+06   4.9320975E+04   2.0966944E+02   1.1200652E+06   8.4746710E+06   8.4919415E+06   0.0000000E+00   0.0000000E+00   0.0000000E+00   0.0000000E+00   0.0000000E+00
   5.8025616E-03   8.4138881E+06   8.4138881E+06   3.9964768E+04   1.8802110E+02   1.0536847E+06   8.3961107E+06   8.4138881E+06   0.0000000E+00   0.0000000E+00   0.0000000E+00   0.0000000E+00   0.0000000E+00
   6.2354781E-03   8.3301243E+06   8.3301243E+06   3.4200773E+04   1.6789921E+02   9.9637792E+05   8.3118718E+06   8.3301243E+06   0.0000000E+00   0.0000000E+00   0.0000000E+00   0.0000000E+00   0.0000000E+00
   6.7006936E-03   8.2403649E+06   8.2403649E+06   3.0462423E+04   1.5016003E+02   9.3029563E+05   8.2216627E+06   8.2403649E+06   0.0000000E+00   0.0000000E+00   0.0000000E+00   0.0000000E+00   0.0000000E+00
   7.2006178E-03   8.1443139E+06   8.1443139E+06   2.5029996E+04   1.3356620E+02   8.7233522E+05   8.1251943E+06   8.1443139E+06   0.0000000E+00   0.0000000E+00   0.0000000E+00   0.0000000E+00   0.0000000E+00
   7.7378403E-03   8.0416749E+06   8.0416749E+06   2.1439573E+04   1.1863642E+02   8.1029931E+05   8.0221883E+06   8.0416749E+06   0.0000000E+00   0.0000000E+00   0.0000000E+00   0.0000000E+00   0.0000000E+00
   8.3151438E-03   7.9321498E+06   7.9321498E+06   1.8959306E+04   1.0499895E+02   7.5621233E+05   7.9123509E+06   7.9321498E+06   0.0000000E+00   0.0000000E+00   0.0000000E+00   0.0000000E+00   0.0000000E+00
   8.9355186E-03   7.8154339E+06   7.8154339E+06   1.4979168E+04   9.2868647E+01   6.9938313E+05   7.7953681E+06   7.8154339E+06   0.0000000E+00   0.0000000E+00   0.0000000E+00   0.0000000E+00   0.0000000E+00
   9.6021782E-03   7.6912133E+06   7.6912133E+06   1.3627528E+04   8.1835533E+01   6.4499904E+05   7.6709306E+06   7.6912133E+06   0.0000000E+00   0.0000000E+00   0.0000000E+00   0.0000000E+00   0.0000000E+00
   1.0318576E-02   7.5591715E+06   7.5591715E+06   1.1779403E+04   7.1862437E+01   5.9541224E+05   7.5387311E+06   7.5591715E+06   0.0000000E+00   0.0000000E+00   0.0000000E+00   0.0000000E+00   0.0000000E+00
   1.1088422E-02   7.4189888E+06   7.4189888E+06   9.3773961E+03   6.2963982E+01   5.4658139E+05   7.3984499E+06   7.4189888E+06   0.0000000E+00   0.0000000E+00   0.0000000E+00   0.0000000E+00   0.0000000E+00
   1.1915706E-02   7.2703459E+06   7.2703459E+06   7.7677476E+03   5.5011190E+01   4.9925556E+05   7.2497675E+06   7.2703459E+06   0.0000000E+00   0.0000000E+00   0.0000000E+00   0.0000000E+00   0.0000000E+00
   1.2804710E-02   7.1129306E+06   7.1129306E+06   6.6106271E+03   4.7895390E+01   4.5446437E+05   7.0923769E+06   7.1129306E+06   0.0000000E+00   0.0000000E+00   0.0000000E+00   0.0000000E+00   0.0000000E+00
   1.3760042E-02   6.9464439E+06   6.9464439E+06   5.6129921E+03   4.1573329E+01   4.1283749E+05   6.9259810E+06   6.9464439E+06   0.0000000E+00   0.0000000E+00   0.0000000E+00   0.0000000E+00   0.0000000E+00
   1.4786649E-02   6.7706130E+06   6.7706130E+06   4.6969008E+03   3.5952782E+01   3.7354907E+05   6.7503035E+06   6.7706130E+06   0.0000000E+00   0.0000000E+00   0.0000000E+00   0.0000000E+00   0.0000000E+00
   1.5889849E-02   6.5852055E+06   6.5852055E+06   3.9805635E+03   3.0984731E+01   3.3729251E+05   6.5651194E+06   6.5852055E+06   0.0000000E+00   0.0000000E+00   0.0000000E+00   0.0000000E+00   0.0000000E+00
   1.7075356E-02   6.3900553E+06   6.3900553E+06   3.4934913E+03   2.6603473E+01   3.0308302E+05   6.3702577E+06   6.3900553E+06   0.0000000E+00   0.0000000E+00   0.0000000E+00   0.0000000E+00   0.0000000E+00
   1.8349311E-02   6.1850884E+06   6.1850884E+06   2.9776338E+03   2.2762011E+01   2.7053246E+05   6.1656474E+06   6.1850884E+06   0.0000000E+00   0.0000000E+00   0.0000000E+00   0.0000000E+00   0.0000000E+00
   1.9718313E-02   5.9703629E+06   5.9703629E+06   2.3401290E+03   1.9391300E+01   2.4133770E+05   5.9513439E+06   5.9703629E+06   0.0000000E+00   0.0000000E+00   0.0000000E+00   0.0000000E+00   0.0000000E+00
   2.1189453E-02   5.7461146E+06   5.7461146E+06   2.0783177E+03   1.6454746E+01   2.1404830E+05   5.7275832E+06   5.7461146E+06   0.0000000E+00   0.0000000E+00   0.0000000E+00   0.0000000E+00   0.0000000E+00
   2.2770349E-02   5.5128140E+06   5.5128140E+06   1.6543371E+03   1.3898088E+01   1.8949905E+05   5.4948316E+06   5.5128140E+06   0.0000000E+00   0.0000000E+00   0.0000000E+00   0.0000000E+00   0.0000000E+00
   2.4469178E-02   5.2712302E+06   5.2712302E+06   1.3399796E+03   1.1689401E+01   1.6649859E+05   5.2538548E+06   5.2712302E+06   0.0000000E+00   0.0000000E+00   0.0000000E+00   0.0000000E+00   0.0000000E+00
   2.6294680E-02   5.0225048E+06   5.0225048E+06   1.1241022E+03   9.7868347E+00   1.4580330E+05   5.0057894E+06   5.0225048E+06   0.0000000E+00   0.0000000E+00   0.0000000E+00   0.0000000E+00   0.0000000E+00
   2.8256076E-02   4.7682338E+06   4.7682338E+06   9.2254316E+02   8.1554726E+00   1.2727545E+05   4.7522245E+06   4.7682338E+06   0.0000000E+00   0.0000000E+00   0.0000000E+00   0.0000000E+00   0.0000000E+00
   3.0362715E-02   4.5105650E+06   4.5105650E+06   7.4282769E+02   6.7649480E+00   1.1076575E+05   4.4952984E+06   4.5105650E+06   0.0000000E+00   0.0000000E+00   0.0000000E+00   0.0000000E+00   0.0000000E+00
   3.2623095E-02   4.2523173E+06   4.2523173E+06   6.3132268E+02   5.5880088E+00   9.6102419E+04   4.2378187E+06   4.2523173E+06   0.0000000E+00   0.0000000E+00   0.0000000E+00   0.0000000E+00   0.0000000E+00
   3.5042678E-02   3.9971145E+06   3.9971145E+06   5.0785084E+02   4.6008428E+00   8.2875952E+04   3.9833949E+06   3.9971145E+06   0.0000000E+00   0.0000000E+00   0.0000000E+00   0.0000000E+00   0.0000000E+00
   3.7620025E-02   3.7494630E+06   3.7494630E+06   4.2479995E+02   3.7804569E+00   7.1681449E+04   3.7365157E+06   3.7494630E+06   0.0000000E+00   0.0000000E+00   0.0000000E+00   0.0000000E+00   0.0000000E+00
   4.0341724E-02   3.5145861E+06   3.5145861E+06   3.3413212E+02   3.1077599E+00   6.1991482E+04   3.5023843E+06   3.5145861E+06   0.0000000E+00   0.0000000E+00   0.0000000E+00   0.0000000E+00   0.0000000E+00
   4.3178890E-02   3.2977605E+06   3.2977605E+06   2.6977475E+02   2.5642742E+00   5.3772919E+04   3.2862567E+06   3.2977605E+06   0.0000000E+00   0.0000000E+00   0.0000000E+00   0.0000000E+00   0.0000000E+00
   4.6089747E-02   3.1031308E+06   3.1031308E+06   2.2225090E+02   2.1310298E+00   4.6983285E+04   3.0922608E+06   3.1031308E+06   0.0000000E+00   0.0000000E+00   0.0000000E+00   0.0000000E+00   0.0000000E+00
   4.9029872E-02   2.9325478E+06   2.9325478E+06   1.8573309E+02   1.7888738E+00   4.1435015E+04   2.9222381E+06   2.9325478E+06   0.0000000E+00   0.0000000E+00   0.0000000E+00   0.0000000E+00   0.0000000E+00
   5.1964391E-02   2.7852290E+06   2.7852290E+06   1.5724168E+02   1.5190579E+00   3.6913149E+04   2.7754066E+06   2.7852290E+06   0.0000000E+00   0.0000000E+00   0.0000000E+00   0.0000000E+00   0.0000000E+00
   5.4874171E-02   2.6584063E+06   2.6584063E+06   1.3474806E+02   1.3047256E+00   3.3213617E+04   2.6490059E+06   2.6584063E+06   0.0000000E+00   0.0000000E+00   0.0000000E+00   0.0000000E+00   0.0000000E+00
   5.7754405E-02   2.5483612E+06   2.5483612E+06   1.1684927E+02   1.1323235E+00   3.0153005E+04   2.5393288E+06   2.5483612E+06   0.0000000E+00   0.0000000E+00   0.0000000E+00   0.0000000E+00   0.0000000E+00
   6.0609688E-02   2.4512475E+06   2.4512475E+06   1.0229770E+02   9.9140508E-01   2.7581849E+04   2.4425416E+06   2.4512475E+06   0.0000000E+00   0.0000000E+00   0.0000000E+00   0.0000000E+00   0.0000000E+00
   6.3449394E-02   2.3635400E+06   2.3635400E+06   9.0005079E+01   8.7415981E-01   2.5379564E+04   2.3551303E+06   2.3635400E+06   0.0000000E+00   0.0000000E+00   0.0000000E+00   0.0000000E+00   0.0000000E+00
   6.6284641E-02   2.2822093E+06   2.2822093E+06   7.9544419E+01   7.7495718E-01   2.3452681E+04   2.2740759E+06   2.2822093E+06   0.0000000E+00   0.0000000E+00   0.0000000E+00   0.0000000E+00   0.0000000E+00
   6.9126687E-02   2.2047635E+06   2.2047635E+06   7.0970247E+01   6.8964022E-01   2.1738627E+04   2.1968947E+06   2.2047635E+06   0.0000000E+00   0.0000000E+00   0.0000000E+00   0.0000000E+00   0.0000000E+00
   7.1986203E-02   2.1292393E+06   2.1292393E+06   6.3858737E+01   6.1527003E-01   2.0192329E+04   2.1216301E+06   2.1292393E+06   0.0000000E+00   0.0000000E+00   0.0000000E+00   0.0000000E+00   0.0000000E+00
   7.4873036E-02   2.0541830E+06   2.0541830E+06   5.7510386E+01   5.4970275E-01   1.8779280E+04   2.0468333E+06   2.0541830E+06   0.0000000E+00   0.0000000E+00   0.0000000E+00   0.0000000E+00   0.0000000E+00
   7.7796198E-02   1.9786329E+06   1.9786329E+06   5.1535718E+01   4.9136712E-01   1.7469853E+04   1.9715456E+06   1.9786329E+06   0.0000000E+00   0.0000000E+00   0.0000000E+00   0.0000000E+00   0.0000000E+00
   8.0763944E-02   1.9021015E+06   1.9021015E+06   4.5795725E+01   4.3914043E-01   1.6244076E+04   1.8952815E+06   1.9021015E+06   0.0000000E+00   0.0000000E+00   0.0000000E+00   0.0000000E+00   0.0000000E+00
   8.3783891E-02   1.8245534E+06   1.8245534E+06   4.0231527E+01   3.9219297E-01   1.5095771E+04   1.8180054E+06   1.8245534E+06   0.0000000E+00   0.0000000E+00   0.0000000E+00   0.0000000E+00   0.0000000E+00
   8.6863133E-02   1.7463707E+06   1.7463707E+06   3.5112451E+01   3.4994884E-01   1.4026815E+04   1.7400978E+06   1.7463707E+06   0.0000000E+00   0.0000000E+00   0.0000000E+00   0.0000000E+00   0.0000000E+00
   9.0008344E-02   1.6682990E+06   1.6682990E+06   3.1457478E+01   3.1198406E-01   1.3033330E+04   1.6623017E+06   1.6682990E+06   0.0000000E+00   0.0000000E+00   0.0000000E+00   0.0000000E+00   0.0000000E+00
   9.3225872E-02   1.5913707E+06   1.5913707E+06   2.9195786E+01   2.7796398E-01   1.2085299E+04   1.5856457E+06   1.5913707E+06   0.0000000E+00   0.0000000E+00   0.0000000E+00   0.0000000E+00   0.0000000E+00
   9.6521812E-02   1.5168016E+06   1.5168016E+06   2.5142318E+01   2.4762851E-01   1.1197780E+04   1.5113410E+06   1.5168016E+06   0.0000000E+00   0.0000000E+00   0.0000000E+00   0.0000000E+00   0.0000000E+00
   9.9902075E-02   1.4458631E+06   1.4458631E+06   2.2739753E+01   2.2072162E-01   1.0419655E+04   1.4406545E+06   1.4458631E+06   0.0000000E+00   0.0000000E+00   0.0000000E+00   0.0000000E+00   0.0000000E+00
   1.0337243E-01   1.3797361E+06   1.3797361E+06   1.9771975E+01   1.9701278E-01   9.6884006E+03   1.3747627E+06   1.3797361E+06   0.0000000E+00   0.0000000E+00   0.0000000E+00   0.0000000E+00   0.0000000E+00
   1.0693857E-01   1.3193574E+06   1.3193574E+06   1.8231614E+01   1.7624524E-01   9.0429754E+03   1.3145988E+06   1.3193574E+06   0.0000000E+00   0.0000000E+00   0.0000000E+00   0.0000000E+00   0.0000000E+00
   1.1060611E-01   1.2652744E+06   1.2652744E+06   1.6403365E+01   1.5812442E-01   8.4855014E+03   1.2607085E+06   1.2652744E+06   0.0000000E+00   0.0000000E+00   0.0000000E+00   0.0000000E+00   0.0000000E+00
   1.1438065E-01   1.2175304E+06   1.2175304E+06   1.4468391E+01   1.4234915E-01   7.9889913E+03   1.2131344E+06   1.2175304E+06   0.0000000E+00   0.0000000E+00   0.0000000E+00   0.0000000E+00   0.0000000E+00
   1.1826777E-01   1.1755999E+06   1.1755999E+06   1.2999994E+01   1.2858263E-01   7.5509883E+03   1.1713533E+06   1.1755999E+06   0.0000000E+00   0.0000000E+00   0.0000000E+00   0.0000000E+00   0.0000000E+00
   1.2227307E-01   1.1383981E+06   1.1383981E+06   1.1934697E+01   1.1648200E-01   7.1633786E+03   1.1342840E+06   1.1383981E+06   0.0000000E+00   0.0000000E+00   0.0000000E+00   0.0000000E+00   0.0000000E+00
   1.2640219E-01   1.1043770E+06   1.1043770E+06   1.0994627E+01   1.0572468E-01   6.8072903E+03   1.1003842E+06   1.1043770E+06   0.0000000E+00   0.0000000E+00   0.0000000E+00   0.0000000E+00   0.0000000E+00
   1.3066078E-01   1.0717125E+06   1.0717125E+06   9.6278928E+00   9.6009542E-02   6.4790738E+03   1.0678362E+06   1.0717125E+06   0.0000000E+00   0.0000000E+00   0.0000000E+00   0.0000000E+00   0.0000000E+00
   1.3505456E-01   1.0385684E+06   1.0385684E+06   8.9978861E+00   8.7089000E-02   6.1716842E+03   1.0348106E+06   1.0385684E+06   0.0000000E+00   0.0000000E+00   0.0000000E+00   0.0000000E+00   0.0000000E+00
   1.3958929E-01   1.0034050E+06   1.0034050E+06   7.8811271E+00   7.8788477E-02   5.8581175E+03   9.9977315E+05   1.0034050E+06   0.0000000E+00   0.0000000E+00   0.0000000E+00   0.0000000E+00   0.0000000E+00
   1.4427081E-01   9.6527842E+05   9.6527842E+05   7.1159315E+00   7.1002067E-02   5.5387373E+03   9.6178338E+05   9.6527842E+05   0.0000000E+00   0.0000000E+00   0.0000000E+00   0.0000000E+00   0.0000000E+00
   1.4910500E-01   9.2406486E+05   9.2406486E+05   6.3646360E+00   6.3696883E-02   5.2172206E+03   9.2071798E+05   9.2406486E+05   0.0000000E+00   0.0000000E+00   0.0000000E+00   0.0000000E+00   0.0000000E+00
   1.5409784E-01   8.8054336E+05   8.8054336E+05   5.6564866E+00   5.6897558E-02   4.8970723E+03   8.7735316E+05   8.8054336E+05   0.0000000E+00   0.0000000E+00   0.0000000E+00   0.0000000E+00   0.0000000E+00
   1.5925536E-01   8.3628565E+05   8.3628565E+05   5.1541323E+00   5.0662433E-02   4.5848360E+03   8.3325493E+05   8.3628565E+05   0.0000000E+00   0.0000000E+00   0.0000000E+00   0.0000000E+00   0.0000000E+00
   1.6458372E-01   7.9334054E+05   7.9334054E+05   4.5642320E+00   4.5056822E-02   4.2831409E+03   7.9046469E+05   7.9334054E+05   0.0000000E+00   0.0000000E+00   0.0000000E+00   0.0000000E+00   0.0000000E+00
   1.7008911E-01   7.5375419E+05   7.5375419E+05   4.1011528E+00   4.0121690E-02   4.0185376E+03   7.5102115E+05   7.5375419E+05   0.0000000E+00   0.0000000E+00   0.0000000E+00   0.0000000E+00   0.0000000E+00
   1.7577787E-01   7.1902748E+05   7.1902748E+05   3.6023030E+00   3.5855539E-02   3.7844229E+03   7.1641974E+05   7.1902748E+05   0.0000000E+00   0.0000000E+00   0.0000000E+00   0.0000000E+00   0.0000000E+00
   1.8165643E-01   6.8965909E+05   6.8965909E+05   3.2579916E+00   3.2202461E-02   3.5849098E+03   6.8715730E+05   6.8965909E+05   0.0000000E+00   0.0000000E+00   0.0000000E+00   0.0000000E+00   0.0000000E+00
   1.8773134E-01   6.6493348E+05   6.6493348E+05   2.9672269E+00   2.9061058E-02   3.4135493E+03   6.6252087E+05   6.6493348E+05   0.0000000E+00   0.0000000E+00   0.0000000E+00   0.0000000E+00   0.0000000E+00
   1.9400931E-01   6.4306959E+05   6.4306959E+05   2.6186993E+00   2.6302294E-02   3.2650792E+03   6.4073585E+05   6.4306959E+05   0.0000000E+00   0.0000000E+00   0.0000000E+00   0.0000000E+00   0.0000000E+00
   2.0049719E-01   6.2174347E+05   6.2174347E+05   2.4257549E+00   2.3801395E-02   3.1219284E+03   6.1948670E+05   6.2174347E+05   0.0000000E+00   0.0000000E+00   0.0000000E+00   0.0000000E+00   0.0000000E+00
   2.0720203E-01   5.9885845E+05   5.9885845E+05   2.1978345E+00   2.1465093E-02   2.9771993E+03   5.9668436E+05   5.9885845E+05   0.0000000E+00   0.0000000E+00   0.0000000E+00   0.0000000E+00   0.0000000E+00
   2.1413109E-01   5.7330697E+05   5.7330697E+05   1.9654270E+00   1.9249517E-02   2.8219253E+03   5.7122530E+05   5.7330697E+05   0.0000000E+00   0.0000000E+00   0.0000000E+00   0.0000000E+00   0.0000000E+00
   2.2129187E-01   5.4541298E+05   5.4541298E+05   1.7134532E+00   1.7161527E-02   2.6602588E+03   5.4343228E+05   5.4541298E+05   0.0000000E+00   0.0000000E+00   0.0000000E+00   0.0000000E+00   0.0000000E+00
   2.2869217E-01   5.1681689E+05   5.1681689E+05   1.5446842E+00   1.5241819E-02   2.4982263E+03   5.1493976E+05   5.1681689E+05   0.0000000E+00   0.0000000E+00   0.0000000E+00   0.0000000E+00   0.0000000E+00
   2.3634012E-01   4.8977445E+05   4.8977445E+05   1.3782898E+00   1.3536002E-02   2.3482364E+03   4.8799529E+05   4.8977445E+05   0.0000000E+00   0.0000000E+00   0.0000000E+00   0.0000000E+00   0.0000000E+00
   2.4424425E-01   4.6612227E+05   4.6612227E+05   1.2259782E+00   1.2066879E-02   2.2167861E+03   4.6442881E+05   4.6612227E+05   0.0000000E+00   0.0000000E+00   0.0000000E+00   0.0000000E+00   0.0000000E+00
   2.5241352E-01   4.4638424E+05   4.4638424E+05   1.0797924E+00   1.0818465E-02   2.1069656E+03   4.4476229E+05   4.4638424E+05   0.0000000E+00   0.0000000E+00   0.0000000E+00   0.0000000E+00   0.0000000E+00
   2.6085744E-01   4.2950570E+05   4.2950570E+05   9.8741859E-01   9.7421946E-03   2.0127088E+03   4.2794490E+05   4.2950570E+05   0.0000000E+00   0.0000000E+00   0.0000000E+00   0.0000000E+00   0.0000000E+00
   2.6958609E-01   4.1343256E+05   4.1343256E+05   8.8726880E-01   8.7769048E-03   1.9243127E+03   4.1193000E+05   4.1343256E+05   0.0000000E+00   0.0000000E+00   0.0000000E+00   0.0000000E+00   0.0000000E+00
   2.7861029E-01   3.9628369E+05   3.9628369E+05   7.8859584E-01   7.8767901E-03   1.8326973E+03   3.9484330E+05   3.9628369E+05   0.0000000E+00   0.0000000E+00   0.0000000E+00   0.0000000E+00   0.0000000E+00
   2.8794164E-01   3.7745152E+05   3.7745152E+05   7.1243040E-01   7.0273634E-03   1.7351356E+03   3.7607945E+05   3.7745152E+05   0.0000000E+00   0.0000000E+00   0.0000000E+00   0.0000000E+00   0.0000000E+00
   2.9759268E-01   3.5791230E+05   3.5791230E+05   6.3079476E-01   6.2426744E-03   1.6359529E+03   3.5661114E+05   3.5791230E+05   0.0000000E+00   0.0000000E+00   0.0000000E+00   0.0000000E+00   0.0000000E+00
   3.0757704E-01   3.3947499E+05   3.3947499E+05   5.5895315E-01   5.5459964E-03   1.5428824E+03   3.3824075E+05   3.3947499E+05   0.0000000E+00   0.0000000E+00   0.0000000E+00   0.0000000E+00   0.0000000E+00
   3.1790955E-01   3.2343873E+05   3.2343873E+05   4.9843067E-01   4.9465145E-03   1.4626725E+03   3.2226270E+05   3.2343873E+05   0.0000000E+00   0.0000000E+00   0.0000000E+00   0.0000000E+00   0.0000000E+00
   3.2860652E-01   3.0964328E+05   3.0964328E+05   4.4562698E-01   4.4311496E-03   1.3934113E+03   3.0851732E+05   3.0964328E+05   0.0000000E+00   0.0000000E+00   0.0000000E+00   0.0000000E+00   0.0000000E+00
   3.3968588E-01   2.9669022E+05   2.9669022E+05   4.0100687E-01   3.9723345E-03   1.3287665E+03   2.9561129E+05   2.9669022E+05   0.0000000E+00   0.0000000E+00   0.0000000E+00   0.0000000E+00   0.0000000E+00
   3.5116750E-01   2.8319310E+05   2.8319310E+05   3.5795996E-01   3.5480622E-03   1.2627882E+03   2.8216318E+05   2.8319310E+05   0.0000000E+00   0.0000000E+00   0.0000000E+00   0.0000000E+00   0.0000000E+00
   3.6307346E-01   2.6897199E+05   2.6897199E+05   3.1754383E-01   3.1537395E-03   1.1943082E+03   2.6799373E+05   2.6897199E+05   0.0000000E+00   0.0000000E+00   0.0000000E+00   0.0000000E+00   0.0000000E+00
   3.7542847E-01   2.5506694E+05   2.5506694E+05   2.8177382E-01   2.7981691E-03   1.1282411E+03   2.5413919E+05   2.5506694E+05   0.0000000E+00   0.0000000E+00   0.0000000E+00   0.0000000E+00   0.0000000E+00
   3.8826026E-01   2.4254559E+05   2.4254559E+05   2.5049723E-01   2.4880328E-03   1.0688685E+03   2.4166334E+05   2.4254559E+05   0.0000000E+00   0.0000000E+00   0.0000000E+00   0.0000000E+00   0.0000000E+00
   4.0160014E-01   2.3136122E+05   2.3136122E+05   2.2314318E-01   2.2179924E-03   1.0159051E+03   2.3051960E+05   2.3136122E+05   0.0000000E+00   0.0000000E+00   0.0000000E+00   0.0000000E+00   0.0000000E+00
   4.1548368E-01   2.2053379E+05   2.2053379E+05   1.9897624E-01   1.9750960E-03   9.6508112E+02   2.1973152E+05   2.2053379E+05   0.0000000E+00   0.0000000E+00   0.0000000E+00   0.0000000E+00   0.0000000E+00
   4.2995144E-01   2.0941259E+05   2.0941259E+05   1.7626016E-01   1.7518200E-03   9.1354717E+02   2.0865074E+05   2.0941259E+05   0.0000000E+00   0.0000000E+00   0.0000000E+00   0.0000000E+00   0.0000000E+00
   4.4505003E-01   1.9840324E+05   1.9840324E+05   1.5545420E-01   1.5493558E-03   8.6290722E+02   1.9768142E+05   1.9840324E+05   0.0000000E+00   0.0000000E+00   0.0000000E+00   0.0000000E+00   0.0000000E+00
   4.6083328E-01   1.8821470E+05   1.8821470E+05   1.3762674E-01   1.3709425E-03   8.1632221E+02   1.8752991E+05   1.8821470E+05   0.0000000E+00   0.0000000E+00   0.0000000E+00   0.0000000E+00   0.0000000E+00
   4.7736381E-01   1.7877363E+05   1.7877363E+05   1.2190140E-01   1.2134777E-03   7.7325915E+02   1.7812317E+05   1.7877363E+05   0.0000000E+00   0.0000000E+00   0.0000000E+00   0.0000000E+00   0.0000000E+00
   4.9471496E-01   1.6946278E+05   1.6946278E+05   1.0750886E-01   1.0710369E-03   7.3112091E+02   1.6884617E+05   1.6946278E+05   0.0000000E+00   0.0000000E+00   0.0000000E+00   0.0000000E+00   0.0000000E+00
   5.1297323E-01   1.6018994E+05   1.6018994E+05   9.4583908E-02   9.4181431E-04   6.8941073E+02   1.5960705E+05   1.6018994E+05   0.0000000E+00   0.0000000E+00   0.0000000E+00   0.0000000E+00   0.0000000E+00
   5.3224148E-01   1.5137860E+05   1.5137860E+05   8.3081706E-02   8.2677116E-04   6.4996508E+02   1.5082775E+05   1.5137860E+05   0.0000000E+00   0.0000000E+00   0.0000000E+00   0.0000000E+00   0.0000000E+00
   5.5264295E-01   1.4302673E+05   1.4302673E+05   7.2788105E-02   7.2454330E-04   6.1276437E+02   1.4250626E+05   1.4302673E+05   0.0000000E+00   0.0000000E+00   0.0000000E+00   0.0000000E+00   0.0000000E+00
   5.7432647E-01   1.3479308E+05   1.3479308E+05   6.3488932E-02   6.3229149E-04   5.7626846E+02   1.3430255E+05   1.3479308E+05   0.0000000E+00   0.0000000E+00   0.0000000E+00   0.0000000E+00   0.0000000E+00
   5.9747324E-01   1.2675759E+05   1.2675759E+05   5.5177463E-02   5.4948143E-04   5.4083328E+02   1.2629629E+05   1.2675759E+05   0.0000000E+00   0.0000000E+00   0.0000000E+00   0.0000000E+00   0.0000000E+00
   6.2230544E-01   1.1904997E+05   1.1904997E+05   4.7762563E-02   4.7571978E-04   5.0694962E+02   1.1861671E+05   1.1904997E+05   0.0000000E+00   0.0000000E+00   0.0000000E+00   0.0000000E+00   0.0000000E+00
   6.4909715E-01   1.1148603E+05   1.1148603E+05   4.1113828E-02   4.0949941E-04   4.7386759E+02   1.1108029E+05   1.1148603E+05   0.0000000E+00   0.0000000E+00   0.0000000E+00   0.0000000E+00   0.0000000E+00
   6.7818775E-01   1.0409486E+05   1.0409486E+05   3.5165459E-02   3.5027445E-04   4.4166542E+02   1.0371601E+05   1.0409486E+05   0.0000000E+00   0.0000000E+00   0.0000000E+00   0.0000000E+00   0.0000000E+00
   7.0999736E-01   9.6887809E+04   9.6887809E+04   2.9863635E-02   2.9746720E-04   4.1041139E+02   9.6535175E+04   9.6887809E+04   0.0000000E+00   0.0000000E+00   0.0000000E+00   0.0000000E+00   0.0000000E+00
   7.4504229E-01   8.9800213E+04   8.9800213E+04   2.5135777E-02   2.5039890E-04   3.7975546E+02   8.9473368E+04   8.9800213E+04   0.0000000E+00   0.0000000E+00   0.0000000E+00   0.0000000E+00   0.0000000E+00
   7.8394567E-01   8.2860576E+04   8.2860576E+04   2.0947821E-02   2.0869217E-04   3.4986020E+02   8.2558981E+04   8.2860576E+04   0.0000000E+00   0.0000000E+00   0.0000000E+00   0.0000000E+00   0.0000000E+00
   8.2743258E-01   7.6049747E+04   7.6049747E+04   1.7257446E-02   1.7194180E-04   3.2062547E+02   7.5772937E+04   7.6049747E+04   0.0000000E+00   0.0000000E+00   0.0000000E+00   0.0000000E+00   0.0000000E+00
   8.7629347E-01   6.9397568E+04   6.9397568E+04   1.4040534E-02   1.3990295E-04   2.9214954E+02   6.9144966E+04   6.9397568E+04   0.0000000E+00   0.0000000E+00   0.0000000E+00   0.0000000E+00   0.0000000E+00
   9.3129924E-01   6.2946092E+04   6.2946092E+04   1.1275021E-02   1.1235401E-04   2.6463394E+02   6.2716967E+04   6.2946092E+04   0.0000000E+00   0.0000000E+00   0.0000000E+00   0.0000000E+00   0.0000000E+00
   9.9307302E-01   5.6761739E+04   5.6761739E+04   8.9415439E-03   8.9106953E-05   2.3832689E+02   5.6555122E+04   5.6761739E+04   0.0000000E+00   0.0000000E+00   0.0000000E+00   0.0000000E+00   0.0000000E+00
   1.0619734E+00   5.0923765E+04   5.0923765E+04   7.0148314E-03   6.9908591E-05   2.1356610E+02   5.0738396E+04   5.0923765E+04   0.0000000E+00   0.0000000E+00   0.0000000E+00   0.0000000E+00   0.0000000E+00
   1.1380806E+00   4.5504034E+04   4.5504034E+04   5.4600373E-03   5.4394896E-05   1.9063417E+02   4.5338391E+04   4.5504034E+04   0.0000000E+00   0.0000000E+00   0.0000000E+00   0.0000000E+00   0.0000000E+00
   1.2213215E+00   4.0548514E+04   4.0548514E+04   4.2232090E-03   4.2091596E-05   1.6971006E+02   4.0400908E+04   4.0548514E+04   0.0000000E+00   0.0000000E+00   0.0000000E+00   0.0000000E+00   0.0000000E+00
   1.3116524E+00   3.6068246E+04   3.6068246E+04   3.2568138E-03   3.2463314E-05   1.5083298E+02   3.5936947E+04   3.6068246E+04   0.0000000E+00   0.0000000E+00   0.0000000E+00   0.0000000E+00   0.0000000E+00
   1.4091819E+00   3.2046556E+04   3.2046556E+04   2.5069108E-03   2.4990136E-05   1.3391893E+02   3.1929896E+04   3.2046556E+04   0.0000000E+00   0.0000000E+00   0.0000000E+00   0.0000000E+00   0.0000000E+00
   1.5141961E+00   2.8451675E+04   2.8451675E+04   1.9276376E-03   1.9217225E-05   1.1882049E+02   2.8348100E+04   2.8451675E+04   0.0000000E+00   0.0000000E+00   0.0000000E+00   0.0000000E+00   0.0000000E+00
   1.6271276E+00   2.5244993E+04   2.5244993E+04   1.4811747E-03   1.4767462E-05   1.0537064E+02   2.5153092E+04   2.5244993E+04   0.0000000E+00   0.0000000E+00   0.0000000E+00   0.0000000E+00   0.0000000E+00
   1.7485129E+00   2.2388368E+04   2.2388368E+04   1.1375063E-03   1.1341881E-05   9.3402762E+01   2.2306865E+04   2.2388368E+04   0.0000000E+00   0.0000000E+00   0.0000000E+00   0.0000000E+00   0.0000000E+00
   1.8789629E+00   1.9845488E+04   1.9845488E+04   8.7314980E-04   8.7067506E-06   8.2759317E+01   1.9773242E+04   1.9845488E+04   0.0000000E+00   0.0000000E+00   0.0000000E+00   0.0000000E+00   0.0000000E+00
   2.0191477E+00   1.7583508E+04   1.7583508E+04   6.6932275E-04   6.6808882E-06   7.3300045E+01   1.7519496E+04   1.7583508E+04   0.0000000E+00   0.0000000E+00   0.0000000E+00   0.0000000E+00   0.0000000E+00
   2.1697918E+00   1.5572494E+04   1.5572494E+04   5.1377429E-04   5.1242390E-06   6.4895348E+01   1.5515802E+04   1.5572494E+04   0.0000000E+00   0.0000000E+00   0.0000000E+00   0.0000000E+00   0.0000000E+00
   2.3316753E+00   1.3785646E+04   1.3785646E+04   3.9392465E-04   3.9285947E-06   5.7433940E+01   1.3735460E+04   1.3785646E+04   0.0000000E+00   0.0000000E+00   0.0000000E+00   0.0000000E+00   0.0000000E+00
   2.5056365E+00   1.2198827E+04   1.2198827E+04   3.0184135E-04   3.0107758E-06   5.0810954E+01   1.2154417E+04   1.2198827E+04   0.0000000E+00   0.0000000E+00   0.0000000E+00   0.0000000E+00   0.0000000E+00
   2.6925766E+00   1.0790363E+04   1.0790363E+04   2.3119542E-04   2.3064910E-06   4.4935136E+01   1.0751081E+04   1.0790363E+04   0.0000000E+00   0.0000000E+00   0.0000000E+00   0.0000000E+00   0.0000000E+00
   2.8934639E+00   9.5408390E+03   9.5408390E+03   1.7701877E-04   1.7663103E-06   3.9724566E+01   9.5061054E+03   9.5408390E+03   0.0000000E+00   0.0000000E+00   0.0000000E+00   0.0000000E+00   0.0000000E+00
   3.1093389E+00   8.4328580E+03   8.4328580E+03   1.3548726E-04   1.3521533E-06   3.5105870E+01   8.4021580E+03   8.4328580E+03   0.0000000E+00   0.0000000E+00   0.0000000E+00   0.0000000E+00   0.0000000E+00
   3.3413200E+00   7.4508458E+03   7.4508458E+03   1.0368830E-04   1.0347602E-06   3.1013624E+01   7.4237208E+03   7.4508458E+03   0.0000000E+00   0.0000000E+00   0.0000000E+00   0.0000000E+00   0.0000000E+00
   3.5906086E+00   6.5808746E+03   6.5808746E+03   7.9289711E-05   7.9161316E-07   2.7389388E+01   6.5569167E+03   6.5808746E+03   0.0000000E+00   0.0000000E+00   0.0000000E+00   0.0000000E+00   0.0000000E+00
   3.8584961E+00   5.8104988E+03   5.8104988E+03   6.0623822E-05   6.0541724E-07   2.4180484E+01   5.7893455E+03   5.8104988E+03   0.0000000E+00   0.0000000E+00   0.0000000E+00   0.0000000E+00   0.0000000E+00
   4.1463701E+00   5.1286058E+03   5.1286058E+03   4.6326004E-05   4.6288043E-07   2.1340871E+01   5.1099349E+03   5.1286058E+03   0.0000000E+00   0.0000000E+00   0.0000000E+00   0.0000000E+00   0.0000000E+00
   4.4557218E+00   4.5252804E+03   4.5252804E+03   3.5413351E-05   3.5380215E-07   1.8828995E+01   4.5088060E+03   4.5252804E+03   0.0000000E+00   0.0000000E+00   0.0000000E+00   0.0000000E+00   0.0000000E+00
   4.7881535E+00   3.9916824E+03   3.9916824E+03   2.7045778E-05   2.7035792E-07   1.6607729E+01   3.9771505E+03   3.9916824E+03   0.0000000E+00   0.0000000E+00   0.0000000E+00   0.0000000E+00   0.0000000E+00
   5.1453872E+00   3.5199349E+03   3.5199349E+03   2.0651994E-05   2.0654491E-07   1.4644018E+01   3.5071203E+03   3.5199349E+03   0.0000000E+00   0.0000000E+00   0.0000000E+00   0.0000000E+00   0.0000000E+00
   5.5292734E+00   3.1030240E+03   3.1030240E+03   1.5776063E-05   1.5775664E-07   1.2908931E+01   3.0917273E+03   3.1030240E+03   0.0000000E+00   0.0000000E+00   0.0000000E+00   0.0000000E+00   0.0000000E+00
   5.9418005E+00   2.7347088E+03   2.7347088E+03   1.2030577E-05   1.2046852E-07   1.1376203E+01   2.7247529E+03   2.7347088E+03   0.0000000E+00   0.0000000E+00   0.0000000E+00   0.0000000E+00   0.0000000E+00
   6.3851053E+00   2.4094389E+03   2.4094389E+03   9.1795308E-06   9.1976799E-08   1.0022705E+01   2.4006672E+03   2.4094389E+03   0.0000000E+00   0.0000000E+00   0.0000000E+00   0.0000000E+00   0.0000000E+00
   6.8614841E+00   2.1222811E+03   2.1222811E+03   7.0026947E-06   7.0211794E-08   8.8278567E+00   2.1145548E+03   2.1222811E+03   0.0000000E+00   0.0000000E+00   0.0000000E+00   0.0000000E+00   0.0000000E+00
   7.3734046E+00   1.8688534E+03   1.8688534E+03   5.3396872E-06   5.3589523E-08   7.7734677E+00   1.8620498E+03   1.8688534E+03   0.0000000E+00   0.0000000E+00   0.0000000E+00   0.0000000E+00   0.0000000E+00
   7.9235183E+00   1.6452654E+03   1.6452654E+03   4.0709594E-06   4.0897766E-08   6.8432586E+00   1.6392757E+03   1.6452654E+03   0.0000000E+00   0.0000000E+00   0.0000000E+00   0.0000000E+00   0.0000000E+00
   8.5146748E+00   1.4480648E+03   1.4480648E+03   3.1024903E-06   3.1209085E-08   6.0228649E+00   1.4427930E+03   1.4480648E+03   0.0000000E+00   0.0000000E+00   0.0000000E+00   0.0000000E+00   0.0000000E+00
